from,to,weight,edge_type,level,level_name
ASV_00001,ASV_00008,0.5673758865248227,pos,Farm,IT2
ASV_00001,ASV_00011,0.5310344827586206,pos,Farm,IT2
ASV_00001,ASV_00021,0.5103448275862069,pos,Farm,IT2
ASV_00001,ASV_00026,0.5352112676056338,pos,Farm,IT2
ASV_00001,ASV_00028,0.5616438356164384,pos,Farm,IT2
ASV_00001,ASV_00031,0.5174825174825175,pos,Farm,IT2
ASV_00001,ASV_00037,0.5314685314685315,pos,Farm,IT2
ASV_00001,ASV_00046,0.5241379310344828,pos,Farm,IT2
ASV_00001,ASV_00047,0.5104895104895105,pos,Farm,IT2
ASV_00001,ASV_00056,0.48951048951048953,pos,Farm,IT2
ASV_00001,ASV_00059,0.4928571428571429,pos,Farm,IT2
ASV_00001,ASV_00060,0.5177304964539007,pos,Farm,IT2
ASV_00001,ASV_00061,0.5342465753424658,pos,Farm,IT2
ASV_00001,ASV_00071,0.5319148936170213,pos,Farm,IT2
ASV_00001,ASV_00072,0.5533333333333333,pos,Farm,IT2
ASV_00001,ASV_00075,0.49645390070921985,pos,Farm,IT2
ASV_00001,ASV_00077,0.5594405594405595,pos,Farm,IT2
ASV_00001,ASV_00098,0.5205479452054794,pos,Farm,IT2
ASV_00001,ASV_00115,0.49645390070921985,pos,Farm,IT2
ASV_00001,ASV_00116,0.5241379310344828,pos,Farm,IT2
ASV_00001,ASV_00118,0.5374149659863946,pos,Farm,IT2
ASV_00001,ASV_00129,0.5241379310344828,pos,Farm,IT2
ASV_00001,ASV_00139,0.4788732394366197,pos,Farm,IT2
ASV_00001,ASV_00154,0.5314685314685315,pos,Farm,IT2
ASV_00001,ASV_00158,0.5205479452054794,pos,Farm,IT2
ASV_00001,ASV_00163,0.5069444444444444,pos,Farm,IT2
ASV_00001,ASV_00170,0.6,pos,Farm,IT2
ASV_00001,ASV_00189,0.5208333333333334,pos,Farm,IT2
ASV_00001,ASV_00198,0.5454545454545454,pos,Farm,IT2
ASV_00001,ASV_00202,0.48951048951048953,pos,Farm,IT2
ASV_00001,ASV_00208,0.5492957746478874,pos,Farm,IT2
ASV_00001,ASV_00212,0.5347222222222222,pos,Farm,IT2
ASV_00001,ASV_00228,0.5,pos,Farm,IT2
ASV_00001,ASV_00233,0.5138888888888888,pos,Farm,IT2
ASV_00001,ASV_00246,0.5337837837837838,pos,Farm,IT2
ASV_00001,ASV_00251,0.547945205479452,pos,Farm,IT2
ASV_00001,ASV_00252,0.5136986301369864,pos,Farm,IT2
ASV_00001,ASV_00253,0.5369127516778524,pos,Farm,IT2
ASV_00001,ASV_00259,0.48226950354609927,pos,Farm,IT2
ASV_00001,ASV_00269,0.5789473684210527,pos,Farm,IT2
ASV_00001,ASV_00295,0.5957446808510638,pos,Farm,IT2
ASV_00001,ASV_00300,0.5704697986577181,pos,Farm,IT2
ASV_00001,ASV_00307,0.503448275862069,pos,Farm,IT2
ASV_00001,ASV_00331,0.5761589403973509,pos,Farm,IT2
ASV_00001,ASV_00336,0.5310344827586206,pos,Farm,IT2
ASV_00001,ASV_00337,0.5570469798657718,pos,Farm,IT2
ASV_00001,ASV_00339,0.5104895104895105,pos,Farm,IT2
ASV_00001,ASV_00377,0.5579710144927537,pos,Farm,IT2
ASV_00001,ASV_00381,0.5138888888888888,pos,Farm,IT2
ASV_00001,ASV_00382,0.5337837837837838,pos,Farm,IT2
ASV_00001,ASV_00391,0.5,pos,Farm,IT2
ASV_00001,ASV_00409,0.528169014084507,pos,Farm,IT2
ASV_00001,ASV_00411,0.5342465753424658,pos,Farm,IT2
ASV_00001,ASV_00421,0.547945205479452,pos,Farm,IT2
ASV_00001,ASV_00447,0.5510204081632653,pos,Farm,IT2
ASV_00001,ASV_00464,0.5510204081632653,pos,Farm,IT2
ASV_00001,ASV_00483,0.5714285714285714,pos,Farm,IT2
ASV_00001,ASV_00485,0.5374149659863946,pos,Farm,IT2
ASV_00001,ASV_00506,0.528169014084507,pos,Farm,IT2
ASV_00001,ASV_00514,0.5657894736842105,pos,Farm,IT2
ASV_00001,ASV_00518,0.5570469798657718,pos,Farm,IT2
ASV_00001,ASV_00536,0.6041666666666666,pos,Farm,IT2
ASV_00001,ASV_00542,0.5570469798657718,pos,Farm,IT2
ASV_00001,ASV_00574,0.5510204081632653,pos,Farm,IT2
ASV_00001,ASV_00581,0.5362318840579711,pos,Farm,IT2
ASV_00001,ASV_00673,0.5637583892617449,pos,Farm,IT2
ASV_00001,ASV_00687,0.5205479452054794,pos,Farm,IT2
ASV_00001,ASV_00697,0.5104895104895105,pos,Farm,IT2
ASV_00001,ASV_00714,0.5070422535211268,pos,Farm,IT2
ASV_00001,ASV_00726,0.5586206896551724,pos,Farm,IT2
ASV_00001,ASV_00757,0.5915492957746479,pos,Farm,IT2
ASV_00001,ASV_00781,0.5205479452054794,pos,Farm,IT2
ASV_00001,ASV_00802,0.564625850340136,pos,Farm,IT2
ASV_00001,ASV_00809,0.5592105263157895,pos,Farm,IT2
ASV_00001,ASV_00811,0.5547945205479452,pos,Farm,IT2
ASV_00001,ASV_00815,0.5761589403973509,pos,Farm,IT2
ASV_00001,ASV_00891,0.5733333333333334,pos,Farm,IT2
ASV_00001,ASV_00931,0.5103448275862069,pos,Farm,IT2
ASV_00001,ASV_01092,0.5570469798657718,pos,Farm,IT2
ASV_00001,ASV_01250,0.5608108108108109,pos,Farm,IT2
ASV_00001,ASV_01288,0.5694444444444444,pos,Farm,IT2
ASV_00001,ASV_01349,0.5273972602739726,pos,Farm,IT2
ASV_00001,ASV_01426,0.5211267605633803,pos,Farm,IT2
ASV_00001,ASV_01459,0.5172413793103449,pos,Farm,IT2
ASV_00002,ASV_00005,0.48951048951048953,pos,Farm,IT2
ASV_00002,ASV_00008,0.5241379310344828,pos,Farm,IT2
ASV_00002,ASV_00010,0.5,pos,Farm,IT2
ASV_00002,ASV_00013,0.5174825174825175,pos,Farm,IT2
ASV_00002,ASV_00014,0.5384615384615384,pos,Farm,IT2
ASV_00002,ASV_00017,0.5273972602739726,pos,Farm,IT2
ASV_00002,ASV_00018,0.5486111111111112,pos,Farm,IT2
ASV_00002,ASV_00026,0.503448275862069,pos,Farm,IT2
ASV_00002,ASV_00028,0.5510204081632653,pos,Farm,IT2
ASV_00002,ASV_00029,0.48951048951048953,pos,Farm,IT2
ASV_00002,ASV_00030,0.5714285714285714,pos,Farm,IT2
ASV_00002,ASV_00035,0.5448275862068965,pos,Farm,IT2
ASV_00002,ASV_00038,0.5540540540540541,pos,Farm,IT2
ASV_00002,ASV_00040,0.5319148936170213,pos,Farm,IT2
ASV_00002,ASV_00046,0.5563380281690141,pos,Farm,IT2
ASV_00002,ASV_00049,0.5915492957746479,pos,Farm,IT2
ASV_00002,ASV_00051,0.5369127516778524,pos,Farm,IT2
ASV_00002,ASV_00055,0.5238095238095238,pos,Farm,IT2
ASV_00002,ASV_00056,0.48951048951048953,pos,Farm,IT2
ASV_00002,ASV_00058,0.5136986301369864,pos,Farm,IT2
ASV_00002,ASV_00065,0.5694444444444444,pos,Farm,IT2
ASV_00002,ASV_00067,0.55,pos,Farm,IT2
ASV_00002,ASV_00068,0.5379310344827586,pos,Farm,IT2
ASV_00002,ASV_00069,0.49645390070921985,pos,Farm,IT2
ASV_00002,ASV_00073,0.5379310344827586,pos,Farm,IT2
ASV_00002,ASV_00078,0.5174825174825175,pos,Farm,IT2
ASV_00002,ASV_00080,0.5724137931034483,pos,Farm,IT2
ASV_00002,ASV_00081,0.48951048951048953,pos,Farm,IT2
ASV_00002,ASV_00089,0.5517241379310345,pos,Farm,IT2
ASV_00002,ASV_00091,0.5205479452054794,pos,Farm,IT2
ASV_00002,ASV_00092,0.5241379310344828,pos,Farm,IT2
ASV_00002,ASV_00093,0.541095890410959,pos,Farm,IT2
ASV_00002,ASV_00094,0.5273972602739726,pos,Farm,IT2
ASV_00002,ASV_00098,0.5205479452054794,pos,Farm,IT2
ASV_00002,ASV_00101,0.5208333333333334,pos,Farm,IT2
ASV_00002,ASV_00102,0.5466666666666666,pos,Farm,IT2
ASV_00002,ASV_00104,0.503448275862069,pos,Farm,IT2
ASV_00002,ASV_00106,0.5625,pos,Farm,IT2
ASV_00002,ASV_00112,0.5205479452054794,pos,Farm,IT2
ASV_00002,ASV_00113,0.5174825174825175,pos,Farm,IT2
ASV_00002,ASV_00117,0.5070422535211268,pos,Farm,IT2
ASV_00002,ASV_00127,0.541095890410959,pos,Farm,IT2
ASV_00002,ASV_00128,0.5533333333333333,pos,Farm,IT2
ASV_00002,ASV_00129,0.5136986301369864,pos,Farm,IT2
ASV_00002,ASV_00133,0.5172413793103449,pos,Farm,IT2
ASV_00002,ASV_00136,0.541095890410959,pos,Farm,IT2
ASV_00002,ASV_00137,0.5422535211267606,pos,Farm,IT2
ASV_00002,ASV_00138,0.5241379310344828,pos,Farm,IT2
ASV_00002,ASV_00148,0.5466666666666666,pos,Farm,IT2
ASV_00002,ASV_00155,0.528169014084507,pos,Farm,IT2
ASV_00002,ASV_00159,0.5734265734265734,pos,Farm,IT2
ASV_00002,ASV_00165,0.5467625899280576,pos,Farm,IT2
ASV_00002,ASV_00166,0.5448275862068965,pos,Farm,IT2
ASV_00002,ASV_00168,0.5503355704697986,pos,Farm,IT2
ASV_00002,ASV_00169,0.541095890410959,pos,Farm,IT2
ASV_00002,ASV_00171,0.54421768707483,pos,Farm,IT2
ASV_00002,ASV_00172,0.5555555555555556,pos,Farm,IT2
ASV_00002,ASV_00173,0.56,pos,Farm,IT2
ASV_00002,ASV_00176,0.49295774647887325,pos,Farm,IT2
ASV_00002,ASV_00177,0.528169014084507,pos,Farm,IT2
ASV_00002,ASV_00182,0.5405405405405406,pos,Farm,IT2
ASV_00002,ASV_00183,0.5625,pos,Farm,IT2
ASV_00002,ASV_00186,0.5774647887323944,pos,Farm,IT2
ASV_00002,ASV_00189,0.5208333333333334,pos,Farm,IT2
ASV_00002,ASV_00191,0.5277777777777778,pos,Farm,IT2
ASV_00002,ASV_00192,0.5524475524475524,pos,Farm,IT2
ASV_00002,ASV_00205,0.5637583892617449,pos,Farm,IT2
ASV_00002,ASV_00211,0.4965034965034965,pos,Farm,IT2
ASV_00002,ASV_00212,0.5136986301369864,pos,Farm,IT2
ASV_00002,ASV_00216,0.5172413793103449,pos,Farm,IT2
ASV_00002,ASV_00219,0.5675675675675675,pos,Farm,IT2
ASV_00002,ASV_00227,0.5273972602739726,pos,Farm,IT2
ASV_00002,ASV_00228,0.5,pos,Farm,IT2
ASV_00002,ASV_00230,0.547945205479452,pos,Farm,IT2
ASV_00002,ASV_00231,0.5136986301369864,pos,Farm,IT2
ASV_00002,ASV_00232,0.5510204081632653,pos,Farm,IT2
ASV_00002,ASV_00233,0.5138888888888888,pos,Farm,IT2
ASV_00002,ASV_00235,0.5144927536231884,pos,Farm,IT2
ASV_00002,ASV_00244,0.5379310344827586,pos,Farm,IT2
ASV_00002,ASV_00247,0.5563380281690141,pos,Farm,IT2
ASV_00002,ASV_00249,0.5241379310344828,pos,Farm,IT2
ASV_00002,ASV_00251,0.5586206896551724,pos,Farm,IT2
ASV_00002,ASV_00252,0.5241379310344828,pos,Farm,IT2
ASV_00002,ASV_00253,0.5369127516778524,pos,Farm,IT2
ASV_00002,ASV_00254,0.5472972972972973,pos,Farm,IT2
ASV_00002,ASV_00262,0.5337837837837838,pos,Farm,IT2
ASV_00002,ASV_00263,0.5578231292517006,pos,Farm,IT2
ASV_00002,ASV_00264,0.5611510791366906,pos,Farm,IT2
ASV_00002,ASV_00266,0.547945205479452,pos,Farm,IT2
ASV_00002,ASV_00271,0.4714285714285714,pos,Farm,IT2
ASV_00002,ASV_00272,0.5205479452054794,pos,Farm,IT2
ASV_00002,ASV_00273,0.5342465753424658,pos,Farm,IT2
ASV_00002,ASV_00275,0.5675675675675675,pos,Farm,IT2
ASV_00002,ASV_00277,0.5850340136054422,pos,Farm,IT2
ASV_00002,ASV_00278,0.54421768707483,pos,Farm,IT2
ASV_00002,ASV_00282,0.5384615384615384,pos,Farm,IT2
ASV_00002,ASV_00288,0.5472972972972973,pos,Farm,IT2
ASV_00002,ASV_00292,0.5833333333333334,pos,Farm,IT2
ASV_00002,ASV_00293,0.5771812080536913,pos,Farm,IT2
ASV_00002,ASV_00294,0.5694444444444444,pos,Farm,IT2
ASV_00002,ASV_00299,0.5103448275862069,pos,Farm,IT2
ASV_00002,ASV_00304,0.6027397260273972,pos,Farm,IT2
ASV_00002,ASV_00305,0.5436241610738255,pos,Farm,IT2
ASV_00002,ASV_00309,0.5374149659863946,pos,Farm,IT2
ASV_00002,ASV_00313,0.541095890410959,pos,Farm,IT2
ASV_00002,ASV_00315,0.4965034965034965,pos,Farm,IT2
ASV_00002,ASV_00318,0.6,pos,Farm,IT2
ASV_00002,ASV_00320,0.5104895104895105,pos,Farm,IT2
ASV_00002,ASV_00323,0.5273972602739726,pos,Farm,IT2
ASV_00002,ASV_00324,0.5454545454545454,pos,Farm,IT2
ASV_00002,ASV_00325,0.5486111111111112,pos,Farm,IT2
ASV_00002,ASV_00330,0.5642857142857143,pos,Farm,IT2
ASV_00002,ASV_00331,0.5866666666666667,pos,Farm,IT2
ASV_00002,ASV_00333,0.547945205479452,pos,Farm,IT2
ASV_00002,ASV_00335,0.49295774647887325,pos,Farm,IT2
ASV_00002,ASV_00340,0.5655172413793104,pos,Farm,IT2
ASV_00002,ASV_00343,0.5306122448979592,pos,Farm,IT2
ASV_00002,ASV_00346,0.5208333333333334,pos,Farm,IT2
ASV_00002,ASV_00347,0.5510204081632653,pos,Farm,IT2
ASV_00002,ASV_00350,0.4928571428571429,pos,Farm,IT2
ASV_00002,ASV_00352,0.5172413793103449,pos,Farm,IT2
ASV_00002,ASV_00353,0.5492957746478874,pos,Farm,IT2
ASV_00002,ASV_00361,0.5833333333333334,pos,Farm,IT2
ASV_00002,ASV_00365,0.5205479452054794,pos,Farm,IT2
ASV_00002,ASV_00368,0.5673758865248227,pos,Farm,IT2
ASV_00002,ASV_00369,0.5555555555555556,pos,Farm,IT2
ASV_00002,ASV_00373,0.55,pos,Farm,IT2
ASV_00002,ASV_00376,0.5724137931034483,pos,Farm,IT2
ASV_00002,ASV_00381,0.5352112676056338,pos,Farm,IT2
ASV_00002,ASV_00390,0.5850340136054422,pos,Farm,IT2
ASV_00002,ASV_00391,0.5539568345323741,pos,Farm,IT2
ASV_00002,ASV_00397,0.5815602836879432,pos,Farm,IT2
ASV_00002,ASV_00403,0.54421768707483,pos,Farm,IT2
ASV_00002,ASV_00409,0.5069444444444444,pos,Farm,IT2
ASV_00002,ASV_00422,0.5205479452054794,pos,Farm,IT2
ASV_00002,ASV_00425,0.5352112676056338,pos,Farm,IT2
ASV_00002,ASV_00440,0.5797101449275363,pos,Farm,IT2
ASV_00002,ASV_00443,0.5244755244755245,pos,Farm,IT2
ASV_00002,ASV_00445,0.5205479452054794,pos,Farm,IT2
ASV_00002,ASV_00447,0.5405405405405406,pos,Farm,IT2
ASV_00002,ASV_00454,0.5369127516778524,pos,Farm,IT2
ASV_00002,ASV_00463,0.5337837837837838,pos,Farm,IT2
ASV_00002,ASV_00479,0.5405405405405406,pos,Farm,IT2
ASV_00002,ASV_00485,0.5374149659863946,pos,Farm,IT2
ASV_00002,ASV_00486,0.5637583892617449,pos,Farm,IT2
ASV_00002,ASV_00488,0.5821917808219178,pos,Farm,IT2
ASV_00002,ASV_00490,0.581081081081081,pos,Farm,IT2
ASV_00002,ASV_00495,0.524822695035461,pos,Farm,IT2
ASV_00002,ASV_00498,0.5035460992907801,pos,Farm,IT2
ASV_00002,ASV_00501,0.5238095238095238,pos,Farm,IT2
ASV_00002,ASV_00504,0.5533333333333333,pos,Farm,IT2
ASV_00002,ASV_00506,0.5069444444444444,pos,Farm,IT2
ASV_00002,ASV_00508,0.5103448275862069,pos,Farm,IT2
ASV_00002,ASV_00512,0.5570469798657718,pos,Farm,IT2
ASV_00002,ASV_00518,0.5675675675675675,pos,Farm,IT2
ASV_00002,ASV_00524,0.5390070921985816,pos,Farm,IT2
ASV_00002,ASV_00528,0.5642857142857143,pos,Farm,IT2
ASV_00002,ASV_00529,0.5285714285714286,pos,Farm,IT2
ASV_00002,ASV_00533,0.5347222222222222,pos,Farm,IT2
ASV_00002,ASV_00542,0.5570469798657718,pos,Farm,IT2
ASV_00002,ASV_00548,0.5177304964539007,pos,Farm,IT2
ASV_00002,ASV_00566,0.5310344827586206,pos,Farm,IT2
ASV_00002,ASV_00574,0.5616438356164384,pos,Farm,IT2
ASV_00002,ASV_00581,0.49295774647887325,pos,Farm,IT2
ASV_00002,ASV_00592,0.5379310344827586,pos,Farm,IT2
ASV_00002,ASV_00594,0.5928571428571429,pos,Farm,IT2
ASV_00002,ASV_00596,0.5362318840579711,pos,Farm,IT2
ASV_00002,ASV_00612,0.6099290780141844,pos,Farm,IT2
ASV_00002,ASV_00620,0.5337837837837838,pos,Farm,IT2
ASV_00002,ASV_00622,0.5142857142857142,pos,Farm,IT2
ASV_00002,ASV_00628,0.5277777777777778,pos,Farm,IT2
ASV_00002,ASV_00635,0.564625850340136,pos,Farm,IT2
ASV_00002,ASV_00636,0.5695364238410596,pos,Farm,IT2
ASV_00002,ASV_00638,0.5337837837837838,pos,Farm,IT2
ASV_00002,ASV_00643,0.5273972602739726,pos,Farm,IT2
ASV_00002,ASV_00651,0.5633802816901409,pos,Farm,IT2
ASV_00002,ASV_00654,0.5319148936170213,pos,Farm,IT2
ASV_00002,ASV_00656,0.5664335664335665,pos,Farm,IT2
ASV_00002,ASV_00662,0.5138888888888888,pos,Farm,IT2
ASV_00002,ASV_00668,0.5103448275862069,pos,Farm,IT2
ASV_00002,ASV_00671,0.5314685314685315,pos,Farm,IT2
ASV_00002,ASV_00676,0.5821917808219178,pos,Farm,IT2
ASV_00002,ASV_00686,0.5238095238095238,pos,Farm,IT2
ASV_00002,ASV_00687,0.5205479452054794,pos,Farm,IT2
ASV_00002,ASV_00697,0.5,pos,Farm,IT2
ASV_00002,ASV_00714,0.5177304964539007,pos,Farm,IT2
ASV_00002,ASV_00718,0.5357142857142857,pos,Farm,IT2
ASV_00002,ASV_00726,0.5374149659863946,pos,Farm,IT2
ASV_00002,ASV_00755,0.5570469798657718,pos,Farm,IT2
ASV_00002,ASV_00760,0.5862068965517241,pos,Farm,IT2
ASV_00002,ASV_00769,0.5205479452054794,pos,Farm,IT2
ASV_00002,ASV_00772,0.5486111111111112,pos,Farm,IT2
ASV_00002,ASV_00806,0.5369127516778524,pos,Farm,IT2
ASV_00002,ASV_00808,0.5314685314685315,pos,Farm,IT2
ASV_00002,ASV_00821,0.5625,pos,Farm,IT2
ASV_00002,ASV_00822,0.5238095238095238,pos,Farm,IT2
ASV_00002,ASV_00829,0.5563380281690141,pos,Farm,IT2
ASV_00002,ASV_00873,0.524822695035461,pos,Farm,IT2
ASV_00002,ASV_00880,0.5352112676056338,pos,Farm,IT2
ASV_00002,ASV_00890,0.541095890410959,pos,Farm,IT2
ASV_00002,ASV_00931,0.5208333333333334,pos,Farm,IT2
ASV_00002,ASV_00984,0.5342465753424658,pos,Farm,IT2
ASV_00002,ASV_00987,0.5103448275862069,pos,Farm,IT2
ASV_00002,ASV_00989,0.5474452554744526,pos,Farm,IT2
ASV_00002,ASV_01071,0.5277777777777778,pos,Farm,IT2
ASV_00002,ASV_01092,0.5782312925170068,pos,Farm,IT2
ASV_00002,ASV_01101,0.5374149659863946,pos,Farm,IT2
ASV_00002,ASV_01153,0.5138888888888888,pos,Farm,IT2
ASV_00002,ASV_01276,0.5211267605633803,pos,Farm,IT2
ASV_00002,ASV_01368,0.5273972602739726,pos,Farm,IT2
ASV_00002,ASV_01417,0.5205479452054794,pos,Farm,IT2
ASV_00002,ASV_01503,0.5306122448979592,pos,Farm,IT2
ASV_00002,ASV_01512,0.5070422535211268,pos,Farm,IT2
ASV_00002,ASV_01541,0.5306122448979592,pos,Farm,IT2
ASV_00002,ASV_01578,0.5238095238095238,pos,Farm,IT2
ASV_00002,ASV_02332,0.5510204081632653,pos,Farm,IT2
ASV_00003,ASV_00004,0.5103448275862069,pos,Farm,IT2
ASV_00003,ASV_00009,0.5273972602739726,pos,Farm,IT2
ASV_00003,ASV_00025,0.5,pos,Farm,IT2
ASV_00003,ASV_00035,0.5138888888888888,pos,Farm,IT2
ASV_00003,ASV_00057,0.5140845070422535,pos,Farm,IT2
ASV_00003,ASV_00067,0.4859154929577465,pos,Farm,IT2
ASV_00003,ASV_00071,0.48936170212765956,pos,Farm,IT2
ASV_00003,ASV_00073,0.5069444444444444,pos,Farm,IT2
ASV_00003,ASV_00075,0.4748201438848921,pos,Farm,IT2
ASV_00003,ASV_00078,0.5179856115107914,pos,Farm,IT2
ASV_00003,ASV_00089,0.5103448275862069,pos,Farm,IT2
ASV_00003,ASV_00091,0.5,pos,Farm,IT2
ASV_00003,ASV_00098,0.5,pos,Farm,IT2
ASV_00003,ASV_00104,0.49295774647887325,pos,Farm,IT2
ASV_00003,ASV_00113,0.4859154929577465,pos,Farm,IT2
ASV_00003,ASV_00116,0.5140845070422535,pos,Farm,IT2
ASV_00003,ASV_00123,0.5298507462686567,pos,Farm,IT2
ASV_00003,ASV_00136,0.5314685314685315,pos,Farm,IT2
ASV_00003,ASV_00164,0.5035460992907801,pos,Farm,IT2
ASV_00003,ASV_00176,0.48201438848920863,pos,Farm,IT2
ASV_00003,ASV_00185,0.524822695035461,pos,Farm,IT2
ASV_00003,ASV_00192,0.5,pos,Farm,IT2
ASV_00003,ASV_00193,0.5277777777777778,pos,Farm,IT2
ASV_00003,ASV_00200,0.5289855072463768,pos,Farm,IT2
ASV_00003,ASV_00202,0.4892086330935252,pos,Farm,IT2
ASV_00003,ASV_00211,0.5072463768115942,pos,Farm,IT2
ASV_00003,ASV_00219,0.5374149659863946,pos,Farm,IT2
ASV_00003,ASV_00230,0.5492957746478874,pos,Farm,IT2
ASV_00003,ASV_00237,0.5342465753424658,pos,Farm,IT2
ASV_00003,ASV_00247,0.5034965034965035,pos,Farm,IT2
ASV_00003,ASV_00266,0.5172413793103449,pos,Farm,IT2
ASV_00003,ASV_00269,0.5704697986577181,pos,Farm,IT2
ASV_00003,ASV_00270,0.5436241610738255,pos,Farm,IT2
ASV_00003,ASV_00271,0.47058823529411764,pos,Farm,IT2
ASV_00003,ASV_00280,0.5,pos,Farm,IT2
ASV_00003,ASV_00285,0.5,pos,Farm,IT2
ASV_00003,ASV_00286,0.528169014084507,pos,Farm,IT2
ASV_00003,ASV_00297,0.5104895104895105,pos,Farm,IT2
ASV_00003,ASV_00304,0.5405405405405406,pos,Farm,IT2
ASV_00003,ASV_00307,0.49295774647887325,pos,Farm,IT2
ASV_00003,ASV_00308,0.5106382978723404,pos,Farm,IT2
ASV_00003,ASV_00318,0.5352112676056338,pos,Farm,IT2
ASV_00003,ASV_00334,0.5241379310344828,pos,Farm,IT2
ASV_00003,ASV_00346,0.5106382978723404,pos,Farm,IT2
ASV_00003,ASV_00393,0.4927536231884058,pos,Farm,IT2
ASV_00003,ASV_00402,0.4748201438848921,pos,Farm,IT2
ASV_00003,ASV_00409,0.4859154929577465,pos,Farm,IT2
ASV_00003,ASV_00416,0.5,pos,Farm,IT2
ASV_00003,ASV_00418,0.4965034965034965,pos,Farm,IT2
ASV_00003,ASV_00422,0.5104895104895105,pos,Farm,IT2
ASV_00003,ASV_00441,0.5,pos,Farm,IT2
ASV_00003,ASV_00444,0.5174825174825175,pos,Farm,IT2
ASV_00003,ASV_00451,0.5517241379310345,pos,Farm,IT2
ASV_00003,ASV_00452,0.5035460992907801,pos,Farm,IT2
ASV_00003,ASV_00454,0.5273972602739726,pos,Farm,IT2
ASV_00003,ASV_00460,0.5208333333333334,pos,Farm,IT2
ASV_00003,ASV_00507,0.5174825174825175,pos,Farm,IT2
ASV_00003,ASV_00518,0.5374149659863946,pos,Farm,IT2
ASV_00003,ASV_00534,0.5405405405405406,pos,Farm,IT2
ASV_00003,ASV_00548,0.5294117647058824,pos,Farm,IT2
ASV_00003,ASV_00570,0.5107913669064749,pos,Farm,IT2
ASV_00003,ASV_00576,0.5034965034965035,pos,Farm,IT2
ASV_00003,ASV_00612,0.5136986301369864,pos,Farm,IT2
ASV_00003,ASV_00628,0.4965034965034965,pos,Farm,IT2
ASV_00003,ASV_00718,0.5144927536231884,pos,Farm,IT2
ASV_00003,ASV_00798,0.5310344827586206,pos,Farm,IT2
ASV_00003,ASV_00806,0.5273972602739726,pos,Farm,IT2
ASV_00003,ASV_00829,0.524822695035461,pos,Farm,IT2
ASV_00003,ASV_00843,0.5563380281690141,pos,Farm,IT2
ASV_00003,ASV_00890,0.5103448275862069,pos,Farm,IT2
ASV_00003,ASV_00929,0.5524475524475524,pos,Farm,IT2
ASV_00003,ASV_00989,0.5036496350364964,pos,Farm,IT2
ASV_00003,ASV_01249,0.5214285714285715,pos,Farm,IT2
ASV_00003,ASV_01385,0.524822695035461,pos,Farm,IT2
ASV_00003,ASV_01417,0.5,pos,Farm,IT2
ASV_00003,ASV_01458,0.4785714285714286,pos,Farm,IT2
ASV_00003,ASV_01491,0.5104895104895105,pos,Farm,IT2
ASV_00003,ASV_01512,0.49640287769784175,pos,Farm,IT2
ASV_00004,ASV_00009,0.5915492957746479,pos,Farm,IT2
ASV_00004,ASV_00012,0.5374149659863946,pos,Farm,IT2
ASV_00004,ASV_00014,0.5174825174825175,pos,Farm,IT2
ASV_00004,ASV_00016,0.539568345323741,pos,Farm,IT2
ASV_00004,ASV_00018,0.5602836879432624,pos,Farm,IT2
ASV_00004,ASV_00020,0.5238095238095238,pos,Farm,IT2
ASV_00004,ASV_00022,0.5531914893617021,pos,Farm,IT2
ASV_00004,ASV_00024,0.49645390070921985,pos,Farm,IT2
ASV_00004,ASV_00029,0.5217391304347826,pos,Farm,IT2
ASV_00004,ASV_00030,0.5616438356164384,pos,Farm,IT2
ASV_00004,ASV_00032,0.574468085106383,pos,Farm,IT2
ASV_00004,ASV_00039,0.5472972972972973,pos,Farm,IT2
ASV_00004,ASV_00043,0.5104895104895105,pos,Farm,IT2
ASV_00004,ASV_00053,0.5205479452054794,pos,Farm,IT2
ASV_00004,ASV_00055,0.5136986301369864,pos,Farm,IT2
ASV_00004,ASV_00057,0.5460992907801419,pos,Farm,IT2
ASV_00004,ASV_00060,0.4859154929577465,pos,Farm,IT2
ASV_00004,ASV_00067,0.539568345323741,pos,Farm,IT2
ASV_00004,ASV_00079,0.5416666666666666,pos,Farm,IT2
ASV_00004,ASV_00080,0.5306122448979592,pos,Farm,IT2
ASV_00004,ASV_00094,0.5172413793103449,pos,Farm,IT2
ASV_00004,ASV_00098,0.5531914893617021,pos,Farm,IT2
ASV_00004,ASV_00100,0.5138888888888888,pos,Farm,IT2
ASV_00004,ASV_00101,0.5104895104895105,pos,Farm,IT2
ASV_00004,ASV_00102,0.5369127516778524,pos,Farm,IT2
ASV_00004,ASV_00104,0.524822695035461,pos,Farm,IT2
ASV_00004,ASV_00106,0.5633802816901409,pos,Farm,IT2
ASV_00004,ASV_00113,0.5735294117647058,pos,Farm,IT2
ASV_00004,ASV_00117,0.5071428571428571,pos,Farm,IT2
ASV_00004,ASV_00120,0.5136986301369864,pos,Farm,IT2
ASV_00004,ASV_00122,0.5,pos,Farm,IT2
ASV_00004,ASV_00127,0.574468085106383,pos,Farm,IT2
ASV_00004,ASV_00128,0.564625850340136,pos,Farm,IT2
ASV_00004,ASV_00132,0.5177304964539007,pos,Farm,IT2
ASV_00004,ASV_00140,0.524822695035461,pos,Farm,IT2
ASV_00004,ASV_00146,0.5337837837837838,pos,Farm,IT2
ASV_00004,ASV_00155,0.5070422535211268,pos,Farm,IT2
ASV_00004,ASV_00158,0.5208333333333334,pos,Farm,IT2
ASV_00004,ASV_00164,0.5140845070422535,pos,Farm,IT2
ASV_00004,ASV_00166,0.5241379310344828,pos,Farm,IT2
ASV_00004,ASV_00171,0.5448275862068965,pos,Farm,IT2
ASV_00004,ASV_00176,0.5035971223021583,pos,Farm,IT2
ASV_00004,ASV_00182,0.541095890410959,pos,Farm,IT2
ASV_00004,ASV_00192,0.5208333333333334,pos,Farm,IT2
ASV_00004,ASV_00194,0.5510204081632653,pos,Farm,IT2
ASV_00004,ASV_00200,0.5070422535211268,pos,Farm,IT2
ASV_00004,ASV_00202,0.48936170212765956,pos,Farm,IT2
ASV_00004,ASV_00205,0.5436241610738255,pos,Farm,IT2
ASV_00004,ASV_00212,0.5244755244755245,pos,Farm,IT2
ASV_00004,ASV_00232,0.5306122448979592,pos,Farm,IT2
ASV_00004,ASV_00233,0.5034965034965035,pos,Farm,IT2
ASV_00004,ASV_00238,0.574468085106383,pos,Farm,IT2
ASV_00004,ASV_00243,0.5241379310344828,pos,Farm,IT2
ASV_00004,ASV_00249,0.5460992907801419,pos,Farm,IT2
ASV_00004,ASV_00250,0.5704225352112676,pos,Farm,IT2
ASV_00004,ASV_00257,0.5273972602739726,pos,Farm,IT2
ASV_00004,ASV_00262,0.5342465753424658,pos,Farm,IT2
ASV_00004,ASV_00272,0.5103448275862069,pos,Farm,IT2
ASV_00004,ASV_00273,0.5241379310344828,pos,Farm,IT2
ASV_00004,ASV_00274,0.5608108108108109,pos,Farm,IT2
ASV_00004,ASV_00276,0.5517241379310345,pos,Farm,IT2
ASV_00004,ASV_00279,0.4859154929577465,pos,Farm,IT2
ASV_00004,ASV_00283,0.5734265734265734,pos,Farm,IT2
ASV_00004,ASV_00285,0.5,pos,Farm,IT2
ASV_00004,ASV_00290,0.6524822695035462,pos,Farm,IT2
ASV_00004,ASV_00291,0.5514705882352942,pos,Farm,IT2
ASV_00004,ASV_00292,0.541095890410959,pos,Farm,IT2
ASV_00004,ASV_00294,0.5379310344827586,pos,Farm,IT2
ASV_00004,ASV_00295,0.5205479452054794,pos,Farm,IT2
ASV_00004,ASV_00299,0.5319148936170213,pos,Farm,IT2
ASV_00004,ASV_00300,0.5503355704697986,pos,Farm,IT2
ASV_00004,ASV_00312,0.541095890410959,pos,Farm,IT2
ASV_00004,ASV_00313,0.5310344827586206,pos,Farm,IT2
ASV_00004,ASV_00318,0.5347222222222222,pos,Farm,IT2
ASV_00004,ASV_00324,0.5352112676056338,pos,Farm,IT2
ASV_00004,ASV_00330,0.5211267605633803,pos,Farm,IT2
ASV_00004,ASV_00335,0.5144927536231884,pos,Farm,IT2
ASV_00004,ASV_00346,0.5319148936170213,pos,Farm,IT2
ASV_00004,ASV_00352,0.5069444444444444,pos,Farm,IT2
ASV_00004,ASV_00353,0.5174825174825175,pos,Farm,IT2
ASV_00004,ASV_00354,0.5390070921985816,pos,Farm,IT2
ASV_00004,ASV_00359,0.5071428571428571,pos,Farm,IT2
ASV_00004,ASV_00369,0.5347222222222222,pos,Farm,IT2
ASV_00004,ASV_00372,0.5289855072463768,pos,Farm,IT2
ASV_00004,ASV_00373,0.5177304964539007,pos,Farm,IT2
ASV_00004,ASV_00377,0.5035460992907801,pos,Farm,IT2
ASV_00004,ASV_00382,0.5448275862068965,pos,Farm,IT2
ASV_00004,ASV_00384,0.5422535211267606,pos,Farm,IT2
ASV_00004,ASV_00387,0.5136986301369864,pos,Farm,IT2
ASV_00004,ASV_00389,0.5347222222222222,pos,Farm,IT2
ASV_00004,ASV_00390,0.5972222222222222,pos,Farm,IT2
ASV_00004,ASV_00398,0.5486111111111112,pos,Farm,IT2
ASV_00004,ASV_00404,0.5,pos,Farm,IT2
ASV_00004,ASV_00407,0.5390070921985816,pos,Farm,IT2
ASV_00004,ASV_00422,0.5642857142857143,pos,Farm,IT2
ASV_00004,ASV_00425,0.524822695035461,pos,Farm,IT2
ASV_00004,ASV_00438,0.5103448275862069,pos,Farm,IT2
ASV_00004,ASV_00441,0.5319148936170213,pos,Farm,IT2
ASV_00004,ASV_00444,0.5172413793103449,pos,Farm,IT2
ASV_00004,ASV_00452,0.5140845070422535,pos,Farm,IT2
ASV_00004,ASV_00453,0.5524475524475524,pos,Farm,IT2
ASV_00004,ASV_00463,0.5238095238095238,pos,Farm,IT2
ASV_00004,ASV_00490,0.5608108108108109,pos,Farm,IT2
ASV_00004,ASV_00494,0.5384615384615384,pos,Farm,IT2
ASV_00004,ASV_00495,0.49295774647887325,pos,Farm,IT2
ASV_00004,ASV_00512,0.5472972972972973,pos,Farm,IT2
ASV_00004,ASV_00513,0.5314685314685315,pos,Farm,IT2
ASV_00004,ASV_00518,0.5369127516778524,pos,Farm,IT2
ASV_00004,ASV_00521,0.54421768707483,pos,Farm,IT2
ASV_00004,ASV_00529,0.5071428571428571,pos,Farm,IT2
ASV_00004,ASV_00533,0.5352112676056338,pos,Farm,IT2
ASV_00004,ASV_00542,0.5369127516778524,pos,Farm,IT2
ASV_00004,ASV_00543,0.5273972602739726,pos,Farm,IT2
ASV_00004,ASV_00548,0.5289855072463768,pos,Farm,IT2
ASV_00004,ASV_00554,0.5273972602739726,pos,Farm,IT2
ASV_00004,ASV_00568,0.5306122448979592,pos,Farm,IT2
ASV_00004,ASV_00570,0.5106382978723404,pos,Farm,IT2
ASV_00004,ASV_00572,0.5782312925170068,pos,Farm,IT2
ASV_00004,ASV_00587,0.5104895104895105,pos,Farm,IT2
ASV_00004,ASV_00594,0.5277777777777778,pos,Farm,IT2
ASV_00004,ASV_00611,0.5594405594405595,pos,Farm,IT2
ASV_00004,ASV_00612,0.5238095238095238,pos,Farm,IT2
ASV_00004,ASV_00613,0.4928571428571429,pos,Farm,IT2
ASV_00004,ASV_00618,0.5208333333333334,pos,Farm,IT2
ASV_00004,ASV_00620,0.5238095238095238,pos,Farm,IT2
ASV_00004,ASV_00628,0.5174825174825175,pos,Farm,IT2
ASV_00004,ASV_00636,0.581081081081081,pos,Farm,IT2
ASV_00004,ASV_00641,0.54421768707483,pos,Farm,IT2
ASV_00004,ASV_00643,0.5384615384615384,pos,Farm,IT2
ASV_00004,ASV_00651,0.5208333333333334,pos,Farm,IT2
ASV_00004,ASV_00668,0.5211267605633803,pos,Farm,IT2
ASV_00004,ASV_00671,0.5,pos,Farm,IT2
ASV_00004,ASV_00697,0.5,pos,Farm,IT2
ASV_00004,ASV_00709,0.5103448275862069,pos,Farm,IT2
ASV_00004,ASV_00721,0.5289855072463768,pos,Farm,IT2
ASV_00004,ASV_00732,0.5069444444444444,pos,Farm,IT2
ASV_00004,ASV_00734,0.5273972602739726,pos,Farm,IT2
ASV_00004,ASV_00757,0.5379310344827586,pos,Farm,IT2
ASV_00004,ASV_00769,0.5208333333333334,pos,Farm,IT2
ASV_00004,ASV_00772,0.5942028985507246,pos,Farm,IT2
ASV_00004,ASV_00781,0.5314685314685315,pos,Farm,IT2
ASV_00004,ASV_00801,0.49295774647887325,pos,Farm,IT2
ASV_00004,ASV_00807,0.5241379310344828,pos,Farm,IT2
ASV_00004,ASV_00808,0.5211267605633803,pos,Farm,IT2
ASV_00004,ASV_00815,0.5562913907284768,pos,Farm,IT2
ASV_00004,ASV_00829,0.5244755244755245,pos,Farm,IT2
ASV_00004,ASV_00843,0.5342465753424658,pos,Farm,IT2
ASV_00004,ASV_00845,0.5071428571428571,pos,Farm,IT2
ASV_00004,ASV_00865,0.5454545454545454,pos,Farm,IT2
ASV_00004,ASV_00880,0.5357142857142857,pos,Farm,IT2
ASV_00004,ASV_00909,0.5104895104895105,pos,Farm,IT2
ASV_00004,ASV_00929,0.5306122448979592,pos,Farm,IT2
ASV_00004,ASV_00935,0.5492957746478874,pos,Farm,IT2
ASV_00004,ASV_00959,0.5277777777777778,pos,Farm,IT2
ASV_00004,ASV_00984,0.5454545454545454,pos,Farm,IT2
ASV_00004,ASV_00987,0.5104895104895105,pos,Farm,IT2
ASV_00004,ASV_00989,0.48226950354609927,pos,Farm,IT2
ASV_00004,ASV_01018,0.5211267605633803,pos,Farm,IT2
ASV_00004,ASV_01023,0.5874125874125874,pos,Farm,IT2
ASV_00004,ASV_01071,0.5069444444444444,pos,Farm,IT2
ASV_00004,ASV_01087,0.5416666666666666,pos,Farm,IT2
ASV_00004,ASV_01101,0.5486111111111112,pos,Farm,IT2
ASV_00004,ASV_01119,0.5369127516778524,pos,Farm,IT2
ASV_00004,ASV_01204,0.5337837837837838,pos,Farm,IT2
ASV_00004,ASV_01223,0.4714285714285714,pos,Farm,IT2
ASV_00004,ASV_01249,0.5104895104895105,pos,Farm,IT2
ASV_00004,ASV_01253,0.5492957746478874,pos,Farm,IT2
ASV_00004,ASV_01267,0.5244755244755245,pos,Farm,IT2
ASV_00004,ASV_01276,0.5106382978723404,pos,Farm,IT2
ASV_00004,ASV_01328,0.5069444444444444,pos,Farm,IT2
ASV_00004,ASV_01349,0.5172413793103449,pos,Farm,IT2
ASV_00004,ASV_01491,0.5208333333333334,pos,Farm,IT2
ASV_00004,ASV_01512,0.49645390070921985,pos,Farm,IT2
ASV_00004,ASV_02332,0.5845070422535211,pos,Farm,IT2
ASV_00005,ASV_00014,0.49635036496350365,pos,Farm,IT2
ASV_00005,ASV_00016,0.463768115942029,pos,Farm,IT2
ASV_00005,ASV_00030,0.5319148936170213,pos,Farm,IT2
ASV_00005,ASV_00047,0.4888888888888889,pos,Farm,IT2
ASV_00005,ASV_00049,0.5071428571428571,pos,Farm,IT2
ASV_00005,ASV_00060,0.4740740740740741,pos,Farm,IT2
ASV_00005,ASV_00072,0.503448275862069,pos,Farm,IT2
ASV_00005,ASV_00077,0.49640287769784175,pos,Farm,IT2
ASV_00005,ASV_00088,0.5,pos,Farm,IT2
ASV_00005,ASV_00102,0.528169014084507,pos,Farm,IT2
ASV_00005,ASV_00105,0.49640287769784175,pos,Farm,IT2
ASV_00005,ASV_00113,0.5074626865671642,pos,Farm,IT2
ASV_00005,ASV_00118,0.4859154929577465,pos,Farm,IT2
ASV_00005,ASV_00122,0.48905109489051096,pos,Farm,IT2
ASV_00005,ASV_00125,0.5112781954887218,pos,Farm,IT2
ASV_00005,ASV_00136,0.48936170212765956,pos,Farm,IT2
ASV_00005,ASV_00150,0.4744525547445255,pos,Farm,IT2
ASV_00005,ASV_00159,0.5,pos,Farm,IT2
ASV_00005,ASV_00162,0.4892086330935252,pos,Farm,IT2
ASV_00005,ASV_00186,0.48226950354609927,pos,Farm,IT2
ASV_00005,ASV_00198,0.48201438848920863,pos,Farm,IT2
ASV_00005,ASV_00206,0.4632352941176471,pos,Farm,IT2
ASV_00005,ASV_00211,0.4740740740740741,pos,Farm,IT2
ASV_00005,ASV_00214,0.4785714285714286,pos,Farm,IT2
ASV_00005,ASV_00228,0.46715328467153283,pos,Farm,IT2
ASV_00005,ASV_00233,0.48175182481751827,pos,Farm,IT2
ASV_00005,ASV_00247,0.5259259259259259,pos,Farm,IT2
ASV_00005,ASV_00273,0.4928571428571429,pos,Farm,IT2
ASV_00005,ASV_00275,0.5069444444444444,pos,Farm,IT2
ASV_00005,ASV_00286,0.4857142857142857,pos,Farm,IT2
ASV_00005,ASV_00288,0.4965034965034965,pos,Farm,IT2
ASV_00005,ASV_00297,0.5,pos,Farm,IT2
ASV_00005,ASV_00305,0.4930555555555556,pos,Farm,IT2
ASV_00005,ASV_00313,0.48936170212765956,pos,Farm,IT2
ASV_00005,ASV_00334,0.5035460992907801,pos,Farm,IT2
ASV_00005,ASV_00340,0.5142857142857142,pos,Farm,IT2
ASV_00005,ASV_00350,0.48091603053435117,pos,Farm,IT2
ASV_00005,ASV_00365,0.5109489051094891,pos,Farm,IT2
ASV_00005,ASV_00373,0.4852941176470588,pos,Farm,IT2
ASV_00005,ASV_00402,0.47368421052631576,pos,Farm,IT2
ASV_00005,ASV_00409,0.463768115942029,pos,Farm,IT2
ASV_00005,ASV_00422,0.4892086330935252,pos,Farm,IT2
ASV_00005,ASV_00425,0.48175182481751827,pos,Farm,IT2
ASV_00005,ASV_00437,0.5071428571428571,pos,Farm,IT2
ASV_00005,ASV_00438,0.5109489051094891,pos,Farm,IT2
ASV_00005,ASV_00459,0.48936170212765956,pos,Farm,IT2
ASV_00005,ASV_00464,0.5214285714285715,pos,Farm,IT2
ASV_00005,ASV_00482,0.527027027027027,pos,Farm,IT2
ASV_00005,ASV_00488,0.5,pos,Farm,IT2
ASV_00005,ASV_00490,0.5103448275862069,pos,Farm,IT2
ASV_00005,ASV_00496,0.5035971223021583,pos,Farm,IT2
ASV_00005,ASV_00521,0.524822695035461,pos,Farm,IT2
ASV_00005,ASV_00542,0.496551724137931,pos,Farm,IT2
ASV_00005,ASV_00544,0.4714285714285714,pos,Farm,IT2
ASV_00005,ASV_00554,0.5071428571428571,pos,Farm,IT2
ASV_00005,ASV_00587,0.4676258992805755,pos,Farm,IT2
ASV_00005,ASV_00613,0.49242424242424243,pos,Farm,IT2
ASV_00005,ASV_00628,0.4855072463768116,pos,Farm,IT2
ASV_00005,ASV_00651,0.5447761194029851,pos,Farm,IT2
ASV_00005,ASV_00671,0.48905109489051096,pos,Farm,IT2
ASV_00005,ASV_00718,0.48148148148148145,pos,Farm,IT2
ASV_00005,ASV_00757,0.5071428571428571,pos,Farm,IT2
ASV_00005,ASV_00802,0.4930555555555556,pos,Farm,IT2
ASV_00005,ASV_00806,0.5070422535211268,pos,Farm,IT2
ASV_00005,ASV_00807,0.48226950354609927,pos,Farm,IT2
ASV_00005,ASV_00821,0.5107913669064749,pos,Farm,IT2
ASV_00005,ASV_00842,0.4888888888888889,pos,Farm,IT2
ASV_00005,ASV_00906,0.5103448275862069,pos,Farm,IT2
ASV_00005,ASV_00912,0.45925925925925926,pos,Farm,IT2
ASV_00005,ASV_01092,0.496551724137931,pos,Farm,IT2
ASV_00005,ASV_01124,0.5072463768115942,pos,Farm,IT2
ASV_00005,ASV_01204,0.5140845070422535,pos,Farm,IT2
ASV_00005,ASV_01249,0.4676258992805755,pos,Farm,IT2
ASV_00005,ASV_01342,0.5314685314685315,pos,Farm,IT2
ASV_00005,ASV_01385,0.4927536231884058,pos,Farm,IT2
ASV_00005,ASV_01941,0.5179856115107914,pos,Farm,IT2
ASV_00006,ASV_00020,0.5273972602739726,pos,Farm,IT2
ASV_00006,ASV_00024,0.5328467153284672,pos,Farm,IT2
ASV_00006,ASV_00040,0.49295774647887325,pos,Farm,IT2
ASV_00006,ASV_00045,0.5174825174825175,pos,Farm,IT2
ASV_00006,ASV_00046,0.5390070921985816,pos,Farm,IT2
ASV_00006,ASV_00048,0.5241379310344828,pos,Farm,IT2
ASV_00006,ASV_00050,0.5466666666666666,pos,Farm,IT2
ASV_00006,ASV_00052,0.5347222222222222,pos,Farm,IT2
ASV_00006,ASV_00054,0.5103448275862069,pos,Farm,IT2
ASV_00006,ASV_00073,0.5314685314685315,pos,Farm,IT2
ASV_00006,ASV_00076,0.5454545454545454,pos,Farm,IT2
ASV_00006,ASV_00079,0.5673758865248227,pos,Farm,IT2
ASV_00006,ASV_00086,0.5136986301369864,pos,Farm,IT2
ASV_00006,ASV_00090,0.5782312925170068,pos,Farm,IT2
ASV_00006,ASV_00093,0.5347222222222222,pos,Farm,IT2
ASV_00006,ASV_00097,0.48936170212765956,pos,Farm,IT2
ASV_00006,ASV_00098,0.5138888888888888,pos,Farm,IT2
ASV_00006,ASV_00113,0.5106382978723404,pos,Farm,IT2
ASV_00006,ASV_00122,0.5034965034965035,pos,Farm,IT2
ASV_00006,ASV_00125,0.5251798561151079,pos,Farm,IT2
ASV_00006,ASV_00127,0.5347222222222222,pos,Farm,IT2
ASV_00006,ASV_00132,0.5,pos,Farm,IT2
ASV_00006,ASV_00133,0.5,pos,Farm,IT2
ASV_00006,ASV_00139,0.5036496350364964,pos,Farm,IT2
ASV_00006,ASV_00141,0.5177304964539007,pos,Farm,IT2
ASV_00006,ASV_00146,0.5374149659863946,pos,Farm,IT2
ASV_00006,ASV_00156,0.547945205479452,pos,Farm,IT2
ASV_00006,ASV_00165,0.5071428571428571,pos,Farm,IT2
ASV_00006,ASV_00169,0.5136986301369864,pos,Farm,IT2
ASV_00006,ASV_00181,0.5379310344827586,pos,Farm,IT2
ASV_00006,ASV_00182,0.5342465753424658,pos,Farm,IT2
ASV_00006,ASV_00186,0.5172413793103449,pos,Farm,IT2
ASV_00006,ASV_00197,0.5422535211267606,pos,Farm,IT2
ASV_00006,ASV_00200,0.5,pos,Farm,IT2
ASV_00006,ASV_00203,0.5208333333333334,pos,Farm,IT2
ASV_00006,ASV_00221,0.5104895104895105,pos,Farm,IT2
ASV_00006,ASV_00232,0.5238095238095238,pos,Farm,IT2
ASV_00006,ASV_00235,0.4855072463768116,pos,Farm,IT2
ASV_00006,ASV_00252,0.5174825174825175,pos,Farm,IT2
ASV_00006,ASV_00262,0.5594405594405595,pos,Farm,IT2
ASV_00006,ASV_00267,0.5362318840579711,pos,Farm,IT2
ASV_00006,ASV_00274,0.5436241610738255,pos,Farm,IT2
ASV_00006,ASV_00286,0.5531914893617021,pos,Farm,IT2
ASV_00006,ASV_00297,0.5352112676056338,pos,Farm,IT2
ASV_00006,ASV_00298,0.49640287769784175,pos,Farm,IT2
ASV_00006,ASV_00304,0.5753424657534246,pos,Farm,IT2
ASV_00006,ASV_00305,0.5374149659863946,pos,Farm,IT2
ASV_00006,ASV_00307,0.5070422535211268,pos,Farm,IT2
ASV_00006,ASV_00313,0.5241379310344828,pos,Farm,IT2
ASV_00006,ASV_00315,0.5,pos,Farm,IT2
ASV_00006,ASV_00320,0.5142857142857142,pos,Farm,IT2
ASV_00006,ASV_00321,0.5369127516778524,pos,Farm,IT2
ASV_00006,ASV_00325,0.5208333333333334,pos,Farm,IT2
ASV_00006,ASV_00334,0.5379310344827586,pos,Farm,IT2
ASV_00006,ASV_00345,0.5238095238095238,pos,Farm,IT2
ASV_00006,ASV_00353,0.5428571428571428,pos,Farm,IT2
ASV_00006,ASV_00355,0.5136986301369864,pos,Farm,IT2
ASV_00006,ASV_00356,0.5374149659863946,pos,Farm,IT2
ASV_00006,ASV_00372,0.5107913669064749,pos,Farm,IT2
ASV_00006,ASV_00377,0.4859154929577465,pos,Farm,IT2
ASV_00006,ASV_00380,0.5070422535211268,pos,Farm,IT2
ASV_00006,ASV_00412,0.49295774647887325,pos,Farm,IT2
ASV_00006,ASV_00422,0.5138888888888888,pos,Farm,IT2
ASV_00006,ASV_00425,0.5177304964539007,pos,Farm,IT2
ASV_00006,ASV_00441,0.5467625899280576,pos,Farm,IT2
ASV_00006,ASV_00443,0.4965034965034965,pos,Farm,IT2
ASV_00006,ASV_00447,0.5342465753424658,pos,Farm,IT2
ASV_00006,ASV_00452,0.4965034965034965,pos,Farm,IT2
ASV_00006,ASV_00467,0.5436241610738255,pos,Farm,IT2
ASV_00006,ASV_00477,0.5673758865248227,pos,Farm,IT2
ASV_00006,ASV_00488,0.5337837837837838,pos,Farm,IT2
ASV_00006,ASV_00490,0.5540540540540541,pos,Farm,IT2
ASV_00006,ASV_00494,0.5103448275862069,pos,Farm,IT2
ASV_00006,ASV_00495,0.5401459854014599,pos,Farm,IT2
ASV_00006,ASV_00501,0.5172413793103449,pos,Farm,IT2
ASV_00006,ASV_00508,0.5357142857142857,pos,Farm,IT2
ASV_00006,ASV_00511,0.4928571428571429,pos,Farm,IT2
ASV_00006,ASV_00521,0.5374149659863946,pos,Farm,IT2
ASV_00006,ASV_00544,0.5069444444444444,pos,Farm,IT2
ASV_00006,ASV_00550,0.5238095238095238,pos,Farm,IT2
ASV_00006,ASV_00554,0.5310344827586206,pos,Farm,IT2
ASV_00006,ASV_00555,0.5205479452054794,pos,Farm,IT2
ASV_00006,ASV_00561,0.5906040268456376,pos,Farm,IT2
ASV_00006,ASV_00569,0.4965034965034965,pos,Farm,IT2
ASV_00006,ASV_00576,0.5174825174825175,pos,Farm,IT2
ASV_00006,ASV_00612,0.5379310344827586,pos,Farm,IT2
ASV_00006,ASV_00628,0.5,pos,Farm,IT2
ASV_00006,ASV_00643,0.5103448275862069,pos,Farm,IT2
ASV_00006,ASV_00662,0.4965034965034965,pos,Farm,IT2
ASV_00006,ASV_00665,0.4859154929577465,pos,Farm,IT2
ASV_00006,ASV_00673,0.5369127516778524,pos,Farm,IT2
ASV_00006,ASV_00687,0.5138888888888888,pos,Farm,IT2
ASV_00006,ASV_00728,0.48226950354609927,pos,Farm,IT2
ASV_00006,ASV_00732,0.5,pos,Farm,IT2
ASV_00006,ASV_00760,0.5374149659863946,pos,Farm,IT2
ASV_00006,ASV_00772,0.5103448275862069,pos,Farm,IT2
ASV_00006,ASV_00793,0.524822695035461,pos,Farm,IT2
ASV_00006,ASV_00798,0.5238095238095238,pos,Farm,IT2
ASV_00006,ASV_00801,0.4859154929577465,pos,Farm,IT2
ASV_00006,ASV_00811,0.5273972602739726,pos,Farm,IT2
ASV_00006,ASV_00865,0.5172413793103449,pos,Farm,IT2
ASV_00006,ASV_00873,0.5179856115107914,pos,Farm,IT2
ASV_00006,ASV_00891,0.5570469798657718,pos,Farm,IT2
ASV_00006,ASV_00912,0.5294117647058824,pos,Farm,IT2
ASV_00006,ASV_00935,0.5103448275862069,pos,Farm,IT2
ASV_00006,ASV_00952,0.5507246376811594,pos,Farm,IT2
ASV_00006,ASV_00987,0.5034965034965035,pos,Farm,IT2
ASV_00006,ASV_00989,0.4857142857142857,pos,Farm,IT2
ASV_00006,ASV_01223,0.4855072463768116,pos,Farm,IT2
ASV_00006,ASV_01253,0.5642857142857143,pos,Farm,IT2
ASV_00006,ASV_01288,0.5416666666666666,pos,Farm,IT2
ASV_00006,ASV_01458,0.4928571428571429,pos,Farm,IT2
ASV_00006,ASV_02332,0.5448275862068965,pos,Farm,IT2
ASV_00007,ASV_00040,0.5140845070422535,pos,Farm,IT2
ASV_00007,ASV_00047,0.5140845070422535,pos,Farm,IT2
ASV_00007,ASV_00062,0.5138888888888888,pos,Farm,IT2
ASV_00007,ASV_00065,0.5517241379310345,pos,Farm,IT2
ASV_00007,ASV_00073,0.5310344827586206,pos,Farm,IT2
ASV_00007,ASV_00098,0.5136986301369864,pos,Farm,IT2
ASV_00007,ASV_00104,0.528169014084507,pos,Farm,IT2
ASV_00007,ASV_00115,0.4788732394366197,pos,Farm,IT2
ASV_00007,ASV_00132,0.5211267605633803,pos,Farm,IT2
ASV_00007,ASV_00158,0.5241379310344828,pos,Farm,IT2
ASV_00007,ASV_00159,0.5555555555555556,pos,Farm,IT2
ASV_00007,ASV_00173,0.5533333333333333,pos,Farm,IT2
ASV_00007,ASV_00189,0.5571428571428572,pos,Farm,IT2
ASV_00007,ASV_00195,0.5448275862068965,pos,Farm,IT2
ASV_00007,ASV_00197,0.5416666666666666,pos,Farm,IT2
ASV_00007,ASV_00205,0.5570469798657718,pos,Farm,IT2
ASV_00007,ASV_00208,0.5208333333333334,pos,Farm,IT2
ASV_00007,ASV_00229,0.5454545454545454,pos,Farm,IT2
ASV_00007,ASV_00242,0.4928571428571429,pos,Farm,IT2
ASV_00007,ASV_00251,0.5306122448979592,pos,Farm,IT2
ASV_00007,ASV_00263,0.5510204081632653,pos,Farm,IT2
ASV_00007,ASV_00264,0.5,pos,Farm,IT2
ASV_00007,ASV_00266,0.5306122448979592,pos,Farm,IT2
ASV_00007,ASV_00273,0.5273972602739726,pos,Farm,IT2
ASV_00007,ASV_00274,0.5533333333333333,pos,Farm,IT2
ASV_00007,ASV_00277,0.5570469798657718,pos,Farm,IT2
ASV_00007,ASV_00296,0.48951048951048953,pos,Farm,IT2
ASV_00007,ASV_00339,0.5034965034965035,pos,Farm,IT2
ASV_00007,ASV_00352,0.5314685314685315,pos,Farm,IT2
ASV_00007,ASV_00359,0.48951048951048953,pos,Farm,IT2
ASV_00007,ASV_00378,0.5369127516778524,pos,Farm,IT2
ASV_00007,ASV_00393,0.5071428571428571,pos,Farm,IT2
ASV_00007,ASV_00409,0.5,pos,Farm,IT2
ASV_00007,ASV_00468,0.460431654676259,pos,Farm,IT2
ASV_00007,ASV_00471,0.5486111111111112,pos,Farm,IT2
ASV_00007,ASV_00477,0.5238095238095238,pos,Farm,IT2
ASV_00007,ASV_00518,0.5608108108108109,pos,Farm,IT2
ASV_00007,ASV_00529,0.5106382978723404,pos,Farm,IT2
ASV_00007,ASV_00542,0.5503355704697986,pos,Farm,IT2
ASV_00007,ASV_00548,0.48951048951048953,pos,Farm,IT2
ASV_00007,ASV_00568,0.54421768707483,pos,Farm,IT2
ASV_00007,ASV_00574,0.5337837837837838,pos,Farm,IT2
ASV_00007,ASV_00656,0.5704225352112676,pos,Farm,IT2
ASV_00007,ASV_00668,0.5138888888888888,pos,Farm,IT2
ASV_00007,ASV_00679,0.547945205479452,pos,Farm,IT2
ASV_00007,ASV_00769,0.5136986301369864,pos,Farm,IT2
ASV_00007,ASV_00778,0.5144927536231884,pos,Farm,IT2
ASV_00007,ASV_00802,0.5369127516778524,pos,Farm,IT2
ASV_00007,ASV_00869,0.5472972972972973,pos,Farm,IT2
ASV_00007,ASV_00873,0.4965034965034965,pos,Farm,IT2
ASV_00007,ASV_00890,0.5555555555555556,pos,Farm,IT2
ASV_00007,ASV_01087,0.5342465753424658,pos,Farm,IT2
ASV_00007,ASV_01153,0.5069444444444444,pos,Farm,IT2
ASV_00007,ASV_01276,0.5034965034965035,pos,Farm,IT2
ASV_00007,ASV_01417,0.5136986301369864,pos,Farm,IT2
ASV_00007,ASV_02149,0.5211267605633803,pos,Farm,IT2
ASV_00008,ASV_00009,0.5310344827586206,pos,Farm,IT2
ASV_00008,ASV_00011,0.524822695035461,pos,Farm,IT2
ASV_00008,ASV_00017,0.5211267605633803,pos,Farm,IT2
ASV_00008,ASV_00022,0.5034965034965035,pos,Farm,IT2
ASV_00008,ASV_00028,0.5347222222222222,pos,Farm,IT2
ASV_00008,ASV_00029,0.4714285714285714,pos,Farm,IT2
ASV_00008,ASV_00030,0.5238095238095238,pos,Farm,IT2
ASV_00008,ASV_00031,0.5107913669064749,pos,Farm,IT2
ASV_00008,ASV_00045,0.5177304964539007,pos,Farm,IT2
ASV_00008,ASV_00049,0.5208333333333334,pos,Farm,IT2
ASV_00008,ASV_00054,0.5319148936170213,pos,Farm,IT2
ASV_00008,ASV_00055,0.528169014084507,pos,Farm,IT2
ASV_00008,ASV_00056,0.48201438848920863,pos,Farm,IT2
ASV_00008,ASV_00057,0.5070422535211268,pos,Farm,IT2
ASV_00008,ASV_00059,0.4744525547445255,pos,Farm,IT2
ASV_00008,ASV_00060,0.5447761194029851,pos,Farm,IT2
ASV_00008,ASV_00062,0.5035460992907801,pos,Farm,IT2
ASV_00008,ASV_00065,0.5208333333333334,pos,Farm,IT2
ASV_00008,ASV_00067,0.48936170212765956,pos,Farm,IT2
ASV_00008,ASV_00068,0.5211267605633803,pos,Farm,IT2
ASV_00008,ASV_00069,0.4782608695652174,pos,Farm,IT2
ASV_00008,ASV_00072,0.527027027027027,pos,Farm,IT2
ASV_00008,ASV_00073,0.5319148936170213,pos,Farm,IT2
ASV_00008,ASV_00075,0.48905109489051096,pos,Farm,IT2
ASV_00008,ASV_00077,0.5539568345323741,pos,Farm,IT2
ASV_00008,ASV_00087,0.4965034965034965,pos,Farm,IT2
ASV_00008,ASV_00090,0.5578231292517006,pos,Farm,IT2
ASV_00008,ASV_00093,0.5138888888888888,pos,Farm,IT2
ASV_00008,ASV_00095,0.5244755244755245,pos,Farm,IT2
ASV_00008,ASV_00097,0.5109489051094891,pos,Farm,IT2
ASV_00008,ASV_00099,0.5205479452054794,pos,Farm,IT2
ASV_00008,ASV_00100,0.5070422535211268,pos,Farm,IT2
ASV_00008,ASV_00101,0.49295774647887325,pos,Farm,IT2
ASV_00008,ASV_00103,0.5136986301369864,pos,Farm,IT2
ASV_00008,ASV_00108,0.48507462686567165,pos,Farm,IT2
ASV_00008,ASV_00113,0.48936170212765956,pos,Farm,IT2
ASV_00008,ASV_00117,0.5109489051094891,pos,Farm,IT2
ASV_00008,ASV_00122,0.5251798561151079,pos,Farm,IT2
ASV_00008,ASV_00128,0.527027027027027,pos,Farm,IT2
ASV_00008,ASV_00129,0.5285714285714286,pos,Farm,IT2
ASV_00008,ASV_00131,0.5323741007194245,pos,Farm,IT2
ASV_00008,ASV_00140,0.4859154929577465,pos,Farm,IT2
ASV_00008,ASV_00141,0.5179856115107914,pos,Farm,IT2
ASV_00008,ASV_00145,0.524822695035461,pos,Farm,IT2
ASV_00008,ASV_00148,0.5625,pos,Farm,IT2
ASV_00008,ASV_00152,0.5524475524475524,pos,Farm,IT2
ASV_00008,ASV_00153,0.5,pos,Farm,IT2
ASV_00008,ASV_00157,0.5172413793103449,pos,Farm,IT2
ASV_00008,ASV_00160,0.5106382978723404,pos,Farm,IT2
ASV_00008,ASV_00161,0.5384615384615384,pos,Farm,IT2
ASV_00008,ASV_00162,0.5034965034965035,pos,Farm,IT2
ASV_00008,ASV_00163,0.5217391304347826,pos,Farm,IT2
ASV_00008,ASV_00165,0.5294117647058824,pos,Farm,IT2
ASV_00008,ASV_00166,0.5174825174825175,pos,Farm,IT2
ASV_00008,ASV_00167,0.5103448275862069,pos,Farm,IT2
ASV_00008,ASV_00170,0.543046357615894,pos,Farm,IT2
ASV_00008,ASV_00171,0.5492957746478874,pos,Farm,IT2
ASV_00008,ASV_00172,0.5069444444444444,pos,Farm,IT2
ASV_00008,ASV_00173,0.54421768707483,pos,Farm,IT2
ASV_00008,ASV_00176,0.49635036496350365,pos,Farm,IT2
ASV_00008,ASV_00177,0.48936170212765956,pos,Farm,IT2
ASV_00008,ASV_00182,0.5241379310344828,pos,Farm,IT2
ASV_00008,ASV_00186,0.5390070921985816,pos,Farm,IT2
ASV_00008,ASV_00189,0.5142857142857142,pos,Farm,IT2
ASV_00008,ASV_00202,0.4927536231884058,pos,Farm,IT2
ASV_00008,ASV_00208,0.5214285714285715,pos,Farm,IT2
ASV_00008,ASV_00211,0.5,pos,Farm,IT2
ASV_00008,ASV_00212,0.4965034965034965,pos,Farm,IT2
ASV_00008,ASV_00216,0.5,pos,Farm,IT2
ASV_00008,ASV_00219,0.541095890410959,pos,Farm,IT2
ASV_00008,ASV_00227,0.5104895104895105,pos,Farm,IT2
ASV_00008,ASV_00231,0.5177304964539007,pos,Farm,IT2
ASV_00008,ASV_00233,0.5179856115107914,pos,Farm,IT2
ASV_00008,ASV_00238,0.5138888888888888,pos,Farm,IT2
ASV_00008,ASV_00244,0.5104895104895105,pos,Farm,IT2
ASV_00008,ASV_00247,0.5177304964539007,pos,Farm,IT2
ASV_00008,ASV_00251,0.5642857142857143,pos,Farm,IT2
ASV_00008,ASV_00257,0.5869565217391305,pos,Farm,IT2
ASV_00008,ASV_00259,0.463768115942029,pos,Farm,IT2
ASV_00008,ASV_00265,0.5071428571428571,pos,Farm,IT2
ASV_00008,ASV_00278,0.5384615384615384,pos,Farm,IT2
ASV_00008,ASV_00288,0.5205479452054794,pos,Farm,IT2
ASV_00008,ASV_00290,0.5472972972972973,pos,Farm,IT2
ASV_00008,ASV_00291,0.5109489051094891,pos,Farm,IT2
ASV_00008,ASV_00292,0.5136986301369864,pos,Farm,IT2
ASV_00008,ASV_00294,0.5642857142857143,pos,Farm,IT2
ASV_00008,ASV_00299,0.5251798561151079,pos,Farm,IT2
ASV_00008,ASV_00304,0.5337837837837838,pos,Farm,IT2
ASV_00008,ASV_00307,0.5289855072463768,pos,Farm,IT2
ASV_00008,ASV_00309,0.5642857142857143,pos,Farm,IT2
ASV_00008,ASV_00312,0.5136986301369864,pos,Farm,IT2
ASV_00008,ASV_00320,0.48226950354609927,pos,Farm,IT2
ASV_00008,ASV_00324,0.5070422535211268,pos,Farm,IT2
ASV_00008,ASV_00328,0.5531914893617021,pos,Farm,IT2
ASV_00008,ASV_00334,0.5277777777777778,pos,Farm,IT2
ASV_00008,ASV_00339,0.5367647058823529,pos,Farm,IT2
ASV_00008,ASV_00345,0.5241379310344828,pos,Farm,IT2
ASV_00008,ASV_00347,0.5347222222222222,pos,Farm,IT2
ASV_00008,ASV_00357,0.48936170212765956,pos,Farm,IT2
ASV_00008,ASV_00359,0.4785714285714286,pos,Farm,IT2
ASV_00008,ASV_00369,0.528169014084507,pos,Farm,IT2
ASV_00008,ASV_00377,0.49640287769784175,pos,Farm,IT2
ASV_00008,ASV_00389,0.528169014084507,pos,Farm,IT2
ASV_00008,ASV_00391,0.4928571428571429,pos,Farm,IT2
ASV_00008,ASV_00395,0.4859154929577465,pos,Farm,IT2
ASV_00008,ASV_00398,0.5103448275862069,pos,Farm,IT2
ASV_00008,ASV_00406,0.5144927536231884,pos,Farm,IT2
ASV_00008,ASV_00409,0.5107913669064749,pos,Farm,IT2
ASV_00008,ASV_00421,0.5422535211267606,pos,Farm,IT2
ASV_00008,ASV_00426,0.5782312925170068,pos,Farm,IT2
ASV_00008,ASV_00441,0.5142857142857142,pos,Farm,IT2
ASV_00008,ASV_00443,0.5071428571428571,pos,Farm,IT2
ASV_00008,ASV_00444,0.5211267605633803,pos,Farm,IT2
ASV_00008,ASV_00445,0.5140845070422535,pos,Farm,IT2
ASV_00008,ASV_00447,0.5136986301369864,pos,Farm,IT2
ASV_00008,ASV_00453,0.5244755244755245,pos,Farm,IT2
ASV_00008,ASV_00455,0.5142857142857142,pos,Farm,IT2
ASV_00008,ASV_00458,0.4928571428571429,pos,Farm,IT2
ASV_00008,ASV_00460,0.5138888888888888,pos,Farm,IT2
ASV_00008,ASV_00479,0.5136986301369864,pos,Farm,IT2
ASV_00008,ASV_00482,0.5496688741721855,pos,Farm,IT2
ASV_00008,ASV_00483,0.5448275862068965,pos,Farm,IT2
ASV_00008,ASV_00485,0.5314685314685315,pos,Farm,IT2
ASV_00008,ASV_00488,0.5238095238095238,pos,Farm,IT2
ASV_00008,ASV_00498,0.5185185185185185,pos,Farm,IT2
ASV_00008,ASV_00512,0.541095890410959,pos,Farm,IT2
ASV_00008,ASV_00513,0.5034965034965035,pos,Farm,IT2
ASV_00008,ASV_00514,0.5503355704697986,pos,Farm,IT2
ASV_00008,ASV_00518,0.5306122448979592,pos,Farm,IT2
ASV_00008,ASV_00530,0.5,pos,Farm,IT2
ASV_00008,ASV_00536,0.5342465753424658,pos,Farm,IT2
ASV_00008,ASV_00541,0.5034965034965035,pos,Farm,IT2
ASV_00008,ASV_00542,0.5517241379310345,pos,Farm,IT2
ASV_00008,ASV_00550,0.5347222222222222,pos,Farm,IT2
ASV_00008,ASV_00556,0.5069444444444444,pos,Farm,IT2
ASV_00008,ASV_00563,0.5314685314685315,pos,Farm,IT2
ASV_00008,ASV_00568,0.5136986301369864,pos,Farm,IT2
ASV_00008,ASV_00571,0.5103448275862069,pos,Farm,IT2
ASV_00008,ASV_00572,0.5510204081632653,pos,Farm,IT2
ASV_00008,ASV_00581,0.5298507462686567,pos,Farm,IT2
ASV_00008,ASV_00594,0.5319148936170213,pos,Farm,IT2
ASV_00008,ASV_00596,0.5073529411764706,pos,Farm,IT2
ASV_00008,ASV_00613,0.4748201438848921,pos,Farm,IT2
ASV_00008,ASV_00620,0.5602836879432624,pos,Farm,IT2
ASV_00008,ASV_00645,0.5072463768115942,pos,Farm,IT2
ASV_00008,ASV_00656,0.528169014084507,pos,Farm,IT2
ASV_00008,ASV_00671,0.5474452554744526,pos,Farm,IT2
ASV_00008,ASV_00679,0.5277777777777778,pos,Farm,IT2
ASV_00008,ASV_00686,0.5069444444444444,pos,Farm,IT2
ASV_00008,ASV_00721,0.5220588235294118,pos,Farm,IT2
ASV_00008,ASV_00726,0.5314685314685315,pos,Farm,IT2
ASV_00008,ASV_00755,0.541095890410959,pos,Farm,IT2
ASV_00008,ASV_00757,0.5755395683453237,pos,Farm,IT2
ASV_00008,ASV_00760,0.5379310344827586,pos,Farm,IT2
ASV_00008,ASV_00769,0.5357142857142857,pos,Farm,IT2
ASV_00008,ASV_00772,0.5319148936170213,pos,Farm,IT2
ASV_00008,ASV_00778,0.47101449275362317,pos,Farm,IT2
ASV_00008,ASV_00798,0.5136986301369864,pos,Farm,IT2
ASV_00008,ASV_00801,0.4857142857142857,pos,Farm,IT2
ASV_00008,ASV_00809,0.5540540540540541,pos,Farm,IT2
ASV_00008,ASV_00811,0.5277777777777778,pos,Farm,IT2
ASV_00008,ASV_00843,0.5277777777777778,pos,Farm,IT2
ASV_00008,ASV_00875,0.5625,pos,Farm,IT2
ASV_00008,ASV_00880,0.4859154929577465,pos,Farm,IT2
ASV_00008,ASV_00891,0.5472972972972973,pos,Farm,IT2
ASV_00008,ASV_00931,0.5588235294117647,pos,Farm,IT2
ASV_00008,ASV_00952,0.49645390070921985,pos,Farm,IT2
ASV_00008,ASV_00984,0.528169014084507,pos,Farm,IT2
ASV_00008,ASV_01018,0.5362318840579711,pos,Farm,IT2
ASV_00008,ASV_01065,0.48226950354609927,pos,Farm,IT2
ASV_00008,ASV_01071,0.5106382978723404,pos,Farm,IT2
ASV_00008,ASV_01092,0.5734265734265734,pos,Farm,IT2
ASV_00008,ASV_01101,0.5103448275862069,pos,Farm,IT2
ASV_00008,ASV_01124,0.5104895104895105,pos,Farm,IT2
ASV_00008,ASV_01153,0.5179856115107914,pos,Farm,IT2
ASV_00008,ASV_01250,0.5342465753424658,pos,Farm,IT2
ASV_00008,ASV_01267,0.5070422535211268,pos,Farm,IT2
ASV_00008,ASV_01288,0.5314685314685315,pos,Farm,IT2
ASV_00008,ASV_01385,0.4965034965034965,pos,Farm,IT2
ASV_00008,ASV_01491,0.5034965034965035,pos,Farm,IT2
ASV_00008,ASV_01578,0.5069444444444444,pos,Farm,IT2
ASV_00008,ASV_01941,0.5314685314685315,pos,Farm,IT2
ASV_00008,ASV_02020,0.4965034965034965,pos,Farm,IT2
ASV_00008,ASV_02332,0.5241379310344828,pos,Farm,IT2
ASV_00009,ASV_00010,0.5174825174825175,pos,Farm,IT2
ASV_00009,ASV_00011,0.5273972602739726,pos,Farm,IT2
ASV_00009,ASV_00013,0.5352112676056338,pos,Farm,IT2
ASV_00009,ASV_00016,0.5244755244755245,pos,Farm,IT2
ASV_00009,ASV_00019,0.5241379310344828,pos,Farm,IT2
ASV_00009,ASV_00021,0.5384615384615384,pos,Farm,IT2
ASV_00009,ASV_00026,0.5208333333333334,pos,Farm,IT2
ASV_00009,ASV_00031,0.503448275862069,pos,Farm,IT2
ASV_00009,ASV_00042,0.5337837837837838,pos,Farm,IT2
ASV_00009,ASV_00045,0.5205479452054794,pos,Farm,IT2
ASV_00009,ASV_00053,0.5374149659863946,pos,Farm,IT2
ASV_00009,ASV_00056,0.4965034965034965,pos,Farm,IT2
ASV_00009,ASV_00060,0.5034965034965035,pos,Farm,IT2
ASV_00009,ASV_00064,0.547945205479452,pos,Farm,IT2
ASV_00009,ASV_00065,0.54421768707483,pos,Farm,IT2
ASV_00009,ASV_00066,0.5405405405405406,pos,Farm,IT2
ASV_00009,ASV_00068,0.5238095238095238,pos,Farm,IT2
ASV_00009,ASV_00072,0.5704697986577181,pos,Farm,IT2
ASV_00009,ASV_00077,0.5448275862068965,pos,Farm,IT2
ASV_00009,ASV_00078,0.5571428571428572,pos,Farm,IT2
ASV_00009,ASV_00080,0.5684931506849316,pos,Farm,IT2
ASV_00009,ASV_00081,0.4965034965034965,pos,Farm,IT2
ASV_00009,ASV_00095,0.5804195804195804,pos,Farm,IT2
ASV_00009,ASV_00097,0.524822695035461,pos,Farm,IT2
ASV_00009,ASV_00098,0.5273972602739726,pos,Farm,IT2
ASV_00009,ASV_00105,0.5342465753424658,pos,Farm,IT2
ASV_00009,ASV_00106,0.5374149659863946,pos,Farm,IT2
ASV_00009,ASV_00108,0.4892086330935252,pos,Farm,IT2
ASV_00009,ASV_00113,0.5244755244755245,pos,Farm,IT2
ASV_00009,ASV_00116,0.5310344827586206,pos,Farm,IT2
ASV_00009,ASV_00118,0.5337837837837838,pos,Farm,IT2
ASV_00009,ASV_00122,0.5384615384615384,pos,Farm,IT2
ASV_00009,ASV_00128,0.56,pos,Farm,IT2
ASV_00009,ASV_00132,0.5244755244755245,pos,Farm,IT2
ASV_00009,ASV_00136,0.5586206896551724,pos,Farm,IT2
ASV_00009,ASV_00147,0.5172413793103449,pos,Farm,IT2
ASV_00009,ASV_00150,0.5138888888888888,pos,Farm,IT2
ASV_00009,ASV_00152,0.5540540540540541,pos,Farm,IT2
ASV_00009,ASV_00159,0.5374149659863946,pos,Farm,IT2
ASV_00009,ASV_00160,0.5347222222222222,pos,Farm,IT2
ASV_00009,ASV_00162,0.5379310344827586,pos,Farm,IT2
ASV_00009,ASV_00168,0.5782312925170068,pos,Farm,IT2
ASV_00009,ASV_00171,0.5833333333333334,pos,Farm,IT2
ASV_00009,ASV_00173,0.5771812080536913,pos,Farm,IT2
ASV_00009,ASV_00177,0.5138888888888888,pos,Farm,IT2
ASV_00009,ASV_00179,0.5657894736842105,pos,Farm,IT2
ASV_00009,ASV_00184,0.5241379310344828,pos,Farm,IT2
ASV_00009,ASV_00186,0.5517241379310345,pos,Farm,IT2
ASV_00009,ASV_00191,0.5241379310344828,pos,Farm,IT2
ASV_00009,ASV_00192,0.5273972602739726,pos,Farm,IT2
ASV_00009,ASV_00193,0.5655172413793104,pos,Farm,IT2
ASV_00009,ASV_00195,0.5694444444444444,pos,Farm,IT2
ASV_00009,ASV_00196,0.5104895104895105,pos,Farm,IT2
ASV_00009,ASV_00202,0.5070422535211268,pos,Farm,IT2
ASV_00009,ASV_00208,0.5136986301369864,pos,Farm,IT2
ASV_00009,ASV_00212,0.574468085106383,pos,Farm,IT2
ASV_00009,ASV_00216,0.5241379310344828,pos,Farm,IT2
ASV_00009,ASV_00228,0.5174825174825175,pos,Farm,IT2
ASV_00009,ASV_00229,0.5273972602739726,pos,Farm,IT2
ASV_00009,ASV_00230,0.5547945205479452,pos,Farm,IT2
ASV_00009,ASV_00232,0.5369127516778524,pos,Farm,IT2
ASV_00009,ASV_00238,0.5586206896551724,pos,Farm,IT2
ASV_00009,ASV_00240,0.5384615384615384,pos,Farm,IT2
ASV_00009,ASV_00249,0.5205479452054794,pos,Farm,IT2
ASV_00009,ASV_00251,0.5337837837837838,pos,Farm,IT2
ASV_00009,ASV_00257,0.5337837837837838,pos,Farm,IT2
ASV_00009,ASV_00259,0.4788732394366197,pos,Farm,IT2
ASV_00009,ASV_00263,0.564625850340136,pos,Farm,IT2
ASV_00009,ASV_00269,0.5751633986928104,pos,Farm,IT2
ASV_00009,ASV_00276,0.5684931506849316,pos,Farm,IT2
ASV_00009,ASV_00283,0.6126760563380281,pos,Farm,IT2
ASV_00009,ASV_00284,0.5174825174825175,pos,Farm,IT2
ASV_00009,ASV_00288,0.5436241610738255,pos,Farm,IT2
ASV_00009,ASV_00290,0.5695364238410596,pos,Farm,IT2
ASV_00009,ASV_00291,0.4930555555555556,pos,Farm,IT2
ASV_00009,ASV_00292,0.5578231292517006,pos,Farm,IT2
ASV_00009,ASV_00294,0.5337837837837838,pos,Farm,IT2
ASV_00009,ASV_00295,0.5586206896551724,pos,Farm,IT2
ASV_00009,ASV_00296,0.5140845070422535,pos,Farm,IT2
ASV_00009,ASV_00299,0.5277777777777778,pos,Farm,IT2
ASV_00009,ASV_00303,0.524822695035461,pos,Farm,IT2
ASV_00009,ASV_00305,0.5714285714285714,pos,Farm,IT2
ASV_00009,ASV_00312,0.5369127516778524,pos,Farm,IT2
ASV_00009,ASV_00318,0.541095890410959,pos,Farm,IT2
ASV_00009,ASV_00327,0.5602836879432624,pos,Farm,IT2
ASV_00009,ASV_00335,0.48951048951048953,pos,Farm,IT2
ASV_00009,ASV_00339,0.5069444444444444,pos,Farm,IT2
ASV_00009,ASV_00340,0.5405405405405406,pos,Farm,IT2
ASV_00009,ASV_00343,0.5586206896551724,pos,Farm,IT2
ASV_00009,ASV_00352,0.5241379310344828,pos,Farm,IT2
ASV_00009,ASV_00353,0.5136986301369864,pos,Farm,IT2
ASV_00009,ASV_00354,0.5563380281690141,pos,Farm,IT2
ASV_00009,ASV_00361,0.5369127516778524,pos,Farm,IT2
ASV_00009,ASV_00373,0.5138888888888888,pos,Farm,IT2
ASV_00009,ASV_00376,0.5472972972972973,pos,Farm,IT2
ASV_00009,ASV_00389,0.5625,pos,Farm,IT2
ASV_00009,ASV_00395,0.5422535211267606,pos,Farm,IT2
ASV_00009,ASV_00402,0.5035460992907801,pos,Farm,IT2
ASV_00009,ASV_00404,0.5069444444444444,pos,Farm,IT2
ASV_00009,ASV_00421,0.5337837837837838,pos,Farm,IT2
ASV_00009,ASV_00429,0.4788732394366197,pos,Farm,IT2
ASV_00009,ASV_00443,0.5531914893617021,pos,Farm,IT2
ASV_00009,ASV_00450,0.5374149659863946,pos,Farm,IT2
ASV_00009,ASV_00452,0.5103448275862069,pos,Farm,IT2
ASV_00009,ASV_00460,0.5374149659863946,pos,Farm,IT2
ASV_00009,ASV_00485,0.5655172413793104,pos,Farm,IT2
ASV_00009,ASV_00498,0.5323741007194245,pos,Farm,IT2
ASV_00009,ASV_00507,0.5238095238095238,pos,Farm,IT2
ASV_00009,ASV_00524,0.503448275862069,pos,Farm,IT2
ASV_00009,ASV_00533,0.5310344827586206,pos,Farm,IT2
ASV_00009,ASV_00542,0.5958904109589042,pos,Farm,IT2
ASV_00009,ASV_00548,0.5357142857142857,pos,Farm,IT2
ASV_00009,ASV_00550,0.5369127516778524,pos,Farm,IT2
ASV_00009,ASV_00555,0.5337837837837838,pos,Farm,IT2
ASV_00009,ASV_00556,0.5306122448979592,pos,Farm,IT2
ASV_00009,ASV_00569,0.5208333333333334,pos,Farm,IT2
ASV_00009,ASV_00572,0.5733333333333334,pos,Farm,IT2
ASV_00009,ASV_00581,0.48951048951048953,pos,Farm,IT2
ASV_00009,ASV_00611,0.54421768707483,pos,Farm,IT2
ASV_00009,ASV_00612,0.5510204081632653,pos,Farm,IT2
ASV_00009,ASV_00615,0.5104895104895105,pos,Farm,IT2
ASV_00009,ASV_00622,0.48951048951048953,pos,Farm,IT2
ASV_00009,ASV_00628,0.5241379310344828,pos,Farm,IT2
ASV_00009,ASV_00641,0.5608108108108109,pos,Farm,IT2
ASV_00009,ASV_00643,0.5238095238095238,pos,Farm,IT2
ASV_00009,ASV_00654,0.5069444444444444,pos,Farm,IT2
ASV_00009,ASV_00656,0.5306122448979592,pos,Farm,IT2
ASV_00009,ASV_00671,0.5384615384615384,pos,Farm,IT2
ASV_00009,ASV_00679,0.5405405405405406,pos,Farm,IT2
ASV_00009,ASV_00727,0.5314685314685315,pos,Farm,IT2
ASV_00009,ASV_00728,0.5177304964539007,pos,Farm,IT2
ASV_00009,ASV_00769,0.5273972602739726,pos,Farm,IT2
ASV_00009,ASV_00789,0.5306122448979592,pos,Farm,IT2
ASV_00009,ASV_00798,0.5793103448275863,pos,Farm,IT2
ASV_00009,ASV_00802,0.5503355704697986,pos,Farm,IT2
ASV_00009,ASV_00808,0.5384615384615384,pos,Farm,IT2
ASV_00009,ASV_00815,0.6040268456375839,pos,Farm,IT2
ASV_00009,ASV_00817,0.5466666666666666,pos,Farm,IT2
ASV_00009,ASV_00829,0.5633802816901409,pos,Farm,IT2
ASV_00009,ASV_00845,0.4930555555555556,pos,Farm,IT2
ASV_00009,ASV_00848,0.5510204081632653,pos,Farm,IT2
ASV_00009,ASV_00880,0.5208333333333334,pos,Farm,IT2
ASV_00009,ASV_00890,0.5586206896551724,pos,Farm,IT2
ASV_00009,ASV_00906,0.5666666666666667,pos,Farm,IT2
ASV_00009,ASV_00924,0.49295774647887325,pos,Farm,IT2
ASV_00009,ASV_00929,0.5369127516778524,pos,Farm,IT2
ASV_00009,ASV_00935,0.5238095238095238,pos,Farm,IT2
ASV_00009,ASV_00959,0.5555555555555556,pos,Farm,IT2
ASV_00009,ASV_00966,0.48951048951048953,pos,Farm,IT2
ASV_00009,ASV_00984,0.5306122448979592,pos,Farm,IT2
ASV_00009,ASV_01119,0.5743243243243243,pos,Farm,IT2
ASV_00009,ASV_01152,0.5416666666666666,pos,Farm,IT2
ASV_00009,ASV_01288,0.54421768707483,pos,Farm,IT2
ASV_00009,ASV_01512,0.4930555555555556,pos,Farm,IT2
ASV_00009,ASV_01941,0.5874125874125874,pos,Farm,IT2
ASV_00009,ASV_02020,0.5205479452054794,pos,Farm,IT2
ASV_00009,ASV_02332,0.5369127516778524,pos,Farm,IT2
ASV_00010,ASV_00019,0.4857142857142857,pos,Farm,IT2
ASV_00010,ASV_00022,0.48936170212765956,pos,Farm,IT2
ASV_00010,ASV_00023,0.4965034965034965,pos,Farm,IT2
ASV_00010,ASV_00026,0.4927536231884058,pos,Farm,IT2
ASV_00010,ASV_00028,0.5,pos,Farm,IT2
ASV_00010,ASV_00030,0.5208333333333334,pos,Farm,IT2
ASV_00010,ASV_00034,0.4928571428571429,pos,Farm,IT2
ASV_00010,ASV_00035,0.5362318840579711,pos,Farm,IT2
ASV_00010,ASV_00042,0.5070422535211268,pos,Farm,IT2
ASV_00010,ASV_00046,0.48226950354609927,pos,Farm,IT2
ASV_00010,ASV_00047,0.48905109489051096,pos,Farm,IT2
ASV_00010,ASV_00049,0.4965034965034965,pos,Farm,IT2
ASV_00010,ASV_00050,0.5238095238095238,pos,Farm,IT2
ASV_00010,ASV_00057,0.48226950354609927,pos,Farm,IT2
ASV_00010,ASV_00059,0.4485294117647059,pos,Farm,IT2
ASV_00010,ASV_00069,0.48507462686567165,pos,Farm,IT2
ASV_00010,ASV_00079,0.5,pos,Farm,IT2
ASV_00010,ASV_00084,0.5208333333333334,pos,Farm,IT2
ASV_00010,ASV_00087,0.5144927536231884,pos,Farm,IT2
ASV_00010,ASV_00090,0.5448275862068965,pos,Farm,IT2
ASV_00010,ASV_00091,0.48936170212765956,pos,Farm,IT2
ASV_00010,ASV_00096,0.5035460992907801,pos,Farm,IT2
ASV_00010,ASV_00097,0.4962962962962963,pos,Farm,IT2
ASV_00010,ASV_00098,0.5,pos,Farm,IT2
ASV_00010,ASV_00101,0.4785714285714286,pos,Farm,IT2
ASV_00010,ASV_00103,0.5,pos,Farm,IT2
ASV_00010,ASV_00105,0.5179856115107914,pos,Farm,IT2
ASV_00010,ASV_00108,0.515625,pos,Farm,IT2
ASV_00010,ASV_00109,0.539568345323741,pos,Farm,IT2
ASV_00010,ASV_00110,0.5428571428571428,pos,Farm,IT2
ASV_00010,ASV_00116,0.4928571428571429,pos,Farm,IT2
ASV_00010,ASV_00117,0.4852941176470588,pos,Farm,IT2
ASV_00010,ASV_00118,0.539568345323741,pos,Farm,IT2
ASV_00010,ASV_00119,0.5107913669064749,pos,Farm,IT2
ASV_00010,ASV_00128,0.5454545454545454,pos,Farm,IT2
ASV_00010,ASV_00129,0.4928571428571429,pos,Farm,IT2
ASV_00010,ASV_00132,0.4855072463768116,pos,Farm,IT2
ASV_00010,ASV_00144,0.5109489051094891,pos,Farm,IT2
ASV_00010,ASV_00148,0.5384615384615384,pos,Farm,IT2
ASV_00010,ASV_00150,0.49635036496350365,pos,Farm,IT2
ASV_00010,ASV_00151,0.4855072463768116,pos,Farm,IT2
ASV_00010,ASV_00159,0.5661764705882353,pos,Farm,IT2
ASV_00010,ASV_00160,0.49640287769784175,pos,Farm,IT2
ASV_00010,ASV_00178,0.5070422535211268,pos,Farm,IT2
ASV_00010,ASV_00182,0.5104895104895105,pos,Farm,IT2
ASV_00010,ASV_00184,0.5072463768115942,pos,Farm,IT2
ASV_00010,ASV_00187,0.5107913669064749,pos,Farm,IT2
ASV_00010,ASV_00189,0.5220588235294118,pos,Farm,IT2
ASV_00010,ASV_00196,0.47101449275362317,pos,Farm,IT2
ASV_00010,ASV_00199,0.47794117647058826,pos,Farm,IT2
ASV_00010,ASV_00202,0.4888888888888889,pos,Farm,IT2
ASV_00010,ASV_00208,0.49640287769784175,pos,Farm,IT2
ASV_00010,ASV_00228,0.5,pos,Farm,IT2
ASV_00010,ASV_00232,0.5,pos,Farm,IT2
ASV_00010,ASV_00233,0.5147058823529411,pos,Farm,IT2
ASV_00010,ASV_00235,0.48120300751879697,pos,Farm,IT2
ASV_00010,ASV_00237,0.5352112676056338,pos,Farm,IT2
ASV_00010,ASV_00239,0.5072463768115942,pos,Farm,IT2
ASV_00010,ASV_00247,0.4928571428571429,pos,Farm,IT2
ASV_00010,ASV_00267,0.4782608695652174,pos,Farm,IT2
ASV_00010,ASV_00274,0.5205479452054794,pos,Farm,IT2
ASV_00010,ASV_00285,0.4785714285714286,pos,Farm,IT2
ASV_00010,ASV_00291,0.4744525547445255,pos,Farm,IT2
ASV_00010,ASV_00298,0.48148148148148145,pos,Farm,IT2
ASV_00010,ASV_00300,0.5310344827586206,pos,Farm,IT2
ASV_00010,ASV_00305,0.5460992907801419,pos,Farm,IT2
ASV_00010,ASV_00317,0.5255474452554745,pos,Farm,IT2
ASV_00010,ASV_00323,0.49645390070921985,pos,Farm,IT2
ASV_00010,ASV_00324,0.5035971223021583,pos,Farm,IT2
ASV_00010,ASV_00327,0.5,pos,Farm,IT2
ASV_00010,ASV_00335,0.48148148148148145,pos,Farm,IT2
ASV_00010,ASV_00336,0.48936170212765956,pos,Farm,IT2
ASV_00010,ASV_00343,0.5,pos,Farm,IT2
ASV_00010,ASV_00345,0.5,pos,Farm,IT2
ASV_00010,ASV_00346,0.5109489051094891,pos,Farm,IT2
ASV_00010,ASV_00361,0.5104895104895105,pos,Farm,IT2
ASV_00010,ASV_00365,0.5107913669064749,pos,Farm,IT2
ASV_00010,ASV_00372,0.463768115942029,pos,Farm,IT2
ASV_00010,ASV_00373,0.5185185185185185,pos,Farm,IT2
ASV_00010,ASV_00380,0.48201438848920863,pos,Farm,IT2
ASV_00010,ASV_00384,0.5,pos,Farm,IT2
ASV_00010,ASV_00391,0.4782608695652174,pos,Farm,IT2
ASV_00010,ASV_00395,0.48201438848920863,pos,Farm,IT2
ASV_00010,ASV_00402,0.4740740740740741,pos,Farm,IT2
ASV_00010,ASV_00406,0.4782608695652174,pos,Farm,IT2
ASV_00010,ASV_00407,0.49640287769784175,pos,Farm,IT2
ASV_00010,ASV_00410,0.48936170212765956,pos,Farm,IT2
ASV_00010,ASV_00415,0.4859154929577465,pos,Farm,IT2
ASV_00010,ASV_00416,0.5,pos,Farm,IT2
ASV_00010,ASV_00421,0.5070422535211268,pos,Farm,IT2
ASV_00010,ASV_00422,0.48936170212765956,pos,Farm,IT2
ASV_00010,ASV_00425,0.5147058823529411,pos,Farm,IT2
ASV_00010,ASV_00429,0.48120300751879697,pos,Farm,IT2
ASV_00010,ASV_00437,0.5070422535211268,pos,Farm,IT2
ASV_00010,ASV_00438,0.5328467153284672,pos,Farm,IT2
ASV_00010,ASV_00442,0.5174825174825175,pos,Farm,IT2
ASV_00010,ASV_00444,0.4859154929577465,pos,Farm,IT2
ASV_00010,ASV_00450,0.5,pos,Farm,IT2
ASV_00010,ASV_00453,0.5323741007194245,pos,Farm,IT2
ASV_00010,ASV_00463,0.5140845070422535,pos,Farm,IT2
ASV_00010,ASV_00468,0.45454545454545453,pos,Farm,IT2
ASV_00010,ASV_00485,0.4965034965034965,pos,Farm,IT2
ASV_00010,ASV_00486,0.5347222222222222,pos,Farm,IT2
ASV_00010,ASV_00490,0.5205479452054794,pos,Farm,IT2
ASV_00010,ASV_00496,0.5035460992907801,pos,Farm,IT2
ASV_00010,ASV_00498,0.48148148148148145,pos,Farm,IT2
ASV_00010,ASV_00501,0.49295774647887325,pos,Farm,IT2
ASV_00010,ASV_00503,0.5217391304347826,pos,Farm,IT2
ASV_00010,ASV_00511,0.46715328467153283,pos,Farm,IT2
ASV_00010,ASV_00513,0.5,pos,Farm,IT2
ASV_00010,ASV_00521,0.5138888888888888,pos,Farm,IT2
ASV_00010,ASV_00528,0.4892086330935252,pos,Farm,IT2
ASV_00010,ASV_00536,0.5103448275862069,pos,Farm,IT2
ASV_00010,ASV_00548,0.4744525547445255,pos,Farm,IT2
ASV_00010,ASV_00550,0.5211267605633803,pos,Farm,IT2
ASV_00010,ASV_00554,0.5285714285714286,pos,Farm,IT2
ASV_00010,ASV_00572,0.5379310344827586,pos,Farm,IT2
ASV_00010,ASV_00581,0.45985401459854014,pos,Farm,IT2
ASV_00010,ASV_00587,0.4785714285714286,pos,Farm,IT2
ASV_00010,ASV_00612,0.5140845070422535,pos,Farm,IT2
ASV_00010,ASV_00615,0.48175182481751827,pos,Farm,IT2
ASV_00010,ASV_00618,0.48936170212765956,pos,Farm,IT2
ASV_00010,ASV_00620,0.5034965034965035,pos,Farm,IT2
ASV_00010,ASV_00628,0.5072463768115942,pos,Farm,IT2
ASV_00010,ASV_00630,0.4744525547445255,pos,Farm,IT2
ASV_00010,ASV_00633,0.5434782608695652,pos,Farm,IT2
ASV_00010,ASV_00636,0.5517241379310345,pos,Farm,IT2
ASV_00010,ASV_00638,0.5140845070422535,pos,Farm,IT2
ASV_00010,ASV_00643,0.5289855072463768,pos,Farm,IT2
ASV_00010,ASV_00651,0.5217391304347826,pos,Farm,IT2
ASV_00010,ASV_00654,0.5,pos,Farm,IT2
ASV_00010,ASV_00656,0.5251798561151079,pos,Farm,IT2
ASV_00010,ASV_00662,0.5373134328358209,pos,Farm,IT2
ASV_00010,ASV_00671,0.4785714285714286,pos,Farm,IT2
ASV_00010,ASV_00673,0.5673758865248227,pos,Farm,IT2
ASV_00010,ASV_00686,0.5251798561151079,pos,Farm,IT2
ASV_00010,ASV_00714,0.463768115942029,pos,Farm,IT2
ASV_00010,ASV_00718,0.49264705882352944,pos,Farm,IT2
ASV_00010,ASV_00724,0.5220588235294118,pos,Farm,IT2
ASV_00010,ASV_00734,0.5070422535211268,pos,Farm,IT2
ASV_00010,ASV_00769,0.5,pos,Farm,IT2
ASV_00010,ASV_00772,0.5179856115107914,pos,Farm,IT2
ASV_00010,ASV_00778,0.48872180451127817,pos,Farm,IT2
ASV_00010,ASV_00782,0.5,pos,Farm,IT2
ASV_00010,ASV_00801,0.49264705882352944,pos,Farm,IT2
ASV_00010,ASV_00806,0.528169014084507,pos,Farm,IT2
ASV_00010,ASV_00808,0.4785714285714286,pos,Farm,IT2
ASV_00010,ASV_00809,0.541095890410959,pos,Farm,IT2
ASV_00010,ASV_00815,0.527027027027027,pos,Farm,IT2
ASV_00010,ASV_00829,0.5144927536231884,pos,Farm,IT2
ASV_00010,ASV_00865,0.5142857142857142,pos,Farm,IT2
ASV_00010,ASV_00873,0.49264705882352944,pos,Farm,IT2
ASV_00010,ASV_00890,0.5214285714285715,pos,Farm,IT2
ASV_00010,ASV_00912,0.47058823529411764,pos,Farm,IT2
ASV_00010,ASV_00935,0.49645390070921985,pos,Farm,IT2
ASV_00010,ASV_00959,0.4859154929577465,pos,Farm,IT2
ASV_00010,ASV_00984,0.5362318840579711,pos,Farm,IT2
ASV_00010,ASV_00989,0.4925373134328358,pos,Farm,IT2
ASV_00010,ASV_01092,0.5068493150684932,pos,Farm,IT2
ASV_00010,ASV_01253,0.49645390070921985,pos,Farm,IT2
ASV_00010,ASV_01276,0.4676258992805755,pos,Farm,IT2
ASV_00010,ASV_01328,0.4857142857142857,pos,Farm,IT2
ASV_00010,ASV_01342,0.5205479452054794,pos,Farm,IT2
ASV_00010,ASV_01426,0.5111111111111111,pos,Farm,IT2
ASV_00010,ASV_01458,0.5343511450381679,pos,Farm,IT2
ASV_00010,ASV_01512,0.5303030303030303,pos,Farm,IT2
ASV_00010,ASV_01941,0.5177304964539007,pos,Farm,IT2
ASV_00010,ASV_02332,0.5,pos,Farm,IT2
ASV_00011,ASV_00032,0.5208333333333334,pos,Farm,IT2
ASV_00011,ASV_00055,0.5138888888888888,pos,Farm,IT2
ASV_00011,ASV_00057,0.5034965034965035,pos,Farm,IT2
ASV_00011,ASV_00071,0.5107913669064749,pos,Farm,IT2
ASV_00011,ASV_00072,0.54421768707483,pos,Farm,IT2
ASV_00011,ASV_00078,0.5179856115107914,pos,Farm,IT2
ASV_00011,ASV_00079,0.5314685314685315,pos,Farm,IT2
ASV_00011,ASV_00093,0.5208333333333334,pos,Farm,IT2
ASV_00011,ASV_00110,0.5524475524475524,pos,Farm,IT2
ASV_00011,ASV_00118,0.5277777777777778,pos,Farm,IT2
ASV_00011,ASV_00137,0.5214285714285715,pos,Farm,IT2
ASV_00011,ASV_00142,0.5069444444444444,pos,Farm,IT2
ASV_00011,ASV_00162,0.5,pos,Farm,IT2
ASV_00011,ASV_00170,0.581081081081081,pos,Farm,IT2
ASV_00011,ASV_00176,0.4927536231884058,pos,Farm,IT2
ASV_00011,ASV_00194,0.5306122448979592,pos,Farm,IT2
ASV_00011,ASV_00196,0.48226950354609927,pos,Farm,IT2
ASV_00011,ASV_00200,0.49645390070921985,pos,Farm,IT2
ASV_00011,ASV_00208,0.4965034965034965,pos,Farm,IT2
ASV_00011,ASV_00211,0.5072463768115942,pos,Farm,IT2
ASV_00011,ASV_00218,0.5174825174825175,pos,Farm,IT2
ASV_00011,ASV_00230,0.5384615384615384,pos,Farm,IT2
ASV_00011,ASV_00269,0.5496688741721855,pos,Farm,IT2
ASV_00011,ASV_00270,0.564625850340136,pos,Farm,IT2
ASV_00011,ASV_00283,0.5205479452054794,pos,Farm,IT2
ASV_00011,ASV_00312,0.5205479452054794,pos,Farm,IT2
ASV_00011,ASV_00315,0.49640287769784175,pos,Farm,IT2
ASV_00011,ASV_00323,0.5069444444444444,pos,Farm,IT2
ASV_00011,ASV_00328,0.5277777777777778,pos,Farm,IT2
ASV_00011,ASV_00336,0.5104895104895105,pos,Farm,IT2
ASV_00011,ASV_00342,0.5104895104895105,pos,Farm,IT2
ASV_00011,ASV_00368,0.5140845070422535,pos,Farm,IT2
ASV_00011,ASV_00373,0.4859154929577465,pos,Farm,IT2
ASV_00011,ASV_00378,0.5774647887323944,pos,Farm,IT2
ASV_00011,ASV_00382,0.5241379310344828,pos,Farm,IT2
ASV_00011,ASV_00418,0.5070422535211268,pos,Farm,IT2
ASV_00011,ASV_00421,0.5277777777777778,pos,Farm,IT2
ASV_00011,ASV_00422,0.5,pos,Farm,IT2
ASV_00011,ASV_00443,0.5035460992907801,pos,Farm,IT2
ASV_00011,ASV_00447,0.5205479452054794,pos,Farm,IT2
ASV_00011,ASV_00451,0.5517241379310345,pos,Farm,IT2
ASV_00011,ASV_00458,0.48936170212765956,pos,Farm,IT2
ASV_00011,ASV_00465,0.5104895104895105,pos,Farm,IT2
ASV_00011,ASV_00486,0.5985915492957746,pos,Farm,IT2
ASV_00011,ASV_00504,0.5337837837837838,pos,Farm,IT2
ASV_00011,ASV_00506,0.49645390070921985,pos,Farm,IT2
ASV_00011,ASV_00507,0.5069444444444444,pos,Farm,IT2
ASV_00011,ASV_00508,0.5,pos,Farm,IT2
ASV_00011,ASV_00512,0.5586206896551724,pos,Farm,IT2
ASV_00011,ASV_00550,0.5310344827586206,pos,Farm,IT2
ASV_00011,ASV_00554,0.5384615384615384,pos,Farm,IT2
ASV_00011,ASV_00570,0.48936170212765956,pos,Farm,IT2
ASV_00011,ASV_00576,0.5034965034965035,pos,Farm,IT2
ASV_00011,ASV_00581,0.4714285714285714,pos,Farm,IT2
ASV_00011,ASV_00620,0.5136986301369864,pos,Farm,IT2
ASV_00011,ASV_00622,0.48201438848920863,pos,Farm,IT2
ASV_00011,ASV_00636,0.54,pos,Farm,IT2
ASV_00011,ASV_00802,0.5238095238095238,pos,Farm,IT2
ASV_00011,ASV_00809,0.54,pos,Farm,IT2
ASV_00011,ASV_00811,0.5136986301369864,pos,Farm,IT2
ASV_00011,ASV_00821,0.5314685314685315,pos,Farm,IT2
ASV_00011,ASV_00842,0.48936170212765956,pos,Farm,IT2
ASV_00011,ASV_00845,0.5072463768115942,pos,Farm,IT2
ASV_00011,ASV_00873,0.48226950354609927,pos,Farm,IT2
ASV_00011,ASV_00924,0.4855072463768116,pos,Farm,IT2
ASV_00011,ASV_00935,0.5069444444444444,pos,Farm,IT2
ASV_00011,ASV_01071,0.4965034965034965,pos,Farm,IT2
ASV_00011,ASV_01092,0.5374149659863946,pos,Farm,IT2
ASV_00011,ASV_01119,0.5374149659863946,pos,Farm,IT2
ASV_00011,ASV_01152,0.5034965034965035,pos,Farm,IT2
ASV_00011,ASV_01267,0.5034965034965035,pos,Farm,IT2
ASV_00011,ASV_01288,0.5172413793103449,pos,Farm,IT2
ASV_00011,ASV_01426,0.5107913669064749,pos,Farm,IT2
ASV_00012,ASV_00013,0.503448275862069,pos,Farm,IT2
ASV_00012,ASV_00016,0.5244755244755245,pos,Farm,IT2
ASV_00012,ASV_00017,0.5342465753424658,pos,Farm,IT2
ASV_00012,ASV_00031,0.5138888888888888,pos,Farm,IT2
ASV_00012,ASV_00036,0.5136986301369864,pos,Farm,IT2
ASV_00012,ASV_00044,0.547945205479452,pos,Farm,IT2
ASV_00012,ASV_00058,0.5205479452054794,pos,Farm,IT2
ASV_00012,ASV_00060,0.4930555555555556,pos,Farm,IT2
ASV_00012,ASV_00069,0.5035460992907801,pos,Farm,IT2
ASV_00012,ASV_00072,0.5704697986577181,pos,Farm,IT2
ASV_00012,ASV_00076,0.547945205479452,pos,Farm,IT2
ASV_00012,ASV_00078,0.5138888888888888,pos,Farm,IT2
ASV_00012,ASV_00080,0.5684931506849316,pos,Farm,IT2
ASV_00012,ASV_00103,0.5684931506849316,pos,Farm,IT2
ASV_00012,ASV_00112,0.5273972602739726,pos,Farm,IT2
ASV_00012,ASV_00113,0.503448275862069,pos,Farm,IT2
ASV_00012,ASV_00127,0.547945205479452,pos,Farm,IT2
ASV_00012,ASV_00131,0.5241379310344828,pos,Farm,IT2
ASV_00012,ASV_00133,0.5899280575539568,pos,Farm,IT2
ASV_00012,ASV_00137,0.5172413793103449,pos,Farm,IT2
ASV_00012,ASV_00140,0.5103448275862069,pos,Farm,IT2
ASV_00012,ASV_00141,0.5208333333333334,pos,Farm,IT2
ASV_00012,ASV_00146,0.5608108108108109,pos,Farm,IT2
ASV_00012,ASV_00147,0.5384615384615384,pos,Farm,IT2
ASV_00012,ASV_00165,0.5319148936170213,pos,Farm,IT2
ASV_00012,ASV_00170,0.5751633986928104,pos,Farm,IT2
ASV_00012,ASV_00176,0.5106382978723404,pos,Farm,IT2
ASV_00012,ASV_00179,0.5761589403973509,pos,Farm,IT2
ASV_00012,ASV_00186,0.5306122448979592,pos,Farm,IT2
ASV_00012,ASV_00198,0.5205479452054794,pos,Farm,IT2
ASV_00012,ASV_00211,0.4930555555555556,pos,Farm,IT2
ASV_00012,ASV_00218,0.5238095238095238,pos,Farm,IT2
ASV_00012,ASV_00219,0.5533333333333333,pos,Farm,IT2
ASV_00012,ASV_00254,0.5436241610738255,pos,Farm,IT2
ASV_00012,ASV_00259,0.48936170212765956,pos,Farm,IT2
ASV_00012,ASV_00263,0.5436241610738255,pos,Farm,IT2
ASV_00012,ASV_00265,0.5208333333333334,pos,Farm,IT2
ASV_00012,ASV_00269,0.5960264900662252,pos,Farm,IT2
ASV_00012,ASV_00274,0.5771812080536913,pos,Farm,IT2
ASV_00012,ASV_00285,0.5172413793103449,pos,Farm,IT2
ASV_00012,ASV_00286,0.5238095238095238,pos,Farm,IT2
ASV_00012,ASV_00296,0.5140845070422535,pos,Farm,IT2
ASV_00012,ASV_00299,0.5384615384615384,pos,Farm,IT2
ASV_00012,ASV_00307,0.5208333333333334,pos,Farm,IT2
ASV_00012,ASV_00312,0.5369127516778524,pos,Farm,IT2
ASV_00012,ASV_00315,0.5140845070422535,pos,Farm,IT2
ASV_00012,ASV_00320,0.5174825174825175,pos,Farm,IT2
ASV_00012,ASV_00321,0.5918367346938775,pos,Farm,IT2
ASV_00012,ASV_00328,0.5337837837837838,pos,Farm,IT2
ASV_00012,ASV_00333,0.5337837837837838,pos,Farm,IT2
ASV_00012,ASV_00343,0.5586206896551724,pos,Farm,IT2
ASV_00012,ASV_00346,0.5172413793103449,pos,Farm,IT2
ASV_00012,ASV_00352,0.5241379310344828,pos,Farm,IT2
ASV_00012,ASV_00357,0.503448275862069,pos,Farm,IT2
ASV_00012,ASV_00377,0.5428571428571428,pos,Farm,IT2
ASV_00012,ASV_00382,0.5724137931034483,pos,Farm,IT2
ASV_00012,ASV_00416,0.5273972602739726,pos,Farm,IT2
ASV_00012,ASV_00421,0.5337837837837838,pos,Farm,IT2
ASV_00012,ASV_00443,0.5208333333333334,pos,Farm,IT2
ASV_00012,ASV_00467,0.5666666666666667,pos,Farm,IT2
ASV_00012,ASV_00482,0.5816993464052288,pos,Farm,IT2
ASV_00012,ASV_00495,0.5,pos,Farm,IT2
ASV_00012,ASV_00498,0.5106382978723404,pos,Farm,IT2
ASV_00012,ASV_00504,0.56,pos,Farm,IT2
ASV_00012,ASV_00518,0.5533333333333333,pos,Farm,IT2
ASV_00012,ASV_00528,0.5172413793103449,pos,Farm,IT2
ASV_00012,ASV_00544,0.5633802816901409,pos,Farm,IT2
ASV_00012,ASV_00581,0.5106382978723404,pos,Farm,IT2
ASV_00012,ASV_00615,0.5,pos,Farm,IT2
ASV_00012,ASV_00620,0.5405405405405406,pos,Farm,IT2
ASV_00012,ASV_00628,0.5241379310344828,pos,Farm,IT2
ASV_00012,ASV_00630,0.4930555555555556,pos,Farm,IT2
ASV_00012,ASV_00641,0.5608108108108109,pos,Farm,IT2
ASV_00012,ASV_00671,0.5172413793103449,pos,Farm,IT2
ASV_00012,ASV_00732,0.5347222222222222,pos,Farm,IT2
ASV_00012,ASV_00757,0.5547945205479452,pos,Farm,IT2
ASV_00012,ASV_00789,0.5306122448979592,pos,Farm,IT2
ASV_00012,ASV_00798,0.5684931506849316,pos,Farm,IT2
ASV_00012,ASV_00811,0.5616438356164384,pos,Farm,IT2
ASV_00012,ASV_00875,0.5533333333333333,pos,Farm,IT2
ASV_00012,ASV_00906,0.5666666666666667,pos,Farm,IT2
ASV_00012,ASV_00929,0.5793103448275863,pos,Farm,IT2
ASV_00012,ASV_00931,0.5277777777777778,pos,Farm,IT2
ASV_00012,ASV_01071,0.5136986301369864,pos,Farm,IT2
ASV_00012,ASV_01119,0.5533333333333333,pos,Farm,IT2
ASV_00012,ASV_01276,0.5174825174825175,pos,Farm,IT2
ASV_00012,ASV_01328,0.5241379310344828,pos,Farm,IT2
ASV_00012,ASV_01459,0.5136986301369864,pos,Farm,IT2
ASV_00012,ASV_01491,0.5273972602739726,pos,Farm,IT2
ASV_00012,ASV_02020,0.5205479452054794,pos,Farm,IT2
ASV_00013,ASV_00017,0.5035460992907801,pos,Farm,IT2
ASV_00013,ASV_00025,0.49640287769784175,pos,Farm,IT2
ASV_00013,ASV_00029,0.4852941176470588,pos,Farm,IT2
ASV_00013,ASV_00045,0.48936170212765956,pos,Farm,IT2
ASV_00013,ASV_00048,0.5177304964539007,pos,Farm,IT2
ASV_00013,ASV_00055,0.5,pos,Farm,IT2
ASV_00013,ASV_00069,0.45985401459854014,pos,Farm,IT2
ASV_00013,ASV_00072,0.5205479452054794,pos,Farm,IT2
ASV_00013,ASV_00073,0.5362318840579711,pos,Farm,IT2
ASV_00013,ASV_00080,0.5390070921985816,pos,Farm,IT2
ASV_00013,ASV_00081,0.463768115942029,pos,Farm,IT2
ASV_00013,ASV_00093,0.5177304964539007,pos,Farm,IT2
ASV_00013,ASV_00094,0.5035460992907801,pos,Farm,IT2
ASV_00013,ASV_00097,0.49264705882352944,pos,Farm,IT2
ASV_00013,ASV_00108,0.48854961832061067,pos,Farm,IT2
ASV_00013,ASV_00112,0.5071428571428571,pos,Farm,IT2
ASV_00013,ASV_00120,0.5,pos,Farm,IT2
ASV_00013,ASV_00123,0.45985401459854014,pos,Farm,IT2
ASV_00013,ASV_00131,0.48226950354609927,pos,Farm,IT2
ASV_00013,ASV_00133,0.5481481481481482,pos,Farm,IT2
ASV_00013,ASV_00147,0.49640287769784175,pos,Farm,IT2
ASV_00013,ASV_00148,0.5136986301369864,pos,Farm,IT2
ASV_00013,ASV_00152,0.5352112676056338,pos,Farm,IT2
ASV_00013,ASV_00155,0.48201438848920863,pos,Farm,IT2
ASV_00013,ASV_00159,0.539568345323741,pos,Farm,IT2
ASV_00013,ASV_00160,0.48226950354609927,pos,Farm,IT2
ASV_00013,ASV_00168,0.5827338129496403,pos,Farm,IT2
ASV_00013,ASV_00173,0.5170068027210885,pos,Farm,IT2
ASV_00013,ASV_00177,0.4927536231884058,pos,Farm,IT2
ASV_00013,ASV_00184,0.5035971223021583,pos,Farm,IT2
ASV_00013,ASV_00186,0.5,pos,Farm,IT2
ASV_00013,ASV_00191,0.5144927536231884,pos,Farm,IT2
ASV_00013,ASV_00192,0.4859154929577465,pos,Farm,IT2
ASV_00013,ASV_00193,0.5034965034965035,pos,Farm,IT2
ASV_00013,ASV_00216,0.5255474452554745,pos,Farm,IT2
ASV_00013,ASV_00229,0.5179856115107914,pos,Farm,IT2
ASV_00013,ASV_00230,0.5467625899280576,pos,Farm,IT2
ASV_00013,ASV_00233,0.4785714285714286,pos,Farm,IT2
ASV_00013,ASV_00240,0.5182481751824818,pos,Farm,IT2
ASV_00013,ASV_00247,0.48936170212765956,pos,Farm,IT2
ASV_00013,ASV_00249,0.48936170212765956,pos,Farm,IT2
ASV_00013,ASV_00252,0.48936170212765956,pos,Farm,IT2
ASV_00013,ASV_00259,0.47761194029850745,pos,Farm,IT2
ASV_00013,ASV_00262,0.5,pos,Farm,IT2
ASV_00013,ASV_00270,0.5202702702702703,pos,Farm,IT2
ASV_00013,ASV_00292,0.5069444444444444,pos,Farm,IT2
ASV_00013,ASV_00312,0.528169014084507,pos,Farm,IT2
ASV_00013,ASV_00321,0.5205479452054794,pos,Farm,IT2
ASV_00013,ASV_00330,0.49640287769784175,pos,Farm,IT2
ASV_00013,ASV_00332,0.48226950354609927,pos,Farm,IT2
ASV_00013,ASV_00340,0.5652173913043478,pos,Farm,IT2
ASV_00013,ASV_00343,0.4965034965034965,pos,Farm,IT2
ASV_00013,ASV_00353,0.5035971223021583,pos,Farm,IT2
ASV_00013,ASV_00361,0.5174825174825175,pos,Farm,IT2
ASV_00013,ASV_00365,0.4859154929577465,pos,Farm,IT2
ASV_00013,ASV_00389,0.5,pos,Farm,IT2
ASV_00013,ASV_00402,0.48148148148148145,pos,Farm,IT2
ASV_00013,ASV_00442,0.5244755244755245,pos,Farm,IT2
ASV_00013,ASV_00443,0.4892086330935252,pos,Farm,IT2
ASV_00013,ASV_00463,0.5104895104895105,pos,Farm,IT2
ASV_00013,ASV_00467,0.5704225352112676,pos,Farm,IT2
ASV_00013,ASV_00488,0.5277777777777778,pos,Farm,IT2
ASV_00013,ASV_00494,0.49295774647887325,pos,Farm,IT2
ASV_00013,ASV_00504,0.5310344827586206,pos,Farm,IT2
ASV_00013,ASV_00517,0.4785714285714286,pos,Farm,IT2
ASV_00013,ASV_00518,0.5136986301369864,pos,Farm,IT2
ASV_00013,ASV_00524,0.48201438848920863,pos,Farm,IT2
ASV_00013,ASV_00533,0.48936170212765956,pos,Farm,IT2
ASV_00013,ASV_00550,0.528169014084507,pos,Farm,IT2
ASV_00013,ASV_00566,0.49645390070921985,pos,Farm,IT2
ASV_00013,ASV_00581,0.4888888888888889,pos,Farm,IT2
ASV_00013,ASV_00592,0.5035460992907801,pos,Farm,IT2
ASV_00013,ASV_00594,0.49295774647887325,pos,Farm,IT2
ASV_00013,ASV_00613,0.46715328467153283,pos,Farm,IT2
ASV_00013,ASV_00615,0.48905109489051096,pos,Farm,IT2
ASV_00013,ASV_00620,0.5,pos,Farm,IT2
ASV_00013,ASV_00651,0.49645390070921985,pos,Farm,IT2
ASV_00013,ASV_00662,0.5109489051094891,pos,Farm,IT2
ASV_00013,ASV_00728,0.4962962962962963,pos,Farm,IT2
ASV_00013,ASV_00809,0.527027027027027,pos,Farm,IT2
ASV_00013,ASV_00815,0.5234899328859061,pos,Farm,IT2
ASV_00013,ASV_00890,0.5620437956204379,pos,Farm,IT2
ASV_00013,ASV_00906,0.5170068027210885,pos,Farm,IT2
ASV_00013,ASV_00924,0.47058823529411764,pos,Farm,IT2
ASV_00013,ASV_00952,0.4785714285714286,pos,Farm,IT2
ASV_00013,ASV_00966,0.4888888888888889,pos,Farm,IT2
ASV_00013,ASV_01087,0.5285714285714286,pos,Farm,IT2
ASV_00013,ASV_01092,0.5347222222222222,pos,Farm,IT2
ASV_00013,ASV_01328,0.48226950354609927,pos,Farm,IT2
ASV_00013,ASV_01941,0.5034965034965035,pos,Farm,IT2
ASV_00014,ASV_00015,0.5,pos,Farm,IT2
ASV_00014,ASV_00016,0.4928571428571429,pos,Farm,IT2
ASV_00014,ASV_00021,0.5179856115107914,pos,Farm,IT2
ASV_00014,ASV_00022,0.5507246376811594,pos,Farm,IT2
ASV_00014,ASV_00023,0.5138888888888888,pos,Farm,IT2
ASV_00014,ASV_00026,0.5,pos,Farm,IT2
ASV_00014,ASV_00029,0.4748201438848921,pos,Farm,IT2
ASV_00014,ASV_00030,0.60431654676259,pos,Farm,IT2
ASV_00014,ASV_00034,0.5106382978723404,pos,Farm,IT2
ASV_00014,ASV_00037,0.4859154929577465,pos,Farm,IT2
ASV_00014,ASV_00038,0.5310344827586206,pos,Farm,IT2
ASV_00014,ASV_00041,0.5244755244755245,pos,Farm,IT2
ASV_00014,ASV_00046,0.5,pos,Farm,IT2
ASV_00014,ASV_00047,0.5182481751824818,pos,Farm,IT2
ASV_00014,ASV_00049,0.5460992907801419,pos,Farm,IT2
ASV_00014,ASV_00054,0.5357142857142857,pos,Farm,IT2
ASV_00014,ASV_00055,0.5104895104895105,pos,Farm,IT2
ASV_00014,ASV_00057,0.5,pos,Farm,IT2
ASV_00014,ASV_00058,0.5661764705882353,pos,Farm,IT2
ASV_00014,ASV_00061,0.5652173913043478,pos,Farm,IT2
ASV_00014,ASV_00063,0.5107913669064749,pos,Farm,IT2
ASV_00014,ASV_00064,0.55,pos,Farm,IT2
ASV_00014,ASV_00065,0.5571428571428572,pos,Farm,IT2
ASV_00014,ASV_00068,0.5467625899280576,pos,Farm,IT2
ASV_00014,ASV_00069,0.47101449275362317,pos,Farm,IT2
ASV_00014,ASV_00072,0.541095890410959,pos,Farm,IT2
ASV_00014,ASV_00076,0.5390070921985816,pos,Farm,IT2
ASV_00014,ASV_00077,0.5034965034965035,pos,Farm,IT2
ASV_00014,ASV_00089,0.5174825174825175,pos,Farm,IT2
ASV_00014,ASV_00091,0.5070422535211268,pos,Farm,IT2
ASV_00014,ASV_00093,0.55,pos,Farm,IT2
ASV_00014,ASV_00101,0.4859154929577465,pos,Farm,IT2
ASV_00014,ASV_00103,0.5602836879432624,pos,Farm,IT2
ASV_00014,ASV_00104,0.5328467153284672,pos,Farm,IT2
ASV_00014,ASV_00105,0.5467625899280576,pos,Farm,IT2
ASV_00014,ASV_00108,0.47761194029850745,pos,Farm,IT2
ASV_00014,ASV_00110,0.5277777777777778,pos,Farm,IT2
ASV_00014,ASV_00111,0.4782608695652174,pos,Farm,IT2
ASV_00014,ASV_00113,0.5255474452554745,pos,Farm,IT2
ASV_00014,ASV_00115,0.49264705882352944,pos,Farm,IT2
ASV_00014,ASV_00116,0.5,pos,Farm,IT2
ASV_00014,ASV_00118,0.5244755244755245,pos,Farm,IT2
ASV_00014,ASV_00122,0.4859154929577465,pos,Farm,IT2
ASV_00014,ASV_00127,0.528169014084507,pos,Farm,IT2
ASV_00014,ASV_00130,0.5104895104895105,pos,Farm,IT2
ASV_00014,ASV_00131,0.5588235294117647,pos,Farm,IT2
ASV_00014,ASV_00132,0.4928571428571429,pos,Farm,IT2
ASV_00014,ASV_00136,0.528169014084507,pos,Farm,IT2
ASV_00014,ASV_00138,0.5434782608695652,pos,Farm,IT2
ASV_00014,ASV_00140,0.5217391304347826,pos,Farm,IT2
ASV_00014,ASV_00141,0.5217391304347826,pos,Farm,IT2
ASV_00014,ASV_00142,0.5034965034965035,pos,Farm,IT2
ASV_00014,ASV_00144,0.49645390070921985,pos,Farm,IT2
ASV_00014,ASV_00152,0.5454545454545454,pos,Farm,IT2
ASV_00014,ASV_00153,0.5362318840579711,pos,Farm,IT2
ASV_00014,ASV_00155,0.5144927536231884,pos,Farm,IT2
ASV_00014,ASV_00158,0.4965034965034965,pos,Farm,IT2
ASV_00014,ASV_00159,0.528169014084507,pos,Farm,IT2
ASV_00014,ASV_00171,0.5208333333333334,pos,Farm,IT2
ASV_00014,ASV_00173,0.527027027027027,pos,Farm,IT2
ASV_00014,ASV_00176,0.5,pos,Farm,IT2
ASV_00014,ASV_00177,0.5035971223021583,pos,Farm,IT2
ASV_00014,ASV_00181,0.5103448275862069,pos,Farm,IT2
ASV_00014,ASV_00183,0.5390070921985816,pos,Farm,IT2
ASV_00014,ASV_00186,0.5104895104895105,pos,Farm,IT2
ASV_00014,ASV_00188,0.5492957746478874,pos,Farm,IT2
ASV_00014,ASV_00191,0.49295774647887325,pos,Farm,IT2
ASV_00014,ASV_00194,0.5273972602739726,pos,Farm,IT2
ASV_00014,ASV_00195,0.5069444444444444,pos,Farm,IT2
ASV_00014,ASV_00198,0.5,pos,Farm,IT2
ASV_00014,ASV_00199,0.5073529411764706,pos,Farm,IT2
ASV_00014,ASV_00200,0.4928571428571429,pos,Farm,IT2
ASV_00014,ASV_00203,0.5034965034965035,pos,Farm,IT2
ASV_00014,ASV_00210,0.5448275862068965,pos,Farm,IT2
ASV_00014,ASV_00213,0.5342465753424658,pos,Farm,IT2
ASV_00014,ASV_00214,0.5070422535211268,pos,Farm,IT2
ASV_00014,ASV_00231,0.5106382978723404,pos,Farm,IT2
ASV_00014,ASV_00232,0.5277777777777778,pos,Farm,IT2
ASV_00014,ASV_00233,0.48936170212765956,pos,Farm,IT2
ASV_00014,ASV_00240,0.49645390070921985,pos,Farm,IT2
ASV_00014,ASV_00244,0.5140845070422535,pos,Farm,IT2
ASV_00014,ASV_00246,0.5208333333333334,pos,Farm,IT2
ASV_00014,ASV_00249,0.5106382978723404,pos,Farm,IT2
ASV_00014,ASV_00250,0.5138888888888888,pos,Farm,IT2
ASV_00014,ASV_00251,0.5138888888888888,pos,Farm,IT2
ASV_00014,ASV_00252,0.5323741007194245,pos,Farm,IT2
ASV_00014,ASV_00253,0.5241379310344828,pos,Farm,IT2
ASV_00014,ASV_00263,0.5136986301369864,pos,Farm,IT2
ASV_00014,ASV_00272,0.5285714285714286,pos,Farm,IT2
ASV_00014,ASV_00273,0.5211267605633803,pos,Farm,IT2
ASV_00014,ASV_00276,0.5602836879432624,pos,Farm,IT2
ASV_00014,ASV_00278,0.5103448275862069,pos,Farm,IT2
ASV_00014,ASV_00284,0.5072463768115942,pos,Farm,IT2
ASV_00014,ASV_00285,0.4859154929577465,pos,Farm,IT2
ASV_00014,ASV_00290,0.5302013422818792,pos,Farm,IT2
ASV_00014,ASV_00292,0.5827338129496403,pos,Farm,IT2
ASV_00014,ASV_00295,0.572463768115942,pos,Farm,IT2
ASV_00014,ASV_00296,0.4927536231884058,pos,Farm,IT2
ASV_00014,ASV_00298,0.4676258992805755,pos,Farm,IT2
ASV_00014,ASV_00299,0.5179856115107914,pos,Farm,IT2
ASV_00014,ASV_00300,0.547945205479452,pos,Farm,IT2
ASV_00014,ASV_00304,0.5586206896551724,pos,Farm,IT2
ASV_00014,ASV_00305,0.5633802816901409,pos,Farm,IT2
ASV_00014,ASV_00309,0.5138888888888888,pos,Farm,IT2
ASV_00014,ASV_00313,0.5069444444444444,pos,Farm,IT2
ASV_00014,ASV_00315,0.48201438848920863,pos,Farm,IT2
ASV_00014,ASV_00318,0.5,pos,Farm,IT2
ASV_00014,ASV_00324,0.5,pos,Farm,IT2
ASV_00014,ASV_00327,0.49645390070921985,pos,Farm,IT2
ASV_00014,ASV_00330,0.4859154929577465,pos,Farm,IT2
ASV_00014,ASV_00334,0.5208333333333334,pos,Farm,IT2
ASV_00014,ASV_00337,0.5448275862068965,pos,Farm,IT2
ASV_00014,ASV_00339,0.4857142857142857,pos,Farm,IT2
ASV_00014,ASV_00340,0.5531914893617021,pos,Farm,IT2
ASV_00014,ASV_00343,0.5069444444444444,pos,Farm,IT2
ASV_00014,ASV_00346,0.4859154929577465,pos,Farm,IT2
ASV_00014,ASV_00347,0.5277777777777778,pos,Farm,IT2
ASV_00014,ASV_00356,0.5205479452054794,pos,Farm,IT2
ASV_00014,ASV_00365,0.5070422535211268,pos,Farm,IT2
ASV_00014,ASV_00367,0.5107913669064749,pos,Farm,IT2
ASV_00014,ASV_00373,0.5255474452554745,pos,Farm,IT2
ASV_00014,ASV_00377,0.4892086330935252,pos,Farm,IT2
ASV_00014,ASV_00389,0.5539568345323741,pos,Farm,IT2
ASV_00014,ASV_00390,0.5517241379310345,pos,Farm,IT2
ASV_00014,ASV_00391,0.4857142857142857,pos,Farm,IT2
ASV_00014,ASV_00393,0.5,pos,Farm,IT2
ASV_00014,ASV_00397,0.5357142857142857,pos,Farm,IT2
ASV_00014,ASV_00398,0.5244755244755245,pos,Farm,IT2
ASV_00014,ASV_00402,0.49264705882352944,pos,Farm,IT2
ASV_00014,ASV_00422,0.5177304964539007,pos,Farm,IT2
ASV_00014,ASV_00425,0.48936170212765956,pos,Farm,IT2
ASV_00014,ASV_00426,0.54,pos,Farm,IT2
ASV_00014,ASV_00445,0.5070422535211268,pos,Farm,IT2
ASV_00014,ASV_00447,0.5277777777777778,pos,Farm,IT2
ASV_00014,ASV_00452,0.48936170212765956,pos,Farm,IT2
ASV_00014,ASV_00453,0.5390070921985816,pos,Farm,IT2
ASV_00014,ASV_00458,0.49640287769784175,pos,Farm,IT2
ASV_00014,ASV_00463,0.5103448275862069,pos,Farm,IT2
ASV_00014,ASV_00468,0.4626865671641791,pos,Farm,IT2
ASV_00014,ASV_00474,0.5352112676056338,pos,Farm,IT2
ASV_00014,ASV_00476,0.4859154929577465,pos,Farm,IT2
ASV_00014,ASV_00479,0.5172413793103449,pos,Farm,IT2
ASV_00014,ASV_00482,0.543046357615894,pos,Farm,IT2
ASV_00014,ASV_00488,0.5273972602739726,pos,Farm,IT2
ASV_00014,ASV_00490,0.5586206896551724,pos,Farm,IT2
ASV_00014,ASV_00493,0.5524475524475524,pos,Farm,IT2
ASV_00014,ASV_00496,0.5428571428571428,pos,Farm,IT2
ASV_00014,ASV_00498,0.4676258992805755,pos,Farm,IT2
ASV_00014,ASV_00501,0.5104895104895105,pos,Farm,IT2
ASV_00014,ASV_00511,0.49635036496350365,pos,Farm,IT2
ASV_00014,ASV_00513,0.5070422535211268,pos,Farm,IT2
ASV_00014,ASV_00517,0.48936170212765956,pos,Farm,IT2
ASV_00014,ASV_00518,0.5664335664335665,pos,Farm,IT2
ASV_00014,ASV_00533,0.5,pos,Farm,IT2
ASV_00014,ASV_00536,0.5379310344827586,pos,Farm,IT2
ASV_00014,ASV_00542,0.5448275862068965,pos,Farm,IT2
ASV_00014,ASV_00544,0.5323741007194245,pos,Farm,IT2
ASV_00014,ASV_00550,0.5277777777777778,pos,Farm,IT2
ASV_00014,ASV_00561,0.5637583892617449,pos,Farm,IT2
ASV_00014,ASV_00568,0.5277777777777778,pos,Farm,IT2
ASV_00014,ASV_00570,0.49640287769784175,pos,Farm,IT2
ASV_00014,ASV_00572,0.54421768707483,pos,Farm,IT2
ASV_00014,ASV_00576,0.5,pos,Farm,IT2
ASV_00014,ASV_00596,0.4782608695652174,pos,Farm,IT2
ASV_00014,ASV_00611,0.5244755244755245,pos,Farm,IT2
ASV_00014,ASV_00618,0.4965034965034965,pos,Farm,IT2
ASV_00014,ASV_00628,0.5035460992907801,pos,Farm,IT2
ASV_00014,ASV_00633,0.5069444444444444,pos,Farm,IT2
ASV_00014,ASV_00636,0.5472972972972973,pos,Farm,IT2
ASV_00014,ASV_00643,0.5034965034965035,pos,Farm,IT2
ASV_00014,ASV_00651,0.539568345323741,pos,Farm,IT2
ASV_00014,ASV_00654,0.49640287769784175,pos,Farm,IT2
ASV_00014,ASV_00671,0.4859154929577465,pos,Farm,IT2
ASV_00014,ASV_00679,0.5208333333333334,pos,Farm,IT2
ASV_00014,ASV_00686,0.5211267605633803,pos,Farm,IT2
ASV_00014,ASV_00709,0.5070422535211268,pos,Farm,IT2
ASV_00014,ASV_00714,0.5036496350364964,pos,Farm,IT2
ASV_00014,ASV_00718,0.4892086330935252,pos,Farm,IT2
ASV_00014,ASV_00728,0.4748201438848921,pos,Farm,IT2
ASV_00014,ASV_00732,0.5035460992907801,pos,Farm,IT2
ASV_00014,ASV_00757,0.5460992907801419,pos,Farm,IT2
ASV_00014,ASV_00769,0.5070422535211268,pos,Farm,IT2
ASV_00014,ASV_00789,0.5104895104895105,pos,Farm,IT2
ASV_00014,ASV_00802,0.5310344827586206,pos,Farm,IT2
ASV_00014,ASV_00806,0.5136986301369864,pos,Farm,IT2
ASV_00014,ASV_00807,0.5,pos,Farm,IT2
ASV_00014,ASV_00817,0.5273972602739726,pos,Farm,IT2
ASV_00014,ASV_00821,0.55,pos,Farm,IT2
ASV_00014,ASV_00822,0.5319148936170213,pos,Farm,IT2
ASV_00014,ASV_00865,0.5104895104895105,pos,Farm,IT2
ASV_00014,ASV_00873,0.4785714285714286,pos,Farm,IT2
ASV_00014,ASV_00909,0.4859154929577465,pos,Farm,IT2
ASV_00014,ASV_00931,0.4859154929577465,pos,Farm,IT2
ASV_00014,ASV_00935,0.5357142857142857,pos,Farm,IT2
ASV_00014,ASV_00984,0.5428571428571428,pos,Farm,IT2
ASV_00014,ASV_00989,0.4676258992805755,pos,Farm,IT2
ASV_00014,ASV_01018,0.5179856115107914,pos,Farm,IT2
ASV_00014,ASV_01023,0.5524475524475524,pos,Farm,IT2
ASV_00014,ASV_01065,0.5182481751824818,pos,Farm,IT2
ASV_00014,ASV_01092,0.5342465753424658,pos,Farm,IT2
ASV_00014,ASV_01179,0.5367647058823529,pos,Farm,IT2
ASV_00014,ASV_01249,0.49645390070921985,pos,Farm,IT2
ASV_00014,ASV_01253,0.5140845070422535,pos,Farm,IT2
ASV_00014,ASV_01267,0.5106382978723404,pos,Farm,IT2
ASV_00014,ASV_01328,0.5251798561151079,pos,Farm,IT2
ASV_00014,ASV_01342,0.527027027027027,pos,Farm,IT2
ASV_00014,ASV_01458,0.4748201438848921,pos,Farm,IT2
ASV_00014,ASV_01491,0.539568345323741,pos,Farm,IT2
ASV_00014,ASV_01541,0.5069444444444444,pos,Farm,IT2
ASV_00014,ASV_01578,0.5,pos,Farm,IT2
ASV_00014,ASV_01941,0.5138888888888888,pos,Farm,IT2
ASV_00014,ASV_02149,0.5255474452554745,pos,Farm,IT2
ASV_00015,ASV_00017,0.5104895104895105,pos,Farm,IT2
ASV_00015,ASV_00018,0.5,pos,Farm,IT2
ASV_00015,ASV_00026,0.4859154929577465,pos,Farm,IT2
ASV_00015,ASV_00028,0.5136986301369864,pos,Farm,IT2
ASV_00015,ASV_00036,0.5214285714285715,pos,Farm,IT2
ASV_00015,ASV_00044,0.5244755244755245,pos,Farm,IT2
ASV_00015,ASV_00051,0.5416666666666666,pos,Farm,IT2
ASV_00015,ASV_00054,0.5104895104895105,pos,Farm,IT2
ASV_00015,ASV_00058,0.5070422535211268,pos,Farm,IT2
ASV_00015,ASV_00059,0.4962962962962963,pos,Farm,IT2
ASV_00015,ASV_00062,0.5142857142857142,pos,Farm,IT2
ASV_00015,ASV_00063,0.5071428571428571,pos,Farm,IT2
ASV_00015,ASV_00068,0.5104895104895105,pos,Farm,IT2
ASV_00015,ASV_00070,0.5314685314685315,pos,Farm,IT2
ASV_00015,ASV_00073,0.5,pos,Farm,IT2
ASV_00015,ASV_00077,0.5,pos,Farm,IT2
ASV_00015,ASV_00079,0.5138888888888888,pos,Farm,IT2
ASV_00015,ASV_00085,0.55,pos,Farm,IT2
ASV_00015,ASV_00087,0.5070422535211268,pos,Farm,IT2
ASV_00015,ASV_00089,0.5352112676056338,pos,Farm,IT2
ASV_00015,ASV_00090,0.5369127516778524,pos,Farm,IT2
ASV_00015,ASV_00091,0.5140845070422535,pos,Farm,IT2
ASV_00015,ASV_00094,0.5319148936170213,pos,Farm,IT2
ASV_00015,ASV_00099,0.5205479452054794,pos,Farm,IT2
ASV_00015,ASV_00105,0.5211267605633803,pos,Farm,IT2
ASV_00015,ASV_00123,0.4676258992805755,pos,Farm,IT2
ASV_00015,ASV_00129,0.5070422535211268,pos,Farm,IT2
ASV_00015,ASV_00136,0.5352112676056338,pos,Farm,IT2
ASV_00015,ASV_00138,0.5070422535211268,pos,Farm,IT2
ASV_00015,ASV_00140,0.49645390070921985,pos,Farm,IT2
ASV_00015,ASV_00151,0.5,pos,Farm,IT2
ASV_00015,ASV_00154,0.5035460992907801,pos,Farm,IT2
ASV_00015,ASV_00155,0.5217391304347826,pos,Farm,IT2
ASV_00015,ASV_00157,0.5384615384615384,pos,Farm,IT2
ASV_00015,ASV_00158,0.5140845070422535,pos,Farm,IT2
ASV_00015,ASV_00163,0.5,pos,Farm,IT2
ASV_00015,ASV_00165,0.4857142857142857,pos,Farm,IT2
ASV_00015,ASV_00166,0.5069444444444444,pos,Farm,IT2
ASV_00015,ASV_00168,0.5342465753424658,pos,Farm,IT2
ASV_00015,ASV_00178,0.5314685314685315,pos,Farm,IT2
ASV_00015,ASV_00181,0.5172413793103449,pos,Farm,IT2
ASV_00015,ASV_00183,0.5244755244755245,pos,Farm,IT2
ASV_00015,ASV_00184,0.5434782608695652,pos,Farm,IT2
ASV_00015,ASV_00198,0.5070422535211268,pos,Farm,IT2
ASV_00015,ASV_00203,0.5319148936170213,pos,Farm,IT2
ASV_00015,ASV_00205,0.5694444444444444,pos,Farm,IT2
ASV_00015,ASV_00213,0.5957446808510638,pos,Farm,IT2
ASV_00015,ASV_00227,0.5104895104895105,pos,Farm,IT2
ASV_00015,ASV_00237,0.5379310344827586,pos,Farm,IT2
ASV_00015,ASV_00252,0.5177304964539007,pos,Farm,IT2
ASV_00015,ASV_00254,0.5310344827586206,pos,Farm,IT2
ASV_00015,ASV_00266,0.5314685314685315,pos,Farm,IT2
ASV_00015,ASV_00267,0.5035971223021583,pos,Farm,IT2
ASV_00015,ASV_00272,0.5034965034965035,pos,Farm,IT2
ASV_00015,ASV_00282,0.5,pos,Farm,IT2
ASV_00015,ASV_00288,0.5205479452054794,pos,Farm,IT2
ASV_00015,ASV_00300,0.54421768707483,pos,Farm,IT2
ASV_00015,ASV_00312,0.5136986301369864,pos,Farm,IT2
ASV_00015,ASV_00315,0.4892086330935252,pos,Farm,IT2
ASV_00015,ASV_00318,0.528169014084507,pos,Farm,IT2
ASV_00015,ASV_00320,0.48226950354609927,pos,Farm,IT2
ASV_00015,ASV_00321,0.527027027027027,pos,Farm,IT2
ASV_00015,ASV_00345,0.5241379310344828,pos,Farm,IT2
ASV_00015,ASV_00347,0.5454545454545454,pos,Farm,IT2
ASV_00015,ASV_00361,0.5136986301369864,pos,Farm,IT2
ASV_00015,ASV_00391,0.48226950354609927,pos,Farm,IT2
ASV_00015,ASV_00393,0.5185185185185185,pos,Farm,IT2
ASV_00015,ASV_00416,0.5034965034965035,pos,Farm,IT2
ASV_00015,ASV_00418,0.5,pos,Farm,IT2
ASV_00015,ASV_00428,0.4857142857142857,pos,Farm,IT2
ASV_00015,ASV_00440,0.49645390070921985,pos,Farm,IT2
ASV_00015,ASV_00465,0.5808823529411765,pos,Farm,IT2
ASV_00015,ASV_00474,0.5103448275862069,pos,Farm,IT2
ASV_00015,ASV_00479,0.5347222222222222,pos,Farm,IT2
ASV_00015,ASV_00493,0.5379310344827586,pos,Farm,IT2
ASV_00015,ASV_00504,0.5374149659863946,pos,Farm,IT2
ASV_00015,ASV_00506,0.48936170212765956,pos,Farm,IT2
ASV_00015,ASV_00508,0.49295774647887325,pos,Farm,IT2
ASV_00015,ASV_00511,0.5147058823529411,pos,Farm,IT2
ASV_00015,ASV_00517,0.5071428571428571,pos,Farm,IT2
ASV_00015,ASV_00563,0.5531914893617021,pos,Farm,IT2
ASV_00015,ASV_00566,0.5034965034965035,pos,Farm,IT2
ASV_00015,ASV_00568,0.5241379310344828,pos,Farm,IT2
ASV_00015,ASV_00572,0.5944055944055944,pos,Farm,IT2
ASV_00015,ASV_00594,0.5,pos,Farm,IT2
ASV_00015,ASV_00638,0.5827338129496403,pos,Farm,IT2
ASV_00015,ASV_00645,0.4857142857142857,pos,Farm,IT2
ASV_00015,ASV_00651,0.524822695035461,pos,Farm,IT2
ASV_00015,ASV_00676,0.5448275862068965,pos,Farm,IT2
ASV_00015,ASV_00687,0.524822695035461,pos,Farm,IT2
ASV_00015,ASV_00714,0.4785714285714286,pos,Farm,IT2
ASV_00015,ASV_00724,0.49295774647887325,pos,Farm,IT2
ASV_00015,ASV_00769,0.5034965034965035,pos,Farm,IT2
ASV_00015,ASV_00772,0.5,pos,Farm,IT2
ASV_00015,ASV_00781,0.5034965034965035,pos,Farm,IT2
ASV_00015,ASV_00789,0.5174825174825175,pos,Farm,IT2
ASV_00015,ASV_00808,0.49295774647887325,pos,Farm,IT2
ASV_00015,ASV_00809,0.5540540540540541,pos,Farm,IT2
ASV_00015,ASV_00842,0.48226950354609927,pos,Farm,IT2
ASV_00015,ASV_00929,0.5347222222222222,pos,Farm,IT2
ASV_00015,ASV_01119,0.5306122448979592,pos,Farm,IT2
ASV_00015,ASV_01124,0.5211267605633803,pos,Farm,IT2
ASV_00015,ASV_01153,0.4859154929577465,pos,Farm,IT2
ASV_00015,ASV_01253,0.5,pos,Farm,IT2
ASV_00015,ASV_01541,0.5138888888888888,pos,Farm,IT2
ASV_00016,ASV_00023,0.5140845070422535,pos,Farm,IT2
ASV_00016,ASV_00025,0.49640287769784175,pos,Farm,IT2
ASV_00016,ASV_00031,0.5036496350364964,pos,Farm,IT2
ASV_00016,ASV_00032,0.5070422535211268,pos,Farm,IT2
ASV_00016,ASV_00038,0.5314685314685315,pos,Farm,IT2
ASV_00016,ASV_00042,0.5140845070422535,pos,Farm,IT2
ASV_00016,ASV_00047,0.5073529411764706,pos,Farm,IT2
ASV_00016,ASV_00049,0.5140845070422535,pos,Farm,IT2
ASV_00016,ASV_00050,0.5202702702702703,pos,Farm,IT2
ASV_00016,ASV_00055,0.5214285714285715,pos,Farm,IT2
ASV_00016,ASV_00056,0.463768115942029,pos,Farm,IT2
ASV_00016,ASV_00058,0.48936170212765956,pos,Farm,IT2
ASV_00016,ASV_00063,0.4892086330935252,pos,Farm,IT2
ASV_00016,ASV_00065,0.5034965034965035,pos,Farm,IT2
ASV_00016,ASV_00066,0.5211267605633803,pos,Farm,IT2
ASV_00016,ASV_00067,0.48201438848920863,pos,Farm,IT2
ASV_00016,ASV_00068,0.49295774647887325,pos,Farm,IT2
ASV_00016,ASV_00071,0.49635036496350365,pos,Farm,IT2
ASV_00016,ASV_00072,0.5205479452054794,pos,Farm,IT2
ASV_00016,ASV_00075,0.47058823529411764,pos,Farm,IT2
ASV_00016,ASV_00076,0.5177304964539007,pos,Farm,IT2
ASV_00016,ASV_00077,0.5362318840579711,pos,Farm,IT2
ASV_00016,ASV_00079,0.4965034965034965,pos,Farm,IT2
ASV_00016,ASV_00080,0.528169014084507,pos,Farm,IT2
ASV_00016,ASV_00081,0.4744525547445255,pos,Farm,IT2
ASV_00016,ASV_00087,0.5107913669064749,pos,Farm,IT2
ASV_00016,ASV_00092,0.48936170212765956,pos,Farm,IT2
ASV_00016,ASV_00093,0.539568345323741,pos,Farm,IT2
ASV_00016,ASV_00102,0.5454545454545454,pos,Farm,IT2
ASV_00016,ASV_00103,0.528169014084507,pos,Farm,IT2
ASV_00016,ASV_00108,0.4552238805970149,pos,Farm,IT2
ASV_00016,ASV_00111,0.5461538461538461,pos,Farm,IT2
ASV_00016,ASV_00113,0.5259259259259259,pos,Farm,IT2
ASV_00016,ASV_00118,0.5140845070422535,pos,Farm,IT2
ASV_00016,ASV_00119,0.5179856115107914,pos,Farm,IT2
ASV_00016,ASV_00122,0.4857142857142857,pos,Farm,IT2
ASV_00016,ASV_00128,0.5205479452054794,pos,Farm,IT2
ASV_00016,ASV_00136,0.5070422535211268,pos,Farm,IT2
ASV_00016,ASV_00140,0.4892086330935252,pos,Farm,IT2
ASV_00016,ASV_00141,0.4785714285714286,pos,Farm,IT2
ASV_00016,ASV_00142,0.49295774647887325,pos,Farm,IT2
ASV_00016,ASV_00144,0.5072463768115942,pos,Farm,IT2
ASV_00016,ASV_00145,0.4859154929577465,pos,Farm,IT2
ASV_00016,ASV_00147,0.4857142857142857,pos,Farm,IT2
ASV_00016,ASV_00158,0.4859154929577465,pos,Farm,IT2
ASV_00016,ASV_00162,0.5071428571428571,pos,Farm,IT2
ASV_00016,ASV_00169,0.5070422535211268,pos,Farm,IT2
ASV_00016,ASV_00172,0.5,pos,Farm,IT2
ASV_00016,ASV_00173,0.5594405594405595,pos,Farm,IT2
ASV_00016,ASV_00176,0.46715328467153283,pos,Farm,IT2
ASV_00016,ASV_00186,0.5214285714285715,pos,Farm,IT2
ASV_00016,ASV_00187,0.5071428571428571,pos,Farm,IT2
ASV_00016,ASV_00189,0.49640287769784175,pos,Farm,IT2
ASV_00016,ASV_00192,0.4859154929577465,pos,Farm,IT2
ASV_00016,ASV_00193,0.5034965034965035,pos,Farm,IT2
ASV_00016,ASV_00197,0.49295774647887325,pos,Farm,IT2
ASV_00016,ASV_00200,0.4927536231884058,pos,Farm,IT2
ASV_00016,ASV_00208,0.48226950354609927,pos,Farm,IT2
ASV_00016,ASV_00229,0.4859154929577465,pos,Farm,IT2
ASV_00016,ASV_00233,0.4892086330935252,pos,Farm,IT2
ASV_00016,ASV_00240,0.5407407407407407,pos,Farm,IT2
ASV_00016,ASV_00243,0.5,pos,Farm,IT2
ASV_00016,ASV_00247,0.48936170212765956,pos,Farm,IT2
ASV_00016,ASV_00259,0.5,pos,Farm,IT2
ASV_00016,ASV_00262,0.5104895104895105,pos,Farm,IT2
ASV_00016,ASV_00269,0.5369127516778524,pos,Farm,IT2
ASV_00016,ASV_00271,0.48854961832061067,pos,Farm,IT2
ASV_00016,ASV_00272,0.5179856115107914,pos,Farm,IT2
ASV_00016,ASV_00276,0.5174825174825175,pos,Farm,IT2
ASV_00016,ASV_00279,0.48175182481751827,pos,Farm,IT2
ASV_00016,ASV_00284,0.5298507462686567,pos,Farm,IT2
ASV_00016,ASV_00285,0.4857142857142857,pos,Farm,IT2
ASV_00016,ASV_00286,0.5251798561151079,pos,Farm,IT2
ASV_00016,ASV_00292,0.528169014084507,pos,Farm,IT2
ASV_00016,ASV_00295,0.5507246376811594,pos,Farm,IT2
ASV_00016,ASV_00296,0.5037037037037037,pos,Farm,IT2
ASV_00016,ASV_00297,0.4859154929577465,pos,Farm,IT2
ASV_00016,ASV_00298,0.46715328467153283,pos,Farm,IT2
ASV_00016,ASV_00303,0.48175182481751827,pos,Farm,IT2
ASV_00016,ASV_00307,0.4892086330935252,pos,Farm,IT2
ASV_00016,ASV_00312,0.528169014084507,pos,Farm,IT2
ASV_00016,ASV_00318,0.5,pos,Farm,IT2
ASV_00016,ASV_00321,0.5205479452054794,pos,Farm,IT2
ASV_00016,ASV_00324,0.48936170212765956,pos,Farm,IT2
ASV_00016,ASV_00330,0.49640287769784175,pos,Farm,IT2
ASV_00016,ASV_00335,0.46715328467153283,pos,Farm,IT2
ASV_00016,ASV_00336,0.5179856115107914,pos,Farm,IT2
ASV_00016,ASV_00343,0.5285714285714286,pos,Farm,IT2
ASV_00016,ASV_00346,0.4857142857142857,pos,Farm,IT2
ASV_00016,ASV_00347,0.5611510791366906,pos,Farm,IT2
ASV_00016,ASV_00356,0.5208333333333334,pos,Farm,IT2
ASV_00016,ASV_00357,0.5036496350364964,pos,Farm,IT2
ASV_00016,ASV_00359,0.47101449275362317,pos,Farm,IT2
ASV_00016,ASV_00365,0.4859154929577465,pos,Farm,IT2
ASV_00016,ASV_00369,0.5214285714285715,pos,Farm,IT2
ASV_00016,ASV_00382,0.5211267605633803,pos,Farm,IT2
ASV_00016,ASV_00393,0.4888888888888889,pos,Farm,IT2
ASV_00016,ASV_00398,0.5140845070422535,pos,Farm,IT2
ASV_00016,ASV_00409,0.48201438848920863,pos,Farm,IT2
ASV_00016,ASV_00411,0.5,pos,Farm,IT2
ASV_00016,ASV_00415,0.5035460992907801,pos,Farm,IT2
ASV_00016,ASV_00416,0.4859154929577465,pos,Farm,IT2
ASV_00016,ASV_00418,0.4928571428571429,pos,Farm,IT2
ASV_00016,ASV_00428,0.48905109489051096,pos,Farm,IT2
ASV_00016,ASV_00443,0.4892086330935252,pos,Farm,IT2
ASV_00016,ASV_00451,0.5277777777777778,pos,Farm,IT2
ASV_00016,ASV_00458,0.4855072463768116,pos,Farm,IT2
ASV_00016,ASV_00463,0.5104895104895105,pos,Farm,IT2
ASV_00016,ASV_00465,0.4859154929577465,pos,Farm,IT2
ASV_00016,ASV_00467,0.5273972602739726,pos,Farm,IT2
ASV_00016,ASV_00488,0.5277777777777778,pos,Farm,IT2
ASV_00016,ASV_00493,0.5103448275862069,pos,Farm,IT2
ASV_00016,ASV_00495,0.48905109489051096,pos,Farm,IT2
ASV_00016,ASV_00498,0.46715328467153283,pos,Farm,IT2
ASV_00016,ASV_00507,0.5251798561151079,pos,Farm,IT2
ASV_00016,ASV_00511,0.463768115942029,pos,Farm,IT2
ASV_00016,ASV_00513,0.5179856115107914,pos,Farm,IT2
ASV_00016,ASV_00514,0.5337837837837838,pos,Farm,IT2
ASV_00016,ASV_00521,0.5103448275862069,pos,Farm,IT2
ASV_00016,ASV_00533,0.5107913669064749,pos,Farm,IT2
ASV_00016,ASV_00534,0.5379310344827586,pos,Farm,IT2
ASV_00016,ASV_00542,0.5347222222222222,pos,Farm,IT2
ASV_00016,ASV_00544,0.5328467153284672,pos,Farm,IT2
ASV_00016,ASV_00550,0.5174825174825175,pos,Farm,IT2
ASV_00016,ASV_00554,0.5467625899280576,pos,Farm,IT2
ASV_00016,ASV_00555,0.524822695035461,pos,Farm,IT2
ASV_00016,ASV_00559,0.48936170212765956,pos,Farm,IT2
ASV_00016,ASV_00572,0.5342465753424658,pos,Farm,IT2
ASV_00016,ASV_00581,0.5112781954887218,pos,Farm,IT2
ASV_00016,ASV_00587,0.49640287769784175,pos,Farm,IT2
ASV_00016,ASV_00595,0.4857142857142857,pos,Farm,IT2
ASV_00016,ASV_00615,0.48905109489051096,pos,Farm,IT2
ASV_00016,ASV_00620,0.5104895104895105,pos,Farm,IT2
ASV_00016,ASV_00636,0.527027027027027,pos,Farm,IT2
ASV_00016,ASV_00641,0.5314685314685315,pos,Farm,IT2
ASV_00016,ASV_00662,0.4892086330935252,pos,Farm,IT2
ASV_00016,ASV_00673,0.5205479452054794,pos,Farm,IT2
ASV_00016,ASV_00676,0.5172413793103449,pos,Farm,IT2
ASV_00016,ASV_00679,0.5319148936170213,pos,Farm,IT2
ASV_00016,ASV_00686,0.5106382978723404,pos,Farm,IT2
ASV_00016,ASV_00687,0.5179856115107914,pos,Farm,IT2
ASV_00016,ASV_00709,0.5746268656716418,pos,Farm,IT2
ASV_00016,ASV_00714,0.5149253731343284,pos,Farm,IT2
ASV_00016,ASV_00721,0.47101449275362317,pos,Farm,IT2
ASV_00016,ASV_00760,0.5103448275862069,pos,Farm,IT2
ASV_00016,ASV_00772,0.5251798561151079,pos,Farm,IT2
ASV_00016,ASV_00793,0.4857142857142857,pos,Farm,IT2
ASV_00016,ASV_00806,0.5138888888888888,pos,Farm,IT2
ASV_00016,ASV_00809,0.5586206896551724,pos,Farm,IT2
ASV_00016,ASV_00811,0.5,pos,Farm,IT2
ASV_00016,ASV_00815,0.5547945205479452,pos,Farm,IT2
ASV_00016,ASV_00829,0.48936170212765956,pos,Farm,IT2
ASV_00016,ASV_00875,0.5136986301369864,pos,Farm,IT2
ASV_00016,ASV_00880,0.4785714285714286,pos,Farm,IT2
ASV_00016,ASV_00924,0.4925373134328358,pos,Farm,IT2
ASV_00016,ASV_00984,0.5,pos,Farm,IT2
ASV_00016,ASV_01065,0.4748201438848921,pos,Farm,IT2
ASV_00016,ASV_01071,0.48226950354609927,pos,Farm,IT2
ASV_00016,ASV_01152,0.5107913669064749,pos,Farm,IT2
ASV_00016,ASV_01179,0.4927536231884058,pos,Farm,IT2
ASV_00016,ASV_01267,0.5,pos,Farm,IT2
ASV_00016,ASV_01276,0.4855072463768116,pos,Farm,IT2
ASV_00016,ASV_01342,0.5379310344827586,pos,Farm,IT2
ASV_00016,ASV_01385,0.5,pos,Farm,IT2
ASV_00016,ASV_01459,0.48226950354609927,pos,Farm,IT2
ASV_00016,ASV_01491,0.49645390070921985,pos,Farm,IT2
ASV_00016,ASV_01541,0.5177304964539007,pos,Farm,IT2
ASV_00016,ASV_01941,0.524822695035461,pos,Farm,IT2
ASV_00017,ASV_00020,0.5416666666666666,pos,Farm,IT2
ASV_00017,ASV_00023,0.5241379310344828,pos,Farm,IT2
ASV_00017,ASV_00029,0.49640287769784175,pos,Farm,IT2
ASV_00017,ASV_00030,0.5586206896551724,pos,Farm,IT2
ASV_00017,ASV_00031,0.5142857142857142,pos,Farm,IT2
ASV_00017,ASV_00032,0.5277777777777778,pos,Farm,IT2
ASV_00017,ASV_00037,0.5177304964539007,pos,Farm,IT2
ASV_00017,ASV_00041,0.5241379310344828,pos,Farm,IT2
ASV_00017,ASV_00045,0.5211267605633803,pos,Farm,IT2
ASV_00017,ASV_00048,0.5172413793103449,pos,Farm,IT2
ASV_00017,ASV_00049,0.5241379310344828,pos,Farm,IT2
ASV_00017,ASV_00051,0.5448275862068965,pos,Farm,IT2
ASV_00017,ASV_00052,0.5172413793103449,pos,Farm,IT2
ASV_00017,ASV_00057,0.5104895104895105,pos,Farm,IT2
ASV_00017,ASV_00058,0.5,pos,Farm,IT2
ASV_00017,ASV_00059,0.48905109489051096,pos,Farm,IT2
ASV_00017,ASV_00062,0.539568345323741,pos,Farm,IT2
ASV_00017,ASV_00063,0.5323741007194245,pos,Farm,IT2
ASV_00017,ASV_00068,0.5352112676056338,pos,Farm,IT2
ASV_00017,ASV_00069,0.5259259259259259,pos,Farm,IT2
ASV_00017,ASV_00070,0.5347222222222222,pos,Farm,IT2
ASV_00017,ASV_00072,0.5944055944055944,pos,Farm,IT2
ASV_00017,ASV_00073,0.5797101449275363,pos,Farm,IT2
ASV_00017,ASV_00076,0.5172413793103449,pos,Farm,IT2
ASV_00017,ASV_00077,0.5683453237410072,pos,Farm,IT2
ASV_00017,ASV_00080,0.5379310344827586,pos,Farm,IT2
ASV_00017,ASV_00085,0.5208333333333334,pos,Farm,IT2
ASV_00017,ASV_00086,0.5277777777777778,pos,Farm,IT2
ASV_00017,ASV_00089,0.5384615384615384,pos,Farm,IT2
ASV_00017,ASV_00090,0.5608108108108109,pos,Farm,IT2
ASV_00017,ASV_00092,0.5104895104895105,pos,Farm,IT2
ASV_00017,ASV_00099,0.5238095238095238,pos,Farm,IT2
ASV_00017,ASV_00100,0.5211267605633803,pos,Farm,IT2
ASV_00017,ASV_00102,0.54421768707483,pos,Farm,IT2
ASV_00017,ASV_00103,0.5704225352112676,pos,Farm,IT2
ASV_00017,ASV_00104,0.5106382978723404,pos,Farm,IT2
ASV_00017,ASV_00105,0.5138888888888888,pos,Farm,IT2
ASV_00017,ASV_00108,0.4888888888888889,pos,Farm,IT2
ASV_00017,ASV_00112,0.5174825174825175,pos,Farm,IT2
ASV_00017,ASV_00125,0.49645390070921985,pos,Farm,IT2
ASV_00017,ASV_00128,0.5405405405405406,pos,Farm,IT2
ASV_00017,ASV_00129,0.5104895104895105,pos,Farm,IT2
ASV_00017,ASV_00131,0.5357142857142857,pos,Farm,IT2
ASV_00017,ASV_00132,0.5035460992907801,pos,Farm,IT2
ASV_00017,ASV_00133,0.5034965034965035,pos,Farm,IT2
ASV_00017,ASV_00140,0.5106382978723404,pos,Farm,IT2
ASV_00017,ASV_00141,0.5,pos,Farm,IT2
ASV_00017,ASV_00144,0.4965034965034965,pos,Farm,IT2
ASV_00017,ASV_00146,0.5625,pos,Farm,IT2
ASV_00017,ASV_00147,0.4965034965034965,pos,Farm,IT2
ASV_00017,ASV_00151,0.5588235294117647,pos,Farm,IT2
ASV_00017,ASV_00152,0.5238095238095238,pos,Farm,IT2
ASV_00017,ASV_00155,0.5251798561151079,pos,Farm,IT2
ASV_00017,ASV_00160,0.5140845070422535,pos,Farm,IT2
ASV_00017,ASV_00162,0.5069444444444444,pos,Farm,IT2
ASV_00017,ASV_00168,0.5586206896551724,pos,Farm,IT2
ASV_00017,ASV_00169,0.5172413793103449,pos,Farm,IT2
ASV_00017,ASV_00170,0.5771812080536913,pos,Farm,IT2
ASV_00017,ASV_00171,0.5205479452054794,pos,Farm,IT2
ASV_00017,ASV_00172,0.5103448275862069,pos,Farm,IT2
ASV_00017,ASV_00173,0.5902777777777778,pos,Farm,IT2
ASV_00017,ASV_00176,0.5,pos,Farm,IT2
ASV_00017,ASV_00179,0.5570469798657718,pos,Farm,IT2
ASV_00017,ASV_00182,0.5815602836879432,pos,Farm,IT2
ASV_00017,ASV_00184,0.5034965034965035,pos,Farm,IT2
ASV_00017,ASV_00186,0.5531914893617021,pos,Farm,IT2
ASV_00017,ASV_00193,0.5136986301369864,pos,Farm,IT2
ASV_00017,ASV_00195,0.5172413793103449,pos,Farm,IT2
ASV_00017,ASV_00196,0.5107913669064749,pos,Farm,IT2
ASV_00017,ASV_00198,0.5319148936170213,pos,Farm,IT2
ASV_00017,ASV_00199,0.5072463768115942,pos,Farm,IT2
ASV_00017,ASV_00200,0.5474452554744526,pos,Farm,IT2
ASV_00017,ASV_00203,0.5244755244755245,pos,Farm,IT2
ASV_00017,ASV_00205,0.5724137931034483,pos,Farm,IT2
ASV_00017,ASV_00210,0.5547945205479452,pos,Farm,IT2
ASV_00017,ASV_00211,0.5481481481481482,pos,Farm,IT2
ASV_00017,ASV_00216,0.5467625899280576,pos,Farm,IT2
ASV_00017,ASV_00218,0.5797101449275363,pos,Farm,IT2
ASV_00017,ASV_00221,0.5034965034965035,pos,Farm,IT2
ASV_00017,ASV_00231,0.5104895104895105,pos,Farm,IT2
ASV_00017,ASV_00232,0.5273972602739726,pos,Farm,IT2
ASV_00017,ASV_00233,0.5434782608695652,pos,Farm,IT2
ASV_00017,ASV_00238,0.5492957746478874,pos,Farm,IT2
ASV_00017,ASV_00240,0.5177304964539007,pos,Farm,IT2
ASV_00017,ASV_00242,0.5073529411764706,pos,Farm,IT2
ASV_00017,ASV_00244,0.5138888888888888,pos,Farm,IT2
ASV_00017,ASV_00246,0.5205479452054794,pos,Farm,IT2
ASV_00017,ASV_00247,0.5211267605633803,pos,Farm,IT2
ASV_00017,ASV_00250,0.5241379310344828,pos,Farm,IT2
ASV_00017,ASV_00254,0.5555555555555556,pos,Farm,IT2
ASV_00017,ASV_00259,0.4782608695652174,pos,Farm,IT2
ASV_00017,ASV_00262,0.5310344827586206,pos,Farm,IT2
ASV_00017,ASV_00263,0.5342465753424658,pos,Farm,IT2
ASV_00017,ASV_00266,0.5347222222222222,pos,Farm,IT2
ASV_00017,ASV_00267,0.49645390070921985,pos,Farm,IT2
ASV_00017,ASV_00269,0.5666666666666667,pos,Farm,IT2
ASV_00017,ASV_00275,0.54421768707483,pos,Farm,IT2
ASV_00017,ASV_00278,0.5310344827586206,pos,Farm,IT2
ASV_00017,ASV_00279,0.5144927536231884,pos,Farm,IT2
ASV_00017,ASV_00282,0.5140845070422535,pos,Farm,IT2
ASV_00017,ASV_00284,0.49645390070921985,pos,Farm,IT2
ASV_00017,ASV_00287,0.5070422535211268,pos,Farm,IT2
ASV_00017,ASV_00290,0.54,pos,Farm,IT2
ASV_00017,ASV_00292,0.5704225352112676,pos,Farm,IT2
ASV_00017,ASV_00299,0.4965034965034965,pos,Farm,IT2
ASV_00017,ASV_00300,0.5369127516778524,pos,Farm,IT2
ASV_00017,ASV_00305,0.5306122448979592,pos,Farm,IT2
ASV_00017,ASV_00309,0.5136986301369864,pos,Farm,IT2
ASV_00017,ASV_00312,0.5486111111111112,pos,Farm,IT2
ASV_00017,ASV_00315,0.5035971223021583,pos,Farm,IT2
ASV_00017,ASV_00317,0.5319148936170213,pos,Farm,IT2
ASV_00017,ASV_00318,0.5422535211267606,pos,Farm,IT2
ASV_00017,ASV_00320,0.5071428571428571,pos,Farm,IT2
ASV_00017,ASV_00327,0.5070422535211268,pos,Farm,IT2
ASV_00017,ASV_00328,0.5347222222222222,pos,Farm,IT2
ASV_00017,ASV_00334,0.5416666666666666,pos,Farm,IT2
ASV_00017,ASV_00335,0.4785714285714286,pos,Farm,IT2
ASV_00017,ASV_00336,0.5069444444444444,pos,Farm,IT2
ASV_00017,ASV_00346,0.539568345323741,pos,Farm,IT2
ASV_00017,ASV_00347,0.5273972602739726,pos,Farm,IT2
ASV_00017,ASV_00355,0.5384615384615384,pos,Farm,IT2
ASV_00017,ASV_00359,0.4928571428571429,pos,Farm,IT2
ASV_00017,ASV_00361,0.5379310344827586,pos,Farm,IT2
ASV_00017,ASV_00365,0.528169014084507,pos,Farm,IT2
ASV_00017,ASV_00381,0.5214285714285715,pos,Farm,IT2
ASV_00017,ASV_00391,0.5071428571428571,pos,Farm,IT2
ASV_00017,ASV_00393,0.5109489051094891,pos,Farm,IT2
ASV_00017,ASV_00402,0.5147058823529411,pos,Farm,IT2
ASV_00017,ASV_00403,0.5524475524475524,pos,Farm,IT2
ASV_00017,ASV_00407,0.524822695035461,pos,Farm,IT2
ASV_00017,ASV_00415,0.5138888888888888,pos,Farm,IT2
ASV_00017,ASV_00416,0.5174825174825175,pos,Farm,IT2
ASV_00017,ASV_00425,0.5214285714285715,pos,Farm,IT2
ASV_00017,ASV_00441,0.5070422535211268,pos,Farm,IT2
ASV_00017,ASV_00444,0.5138888888888888,pos,Farm,IT2
ASV_00017,ASV_00445,0.5390070921985816,pos,Farm,IT2
ASV_00017,ASV_00454,0.5448275862068965,pos,Farm,IT2
ASV_00017,ASV_00458,0.4859154929577465,pos,Farm,IT2
ASV_00017,ASV_00459,0.5172413793103449,pos,Farm,IT2
ASV_00017,ASV_00468,0.5307692307692308,pos,Farm,IT2
ASV_00017,ASV_00483,0.547945205479452,pos,Farm,IT2
ASV_00017,ASV_00490,0.5369127516778524,pos,Farm,IT2
ASV_00017,ASV_00496,0.5103448275862069,pos,Farm,IT2
ASV_00017,ASV_00498,0.5109489051094891,pos,Farm,IT2
ASV_00017,ASV_00506,0.5142857142857142,pos,Farm,IT2
ASV_00017,ASV_00507,0.5244755244755245,pos,Farm,IT2
ASV_00017,ASV_00511,0.49640287769784175,pos,Farm,IT2
ASV_00017,ASV_00513,0.528169014084507,pos,Farm,IT2
ASV_00017,ASV_00518,0.5985915492957746,pos,Farm,IT2
ASV_00017,ASV_00524,0.5142857142857142,pos,Farm,IT2
ASV_00017,ASV_00528,0.5507246376811594,pos,Farm,IT2
ASV_00017,ASV_00530,0.5244755244755245,pos,Farm,IT2
ASV_00017,ASV_00533,0.5211267605633803,pos,Farm,IT2
ASV_00017,ASV_00536,0.5586206896551724,pos,Farm,IT2
ASV_00017,ASV_00548,0.48226950354609927,pos,Farm,IT2
ASV_00017,ASV_00550,0.5379310344827586,pos,Farm,IT2
ASV_00017,ASV_00561,0.5526315789473685,pos,Farm,IT2
ASV_00017,ASV_00568,0.5486111111111112,pos,Farm,IT2
ASV_00017,ASV_00569,0.5106382978723404,pos,Farm,IT2
ASV_00017,ASV_00571,0.5241379310344828,pos,Farm,IT2
ASV_00017,ASV_00587,0.5070422535211268,pos,Farm,IT2
ASV_00017,ASV_00595,0.5285714285714286,pos,Farm,IT2
ASV_00017,ASV_00613,0.4892086330935252,pos,Farm,IT2
ASV_00017,ASV_00615,0.48936170212765956,pos,Farm,IT2
ASV_00017,ASV_00620,0.5633802816901409,pos,Farm,IT2
ASV_00017,ASV_00628,0.5140845070422535,pos,Farm,IT2
ASV_00017,ASV_00630,0.48226950354609927,pos,Farm,IT2
ASV_00017,ASV_00636,0.5570469798657718,pos,Farm,IT2
ASV_00017,ASV_00651,0.5174825174825175,pos,Farm,IT2
ASV_00017,ASV_00662,0.5214285714285715,pos,Farm,IT2
ASV_00017,ASV_00668,0.4965034965034965,pos,Farm,IT2
ASV_00017,ASV_00673,0.5510204081632653,pos,Farm,IT2
ASV_00017,ASV_00676,0.5374149659863946,pos,Farm,IT2
ASV_00017,ASV_00709,0.5390070921985816,pos,Farm,IT2
ASV_00017,ASV_00721,0.5367647058823529,pos,Farm,IT2
ASV_00017,ASV_00732,0.5357142857142857,pos,Farm,IT2
ASV_00017,ASV_00757,0.5136986301369864,pos,Farm,IT2
ASV_00017,ASV_00772,0.5683453237410072,pos,Farm,IT2
ASV_00017,ASV_00778,0.4855072463768116,pos,Farm,IT2
ASV_00017,ASV_00801,0.5107913669064749,pos,Farm,IT2
ASV_00017,ASV_00807,0.5531914893617021,pos,Farm,IT2
ASV_00017,ASV_00809,0.5782312925170068,pos,Farm,IT2
ASV_00017,ASV_00817,0.5374149659863946,pos,Farm,IT2
ASV_00017,ASV_00829,0.5,pos,Farm,IT2
ASV_00017,ASV_00842,0.5289855072463768,pos,Farm,IT2
ASV_00017,ASV_00848,0.5310344827586206,pos,Farm,IT2
ASV_00017,ASV_00873,0.48936170212765956,pos,Farm,IT2
ASV_00017,ASV_00875,0.5763888888888888,pos,Farm,IT2
ASV_00017,ASV_00891,0.54,pos,Farm,IT2
ASV_00017,ASV_00924,0.4927536231884058,pos,Farm,IT2
ASV_00017,ASV_00931,0.5285714285714286,pos,Farm,IT2
ASV_00017,ASV_00984,0.5314685314685315,pos,Farm,IT2
ASV_00017,ASV_00987,0.5177304964539007,pos,Farm,IT2
ASV_00017,ASV_01018,0.4965034965034965,pos,Farm,IT2
ASV_00017,ASV_01071,0.5357142857142857,pos,Farm,IT2
ASV_00017,ASV_01090,0.5238095238095238,pos,Farm,IT2
ASV_00017,ASV_01101,0.5347222222222222,pos,Farm,IT2
ASV_00017,ASV_01153,0.5,pos,Farm,IT2
ASV_00017,ASV_01204,0.5306122448979592,pos,Farm,IT2
ASV_00017,ASV_01249,0.5507246376811594,pos,Farm,IT2
ASV_00017,ASV_01250,0.527027027027027,pos,Farm,IT2
ASV_00017,ASV_01288,0.5563380281690141,pos,Farm,IT2
ASV_00017,ASV_01385,0.5104895104895105,pos,Farm,IT2
ASV_00017,ASV_01491,0.528169014084507,pos,Farm,IT2
ASV_00017,ASV_01508,0.5238095238095238,pos,Farm,IT2
ASV_00017,ASV_01578,0.5531914893617021,pos,Farm,IT2
ASV_00017,ASV_02332,0.5704225352112676,pos,Farm,IT2
ASV_00018,ASV_00022,0.5390070921985816,pos,Farm,IT2
ASV_00018,ASV_00024,0.48226950354609927,pos,Farm,IT2
ASV_00018,ASV_00035,0.5103448275862069,pos,Farm,IT2
ASV_00018,ASV_00041,0.5454545454545454,pos,Farm,IT2
ASV_00018,ASV_00044,0.5942028985507246,pos,Farm,IT2
ASV_00018,ASV_00049,0.5136986301369864,pos,Farm,IT2
ASV_00018,ASV_00053,0.5277777777777778,pos,Farm,IT2
ASV_00018,ASV_00057,0.5104895104895105,pos,Farm,IT2
ASV_00018,ASV_00060,0.5144927536231884,pos,Farm,IT2
ASV_00018,ASV_00063,0.5106382978723404,pos,Farm,IT2
ASV_00018,ASV_00070,0.5785714285714286,pos,Farm,IT2
ASV_00018,ASV_00074,0.5205479452054794,pos,Farm,IT2
ASV_00018,ASV_00080,0.5273972602739726,pos,Farm,IT2
ASV_00018,ASV_00083,0.5070422535211268,pos,Farm,IT2
ASV_00018,ASV_00086,0.5172413793103449,pos,Farm,IT2
ASV_00018,ASV_00090,0.5608108108108109,pos,Farm,IT2
ASV_00018,ASV_00092,0.5,pos,Farm,IT2
ASV_00018,ASV_00094,0.5352112676056338,pos,Farm,IT2
ASV_00018,ASV_00098,0.5069444444444444,pos,Farm,IT2
ASV_00018,ASV_00101,0.5070422535211268,pos,Farm,IT2
ASV_00018,ASV_00104,0.5,pos,Farm,IT2
ASV_00018,ASV_00117,0.5144927536231884,pos,Farm,IT2
ASV_00018,ASV_00119,0.5069444444444444,pos,Farm,IT2
ASV_00018,ASV_00127,0.5277777777777778,pos,Farm,IT2
ASV_00018,ASV_00130,0.5208333333333334,pos,Farm,IT2
ASV_00018,ASV_00133,0.524822695035461,pos,Farm,IT2
ASV_00018,ASV_00136,0.5277777777777778,pos,Farm,IT2
ASV_00018,ASV_00138,0.5428571428571428,pos,Farm,IT2
ASV_00018,ASV_00152,0.5238095238095238,pos,Farm,IT2
ASV_00018,ASV_00157,0.5205479452054794,pos,Farm,IT2
ASV_00018,ASV_00158,0.5174825174825175,pos,Farm,IT2
ASV_00018,ASV_00168,0.547945205479452,pos,Farm,IT2
ASV_00018,ASV_00176,0.5220588235294118,pos,Farm,IT2
ASV_00018,ASV_00182,0.5594405594405595,pos,Farm,IT2
ASV_00018,ASV_00184,0.5357142857142857,pos,Farm,IT2
ASV_00018,ASV_00185,0.5104895104895105,pos,Farm,IT2
ASV_00018,ASV_00186,0.5208333333333334,pos,Farm,IT2
ASV_00018,ASV_00189,0.4965034965034965,pos,Farm,IT2
ASV_00018,ASV_00192,0.5390070921985816,pos,Farm,IT2
ASV_00018,ASV_00195,0.5172413793103449,pos,Farm,IT2
ASV_00018,ASV_00199,0.4857142857142857,pos,Farm,IT2
ASV_00018,ASV_00202,0.5072463768115942,pos,Farm,IT2
ASV_00018,ASV_00206,0.48226950354609927,pos,Farm,IT2
ASV_00018,ASV_00213,0.54421768707483,pos,Farm,IT2
ASV_00018,ASV_00226,0.5034965034965035,pos,Farm,IT2
ASV_00018,ASV_00227,0.5460992907801419,pos,Farm,IT2
ASV_00018,ASV_00242,0.4748201438848921,pos,Farm,IT2
ASV_00018,ASV_00244,0.5244755244755245,pos,Farm,IT2
ASV_00018,ASV_00246,0.5310344827586206,pos,Farm,IT2
ASV_00018,ASV_00247,0.5,pos,Farm,IT2
ASV_00018,ASV_00251,0.5241379310344828,pos,Farm,IT2
ASV_00018,ASV_00252,0.5,pos,Farm,IT2
ASV_00018,ASV_00262,0.5310344827586206,pos,Farm,IT2
ASV_00018,ASV_00283,0.5379310344827586,pos,Farm,IT2
ASV_00018,ASV_00290,0.5503355704697986,pos,Farm,IT2
ASV_00018,ASV_00292,0.5594405594405595,pos,Farm,IT2
ASV_00018,ASV_00294,0.5136986301369864,pos,Farm,IT2
ASV_00018,ASV_00309,0.5136986301369864,pos,Farm,IT2
ASV_00018,ASV_00312,0.5273972602739726,pos,Farm,IT2
ASV_00018,ASV_00315,0.48226950354609927,pos,Farm,IT2
ASV_00018,ASV_00320,0.4859154929577465,pos,Farm,IT2
ASV_00018,ASV_00324,0.5211267605633803,pos,Farm,IT2
ASV_00018,ASV_00326,0.5,pos,Farm,IT2
ASV_00018,ASV_00330,0.4965034965034965,pos,Farm,IT2
ASV_00018,ASV_00335,0.4892086330935252,pos,Farm,IT2
ASV_00018,ASV_00337,0.5547945205479452,pos,Farm,IT2
ASV_00018,ASV_00346,0.539568345323741,pos,Farm,IT2
ASV_00018,ASV_00352,0.5034965034965035,pos,Farm,IT2
ASV_00018,ASV_00354,0.5357142857142857,pos,Farm,IT2
ASV_00018,ASV_00359,0.4928571428571429,pos,Farm,IT2
ASV_00018,ASV_00372,0.4928571428571429,pos,Farm,IT2
ASV_00018,ASV_00373,0.5251798561151079,pos,Farm,IT2
ASV_00018,ASV_00389,0.5103448275862069,pos,Farm,IT2
ASV_00018,ASV_00390,0.5724137931034483,pos,Farm,IT2
ASV_00018,ASV_00391,0.5514705882352942,pos,Farm,IT2
ASV_00018,ASV_00395,0.5323741007194245,pos,Farm,IT2
ASV_00018,ASV_00403,0.5205479452054794,pos,Farm,IT2
ASV_00018,ASV_00404,0.4859154929577465,pos,Farm,IT2
ASV_00018,ASV_00407,0.5808823529411765,pos,Farm,IT2
ASV_00018,ASV_00421,0.5136986301369864,pos,Farm,IT2
ASV_00018,ASV_00437,0.5347222222222222,pos,Farm,IT2
ASV_00018,ASV_00438,0.5174825174825175,pos,Farm,IT2
ASV_00018,ASV_00440,0.5214285714285715,pos,Farm,IT2
ASV_00018,ASV_00445,0.528169014084507,pos,Farm,IT2
ASV_00018,ASV_00452,0.5106382978723404,pos,Farm,IT2
ASV_00018,ASV_00453,0.5492957746478874,pos,Farm,IT2
ASV_00018,ASV_00459,0.5384615384615384,pos,Farm,IT2
ASV_00018,ASV_00460,0.5492957746478874,pos,Farm,IT2
ASV_00018,ASV_00465,0.5174825174825175,pos,Farm,IT2
ASV_00018,ASV_00467,0.5369127516778524,pos,Farm,IT2
ASV_00018,ASV_00471,0.5208333333333334,pos,Farm,IT2
ASV_00018,ASV_00477,0.5172413793103449,pos,Farm,IT2
ASV_00018,ASV_00479,0.5379310344827586,pos,Farm,IT2
ASV_00018,ASV_00493,0.5306122448979592,pos,Farm,IT2
ASV_00018,ASV_00504,0.5405405405405406,pos,Farm,IT2
ASV_00018,ASV_00512,0.5547945205479452,pos,Farm,IT2
ASV_00018,ASV_00517,0.5214285714285715,pos,Farm,IT2
ASV_00018,ASV_00524,0.49295774647887325,pos,Farm,IT2
ASV_00018,ASV_00528,0.4965034965034965,pos,Farm,IT2
ASV_00018,ASV_00529,0.5035971223021583,pos,Farm,IT2
ASV_00018,ASV_00541,0.528169014084507,pos,Farm,IT2
ASV_00018,ASV_00543,0.5136986301369864,pos,Farm,IT2
ASV_00018,ASV_00554,0.5454545454545454,pos,Farm,IT2
ASV_00018,ASV_00556,0.5642857142857143,pos,Farm,IT2
ASV_00018,ASV_00561,0.5526315789473685,pos,Farm,IT2
ASV_00018,ASV_00563,0.5347222222222222,pos,Farm,IT2
ASV_00018,ASV_00566,0.528169014084507,pos,Farm,IT2
ASV_00018,ASV_00568,0.5486111111111112,pos,Farm,IT2
ASV_00018,ASV_00570,0.49645390070921985,pos,Farm,IT2
ASV_00018,ASV_00571,0.5673758865248227,pos,Farm,IT2
ASV_00018,ASV_00595,0.4965034965034965,pos,Farm,IT2
ASV_00018,ASV_00620,0.5205479452054794,pos,Farm,IT2
ASV_00018,ASV_00622,0.5109489051094891,pos,Farm,IT2
ASV_00018,ASV_00638,0.5205479452054794,pos,Farm,IT2
ASV_00018,ASV_00651,0.528169014084507,pos,Farm,IT2
ASV_00018,ASV_00668,0.5070422535211268,pos,Farm,IT2
ASV_00018,ASV_00679,0.5416666666666666,pos,Farm,IT2
ASV_00018,ASV_00687,0.55,pos,Farm,IT2
ASV_00018,ASV_00697,0.49645390070921985,pos,Farm,IT2
ASV_00018,ASV_00724,0.5070422535211268,pos,Farm,IT2
ASV_00018,ASV_00769,0.5069444444444444,pos,Farm,IT2
ASV_00018,ASV_00781,0.5069444444444444,pos,Farm,IT2
ASV_00018,ASV_00806,0.5342465753424658,pos,Farm,IT2
ASV_00018,ASV_00808,0.539568345323741,pos,Farm,IT2
ASV_00018,ASV_00815,0.5743243243243243,pos,Farm,IT2
ASV_00018,ASV_00817,0.5374149659863946,pos,Farm,IT2
ASV_00018,ASV_00822,0.5103448275862069,pos,Farm,IT2
ASV_00018,ASV_00829,0.5319148936170213,pos,Farm,IT2
ASV_00018,ASV_00842,0.4859154929577465,pos,Farm,IT2
ASV_00018,ASV_00891,0.5714285714285714,pos,Farm,IT2
ASV_00018,ASV_00906,0.6126760563380281,pos,Farm,IT2
ASV_00018,ASV_00984,0.5103448275862069,pos,Farm,IT2
ASV_00018,ASV_01018,0.5070422535211268,pos,Farm,IT2
ASV_00018,ASV_01023,0.5306122448979592,pos,Farm,IT2
ASV_00018,ASV_01276,0.5289855072463768,pos,Farm,IT2
ASV_00018,ASV_01368,0.5244755244755245,pos,Farm,IT2
ASV_00018,ASV_01385,0.5211267605633803,pos,Farm,IT2
ASV_00018,ASV_01458,0.4857142857142857,pos,Farm,IT2
ASV_00018,ASV_01491,0.5174825174825175,pos,Farm,IT2
ASV_00018,ASV_01578,0.5103448275862069,pos,Farm,IT2
ASV_00019,ASV_00024,0.48201438848920863,pos,Farm,IT2
ASV_00019,ASV_00031,0.48226950354609927,pos,Farm,IT2
ASV_00019,ASV_00032,0.5069444444444444,pos,Farm,IT2
ASV_00019,ASV_00037,0.49645390070921985,pos,Farm,IT2
ASV_00019,ASV_00040,0.5182481751824818,pos,Farm,IT2
ASV_00019,ASV_00046,0.5,pos,Farm,IT2
ASV_00019,ASV_00057,0.5434782608695652,pos,Farm,IT2
ASV_00019,ASV_00074,0.5208333333333334,pos,Farm,IT2
ASV_00019,ASV_00075,0.47101449275362317,pos,Farm,IT2
ASV_00019,ASV_00085,0.5,pos,Farm,IT2
ASV_00019,ASV_00089,0.5174825174825175,pos,Farm,IT2
ASV_00019,ASV_00102,0.5342465753424658,pos,Farm,IT2
ASV_00019,ASV_00103,0.5172413793103449,pos,Farm,IT2
ASV_00019,ASV_00112,0.5070422535211268,pos,Farm,IT2
ASV_00019,ASV_00119,0.4965034965034965,pos,Farm,IT2
ASV_00019,ASV_00130,0.5104895104895105,pos,Farm,IT2
ASV_00019,ASV_00132,0.4928571428571429,pos,Farm,IT2
ASV_00019,ASV_00144,0.49645390070921985,pos,Farm,IT2
ASV_00019,ASV_00145,0.5070422535211268,pos,Farm,IT2
ASV_00019,ASV_00160,0.5142857142857142,pos,Farm,IT2
ASV_00019,ASV_00163,0.5035971223021583,pos,Farm,IT2
ASV_00019,ASV_00173,0.5374149659863946,pos,Farm,IT2
ASV_00019,ASV_00191,0.5035460992907801,pos,Farm,IT2
ASV_00019,ASV_00192,0.4965034965034965,pos,Farm,IT2
ASV_00019,ASV_00193,0.5138888888888888,pos,Farm,IT2
ASV_00019,ASV_00221,0.5035460992907801,pos,Farm,IT2
ASV_00019,ASV_00230,0.5138888888888888,pos,Farm,IT2
ASV_00019,ASV_00233,0.5,pos,Farm,IT2
ASV_00019,ASV_00263,0.5136986301369864,pos,Farm,IT2
ASV_00019,ASV_00270,0.5302013422818792,pos,Farm,IT2
ASV_00019,ASV_00273,0.5,pos,Farm,IT2
ASV_00019,ASV_00276,0.5172413793103449,pos,Farm,IT2
ASV_00019,ASV_00285,0.5071428571428571,pos,Farm,IT2
ASV_00019,ASV_00290,0.5302013422818792,pos,Farm,IT2
ASV_00019,ASV_00303,0.48201438848920863,pos,Farm,IT2
ASV_00019,ASV_00324,0.5,pos,Farm,IT2
ASV_00019,ASV_00327,0.4859154929577465,pos,Farm,IT2
ASV_00019,ASV_00346,0.5071428571428571,pos,Farm,IT2
ASV_00019,ASV_00352,0.5142857142857142,pos,Farm,IT2
ASV_00019,ASV_00357,0.48226950354609927,pos,Farm,IT2
ASV_00019,ASV_00380,0.5,pos,Farm,IT2
ASV_00019,ASV_00391,0.4857142857142857,pos,Farm,IT2
ASV_00019,ASV_00453,0.5069444444444444,pos,Farm,IT2
ASV_00019,ASV_00471,0.5104895104895105,pos,Farm,IT2
ASV_00019,ASV_00479,0.5172413793103449,pos,Farm,IT2
ASV_00019,ASV_00482,0.543046357615894,pos,Farm,IT2
ASV_00019,ASV_00494,0.5140845070422535,pos,Farm,IT2
ASV_00019,ASV_00498,0.4782608695652174,pos,Farm,IT2
ASV_00019,ASV_00559,0.5106382978723404,pos,Farm,IT2
ASV_00019,ASV_00566,0.539568345323741,pos,Farm,IT2
ASV_00019,ASV_00572,0.5547945205479452,pos,Farm,IT2
ASV_00019,ASV_00596,0.5,pos,Farm,IT2
ASV_00019,ASV_00618,0.4965034965034965,pos,Farm,IT2
ASV_00019,ASV_00620,0.5208333333333334,pos,Farm,IT2
ASV_00019,ASV_00628,0.5251798561151079,pos,Farm,IT2
ASV_00019,ASV_00645,0.4785714285714286,pos,Farm,IT2
ASV_00019,ASV_00687,0.5177304964539007,pos,Farm,IT2
ASV_00019,ASV_00732,0.49295774647887325,pos,Farm,IT2
ASV_00019,ASV_00757,0.5244755244755245,pos,Farm,IT2
ASV_00019,ASV_00778,0.463768115942029,pos,Farm,IT2
ASV_00019,ASV_00806,0.5347222222222222,pos,Farm,IT2
ASV_00019,ASV_00843,0.5208333333333334,pos,Farm,IT2
ASV_00019,ASV_00848,0.5103448275862069,pos,Farm,IT2
ASV_00019,ASV_00865,0.5211267605633803,pos,Farm,IT2
ASV_00019,ASV_00912,0.48905109489051096,pos,Farm,IT2
ASV_00019,ASV_00935,0.5034965034965035,pos,Farm,IT2
ASV_00019,ASV_00984,0.5104895104895105,pos,Farm,IT2
ASV_00019,ASV_00987,0.5071428571428571,pos,Farm,IT2
ASV_00019,ASV_01023,0.5310344827586206,pos,Farm,IT2
ASV_00019,ASV_01048,0.5,pos,Farm,IT2
ASV_00019,ASV_01458,0.4748201438848921,pos,Farm,IT2
ASV_00020,ASV_00022,0.5136986301369864,pos,Farm,IT2
ASV_00020,ASV_00024,0.48951048951048953,pos,Farm,IT2
ASV_00020,ASV_00031,0.5319148936170213,pos,Farm,IT2
ASV_00020,ASV_00038,0.5369127516778524,pos,Farm,IT2
ASV_00020,ASV_00039,0.5608108108108109,pos,Farm,IT2
ASV_00020,ASV_00040,0.5034965034965035,pos,Farm,IT2
ASV_00020,ASV_00041,0.5306122448979592,pos,Farm,IT2
ASV_00020,ASV_00051,0.5405405405405406,pos,Farm,IT2
ASV_00020,ASV_00064,0.5555555555555556,pos,Farm,IT2
ASV_00020,ASV_00067,0.5,pos,Farm,IT2
ASV_00020,ASV_00071,0.5034965034965035,pos,Farm,IT2
ASV_00020,ASV_00093,0.5238095238095238,pos,Farm,IT2
ASV_00020,ASV_00102,0.5503355704697986,pos,Farm,IT2
ASV_00020,ASV_00125,0.5357142857142857,pos,Farm,IT2
ASV_00020,ASV_00128,0.5570469798657718,pos,Farm,IT2
ASV_00020,ASV_00130,0.5379310344827586,pos,Farm,IT2
ASV_00020,ASV_00158,0.5136986301369864,pos,Farm,IT2
ASV_00020,ASV_00168,0.5436241610738255,pos,Farm,IT2
ASV_00020,ASV_00170,0.5827814569536424,pos,Farm,IT2
ASV_00020,ASV_00179,0.5629139072847682,pos,Farm,IT2
ASV_00020,ASV_00199,0.5142857142857142,pos,Farm,IT2
ASV_00020,ASV_00200,0.5,pos,Farm,IT2
ASV_00020,ASV_00239,0.5103448275862069,pos,Farm,IT2
ASV_00020,ASV_00243,0.5273972602739726,pos,Farm,IT2
ASV_00020,ASV_00250,0.5845070422535211,pos,Farm,IT2
ASV_00020,ASV_00263,0.5510204081632653,pos,Farm,IT2
ASV_00020,ASV_00276,0.5337837837837838,pos,Farm,IT2
ASV_00020,ASV_00284,0.5140845070422535,pos,Farm,IT2
ASV_00020,ASV_00285,0.5244755244755245,pos,Farm,IT2
ASV_00020,ASV_00286,0.5310344827586206,pos,Farm,IT2
ASV_00020,ASV_00287,0.5683453237410072,pos,Farm,IT2
ASV_00020,ASV_00296,0.48951048951048953,pos,Farm,IT2
ASV_00020,ASV_00297,0.5241379310344828,pos,Farm,IT2
ASV_00020,ASV_00355,0.5448275862068965,pos,Farm,IT2
ASV_00020,ASV_00359,0.5,pos,Farm,IT2
ASV_00020,ASV_00365,0.5136986301369864,pos,Farm,IT2
ASV_00020,ASV_00387,0.5379310344827586,pos,Farm,IT2
ASV_00020,ASV_00402,0.4788732394366197,pos,Farm,IT2
ASV_00020,ASV_00418,0.5103448275862069,pos,Farm,IT2
ASV_00020,ASV_00454,0.5405405405405406,pos,Farm,IT2
ASV_00020,ASV_00477,0.5342465753424658,pos,Farm,IT2
ASV_00020,ASV_00494,0.5205479452054794,pos,Farm,IT2
ASV_00020,ASV_00506,0.5,pos,Farm,IT2
ASV_00020,ASV_00521,0.5472972972972973,pos,Farm,IT2
ASV_00020,ASV_00524,0.5319148936170213,pos,Farm,IT2
ASV_00020,ASV_00530,0.5205479452054794,pos,Farm,IT2
ASV_00020,ASV_00536,0.5753424657534246,pos,Farm,IT2
ASV_00020,ASV_00559,0.5172413793103449,pos,Farm,IT2
ASV_00020,ASV_00563,0.5306122448979592,pos,Farm,IT2
ASV_00020,ASV_00594,0.5205479452054794,pos,Farm,IT2
ASV_00020,ASV_00611,0.5306122448979592,pos,Farm,IT2
ASV_00020,ASV_00630,0.48951048951048953,pos,Farm,IT2
ASV_00020,ASV_00643,0.5205479452054794,pos,Farm,IT2
ASV_00020,ASV_00651,0.5241379310344828,pos,Farm,IT2
ASV_00020,ASV_00654,0.524822695035461,pos,Farm,IT2
ASV_00020,ASV_00679,0.5374149659863946,pos,Farm,IT2
ASV_00020,ASV_00686,0.5273972602739726,pos,Farm,IT2
ASV_00020,ASV_00718,0.4965034965034965,pos,Farm,IT2
ASV_00020,ASV_00721,0.5,pos,Farm,IT2
ASV_00020,ASV_00727,0.5069444444444444,pos,Farm,IT2
ASV_00020,ASV_00778,0.4928571428571429,pos,Farm,IT2
ASV_00020,ASV_00848,0.5586206896551724,pos,Farm,IT2
ASV_00020,ASV_00869,0.5472972972972973,pos,Farm,IT2
ASV_00020,ASV_00958,0.5136986301369864,pos,Farm,IT2
ASV_00020,ASV_00987,0.5138888888888888,pos,Farm,IT2
ASV_00020,ASV_01023,0.5369127516778524,pos,Farm,IT2
ASV_00020,ASV_01065,0.5034965034965035,pos,Farm,IT2
ASV_00020,ASV_01179,0.5104895104895105,pos,Farm,IT2
ASV_00020,ASV_01417,0.5136986301369864,pos,Farm,IT2
ASV_00020,ASV_02020,0.5277777777777778,pos,Farm,IT2
ASV_00021,ASV_00036,0.49645390070921985,pos,Farm,IT2
ASV_00021,ASV_00041,0.5174825174825175,pos,Farm,IT2
ASV_00021,ASV_00047,0.5447761194029851,pos,Farm,IT2
ASV_00021,ASV_00048,0.5319148936170213,pos,Farm,IT2
ASV_00021,ASV_00053,0.5211267605633803,pos,Farm,IT2
ASV_00021,ASV_00054,0.5070422535211268,pos,Farm,IT2
ASV_00021,ASV_00059,0.45985401459854014,pos,Farm,IT2
ASV_00021,ASV_00064,0.5,pos,Farm,IT2
ASV_00021,ASV_00072,0.5448275862068965,pos,Farm,IT2
ASV_00021,ASV_00077,0.4965034965034965,pos,Farm,IT2
ASV_00021,ASV_00078,0.49640287769784175,pos,Farm,IT2
ASV_00021,ASV_00086,0.5428571428571428,pos,Farm,IT2
ASV_00021,ASV_00089,0.5,pos,Farm,IT2
ASV_00021,ASV_00091,0.5106382978723404,pos,Farm,IT2
ASV_00021,ASV_00092,0.49295774647887325,pos,Farm,IT2
ASV_00021,ASV_00098,0.5434782608695652,pos,Farm,IT2
ASV_00021,ASV_00101,0.5,pos,Farm,IT2
ASV_00021,ASV_00104,0.4928571428571429,pos,Farm,IT2
ASV_00021,ASV_00105,0.5070422535211268,pos,Farm,IT2
ASV_00021,ASV_00108,0.45925925925925926,pos,Farm,IT2
ASV_00021,ASV_00113,0.49640287769784175,pos,Farm,IT2
ASV_00021,ASV_00115,0.463768115942029,pos,Farm,IT2
ASV_00021,ASV_00116,0.49295774647887325,pos,Farm,IT2
ASV_00021,ASV_00117,0.4855072463768116,pos,Farm,IT2
ASV_00021,ASV_00125,0.4785714285714286,pos,Farm,IT2
ASV_00021,ASV_00127,0.5428571428571428,pos,Farm,IT2
ASV_00021,ASV_00129,0.49295774647887325,pos,Farm,IT2
ASV_00021,ASV_00132,0.5182481751824818,pos,Farm,IT2
ASV_00021,ASV_00133,0.49645390070921985,pos,Farm,IT2
ASV_00021,ASV_00140,0.4928571428571429,pos,Farm,IT2
ASV_00021,ASV_00142,0.5070422535211268,pos,Farm,IT2
ASV_00021,ASV_00162,0.5106382978723404,pos,Farm,IT2
ASV_00021,ASV_00163,0.5182481751824818,pos,Farm,IT2
ASV_00021,ASV_00165,0.4927536231884058,pos,Farm,IT2
ASV_00021,ASV_00170,0.5608108108108109,pos,Farm,IT2
ASV_00021,ASV_00177,0.5522388059701493,pos,Farm,IT2
ASV_00021,ASV_00178,0.5174825174825175,pos,Farm,IT2
ASV_00021,ASV_00179,0.5405405405405406,pos,Farm,IT2
ASV_00021,ASV_00184,0.5514705882352942,pos,Farm,IT2
ASV_00021,ASV_00186,0.5034965034965035,pos,Farm,IT2
ASV_00021,ASV_00187,0.5,pos,Farm,IT2
ASV_00021,ASV_00191,0.562962962962963,pos,Farm,IT2
ASV_00021,ASV_00199,0.48905109489051096,pos,Farm,IT2
ASV_00021,ASV_00200,0.49640287769784175,pos,Farm,IT2
ASV_00021,ASV_00205,0.5238095238095238,pos,Farm,IT2
ASV_00021,ASV_00210,0.5273972602739726,pos,Farm,IT2
ASV_00021,ASV_00212,0.5035460992907801,pos,Farm,IT2
ASV_00021,ASV_00213,0.5704225352112676,pos,Farm,IT2
ASV_00021,ASV_00230,0.5069444444444444,pos,Farm,IT2
ASV_00021,ASV_00237,0.5347222222222222,pos,Farm,IT2
ASV_00021,ASV_00238,0.5211267605633803,pos,Farm,IT2
ASV_00021,ASV_00249,0.5142857142857142,pos,Farm,IT2
ASV_00021,ASV_00252,0.5035460992907801,pos,Farm,IT2
ASV_00021,ASV_00257,0.5069444444444444,pos,Farm,IT2
ASV_00021,ASV_00259,0.45985401459854014,pos,Farm,IT2
ASV_00021,ASV_00266,0.5069444444444444,pos,Farm,IT2
ASV_00021,ASV_00274,0.541095890410959,pos,Farm,IT2
ASV_00021,ASV_00286,0.4965034965034965,pos,Farm,IT2
ASV_00021,ASV_00290,0.5763888888888888,pos,Farm,IT2
ASV_00021,ASV_00296,0.5413533834586466,pos,Farm,IT2
ASV_00021,ASV_00300,0.5306122448979592,pos,Farm,IT2
ASV_00021,ASV_00305,0.5454545454545454,pos,Farm,IT2
ASV_00021,ASV_00307,0.48226950354609927,pos,Farm,IT2
ASV_00021,ASV_00309,0.5174825174825175,pos,Farm,IT2
ASV_00021,ASV_00320,0.4785714285714286,pos,Farm,IT2
ASV_00021,ASV_00336,0.5214285714285715,pos,Farm,IT2
ASV_00021,ASV_00343,0.5211267605633803,pos,Farm,IT2
ASV_00021,ASV_00346,0.5,pos,Farm,IT2
ASV_00021,ASV_00347,0.5314685314685315,pos,Farm,IT2
ASV_00021,ASV_00352,0.49645390070921985,pos,Farm,IT2
ASV_00021,ASV_00368,0.5035460992907801,pos,Farm,IT2
ASV_00021,ASV_00373,0.49640287769784175,pos,Farm,IT2
ASV_00021,ASV_00381,0.4928571428571429,pos,Farm,IT2
ASV_00021,ASV_00402,0.4744525547445255,pos,Farm,IT2
ASV_00021,ASV_00403,0.5352112676056338,pos,Farm,IT2
ASV_00021,ASV_00407,0.5289855072463768,pos,Farm,IT2
ASV_00021,ASV_00409,0.4857142857142857,pos,Farm,IT2
ASV_00021,ASV_00422,0.5,pos,Farm,IT2
ASV_00021,ASV_00425,0.48226950354609927,pos,Farm,IT2
ASV_00021,ASV_00426,0.5436241610738255,pos,Farm,IT2
ASV_00021,ASV_00429,0.48148148148148145,pos,Farm,IT2
ASV_00021,ASV_00443,0.5714285714285714,pos,Farm,IT2
ASV_00021,ASV_00444,0.5070422535211268,pos,Farm,IT2
ASV_00021,ASV_00445,0.5,pos,Farm,IT2
ASV_00021,ASV_00447,0.5208333333333334,pos,Farm,IT2
ASV_00021,ASV_00452,0.48226950354609927,pos,Farm,IT2
ASV_00021,ASV_00453,0.5211267605633803,pos,Farm,IT2
ASV_00021,ASV_00455,0.5217391304347826,pos,Farm,IT2
ASV_00021,ASV_00477,0.5,pos,Farm,IT2
ASV_00021,ASV_00498,0.47101449275362317,pos,Farm,IT2
ASV_00021,ASV_00511,0.4676258992805755,pos,Farm,IT2
ASV_00021,ASV_00518,0.5486111111111112,pos,Farm,IT2
ASV_00021,ASV_00534,0.541095890410959,pos,Farm,IT2
ASV_00021,ASV_00536,0.5310344827586206,pos,Farm,IT2
ASV_00021,ASV_00541,0.5,pos,Farm,IT2
ASV_00021,ASV_00542,0.5170068027210885,pos,Farm,IT2
ASV_00021,ASV_00550,0.5642857142857143,pos,Farm,IT2
ASV_00021,ASV_00556,0.524822695035461,pos,Farm,IT2
ASV_00021,ASV_00566,0.5,pos,Farm,IT2
ASV_00021,ASV_00570,0.556390977443609,pos,Farm,IT2
ASV_00021,ASV_00581,0.47101449275362317,pos,Farm,IT2
ASV_00021,ASV_00592,0.5285714285714286,pos,Farm,IT2
ASV_00021,ASV_00594,0.5070422535211268,pos,Farm,IT2
ASV_00021,ASV_00611,0.5069444444444444,pos,Farm,IT2
ASV_00021,ASV_00620,0.5244755244755245,pos,Farm,IT2
ASV_00021,ASV_00633,0.5104895104895105,pos,Farm,IT2
ASV_00021,ASV_00635,0.5241379310344828,pos,Farm,IT2
ASV_00021,ASV_00643,0.5285714285714286,pos,Farm,IT2
ASV_00021,ASV_00651,0.5106382978723404,pos,Farm,IT2
ASV_00021,ASV_00656,0.5034965034965035,pos,Farm,IT2
ASV_00021,ASV_00671,0.5,pos,Farm,IT2
ASV_00021,ASV_00687,0.5,pos,Farm,IT2
ASV_00021,ASV_00714,0.5073529411764706,pos,Farm,IT2
ASV_00021,ASV_00757,0.572463768115942,pos,Farm,IT2
ASV_00021,ASV_00806,0.5714285714285714,pos,Farm,IT2
ASV_00021,ASV_00808,0.5,pos,Farm,IT2
ASV_00021,ASV_00821,0.5,pos,Farm,IT2
ASV_00021,ASV_00829,0.5251798561151079,pos,Farm,IT2
ASV_00021,ASV_00842,0.4892086330935252,pos,Farm,IT2
ASV_00021,ASV_00890,0.5104895104895105,pos,Farm,IT2
ASV_00021,ASV_00891,0.5547945205479452,pos,Farm,IT2
ASV_00021,ASV_00906,0.5625,pos,Farm,IT2
ASV_00021,ASV_00929,0.5208333333333334,pos,Farm,IT2
ASV_00021,ASV_00931,0.5555555555555556,pos,Farm,IT2
ASV_00021,ASV_01023,0.5347222222222222,pos,Farm,IT2
ASV_00021,ASV_01048,0.5142857142857142,pos,Farm,IT2
ASV_00021,ASV_01065,0.5,pos,Farm,IT2
ASV_00021,ASV_01124,0.4965034965034965,pos,Farm,IT2
ASV_00021,ASV_01204,0.5136986301369864,pos,Farm,IT2
ASV_00021,ASV_01223,0.47058823529411764,pos,Farm,IT2
ASV_00021,ASV_01253,0.5177304964539007,pos,Farm,IT2
ASV_00021,ASV_01458,0.4676258992805755,pos,Farm,IT2
ASV_00021,ASV_01578,0.524822695035461,pos,Farm,IT2
ASV_00021,ASV_01941,0.5069444444444444,pos,Farm,IT2
ASV_00022,ASV_00029,0.4785714285714286,pos,Farm,IT2
ASV_00022,ASV_00031,0.5071428571428571,pos,Farm,IT2
ASV_00022,ASV_00032,0.5314685314685315,pos,Farm,IT2
ASV_00022,ASV_00039,0.5374149659863946,pos,Farm,IT2
ASV_00022,ASV_00040,0.48936170212765956,pos,Farm,IT2
ASV_00022,ASV_00044,0.5208333333333334,pos,Farm,IT2
ASV_00022,ASV_00049,0.5277777777777778,pos,Farm,IT2
ASV_00022,ASV_00057,0.5034965034965035,pos,Farm,IT2
ASV_00022,ASV_00061,0.5244755244755245,pos,Farm,IT2
ASV_00022,ASV_00063,0.49295774647887325,pos,Farm,IT2
ASV_00022,ASV_00066,0.5241379310344828,pos,Farm,IT2
ASV_00022,ASV_00072,0.54421768707483,pos,Farm,IT2
ASV_00022,ASV_00089,0.5208333333333334,pos,Farm,IT2
ASV_00022,ASV_00091,0.5104895104895105,pos,Farm,IT2
ASV_00022,ASV_00095,0.5208333333333334,pos,Farm,IT2
ASV_00022,ASV_00100,0.5034965034965035,pos,Farm,IT2
ASV_00022,ASV_00101,0.5214285714285715,pos,Farm,IT2
ASV_00022,ASV_00108,0.45985401459854014,pos,Farm,IT2
ASV_00022,ASV_00113,0.5179856115107914,pos,Farm,IT2
ASV_00022,ASV_00127,0.5208333333333334,pos,Farm,IT2
ASV_00022,ASV_00130,0.5683453237410072,pos,Farm,IT2
ASV_00022,ASV_00131,0.4965034965034965,pos,Farm,IT2
ASV_00022,ASV_00132,0.4859154929577465,pos,Farm,IT2
ASV_00022,ASV_00133,0.5177304964539007,pos,Farm,IT2
ASV_00022,ASV_00138,0.524822695035461,pos,Farm,IT2
ASV_00022,ASV_00140,0.5035460992907801,pos,Farm,IT2
ASV_00022,ASV_00146,0.5555555555555556,pos,Farm,IT2
ASV_00022,ASV_00147,0.5323741007194245,pos,Farm,IT2
ASV_00022,ASV_00152,0.5379310344827586,pos,Farm,IT2
ASV_00022,ASV_00158,0.5,pos,Farm,IT2
ASV_00022,ASV_00159,0.5314685314685315,pos,Farm,IT2
ASV_00022,ASV_00164,0.49295774647887325,pos,Farm,IT2
ASV_00022,ASV_00176,0.5606060606060606,pos,Farm,IT2
ASV_00022,ASV_00185,0.5034965034965035,pos,Farm,IT2
ASV_00022,ASV_00187,0.5,pos,Farm,IT2
ASV_00022,ASV_00188,0.5310344827586206,pos,Farm,IT2
ASV_00022,ASV_00191,0.539568345323741,pos,Farm,IT2
ASV_00022,ASV_00198,0.5140845070422535,pos,Farm,IT2
ASV_00022,ASV_00200,0.4859154929577465,pos,Farm,IT2
ASV_00022,ASV_00202,0.5109489051094891,pos,Farm,IT2
ASV_00022,ASV_00205,0.5337837837837838,pos,Farm,IT2
ASV_00022,ASV_00210,0.527027027027027,pos,Farm,IT2
ASV_00022,ASV_00213,0.547945205479452,pos,Farm,IT2
ASV_00022,ASV_00214,0.5104895104895105,pos,Farm,IT2
ASV_00022,ASV_00218,0.5390070921985816,pos,Farm,IT2
ASV_00022,ASV_00242,0.4782608695652174,pos,Farm,IT2
ASV_00022,ASV_00244,0.5069444444444444,pos,Farm,IT2
ASV_00022,ASV_00250,0.5172413793103449,pos,Farm,IT2
ASV_00022,ASV_00265,0.5142857142857142,pos,Farm,IT2
ASV_00022,ASV_00267,0.5,pos,Farm,IT2
ASV_00022,ASV_00276,0.5205479452054794,pos,Farm,IT2
ASV_00022,ASV_00278,0.5241379310344828,pos,Farm,IT2
ASV_00022,ASV_00282,0.4965034965034965,pos,Farm,IT2
ASV_00022,ASV_00285,0.5106382978723404,pos,Farm,IT2
ASV_00022,ASV_00291,0.4857142857142857,pos,Farm,IT2
ASV_00022,ASV_00292,0.5416666666666666,pos,Farm,IT2
ASV_00022,ASV_00299,0.5106382978723404,pos,Farm,IT2
ASV_00022,ASV_00303,0.49640287769784175,pos,Farm,IT2
ASV_00022,ASV_00308,0.5,pos,Farm,IT2
ASV_00022,ASV_00309,0.5172413793103449,pos,Farm,IT2
ASV_00022,ASV_00312,0.5205479452054794,pos,Farm,IT2
ASV_00022,ASV_00326,0.49295774647887325,pos,Farm,IT2
ASV_00022,ASV_00328,0.5172413793103449,pos,Farm,IT2
ASV_00022,ASV_00330,0.5,pos,Farm,IT2
ASV_00022,ASV_00343,0.5422535211267606,pos,Farm,IT2
ASV_00022,ASV_00346,0.5106382978723404,pos,Farm,IT2
ASV_00022,ASV_00347,0.5310344827586206,pos,Farm,IT2
ASV_00022,ASV_00367,0.5142857142857142,pos,Farm,IT2
ASV_00022,ASV_00369,0.5138888888888888,pos,Farm,IT2
ASV_00022,ASV_00373,0.5179856115107914,pos,Farm,IT2
ASV_00022,ASV_00377,0.4928571428571429,pos,Farm,IT2
ASV_00022,ASV_00407,0.539568345323741,pos,Farm,IT2
ASV_00022,ASV_00415,0.5174825174825175,pos,Farm,IT2
ASV_00022,ASV_00421,0.5172413793103449,pos,Farm,IT2
ASV_00022,ASV_00426,0.5637583892617449,pos,Farm,IT2
ASV_00022,ASV_00438,0.5428571428571428,pos,Farm,IT2
ASV_00022,ASV_00443,0.5142857142857142,pos,Farm,IT2
ASV_00022,ASV_00453,0.5422535211267606,pos,Farm,IT2
ASV_00022,ASV_00474,0.5277777777777778,pos,Farm,IT2
ASV_00022,ASV_00486,0.5337837837837838,pos,Farm,IT2
ASV_00022,ASV_00490,0.5510204081632653,pos,Farm,IT2
ASV_00022,ASV_00493,0.5342465753424658,pos,Farm,IT2
ASV_00022,ASV_00498,0.5036496350364964,pos,Farm,IT2
ASV_00022,ASV_00501,0.5244755244755245,pos,Farm,IT2
ASV_00022,ASV_00511,0.4785714285714286,pos,Farm,IT2
ASV_00022,ASV_00513,0.5428571428571428,pos,Farm,IT2
ASV_00022,ASV_00518,0.5374149659863946,pos,Farm,IT2
ASV_00022,ASV_00524,0.4859154929577465,pos,Farm,IT2
ASV_00022,ASV_00528,0.5106382978723404,pos,Farm,IT2
ASV_00022,ASV_00536,0.5517241379310345,pos,Farm,IT2
ASV_00022,ASV_00550,0.5310344827586206,pos,Farm,IT2
ASV_00022,ASV_00563,0.5172413793103449,pos,Farm,IT2
ASV_00022,ASV_00566,0.5,pos,Farm,IT2
ASV_00022,ASV_00568,0.5310344827586206,pos,Farm,IT2
ASV_00022,ASV_00571,0.5277777777777778,pos,Farm,IT2
ASV_00022,ASV_00594,0.5174825174825175,pos,Farm,IT2
ASV_00022,ASV_00620,0.5347222222222222,pos,Farm,IT2
ASV_00022,ASV_00633,0.5103448275862069,pos,Farm,IT2
ASV_00022,ASV_00635,0.5342465753424658,pos,Farm,IT2
ASV_00022,ASV_00636,0.5821917808219178,pos,Farm,IT2
ASV_00022,ASV_00651,0.5104895104895105,pos,Farm,IT2
ASV_00022,ASV_00654,0.48936170212765956,pos,Farm,IT2
ASV_00022,ASV_00679,0.5136986301369864,pos,Farm,IT2
ASV_00022,ASV_00686,0.5352112676056338,pos,Farm,IT2
ASV_00022,ASV_00718,0.5035971223021583,pos,Farm,IT2
ASV_00022,ASV_00724,0.5547445255474452,pos,Farm,IT2
ASV_00022,ASV_00726,0.5492957746478874,pos,Farm,IT2
ASV_00022,ASV_00732,0.4965034965034965,pos,Farm,IT2
ASV_00022,ASV_00734,0.5277777777777778,pos,Farm,IT2
ASV_00022,ASV_00758,0.5314685314685315,pos,Farm,IT2
ASV_00022,ASV_00778,0.4782608695652174,pos,Farm,IT2
ASV_00022,ASV_00806,0.5273972602739726,pos,Farm,IT2
ASV_00022,ASV_00808,0.5214285714285715,pos,Farm,IT2
ASV_00022,ASV_00821,0.5208333333333334,pos,Farm,IT2
ASV_00022,ASV_00843,0.5347222222222222,pos,Farm,IT2
ASV_00022,ASV_00873,0.5035971223021583,pos,Farm,IT2
ASV_00022,ASV_00909,0.5106382978723404,pos,Farm,IT2
ASV_00022,ASV_00912,0.4927536231884058,pos,Farm,IT2
ASV_00022,ASV_00929,0.5524475524475524,pos,Farm,IT2
ASV_00022,ASV_00931,0.5106382978723404,pos,Farm,IT2
ASV_00022,ASV_00935,0.5611510791366906,pos,Farm,IT2
ASV_00022,ASV_00959,0.5174825174825175,pos,Farm,IT2
ASV_00022,ASV_00984,0.5460992907801419,pos,Farm,IT2
ASV_00022,ASV_00989,0.4714285714285714,pos,Farm,IT2
ASV_00022,ASV_01023,0.5238095238095238,pos,Farm,IT2
ASV_00022,ASV_01092,0.5374149659863946,pos,Farm,IT2
ASV_00022,ASV_01152,0.5140845070422535,pos,Farm,IT2
ASV_00022,ASV_01223,0.47101449275362317,pos,Farm,IT2
ASV_00022,ASV_01249,0.5,pos,Farm,IT2
ASV_00022,ASV_01250,0.5306122448979592,pos,Farm,IT2
ASV_00022,ASV_01253,0.5069444444444444,pos,Farm,IT2
ASV_00022,ASV_01276,0.48936170212765956,pos,Farm,IT2
ASV_00022,ASV_01503,0.5208333333333334,pos,Farm,IT2
ASV_00022,ASV_01512,0.49640287769784175,pos,Farm,IT2
ASV_00022,ASV_02149,0.5289855072463768,pos,Farm,IT2
ASV_00022,ASV_02332,0.5416666666666666,pos,Farm,IT2
ASV_00023,ASV_00025,0.5174825174825175,pos,Farm,IT2
ASV_00023,ASV_00026,0.5104895104895105,pos,Farm,IT2
ASV_00023,ASV_00037,0.5174825174825175,pos,Farm,IT2
ASV_00023,ASV_00039,0.564625850340136,pos,Farm,IT2
ASV_00023,ASV_00041,0.5238095238095238,pos,Farm,IT2
ASV_00023,ASV_00047,0.5285714285714286,pos,Farm,IT2
ASV_00023,ASV_00050,0.5704697986577181,pos,Farm,IT2
ASV_00023,ASV_00051,0.5337837837837838,pos,Farm,IT2
ASV_00023,ASV_00057,0.5103448275862069,pos,Farm,IT2
ASV_00023,ASV_00058,0.5314685314685315,pos,Farm,IT2
ASV_00023,ASV_00062,0.5069444444444444,pos,Farm,IT2
ASV_00023,ASV_00069,0.5035971223021583,pos,Farm,IT2
ASV_00023,ASV_00075,0.5035971223021583,pos,Farm,IT2
ASV_00023,ASV_00076,0.5273972602739726,pos,Farm,IT2
ASV_00023,ASV_00077,0.5347222222222222,pos,Farm,IT2
ASV_00023,ASV_00079,0.5273972602739726,pos,Farm,IT2
ASV_00023,ASV_00087,0.5208333333333334,pos,Farm,IT2
ASV_00023,ASV_00093,0.5486111111111112,pos,Farm,IT2
ASV_00023,ASV_00102,0.5862068965517241,pos,Farm,IT2
ASV_00023,ASV_00103,0.547945205479452,pos,Farm,IT2
ASV_00023,ASV_00117,0.5035460992907801,pos,Farm,IT2
ASV_00023,ASV_00119,0.5492957746478874,pos,Farm,IT2
ASV_00023,ASV_00120,0.5205479452054794,pos,Farm,IT2
ASV_00023,ASV_00128,0.5503355704697986,pos,Farm,IT2
ASV_00023,ASV_00132,0.5034965034965035,pos,Farm,IT2
ASV_00023,ASV_00133,0.5138888888888888,pos,Farm,IT2
ASV_00023,ASV_00139,0.475177304964539,pos,Farm,IT2
ASV_00023,ASV_00141,0.5,pos,Farm,IT2
ASV_00023,ASV_00142,0.5347222222222222,pos,Farm,IT2
ASV_00023,ASV_00145,0.5277777777777778,pos,Farm,IT2
ASV_00023,ASV_00154,0.5069444444444444,pos,Farm,IT2
ASV_00023,ASV_00160,0.5138888888888888,pos,Farm,IT2
ASV_00023,ASV_00168,0.5369127516778524,pos,Farm,IT2
ASV_00023,ASV_00169,0.5486111111111112,pos,Farm,IT2
ASV_00023,ASV_00176,0.48936170212765956,pos,Farm,IT2
ASV_00023,ASV_00179,0.5562913907284768,pos,Farm,IT2
ASV_00023,ASV_00182,0.5374149659863946,pos,Farm,IT2
ASV_00023,ASV_00183,0.5594405594405595,pos,Farm,IT2
ASV_00023,ASV_00192,0.5172413793103449,pos,Farm,IT2
ASV_00023,ASV_00196,0.5214285714285715,pos,Farm,IT2
ASV_00023,ASV_00203,0.5347222222222222,pos,Farm,IT2
ASV_00023,ASV_00213,0.5540540540540541,pos,Farm,IT2
ASV_00023,ASV_00218,0.5241379310344828,pos,Farm,IT2
ASV_00023,ASV_00229,0.5172413793103449,pos,Farm,IT2
ASV_00023,ASV_00232,0.5694444444444444,pos,Farm,IT2
ASV_00023,ASV_00244,0.5241379310344828,pos,Farm,IT2
ASV_00023,ASV_00247,0.5103448275862069,pos,Farm,IT2
ASV_00023,ASV_00250,0.5238095238095238,pos,Farm,IT2
ASV_00023,ASV_00252,0.5208333333333334,pos,Farm,IT2
ASV_00023,ASV_00259,0.4892086330935252,pos,Farm,IT2
ASV_00023,ASV_00265,0.5104895104895105,pos,Farm,IT2
ASV_00023,ASV_00266,0.5342465753424658,pos,Farm,IT2
ASV_00023,ASV_00270,0.56,pos,Farm,IT2
ASV_00023,ASV_00274,0.5466666666666666,pos,Farm,IT2
ASV_00023,ASV_00284,0.5177304964539007,pos,Farm,IT2
ASV_00023,ASV_00296,0.5035460992907801,pos,Farm,IT2
ASV_00023,ASV_00307,0.5,pos,Farm,IT2
ASV_00023,ASV_00332,0.5138888888888888,pos,Farm,IT2
ASV_00023,ASV_00337,0.5436241610738255,pos,Farm,IT2
ASV_00023,ASV_00340,0.541095890410959,pos,Farm,IT2
ASV_00023,ASV_00346,0.5390070921985816,pos,Farm,IT2
ASV_00023,ASV_00355,0.5273972602739726,pos,Farm,IT2
ASV_00023,ASV_00359,0.5035460992907801,pos,Farm,IT2
ASV_00023,ASV_00384,0.5277777777777778,pos,Farm,IT2
ASV_00023,ASV_00389,0.5310344827586206,pos,Farm,IT2
ASV_00023,ASV_00393,0.5555555555555556,pos,Farm,IT2
ASV_00023,ASV_00399,0.5238095238095238,pos,Farm,IT2
ASV_00023,ASV_00402,0.4928571428571429,pos,Farm,IT2
ASV_00023,ASV_00403,0.5306122448979592,pos,Farm,IT2
ASV_00023,ASV_00404,0.5070422535211268,pos,Farm,IT2
ASV_00023,ASV_00416,0.5277777777777778,pos,Farm,IT2
ASV_00023,ASV_00421,0.5342465753424658,pos,Farm,IT2
ASV_00023,ASV_00438,0.5714285714285714,pos,Farm,IT2
ASV_00023,ASV_00444,0.5136986301369864,pos,Farm,IT2
ASV_00023,ASV_00451,0.5472972972972973,pos,Farm,IT2
ASV_00023,ASV_00452,0.5,pos,Farm,IT2
ASV_00023,ASV_00458,0.4965034965034965,pos,Farm,IT2
ASV_00023,ASV_00465,0.5172413793103449,pos,Farm,IT2
ASV_00023,ASV_00467,0.5466666666666666,pos,Farm,IT2
ASV_00023,ASV_00493,0.5405405405405406,pos,Farm,IT2
ASV_00023,ASV_00506,0.5034965034965035,pos,Farm,IT2
ASV_00023,ASV_00517,0.5104895104895105,pos,Farm,IT2
ASV_00023,ASV_00518,0.5436241610738255,pos,Farm,IT2
ASV_00023,ASV_00530,0.5136986301369864,pos,Farm,IT2
ASV_00023,ASV_00533,0.5208333333333334,pos,Farm,IT2
ASV_00023,ASV_00534,0.5570469798657718,pos,Farm,IT2
ASV_00023,ASV_00536,0.5472972972972973,pos,Farm,IT2
ASV_00023,ASV_00551,0.5273972602739726,pos,Farm,IT2
ASV_00023,ASV_00561,0.5723684210526315,pos,Farm,IT2
ASV_00023,ASV_00563,0.5342465753424658,pos,Farm,IT2
ASV_00023,ASV_00620,0.5306122448979592,pos,Farm,IT2
ASV_00023,ASV_00651,0.5172413793103449,pos,Farm,IT2
ASV_00023,ASV_00668,0.5390070921985816,pos,Farm,IT2
ASV_00023,ASV_00724,0.5069444444444444,pos,Farm,IT2
ASV_00023,ASV_00734,0.5555555555555556,pos,Farm,IT2
ASV_00023,ASV_00772,0.5241379310344828,pos,Farm,IT2
ASV_00023,ASV_00781,0.5172413793103449,pos,Farm,IT2
ASV_00023,ASV_00793,0.528169014084507,pos,Farm,IT2
ASV_00023,ASV_00808,0.5174825174825175,pos,Farm,IT2
ASV_00023,ASV_00809,0.5878378378378378,pos,Farm,IT2
ASV_00023,ASV_00829,0.5103448275862069,pos,Farm,IT2
ASV_00023,ASV_00843,0.541095890410959,pos,Farm,IT2
ASV_00023,ASV_00891,0.5496688741721855,pos,Farm,IT2
ASV_00023,ASV_00924,0.48226950354609927,pos,Farm,IT2
ASV_00023,ASV_01065,0.539568345323741,pos,Farm,IT2
ASV_00023,ASV_01250,0.5369127516778524,pos,Farm,IT2
ASV_00023,ASV_01328,0.5352112676056338,pos,Farm,IT2
ASV_00023,ASV_01342,0.5466666666666666,pos,Farm,IT2
ASV_00023,ASV_01508,0.5337837837837838,pos,Farm,IT2
ASV_00023,ASV_01512,0.49295774647887325,pos,Farm,IT2
ASV_00023,ASV_02020,0.5208333333333334,pos,Farm,IT2
ASV_00024,ASV_00031,0.48175182481751827,pos,Farm,IT2
ASV_00024,ASV_00032,0.5179856115107914,pos,Farm,IT2
ASV_00024,ASV_00034,0.5109489051094891,pos,Farm,IT2
ASV_00024,ASV_00041,0.5035460992907801,pos,Farm,IT2
ASV_00024,ASV_00045,0.5109489051094891,pos,Farm,IT2
ASV_00024,ASV_00046,0.5333333333333333,pos,Farm,IT2
ASV_00024,ASV_00051,0.4930555555555556,pos,Farm,IT2
ASV_00024,ASV_00052,0.49645390070921985,pos,Farm,IT2
ASV_00024,ASV_00057,0.4892086330935252,pos,Farm,IT2
ASV_00024,ASV_00058,0.4892086330935252,pos,Farm,IT2
ASV_00024,ASV_00062,0.5073529411764706,pos,Farm,IT2
ASV_00024,ASV_00064,0.49645390070921985,pos,Farm,IT2
ASV_00024,ASV_00068,0.4928571428571429,pos,Farm,IT2
ASV_00024,ASV_00071,0.463768115942029,pos,Farm,IT2
ASV_00024,ASV_00075,0.4485294117647059,pos,Farm,IT2
ASV_00024,ASV_00076,0.49645390070921985,pos,Farm,IT2
ASV_00024,ASV_00092,0.4785714285714286,pos,Farm,IT2
ASV_00024,ASV_00099,0.5034965034965035,pos,Farm,IT2
ASV_00024,ASV_00100,0.4785714285714286,pos,Farm,IT2
ASV_00024,ASV_00128,0.5103448275862069,pos,Farm,IT2
ASV_00024,ASV_00129,0.5109489051094891,pos,Farm,IT2
ASV_00024,ASV_00140,0.5,pos,Farm,IT2
ASV_00024,ASV_00141,0.4676258992805755,pos,Farm,IT2
ASV_00024,ASV_00146,0.5,pos,Farm,IT2
ASV_00024,ASV_00153,0.48201438848920863,pos,Farm,IT2
ASV_00024,ASV_00155,0.49264705882352944,pos,Farm,IT2
ASV_00024,ASV_00157,0.5214285714285715,pos,Farm,IT2
ASV_00024,ASV_00159,0.49645390070921985,pos,Farm,IT2
ASV_00024,ASV_00162,0.49640287769784175,pos,Farm,IT2
ASV_00024,ASV_00172,0.48936170212765956,pos,Farm,IT2
ASV_00024,ASV_00173,0.5277777777777778,pos,Farm,IT2
ASV_00024,ASV_00176,0.4666666666666667,pos,Farm,IT2
ASV_00024,ASV_00182,0.5070422535211268,pos,Farm,IT2
ASV_00024,ASV_00186,0.5555555555555556,pos,Farm,IT2
ASV_00024,ASV_00193,0.49295774647887325,pos,Farm,IT2
ASV_00024,ASV_00199,0.48507462686567165,pos,Farm,IT2
ASV_00024,ASV_00202,0.4740740740740741,pos,Farm,IT2
ASV_00024,ASV_00218,0.5035971223021583,pos,Farm,IT2
ASV_00024,ASV_00227,0.4928571428571429,pos,Farm,IT2
ASV_00024,ASV_00228,0.4744525547445255,pos,Farm,IT2
ASV_00024,ASV_00244,0.4928571428571429,pos,Farm,IT2
ASV_00024,ASV_00251,0.49295774647887325,pos,Farm,IT2
ASV_00024,ASV_00253,0.4930555555555556,pos,Farm,IT2
ASV_00024,ASV_00267,0.5074626865671642,pos,Farm,IT2
ASV_00024,ASV_00273,0.5107913669064749,pos,Farm,IT2
ASV_00024,ASV_00275,0.5460992907801419,pos,Farm,IT2
ASV_00024,ASV_00287,0.4748201438848921,pos,Farm,IT2
ASV_00024,ASV_00288,0.524822695035461,pos,Farm,IT2
ASV_00024,ASV_00291,0.47058823529411764,pos,Farm,IT2
ASV_00024,ASV_00297,0.4857142857142857,pos,Farm,IT2
ASV_00024,ASV_00304,0.5277777777777778,pos,Farm,IT2
ASV_00024,ASV_00307,0.5111111111111111,pos,Farm,IT2
ASV_00024,ASV_00309,0.49295774647887325,pos,Farm,IT2
ASV_00024,ASV_00311,0.5390070921985816,pos,Farm,IT2
ASV_00024,ASV_00324,0.4785714285714286,pos,Farm,IT2
ASV_00024,ASV_00328,0.5251798561151079,pos,Farm,IT2
ASV_00024,ASV_00336,0.49640287769784175,pos,Farm,IT2
ASV_00024,ASV_00339,0.4852941176470588,pos,Farm,IT2
ASV_00024,ASV_00346,0.5298507462686567,pos,Farm,IT2
ASV_00024,ASV_00353,0.5036496350364964,pos,Farm,IT2
ASV_00024,ASV_00355,0.4859154929577465,pos,Farm,IT2
ASV_00024,ASV_00356,0.5428571428571428,pos,Farm,IT2
ASV_00024,ASV_00365,0.4857142857142857,pos,Farm,IT2
ASV_00024,ASV_00369,0.48936170212765956,pos,Farm,IT2
ASV_00024,ASV_00372,0.5037593984962406,pos,Farm,IT2
ASV_00024,ASV_00381,0.4782608695652174,pos,Farm,IT2
ASV_00024,ASV_00382,0.5106382978723404,pos,Farm,IT2
ASV_00024,ASV_00384,0.49640287769784175,pos,Farm,IT2
ASV_00024,ASV_00390,0.5422535211267606,pos,Farm,IT2
ASV_00024,ASV_00412,0.463768115942029,pos,Farm,IT2
ASV_00024,ASV_00418,0.48201438848920863,pos,Farm,IT2
ASV_00024,ASV_00428,0.47794117647058826,pos,Farm,IT2
ASV_00024,ASV_00440,0.4676258992805755,pos,Farm,IT2
ASV_00024,ASV_00442,0.4930555555555556,pos,Farm,IT2
ASV_00024,ASV_00447,0.5285714285714286,pos,Farm,IT2
ASV_00024,ASV_00454,0.5034965034965035,pos,Farm,IT2
ASV_00024,ASV_00455,0.4855072463768116,pos,Farm,IT2
ASV_00024,ASV_00460,0.4859154929577465,pos,Farm,IT2
ASV_00024,ASV_00465,0.4857142857142857,pos,Farm,IT2
ASV_00024,ASV_00477,0.5179856115107914,pos,Farm,IT2
ASV_00024,ASV_00490,0.5277777777777778,pos,Farm,IT2
ASV_00024,ASV_00494,0.48226950354609927,pos,Farm,IT2
ASV_00024,ASV_00498,0.45588235294117646,pos,Farm,IT2
ASV_00024,ASV_00503,0.49640287769784175,pos,Farm,IT2
ASV_00024,ASV_00507,0.5481481481481482,pos,Farm,IT2
ASV_00024,ASV_00508,0.5185185185185185,pos,Farm,IT2
ASV_00024,ASV_00512,0.5138888888888888,pos,Farm,IT2
ASV_00024,ASV_00514,0.5135135135135135,pos,Farm,IT2
ASV_00024,ASV_00518,0.5352112676056338,pos,Farm,IT2
ASV_00024,ASV_00520,0.5142857142857142,pos,Farm,IT2
ASV_00024,ASV_00530,0.4928571428571429,pos,Farm,IT2
ASV_00024,ASV_00542,0.5244755244755245,pos,Farm,IT2
ASV_00024,ASV_00554,0.5588235294117647,pos,Farm,IT2
ASV_00024,ASV_00592,0.5144927536231884,pos,Farm,IT2
ASV_00024,ASV_00595,0.4748201438848921,pos,Farm,IT2
ASV_00024,ASV_00612,0.48951048951048953,pos,Farm,IT2
ASV_00024,ASV_00628,0.5259259259259259,pos,Farm,IT2
ASV_00024,ASV_00638,0.5,pos,Farm,IT2
ASV_00024,ASV_00641,0.5539568345323741,pos,Farm,IT2
ASV_00024,ASV_00643,0.5035971223021583,pos,Farm,IT2
ASV_00024,ASV_00662,0.5111111111111111,pos,Farm,IT2
ASV_00024,ASV_00665,0.4888888888888889,pos,Farm,IT2
ASV_00024,ASV_00666,0.5034965034965035,pos,Farm,IT2
ASV_00024,ASV_00687,0.5407407407407407,pos,Farm,IT2
ASV_00024,ASV_00721,0.45985401459854014,pos,Farm,IT2
ASV_00024,ASV_00757,0.5142857142857142,pos,Farm,IT2
ASV_00024,ASV_00758,0.4859154929577465,pos,Farm,IT2
ASV_00024,ASV_00772,0.48226950354609927,pos,Farm,IT2
ASV_00024,ASV_00798,0.5507246376811594,pos,Farm,IT2
ASV_00024,ASV_00806,0.5140845070422535,pos,Farm,IT2
ASV_00024,ASV_00807,0.5217391304347826,pos,Farm,IT2
ASV_00024,ASV_00811,0.5777777777777777,pos,Farm,IT2
ASV_00024,ASV_00815,0.5135135135135135,pos,Farm,IT2
ASV_00024,ASV_00817,0.5174825174825175,pos,Farm,IT2
ASV_00024,ASV_00829,0.4785714285714286,pos,Farm,IT2
ASV_00024,ASV_00865,0.5107913669064749,pos,Farm,IT2
ASV_00024,ASV_00873,0.4888888888888889,pos,Farm,IT2
ASV_00024,ASV_00891,0.5416666666666666,pos,Farm,IT2
ASV_00024,ASV_00912,0.4666666666666667,pos,Farm,IT2
ASV_00024,ASV_00929,0.4965034965034965,pos,Farm,IT2
ASV_00024,ASV_00984,0.5,pos,Farm,IT2
ASV_00024,ASV_01071,0.4927536231884058,pos,Farm,IT2
ASV_00024,ASV_01092,0.5244755244755245,pos,Farm,IT2
ASV_00024,ASV_01119,0.503448275862069,pos,Farm,IT2
ASV_00024,ASV_01249,0.4748201438848921,pos,Farm,IT2
ASV_00024,ASV_01253,0.48226950354609927,pos,Farm,IT2
ASV_00024,ASV_01267,0.4785714285714286,pos,Farm,IT2
ASV_00024,ASV_01458,0.48507462686567165,pos,Farm,IT2
ASV_00024,ASV_02332,0.4965034965034965,pos,Farm,IT2
ASV_00025,ASV_00041,0.5069444444444444,pos,Farm,IT2
ASV_00025,ASV_00042,0.528169014084507,pos,Farm,IT2
ASV_00025,ASV_00046,0.49295774647887325,pos,Farm,IT2
ASV_00025,ASV_00047,0.5,pos,Farm,IT2
ASV_00025,ASV_00049,0.572463768115942,pos,Farm,IT2
ASV_00025,ASV_00050,0.5547945205479452,pos,Farm,IT2
ASV_00025,ASV_00054,0.4965034965034965,pos,Farm,IT2
ASV_00025,ASV_00058,0.5035460992907801,pos,Farm,IT2
ASV_00025,ASV_00061,0.5034965034965035,pos,Farm,IT2
ASV_00025,ASV_00062,0.48936170212765956,pos,Farm,IT2
ASV_00025,ASV_00063,0.48226950354609927,pos,Farm,IT2
ASV_00025,ASV_00065,0.5174825174825175,pos,Farm,IT2
ASV_00025,ASV_00066,0.5352112676056338,pos,Farm,IT2
ASV_00025,ASV_00069,0.4744525547445255,pos,Farm,IT2
ASV_00025,ASV_00072,0.5342465753424658,pos,Farm,IT2
ASV_00025,ASV_00073,0.5285714285714286,pos,Farm,IT2
ASV_00025,ASV_00075,0.4744525547445255,pos,Farm,IT2
ASV_00025,ASV_00080,0.5103448275862069,pos,Farm,IT2
ASV_00025,ASV_00081,0.4782608695652174,pos,Farm,IT2
ASV_00025,ASV_00085,0.5140845070422535,pos,Farm,IT2
ASV_00025,ASV_00087,0.5251798561151079,pos,Farm,IT2
ASV_00025,ASV_00092,0.49295774647887325,pos,Farm,IT2
ASV_00025,ASV_00093,0.5319148936170213,pos,Farm,IT2
ASV_00025,ASV_00097,0.4748201438848921,pos,Farm,IT2
ASV_00025,ASV_00098,0.5106382978723404,pos,Farm,IT2
ASV_00025,ASV_00102,0.5170068027210885,pos,Farm,IT2
ASV_00025,ASV_00103,0.5314685314685315,pos,Farm,IT2
ASV_00025,ASV_00104,0.48226950354609927,pos,Farm,IT2
ASV_00025,ASV_00122,0.5107913669064749,pos,Farm,IT2
ASV_00025,ASV_00123,0.4962962962962963,pos,Farm,IT2
ASV_00025,ASV_00127,0.5104895104895105,pos,Farm,IT2
ASV_00025,ASV_00133,0.5289855072463768,pos,Farm,IT2
ASV_00025,ASV_00136,0.5104895104895105,pos,Farm,IT2
ASV_00025,ASV_00139,0.46715328467153283,pos,Farm,IT2
ASV_00025,ASV_00144,0.5217391304347826,pos,Farm,IT2
ASV_00025,ASV_00147,0.5217391304347826,pos,Farm,IT2
ASV_00025,ASV_00161,0.5352112676056338,pos,Farm,IT2
ASV_00025,ASV_00164,0.48226950354609927,pos,Farm,IT2
ASV_00025,ASV_00168,0.5524475524475524,pos,Farm,IT2
ASV_00025,ASV_00191,0.4859154929577465,pos,Farm,IT2
ASV_00025,ASV_00193,0.528169014084507,pos,Farm,IT2
ASV_00025,ASV_00195,0.5,pos,Farm,IT2
ASV_00025,ASV_00196,0.5036496350364964,pos,Farm,IT2
ASV_00025,ASV_00200,0.49640287769784175,pos,Farm,IT2
ASV_00025,ASV_00216,0.49645390070921985,pos,Farm,IT2
ASV_00025,ASV_00230,0.5069444444444444,pos,Farm,IT2
ASV_00025,ASV_00232,0.5422535211267606,pos,Farm,IT2
ASV_00025,ASV_00237,0.5454545454545454,pos,Farm,IT2
ASV_00025,ASV_00243,0.5034965034965035,pos,Farm,IT2
ASV_00025,ASV_00251,0.5069444444444444,pos,Farm,IT2
ASV_00025,ASV_00252,0.5035460992907801,pos,Farm,IT2
ASV_00025,ASV_00254,0.5277777777777778,pos,Farm,IT2
ASV_00025,ASV_00259,0.45985401459854014,pos,Farm,IT2
ASV_00025,ASV_00262,0.5352112676056338,pos,Farm,IT2
ASV_00025,ASV_00264,0.4857142857142857,pos,Farm,IT2
ASV_00025,ASV_00265,0.48226950354609927,pos,Farm,IT2
ASV_00025,ASV_00269,0.5821917808219178,pos,Farm,IT2
ASV_00025,ASV_00271,0.4701492537313433,pos,Farm,IT2
ASV_00025,ASV_00277,0.5238095238095238,pos,Farm,IT2
ASV_00025,ASV_00284,0.5109489051094891,pos,Farm,IT2
ASV_00025,ASV_00285,0.5217391304347826,pos,Farm,IT2
ASV_00025,ASV_00286,0.5285714285714286,pos,Farm,IT2
ASV_00025,ASV_00297,0.5,pos,Farm,IT2
ASV_00025,ASV_00303,0.5413533834586466,pos,Farm,IT2
ASV_00025,ASV_00305,0.5136986301369864,pos,Farm,IT2
ASV_00025,ASV_00309,0.5069444444444444,pos,Farm,IT2
ASV_00025,ASV_00320,0.4892086330935252,pos,Farm,IT2
ASV_00025,ASV_00324,0.49295774647887325,pos,Farm,IT2
ASV_00025,ASV_00328,0.528169014084507,pos,Farm,IT2
ASV_00025,ASV_00336,0.5106382978723404,pos,Farm,IT2
ASV_00025,ASV_00340,0.5352112676056338,pos,Farm,IT2
ASV_00025,ASV_00347,0.5642857142857143,pos,Farm,IT2
ASV_00025,ASV_00354,0.5071428571428571,pos,Farm,IT2
ASV_00025,ASV_00359,0.4748201438848921,pos,Farm,IT2
ASV_00025,ASV_00367,0.5144927536231884,pos,Farm,IT2
ASV_00025,ASV_00389,0.524822695035461,pos,Farm,IT2
ASV_00025,ASV_00397,0.5070422535211268,pos,Farm,IT2
ASV_00025,ASV_00412,0.4785714285714286,pos,Farm,IT2
ASV_00025,ASV_00438,0.5,pos,Farm,IT2
ASV_00025,ASV_00442,0.5277777777777778,pos,Farm,IT2
ASV_00025,ASV_00443,0.5255474452554745,pos,Farm,IT2
ASV_00025,ASV_00444,0.4965034965034965,pos,Farm,IT2
ASV_00025,ASV_00447,0.5103448275862069,pos,Farm,IT2
ASV_00025,ASV_00453,0.5,pos,Farm,IT2
ASV_00025,ASV_00458,0.4785714285714286,pos,Farm,IT2
ASV_00025,ASV_00468,0.4552238805970149,pos,Farm,IT2
ASV_00025,ASV_00471,0.5140845070422535,pos,Farm,IT2
ASV_00025,ASV_00474,0.5174825174825175,pos,Farm,IT2
ASV_00025,ASV_00479,0.5314685314685315,pos,Farm,IT2
ASV_00025,ASV_00486,0.5238095238095238,pos,Farm,IT2
ASV_00025,ASV_00498,0.47101449275362317,pos,Farm,IT2
ASV_00025,ASV_00512,0.5170068027210885,pos,Farm,IT2
ASV_00025,ASV_00517,0.5035971223021583,pos,Farm,IT2
ASV_00025,ASV_00533,0.5035460992907801,pos,Farm,IT2
ASV_00025,ASV_00548,0.4748201438848921,pos,Farm,IT2
ASV_00025,ASV_00550,0.5755395683453237,pos,Farm,IT2
ASV_00025,ASV_00581,0.49264705882352944,pos,Farm,IT2
ASV_00025,ASV_00587,0.5,pos,Farm,IT2
ASV_00025,ASV_00594,0.5070422535211268,pos,Farm,IT2
ASV_00025,ASV_00612,0.5244755244755245,pos,Farm,IT2
ASV_00025,ASV_00620,0.5138888888888888,pos,Farm,IT2
ASV_00025,ASV_00622,0.48175182481751827,pos,Farm,IT2
ASV_00025,ASV_00641,0.5241379310344828,pos,Farm,IT2
ASV_00025,ASV_00643,0.5620437956204379,pos,Farm,IT2
ASV_00025,ASV_00673,0.5238095238095238,pos,Farm,IT2
ASV_00025,ASV_00679,0.5138888888888888,pos,Farm,IT2
ASV_00025,ASV_00686,0.5034965034965035,pos,Farm,IT2
ASV_00025,ASV_00697,0.5109489051094891,pos,Farm,IT2
ASV_00025,ASV_00728,0.48905109489051096,pos,Farm,IT2
ASV_00025,ASV_00734,0.55,pos,Farm,IT2
ASV_00025,ASV_00760,0.5136986301369864,pos,Farm,IT2
ASV_00025,ASV_00769,0.5214285714285715,pos,Farm,IT2
ASV_00025,ASV_00806,0.5277777777777778,pos,Farm,IT2
ASV_00025,ASV_00808,0.5,pos,Farm,IT2
ASV_00025,ASV_00821,0.5428571428571428,pos,Farm,IT2
ASV_00025,ASV_00822,0.524822695035461,pos,Farm,IT2
ASV_00025,ASV_00829,0.5035460992907801,pos,Farm,IT2
ASV_00025,ASV_00843,0.5138888888888888,pos,Farm,IT2
ASV_00025,ASV_00848,0.5244755244755245,pos,Farm,IT2
ASV_00025,ASV_00891,0.54421768707483,pos,Farm,IT2
ASV_00025,ASV_00929,0.5208333333333334,pos,Farm,IT2
ASV_00025,ASV_00931,0.5,pos,Farm,IT2
ASV_00025,ASV_00935,0.4965034965034965,pos,Farm,IT2
ASV_00025,ASV_01087,0.5,pos,Farm,IT2
ASV_00025,ASV_01092,0.5273972602739726,pos,Farm,IT2
ASV_00025,ASV_01101,0.528169014084507,pos,Farm,IT2
ASV_00025,ASV_01179,0.49640287769784175,pos,Farm,IT2
ASV_00025,ASV_01267,0.5142857142857142,pos,Farm,IT2
ASV_00025,ASV_01328,0.49645390070921985,pos,Farm,IT2
ASV_00025,ASV_01941,0.528169014084507,pos,Farm,IT2
ASV_00025,ASV_02149,0.4857142857142857,pos,Farm,IT2
ASV_00026,ASV_00028,0.5571428571428572,pos,Farm,IT2
ASV_00026,ASV_00036,0.5328467153284672,pos,Farm,IT2
ASV_00026,ASV_00038,0.5384615384615384,pos,Farm,IT2
ASV_00026,ASV_00041,0.5104895104895105,pos,Farm,IT2
ASV_00026,ASV_00047,0.4927536231884058,pos,Farm,IT2
ASV_00026,ASV_00055,0.4965034965034965,pos,Farm,IT2
ASV_00026,ASV_00058,0.5071428571428571,pos,Farm,IT2
ASV_00026,ASV_00059,0.45255474452554745,pos,Farm,IT2
ASV_00026,ASV_00061,0.5285714285714286,pos,Farm,IT2
ASV_00026,ASV_00062,0.48226950354609927,pos,Farm,IT2
ASV_00026,ASV_00065,0.5319148936170213,pos,Farm,IT2
ASV_00026,ASV_00068,0.5106382978723404,pos,Farm,IT2
ASV_00026,ASV_00069,0.46715328467153283,pos,Farm,IT2
ASV_00026,ASV_00071,0.48201438848920863,pos,Farm,IT2
ASV_00026,ASV_00078,0.4892086330935252,pos,Farm,IT2
ASV_00026,ASV_00080,0.5352112676056338,pos,Farm,IT2
ASV_00026,ASV_00087,0.49645390070921985,pos,Farm,IT2
ASV_00026,ASV_00090,0.5374149659863946,pos,Farm,IT2
ASV_00026,ASV_00092,0.4859154929577465,pos,Farm,IT2
ASV_00026,ASV_00095,0.5357142857142857,pos,Farm,IT2
ASV_00026,ASV_00097,0.5223880597014925,pos,Farm,IT2
ASV_00026,ASV_00103,0.5244755244755245,pos,Farm,IT2
ASV_00026,ASV_00109,0.5,pos,Farm,IT2
ASV_00026,ASV_00119,0.5362318840579711,pos,Farm,IT2
ASV_00026,ASV_00127,0.5579710144927537,pos,Farm,IT2
ASV_00026,ASV_00137,0.48226950354609927,pos,Farm,IT2
ASV_00026,ASV_00138,0.5071428571428571,pos,Farm,IT2
ASV_00026,ASV_00146,0.5277777777777778,pos,Farm,IT2
ASV_00026,ASV_00150,0.5333333333333333,pos,Farm,IT2
ASV_00026,ASV_00154,0.48226950354609927,pos,Farm,IT2
ASV_00026,ASV_00156,0.5602836879432624,pos,Farm,IT2
ASV_00026,ASV_00158,0.5035460992907801,pos,Farm,IT2
ASV_00026,ASV_00165,0.4855072463768116,pos,Farm,IT2
ASV_00026,ASV_00177,0.4892086330935252,pos,Farm,IT2
ASV_00026,ASV_00184,0.5,pos,Farm,IT2
ASV_00026,ASV_00191,0.5107913669064749,pos,Farm,IT2
ASV_00026,ASV_00199,0.48175182481751827,pos,Farm,IT2
ASV_00026,ASV_00202,0.49264705882352944,pos,Farm,IT2
ASV_00026,ASV_00203,0.5106382978723404,pos,Farm,IT2
ASV_00026,ASV_00212,0.4859154929577465,pos,Farm,IT2
ASV_00026,ASV_00213,0.5205479452054794,pos,Farm,IT2
ASV_00026,ASV_00227,0.5106382978723404,pos,Farm,IT2
ASV_00026,ASV_00231,0.4859154929577465,pos,Farm,IT2
ASV_00026,ASV_00232,0.503448275862069,pos,Farm,IT2
ASV_00026,ASV_00233,0.49640287769784175,pos,Farm,IT2
ASV_00026,ASV_00235,0.4740740740740741,pos,Farm,IT2
ASV_00026,ASV_00244,0.5214285714285715,pos,Farm,IT2
ASV_00026,ASV_00251,0.5,pos,Farm,IT2
ASV_00026,ASV_00266,0.5104895104895105,pos,Farm,IT2
ASV_00026,ASV_00269,0.5436241610738255,pos,Farm,IT2
ASV_00026,ASV_00272,0.49295774647887325,pos,Farm,IT2
ASV_00026,ASV_00278,0.528169014084507,pos,Farm,IT2
ASV_00026,ASV_00284,0.48201438848920863,pos,Farm,IT2
ASV_00026,ASV_00290,0.527027027027027,pos,Farm,IT2
ASV_00026,ASV_00292,0.503448275862069,pos,Farm,IT2
ASV_00026,ASV_00294,0.5211267605633803,pos,Farm,IT2
ASV_00026,ASV_00296,0.5,pos,Farm,IT2
ASV_00026,ASV_00297,0.5035460992907801,pos,Farm,IT2
ASV_00026,ASV_00298,0.4962962962962963,pos,Farm,IT2
ASV_00026,ASV_00304,0.5238095238095238,pos,Farm,IT2
ASV_00026,ASV_00311,0.5347222222222222,pos,Farm,IT2
ASV_00026,ASV_00312,0.503448275862069,pos,Farm,IT2
ASV_00026,ASV_00315,0.48905109489051096,pos,Farm,IT2
ASV_00026,ASV_00325,0.5547445255474452,pos,Farm,IT2
ASV_00026,ASV_00333,0.5,pos,Farm,IT2
ASV_00026,ASV_00343,0.5357142857142857,pos,Farm,IT2
ASV_00026,ASV_00347,0.5244755244755245,pos,Farm,IT2
ASV_00026,ASV_00350,0.45255474452554745,pos,Farm,IT2
ASV_00026,ASV_00352,0.48936170212765956,pos,Farm,IT2
ASV_00026,ASV_00353,0.5107913669064749,pos,Farm,IT2
ASV_00026,ASV_00393,0.463768115942029,pos,Farm,IT2
ASV_00026,ASV_00422,0.49295774647887325,pos,Farm,IT2
ASV_00026,ASV_00425,0.49640287769784175,pos,Farm,IT2
ASV_00026,ASV_00428,0.4748201438848921,pos,Farm,IT2
ASV_00026,ASV_00429,0.4632352941176471,pos,Farm,IT2
ASV_00026,ASV_00437,0.5,pos,Farm,IT2
ASV_00026,ASV_00438,0.5035460992907801,pos,Farm,IT2
ASV_00026,ASV_00440,0.5072463768115942,pos,Farm,IT2
ASV_00026,ASV_00468,0.45864661654135336,pos,Farm,IT2
ASV_00026,ASV_00474,0.5211267605633803,pos,Farm,IT2
ASV_00026,ASV_00490,0.5342465753424658,pos,Farm,IT2
ASV_00026,ASV_00495,0.4748201438848921,pos,Farm,IT2
ASV_00026,ASV_00498,0.4962962962962963,pos,Farm,IT2
ASV_00026,ASV_00501,0.5285714285714286,pos,Farm,IT2
ASV_00026,ASV_00504,0.5379310344827586,pos,Farm,IT2
ASV_00026,ASV_00507,0.5106382978723404,pos,Farm,IT2
ASV_00026,ASV_00518,0.5205479452054794,pos,Farm,IT2
ASV_00026,ASV_00520,0.5211267605633803,pos,Farm,IT2
ASV_00026,ASV_00521,0.5172413793103449,pos,Farm,IT2
ASV_00026,ASV_00533,0.49645390070921985,pos,Farm,IT2
ASV_00026,ASV_00534,0.5342465753424658,pos,Farm,IT2
ASV_00026,ASV_00536,0.5673758865248227,pos,Farm,IT2
ASV_00026,ASV_00551,0.524822695035461,pos,Farm,IT2
ASV_00026,ASV_00556,0.4965034965034965,pos,Farm,IT2
ASV_00026,ASV_00561,0.54,pos,Farm,IT2
ASV_00026,ASV_00563,0.5,pos,Farm,IT2
ASV_00026,ASV_00571,0.5428571428571428,pos,Farm,IT2
ASV_00026,ASV_00572,0.5625,pos,Farm,IT2
ASV_00026,ASV_00581,0.4744525547445255,pos,Farm,IT2
ASV_00026,ASV_00594,0.5106382978723404,pos,Farm,IT2
ASV_00026,ASV_00611,0.5,pos,Farm,IT2
ASV_00026,ASV_00620,0.5174825174825175,pos,Farm,IT2
ASV_00026,ASV_00622,0.4744525547445255,pos,Farm,IT2
ASV_00026,ASV_00643,0.5,pos,Farm,IT2
ASV_00026,ASV_00651,0.5035460992907801,pos,Farm,IT2
ASV_00026,ASV_00654,0.48201438848920863,pos,Farm,IT2
ASV_00026,ASV_00666,0.5208333333333334,pos,Farm,IT2
ASV_00026,ASV_00671,0.5144927536231884,pos,Farm,IT2
ASV_00026,ASV_00673,0.5170068027210885,pos,Farm,IT2
ASV_00026,ASV_00679,0.5174825174825175,pos,Farm,IT2
ASV_00026,ASV_00687,0.5035460992907801,pos,Farm,IT2
ASV_00026,ASV_00714,0.4782608695652174,pos,Farm,IT2
ASV_00026,ASV_00718,0.4855072463768116,pos,Farm,IT2
ASV_00026,ASV_00726,0.5539568345323741,pos,Farm,IT2
ASV_00026,ASV_00772,0.5106382978723404,pos,Farm,IT2
ASV_00026,ASV_00808,0.5144927536231884,pos,Farm,IT2
ASV_00026,ASV_00809,0.5337837837837838,pos,Farm,IT2
ASV_00026,ASV_00815,0.5405405405405406,pos,Farm,IT2
ASV_00026,ASV_00891,0.547945205479452,pos,Farm,IT2
ASV_00026,ASV_00906,0.5342465753424658,pos,Farm,IT2
ASV_00026,ASV_00909,0.48226950354609927,pos,Farm,IT2
ASV_00026,ASV_00912,0.4744525547445255,pos,Farm,IT2
ASV_00026,ASV_01065,0.48201438848920863,pos,Farm,IT2
ASV_00026,ASV_01092,0.5205479452054794,pos,Farm,IT2
ASV_00026,ASV_01124,0.5106382978723404,pos,Farm,IT2
ASV_00026,ASV_01153,0.5072463768115942,pos,Farm,IT2
ASV_00026,ASV_01179,0.5,pos,Farm,IT2
ASV_00026,ASV_01288,0.5211267605633803,pos,Farm,IT2
ASV_00026,ASV_01458,0.49264705882352944,pos,Farm,IT2
ASV_00026,ASV_01459,0.5217391304347826,pos,Farm,IT2
ASV_00026,ASV_01941,0.5,pos,Farm,IT2
ASV_00026,ASV_02020,0.4859154929577465,pos,Farm,IT2
ASV_00028,ASV_00029,0.5,pos,Farm,IT2
ASV_00028,ASV_00035,0.5238095238095238,pos,Farm,IT2
ASV_00028,ASV_00047,0.5211267605633803,pos,Farm,IT2
ASV_00028,ASV_00052,0.5734265734265734,pos,Farm,IT2
ASV_00028,ASV_00055,0.5342465753424658,pos,Farm,IT2
ASV_00028,ASV_00057,0.5136986301369864,pos,Farm,IT2
ASV_00028,ASV_00059,0.5035971223021583,pos,Farm,IT2
ASV_00028,ASV_00061,0.5238095238095238,pos,Farm,IT2
ASV_00028,ASV_00065,0.547945205479452,pos,Farm,IT2
ASV_00028,ASV_00068,0.5379310344827586,pos,Farm,IT2
ASV_00028,ASV_00069,0.5289855072463768,pos,Farm,IT2
ASV_00028,ASV_00071,0.5319148936170213,pos,Farm,IT2
ASV_00028,ASV_00078,0.5390070921985816,pos,Farm,IT2
ASV_00028,ASV_00079,0.541095890410959,pos,Farm,IT2
ASV_00028,ASV_00097,0.5070422535211268,pos,Farm,IT2
ASV_00028,ASV_00103,0.5510204081632653,pos,Farm,IT2
ASV_00028,ASV_00119,0.5416666666666666,pos,Farm,IT2
ASV_00028,ASV_00125,0.5,pos,Farm,IT2
ASV_00028,ASV_00132,0.5069444444444444,pos,Farm,IT2
ASV_00028,ASV_00140,0.503448275862069,pos,Farm,IT2
ASV_00028,ASV_00144,0.5314685314685315,pos,Farm,IT2
ASV_00028,ASV_00150,0.5390070921985816,pos,Farm,IT2
ASV_00028,ASV_00151,0.5069444444444444,pos,Farm,IT2
ASV_00028,ASV_00154,0.5422535211267606,pos,Farm,IT2
ASV_00028,ASV_00156,0.5540540540540541,pos,Farm,IT2
ASV_00028,ASV_00158,0.5310344827586206,pos,Farm,IT2
ASV_00028,ASV_00161,0.5337837837837838,pos,Farm,IT2
ASV_00028,ASV_00162,0.5205479452054794,pos,Farm,IT2
ASV_00028,ASV_00165,0.5357142857142857,pos,Farm,IT2
ASV_00028,ASV_00166,0.5448275862068965,pos,Farm,IT2
ASV_00028,ASV_00172,0.5238095238095238,pos,Farm,IT2
ASV_00028,ASV_00183,0.541095890410959,pos,Farm,IT2
ASV_00028,ASV_00186,0.5238095238095238,pos,Farm,IT2
ASV_00028,ASV_00188,0.5405405405405406,pos,Farm,IT2
ASV_00028,ASV_00192,0.5205479452054794,pos,Farm,IT2
ASV_00028,ASV_00202,0.5323741007194245,pos,Farm,IT2
ASV_00028,ASV_00203,0.5379310344827586,pos,Farm,IT2
ASV_00028,ASV_00206,0.4965034965034965,pos,Farm,IT2
ASV_00028,ASV_00239,0.5714285714285714,pos,Farm,IT2
ASV_00028,ASV_00243,0.5342465753424658,pos,Farm,IT2
ASV_00028,ASV_00247,0.5241379310344828,pos,Farm,IT2
ASV_00028,ASV_00251,0.547945205479452,pos,Farm,IT2
ASV_00028,ASV_00253,0.5369127516778524,pos,Farm,IT2
ASV_00028,ASV_00272,0.5524475524475524,pos,Farm,IT2
ASV_00028,ASV_00282,0.5172413793103449,pos,Farm,IT2
ASV_00028,ASV_00293,0.5771812080536913,pos,Farm,IT2
ASV_00028,ASV_00299,0.5314685314685315,pos,Farm,IT2
ASV_00028,ASV_00305,0.5436241610738255,pos,Farm,IT2
ASV_00028,ASV_00311,0.5608108108108109,pos,Farm,IT2
ASV_00028,ASV_00312,0.5510204081632653,pos,Farm,IT2
ASV_00028,ASV_00318,0.5555555555555556,pos,Farm,IT2
ASV_00028,ASV_00334,0.5655172413793104,pos,Farm,IT2
ASV_00028,ASV_00340,0.54421768707483,pos,Farm,IT2
ASV_00028,ASV_00342,0.5205479452054794,pos,Farm,IT2
ASV_00028,ASV_00378,0.5540540540540541,pos,Farm,IT2
ASV_00028,ASV_00389,0.5555555555555556,pos,Farm,IT2
ASV_00028,ASV_00391,0.5,pos,Farm,IT2
ASV_00028,ASV_00397,0.5486111111111112,pos,Farm,IT2
ASV_00028,ASV_00406,0.5,pos,Farm,IT2
ASV_00028,ASV_00421,0.5586206896551724,pos,Farm,IT2
ASV_00028,ASV_00440,0.503448275862069,pos,Farm,IT2
ASV_00028,ASV_00458,0.5,pos,Farm,IT2
ASV_00028,ASV_00463,0.5547945205479452,pos,Farm,IT2
ASV_00028,ASV_00468,0.48905109489051096,pos,Farm,IT2
ASV_00028,ASV_00471,0.5342465753424658,pos,Farm,IT2
ASV_00028,ASV_00488,0.5503355704697986,pos,Farm,IT2
ASV_00028,ASV_00490,0.5704697986577181,pos,Farm,IT2
ASV_00028,ASV_00498,0.49295774647887325,pos,Farm,IT2
ASV_00028,ASV_00504,0.5533333333333333,pos,Farm,IT2
ASV_00028,ASV_00511,0.48951048951048953,pos,Farm,IT2
ASV_00028,ASV_00524,0.5611510791366906,pos,Farm,IT2
ASV_00028,ASV_00529,0.4965034965034965,pos,Farm,IT2
ASV_00028,ASV_00533,0.5136986301369864,pos,Farm,IT2
ASV_00028,ASV_00536,0.5503355704697986,pos,Farm,IT2
ASV_00028,ASV_00542,0.5570469798657718,pos,Farm,IT2
ASV_00028,ASV_00544,0.5136986301369864,pos,Farm,IT2
ASV_00028,ASV_00550,0.5405405405405406,pos,Farm,IT2
ASV_00028,ASV_00572,0.5771812080536913,pos,Farm,IT2
ASV_00028,ASV_00595,0.5103448275862069,pos,Farm,IT2
ASV_00028,ASV_00596,0.49295774647887325,pos,Farm,IT2
ASV_00028,ASV_00615,0.5357142857142857,pos,Farm,IT2
ASV_00028,ASV_00618,0.5416666666666666,pos,Farm,IT2
ASV_00028,ASV_00620,0.54421768707483,pos,Farm,IT2
ASV_00028,ASV_00635,0.5436241610738255,pos,Farm,IT2
ASV_00028,ASV_00638,0.5763888888888888,pos,Farm,IT2
ASV_00028,ASV_00643,0.5273972602739726,pos,Farm,IT2
ASV_00028,ASV_00651,0.5205479452054794,pos,Farm,IT2
ASV_00028,ASV_00654,0.5319148936170213,pos,Farm,IT2
ASV_00028,ASV_00656,0.5342465753424658,pos,Farm,IT2
ASV_00028,ASV_00671,0.5103448275862069,pos,Farm,IT2
ASV_00028,ASV_00686,0.5238095238095238,pos,Farm,IT2
ASV_00028,ASV_00687,0.5416666666666666,pos,Farm,IT2
ASV_00028,ASV_00714,0.5177304964539007,pos,Farm,IT2
ASV_00028,ASV_00718,0.5467625899280576,pos,Farm,IT2
ASV_00028,ASV_00757,0.5374149659863946,pos,Farm,IT2
ASV_00028,ASV_00778,0.5107913669064749,pos,Farm,IT2
ASV_00028,ASV_00789,0.5342465753424658,pos,Farm,IT2
ASV_00028,ASV_00793,0.5208333333333334,pos,Farm,IT2
ASV_00028,ASV_00801,0.5357142857142857,pos,Farm,IT2
ASV_00028,ASV_00807,0.5342465753424658,pos,Farm,IT2
ASV_00028,ASV_00808,0.5208333333333334,pos,Farm,IT2
ASV_00028,ASV_00815,0.5761589403973509,pos,Farm,IT2
ASV_00028,ASV_00848,0.5337837837837838,pos,Farm,IT2
ASV_00028,ASV_00865,0.5342465753424658,pos,Farm,IT2
ASV_00028,ASV_00880,0.5138888888888888,pos,Farm,IT2
ASV_00028,ASV_00984,0.5448275862068965,pos,Farm,IT2
ASV_00028,ASV_00987,0.5422535211267606,pos,Farm,IT2
ASV_00028,ASV_01023,0.5753424657534246,pos,Farm,IT2
ASV_00028,ASV_01090,0.5684931506849316,pos,Farm,IT2
ASV_00028,ASV_01153,0.503448275862069,pos,Farm,IT2
ASV_00028,ASV_01349,0.5273972602739726,pos,Farm,IT2
ASV_00028,ASV_02020,0.5347222222222222,pos,Farm,IT2
ASV_00028,ASV_02149,0.5069444444444444,pos,Farm,IT2
ASV_00029,ASV_00032,0.48936170212765956,pos,Farm,IT2
ASV_00029,ASV_00052,0.5,pos,Farm,IT2
ASV_00029,ASV_00057,0.48201438848920863,pos,Farm,IT2
ASV_00029,ASV_00071,0.5,pos,Farm,IT2
ASV_00029,ASV_00072,0.5138888888888888,pos,Farm,IT2
ASV_00029,ASV_00073,0.49640287769784175,pos,Farm,IT2
ASV_00029,ASV_00077,0.5072463768115942,pos,Farm,IT2
ASV_00029,ASV_00083,0.4676258992805755,pos,Farm,IT2
ASV_00029,ASV_00085,0.48226950354609927,pos,Farm,IT2
ASV_00029,ASV_00095,0.5107913669064749,pos,Farm,IT2
ASV_00029,ASV_00105,0.5072463768115942,pos,Farm,IT2
ASV_00029,ASV_00108,0.46923076923076923,pos,Farm,IT2
ASV_00029,ASV_00109,0.4859154929577465,pos,Farm,IT2
ASV_00029,ASV_00111,0.48120300751879697,pos,Farm,IT2
ASV_00029,ASV_00120,0.4928571428571429,pos,Farm,IT2
ASV_00029,ASV_00131,0.4748201438848921,pos,Farm,IT2
ASV_00029,ASV_00136,0.5,pos,Farm,IT2
ASV_00029,ASV_00140,0.47101449275362317,pos,Farm,IT2
ASV_00029,ASV_00146,0.5034965034965035,pos,Farm,IT2
ASV_00029,ASV_00147,0.4676258992805755,pos,Farm,IT2
ASV_00029,ASV_00152,0.5070422535211268,pos,Farm,IT2
ASV_00029,ASV_00155,0.4852941176470588,pos,Farm,IT2
ASV_00029,ASV_00158,0.4892086330935252,pos,Farm,IT2
ASV_00029,ASV_00159,0.5,pos,Farm,IT2
ASV_00029,ASV_00166,0.48226950354609927,pos,Farm,IT2
ASV_00029,ASV_00168,0.5,pos,Farm,IT2
ASV_00029,ASV_00170,0.5202702702702703,pos,Farm,IT2
ASV_00029,ASV_00192,0.5333333333333333,pos,Farm,IT2
ASV_00029,ASV_00200,0.4744525547445255,pos,Farm,IT2
ASV_00029,ASV_00206,0.4740740740740741,pos,Farm,IT2
ASV_00029,ASV_00213,0.496551724137931,pos,Farm,IT2
ASV_00029,ASV_00214,0.4892086330935252,pos,Farm,IT2
ASV_00029,ASV_00229,0.4785714285714286,pos,Farm,IT2
ASV_00029,ASV_00242,0.4552238805970149,pos,Farm,IT2
ASV_00029,ASV_00244,0.49640287769784175,pos,Farm,IT2
ASV_00029,ASV_00247,0.4714285714285714,pos,Farm,IT2
ASV_00029,ASV_00252,0.5147058823529411,pos,Farm,IT2
ASV_00029,ASV_00259,0.45864661654135336,pos,Farm,IT2
ASV_00029,ASV_00267,0.47794117647058826,pos,Farm,IT2
ASV_00029,ASV_00269,0.5306122448979592,pos,Farm,IT2
ASV_00029,ASV_00271,0.44696969696969696,pos,Farm,IT2
ASV_00029,ASV_00286,0.4857142857142857,pos,Farm,IT2
ASV_00029,ASV_00288,0.4965034965034965,pos,Farm,IT2
ASV_00029,ASV_00300,0.5103448275862069,pos,Farm,IT2
ASV_00029,ASV_00318,0.4928571428571429,pos,Farm,IT2
ASV_00029,ASV_00353,0.4855072463768116,pos,Farm,IT2
ASV_00029,ASV_00354,0.4855072463768116,pos,Farm,IT2
ASV_00029,ASV_00356,0.5140845070422535,pos,Farm,IT2
ASV_00029,ASV_00359,0.5190839694656488,pos,Farm,IT2
ASV_00029,ASV_00368,0.48201438848920863,pos,Farm,IT2
ASV_00029,ASV_00369,0.5035971223021583,pos,Farm,IT2
ASV_00029,ASV_00384,0.4785714285714286,pos,Farm,IT2
ASV_00029,ASV_00389,0.4928571428571429,pos,Farm,IT2
ASV_00029,ASV_00402,0.45185185185185184,pos,Farm,IT2
ASV_00029,ASV_00410,0.4892086330935252,pos,Farm,IT2
ASV_00029,ASV_00426,0.5342465753424658,pos,Farm,IT2
ASV_00029,ASV_00444,0.4857142857142857,pos,Farm,IT2
ASV_00029,ASV_00459,0.5,pos,Farm,IT2
ASV_00029,ASV_00460,0.48936170212765956,pos,Farm,IT2
ASV_00029,ASV_00486,0.5138888888888888,pos,Farm,IT2
ASV_00029,ASV_00488,0.5,pos,Farm,IT2
ASV_00029,ASV_00490,0.5208333333333334,pos,Farm,IT2
ASV_00029,ASV_00496,0.4928571428571429,pos,Farm,IT2
ASV_00029,ASV_00498,0.48120300751879697,pos,Farm,IT2
ASV_00029,ASV_00512,0.528169014084507,pos,Farm,IT2
ASV_00029,ASV_00513,0.5333333333333333,pos,Farm,IT2
ASV_00029,ASV_00518,0.528169014084507,pos,Farm,IT2
ASV_00029,ASV_00533,0.48201438848920863,pos,Farm,IT2
ASV_00029,ASV_00536,0.5539568345323741,pos,Farm,IT2
ASV_00029,ASV_00543,0.4859154929577465,pos,Farm,IT2
ASV_00029,ASV_00561,0.5374149659863946,pos,Farm,IT2
ASV_00029,ASV_00563,0.49645390070921985,pos,Farm,IT2
ASV_00029,ASV_00566,0.4785714285714286,pos,Farm,IT2
ASV_00029,ASV_00587,0.4676258992805755,pos,Farm,IT2
ASV_00029,ASV_00594,0.4857142857142857,pos,Farm,IT2
ASV_00029,ASV_00618,0.5,pos,Farm,IT2
ASV_00029,ASV_00635,0.5034965034965035,pos,Farm,IT2
ASV_00029,ASV_00636,0.5524475524475524,pos,Farm,IT2
ASV_00029,ASV_00651,0.4892086330935252,pos,Farm,IT2
ASV_00029,ASV_00668,0.4782608695652174,pos,Farm,IT2
ASV_00029,ASV_00721,0.4632352941176471,pos,Farm,IT2
ASV_00029,ASV_00732,0.4855072463768116,pos,Farm,IT2
ASV_00029,ASV_00755,0.5069444444444444,pos,Farm,IT2
ASV_00029,ASV_00772,0.5407407407407407,pos,Farm,IT2
ASV_00029,ASV_00807,0.4928571428571429,pos,Farm,IT2
ASV_00029,ASV_00843,0.5035460992907801,pos,Farm,IT2
ASV_00029,ASV_00909,0.4782608695652174,pos,Farm,IT2
ASV_00029,ASV_00958,0.4892086330935252,pos,Farm,IT2
ASV_00029,ASV_00984,0.4928571428571429,pos,Farm,IT2
ASV_00029,ASV_00987,0.48905109489051096,pos,Farm,IT2
ASV_00029,ASV_01023,0.5034965034965035,pos,Farm,IT2
ASV_00029,ASV_01253,0.5072463768115942,pos,Farm,IT2
ASV_00029,ASV_01276,0.47794117647058826,pos,Farm,IT2
ASV_00029,ASV_01288,0.5179856115107914,pos,Farm,IT2
ASV_00029,ASV_01342,0.5103448275862069,pos,Farm,IT2
ASV_00029,ASV_01368,0.4857142857142857,pos,Farm,IT2
ASV_00029,ASV_01491,0.5447761194029851,pos,Farm,IT2
ASV_00029,ASV_01512,0.4740740740740741,pos,Farm,IT2
ASV_00029,ASV_01578,0.5035971223021583,pos,Farm,IT2
ASV_00029,ASV_02332,0.48951048951048953,pos,Farm,IT2
ASV_00030,ASV_00037,0.5205479452054794,pos,Farm,IT2
ASV_00030,ASV_00040,0.5103448275862069,pos,Farm,IT2
ASV_00030,ASV_00046,0.5555555555555556,pos,Farm,IT2
ASV_00030,ASV_00047,0.5208333333333334,pos,Farm,IT2
ASV_00030,ASV_00048,0.5616438356164384,pos,Farm,IT2
ASV_00030,ASV_00053,0.5405405405405406,pos,Farm,IT2
ASV_00030,ASV_00057,0.5555555555555556,pos,Farm,IT2
ASV_00030,ASV_00059,0.4825174825174825,pos,Farm,IT2
ASV_00030,ASV_00060,0.55,pos,Farm,IT2
ASV_00030,ASV_00063,0.5241379310344828,pos,Farm,IT2
ASV_00030,ASV_00065,0.5472972972972973,pos,Farm,IT2
ASV_00030,ASV_00068,0.527027027027027,pos,Farm,IT2
ASV_00030,ASV_00069,0.5070422535211268,pos,Farm,IT2
ASV_00030,ASV_00071,0.5103448275862069,pos,Farm,IT2
ASV_00030,ASV_00073,0.5586206896551724,pos,Farm,IT2
ASV_00030,ASV_00076,0.5616438356164384,pos,Farm,IT2
ASV_00030,ASV_00077,0.547945205479452,pos,Farm,IT2
ASV_00030,ASV_00081,0.5104895104895105,pos,Farm,IT2
ASV_00030,ASV_00085,0.5763888888888888,pos,Farm,IT2
ASV_00030,ASV_00089,0.5510204081632653,pos,Farm,IT2
ASV_00030,ASV_00093,0.5510204081632653,pos,Farm,IT2
ASV_00030,ASV_00098,0.5306122448979592,pos,Farm,IT2
ASV_00030,ASV_00099,0.5675675675675675,pos,Farm,IT2
ASV_00030,ASV_00100,0.5238095238095238,pos,Farm,IT2
ASV_00030,ASV_00101,0.5310344827586206,pos,Farm,IT2
ASV_00030,ASV_00102,0.5771812080536913,pos,Farm,IT2
ASV_00030,ASV_00103,0.5503355704697986,pos,Farm,IT2
ASV_00030,ASV_00104,0.5563380281690141,pos,Farm,IT2
ASV_00030,ASV_00105,0.527027027027027,pos,Farm,IT2
ASV_00030,ASV_00107,0.5273972602739726,pos,Farm,IT2
ASV_00030,ASV_00108,0.48226950354609927,pos,Farm,IT2
ASV_00030,ASV_00113,0.5602836879432624,pos,Farm,IT2
ASV_00030,ASV_00118,0.5684931506849316,pos,Farm,IT2
ASV_00030,ASV_00119,0.5306122448979592,pos,Farm,IT2
ASV_00030,ASV_00125,0.5208333333333334,pos,Farm,IT2
ASV_00030,ASV_00127,0.5833333333333334,pos,Farm,IT2
ASV_00030,ASV_00129,0.5238095238095238,pos,Farm,IT2
ASV_00030,ASV_00131,0.5273972602739726,pos,Farm,IT2
ASV_00030,ASV_00132,0.5384615384615384,pos,Farm,IT2
ASV_00030,ASV_00140,0.5454545454545454,pos,Farm,IT2
ASV_00030,ASV_00141,0.5454545454545454,pos,Farm,IT2
ASV_00030,ASV_00147,0.5205479452054794,pos,Farm,IT2
ASV_00030,ASV_00148,0.6206896551724138,pos,Farm,IT2
ASV_00030,ASV_00150,0.5172413793103449,pos,Farm,IT2
ASV_00030,ASV_00153,0.5594405594405595,pos,Farm,IT2
ASV_00030,ASV_00155,0.5384615384615384,pos,Farm,IT2
ASV_00030,ASV_00159,0.5724137931034483,pos,Farm,IT2
ASV_00030,ASV_00161,0.5436241610738255,pos,Farm,IT2
ASV_00030,ASV_00171,0.5540540540540541,pos,Farm,IT2
ASV_00030,ASV_00172,0.5547945205479452,pos,Farm,IT2
ASV_00030,ASV_00177,0.5714285714285714,pos,Farm,IT2
ASV_00030,ASV_00181,0.5753424657534246,pos,Farm,IT2
ASV_00030,ASV_00186,0.5337837837837838,pos,Farm,IT2
ASV_00030,ASV_00187,0.5625,pos,Farm,IT2
ASV_00030,ASV_00196,0.5138888888888888,pos,Farm,IT2
ASV_00030,ASV_00198,0.5448275862068965,pos,Farm,IT2
ASV_00030,ASV_00199,0.5,pos,Farm,IT2
ASV_00030,ASV_00208,0.5379310344827586,pos,Farm,IT2
ASV_00030,ASV_00212,0.5342465753424658,pos,Farm,IT2
ASV_00030,ASV_00214,0.5306122448979592,pos,Farm,IT2
ASV_00030,ASV_00216,0.5273972602739726,pos,Farm,IT2
ASV_00030,ASV_00218,0.527027027027027,pos,Farm,IT2
ASV_00030,ASV_00221,0.5379310344827586,pos,Farm,IT2
ASV_00030,ASV_00233,0.5673758865248227,pos,Farm,IT2
ASV_00030,ASV_00238,0.5616438356164384,pos,Farm,IT2
ASV_00030,ASV_00243,0.5547945205479452,pos,Farm,IT2
ASV_00030,ASV_00244,0.527027027027027,pos,Farm,IT2
ASV_00030,ASV_00246,0.5436241610738255,pos,Farm,IT2
ASV_00030,ASV_00250,0.5472972972972973,pos,Farm,IT2
ASV_00030,ASV_00251,0.5684931506849316,pos,Farm,IT2
ASV_00030,ASV_00252,0.5342465753424658,pos,Farm,IT2
ASV_00030,ASV_00253,0.6,pos,Farm,IT2
ASV_00030,ASV_00262,0.5436241610738255,pos,Farm,IT2
ASV_00030,ASV_00263,0.5570469798657718,pos,Farm,IT2
ASV_00030,ASV_00265,0.5136986301369864,pos,Farm,IT2
ASV_00030,ASV_00271,0.47183098591549294,pos,Farm,IT2
ASV_00030,ASV_00273,0.54421768707483,pos,Farm,IT2
ASV_00030,ASV_00275,0.5771812080536913,pos,Farm,IT2
ASV_00030,ASV_00280,0.5310344827586206,pos,Farm,IT2
ASV_00030,ASV_00282,0.5379310344827586,pos,Farm,IT2
ASV_00030,ASV_00284,0.5103448275862069,pos,Farm,IT2
ASV_00030,ASV_00286,0.5915492957746479,pos,Farm,IT2
ASV_00030,ASV_00288,0.5782312925170068,pos,Farm,IT2
ASV_00030,ASV_00290,0.6482758620689655,pos,Farm,IT2
ASV_00030,ASV_00291,0.5174825174825175,pos,Farm,IT2
ASV_00030,ASV_00292,0.5714285714285714,pos,Farm,IT2
ASV_00030,ASV_00293,0.5761589403973509,pos,Farm,IT2
ASV_00030,ASV_00294,0.5578231292517006,pos,Farm,IT2
ASV_00030,ASV_00295,0.5510204081632653,pos,Farm,IT2
ASV_00030,ASV_00296,0.5174825174825175,pos,Farm,IT2
ASV_00030,ASV_00299,0.5205479452054794,pos,Farm,IT2
ASV_00030,ASV_00300,0.5695364238410596,pos,Farm,IT2
ASV_00030,ASV_00304,0.5695364238410596,pos,Farm,IT2
ASV_00030,ASV_00307,0.5563380281690141,pos,Farm,IT2
ASV_00030,ASV_00311,0.581081081081081,pos,Farm,IT2
ASV_00030,ASV_00312,0.5821917808219178,pos,Farm,IT2
ASV_00030,ASV_00317,0.5664335664335665,pos,Farm,IT2
ASV_00030,ASV_00318,0.5337837837837838,pos,Farm,IT2
ASV_00030,ASV_00320,0.5103448275862069,pos,Farm,IT2
ASV_00030,ASV_00327,0.5524475524475524,pos,Farm,IT2
ASV_00030,ASV_00328,0.5578231292517006,pos,Farm,IT2
ASV_00030,ASV_00333,0.5472972972972973,pos,Farm,IT2
ASV_00030,ASV_00336,0.5625,pos,Farm,IT2
ASV_00030,ASV_00343,0.5405405405405406,pos,Farm,IT2
ASV_00030,ASV_00347,0.593103448275862,pos,Farm,IT2
ASV_00030,ASV_00353,0.5379310344827586,pos,Farm,IT2
ASV_00030,ASV_00354,0.5273972602739726,pos,Farm,IT2
ASV_00030,ASV_00356,0.5533333333333333,pos,Farm,IT2
ASV_00030,ASV_00361,0.5608108108108109,pos,Farm,IT2
ASV_00030,ASV_00365,0.541095890410959,pos,Farm,IT2
ASV_00030,ASV_00377,0.503448275862069,pos,Farm,IT2
ASV_00030,ASV_00390,0.5733333333333334,pos,Farm,IT2
ASV_00030,ASV_00391,0.5208333333333334,pos,Farm,IT2
ASV_00030,ASV_00393,0.5034965034965035,pos,Farm,IT2
ASV_00030,ASV_00400,0.5436241610738255,pos,Farm,IT2
ASV_00030,ASV_00402,0.4965034965034965,pos,Farm,IT2
ASV_00030,ASV_00406,0.5103448275862069,pos,Farm,IT2
ASV_00030,ASV_00409,0.5277777777777778,pos,Farm,IT2
ASV_00030,ASV_00422,0.5734265734265734,pos,Farm,IT2
ASV_00030,ASV_00425,0.5241379310344828,pos,Farm,IT2
ASV_00030,ASV_00441,0.5205479452054794,pos,Farm,IT2
ASV_00030,ASV_00444,0.5586206896551724,pos,Farm,IT2
ASV_00030,ASV_00447,0.5503355704697986,pos,Farm,IT2
ASV_00030,ASV_00452,0.5136986301369864,pos,Farm,IT2
ASV_00030,ASV_00463,0.5753424657534246,pos,Farm,IT2
ASV_00030,ASV_00482,0.6266666666666667,pos,Farm,IT2
ASV_00030,ASV_00485,0.5472972972972973,pos,Farm,IT2
ASV_00030,ASV_00490,0.5695364238410596,pos,Farm,IT2
ASV_00030,ASV_00494,0.5586206896551724,pos,Farm,IT2
ASV_00030,ASV_00504,0.5838926174496645,pos,Farm,IT2
ASV_00030,ASV_00513,0.541095890410959,pos,Farm,IT2
ASV_00030,ASV_00514,0.5960264900662252,pos,Farm,IT2
ASV_00030,ASV_00518,0.5986394557823129,pos,Farm,IT2
ASV_00030,ASV_00521,0.5637583892617449,pos,Farm,IT2
ASV_00030,ASV_00524,0.5277777777777778,pos,Farm,IT2
ASV_00030,ASV_00528,0.5205479452054794,pos,Farm,IT2
ASV_00030,ASV_00533,0.5238095238095238,pos,Farm,IT2
ASV_00030,ASV_00536,0.5918367346938775,pos,Farm,IT2
ASV_00030,ASV_00542,0.5666666666666667,pos,Farm,IT2
ASV_00030,ASV_00543,0.5578231292517006,pos,Farm,IT2
ASV_00030,ASV_00544,0.5342465753424658,pos,Farm,IT2
ASV_00030,ASV_00548,0.528169014084507,pos,Farm,IT2
ASV_00030,ASV_00551,0.5510204081632653,pos,Farm,IT2
ASV_00030,ASV_00566,0.541095890410959,pos,Farm,IT2
ASV_00030,ASV_00570,0.5103448275862069,pos,Farm,IT2
ASV_00030,ASV_00572,0.5761589403973509,pos,Farm,IT2
ASV_00030,ASV_00581,0.4930555555555556,pos,Farm,IT2
ASV_00030,ASV_00587,0.5524475524475524,pos,Farm,IT2
ASV_00030,ASV_00592,0.5804195804195804,pos,Farm,IT2
ASV_00030,ASV_00594,0.547945205479452,pos,Farm,IT2
ASV_00030,ASV_00596,0.5034965034965035,pos,Farm,IT2
ASV_00030,ASV_00611,0.5578231292517006,pos,Farm,IT2
ASV_00030,ASV_00612,0.5436241610738255,pos,Farm,IT2
ASV_00030,ASV_00613,0.5467625899280576,pos,Farm,IT2
ASV_00030,ASV_00628,0.5815602836879432,pos,Farm,IT2
ASV_00030,ASV_00636,0.5789473684210527,pos,Farm,IT2
ASV_00030,ASV_00643,0.5586206896551724,pos,Farm,IT2
ASV_00030,ASV_00645,0.5352112676056338,pos,Farm,IT2
ASV_00030,ASV_00651,0.5517241379310345,pos,Farm,IT2
ASV_00030,ASV_00654,0.5422535211267606,pos,Farm,IT2
ASV_00030,ASV_00662,0.5241379310344828,pos,Farm,IT2
ASV_00030,ASV_00665,0.503448275862069,pos,Farm,IT2
ASV_00030,ASV_00666,0.5466666666666666,pos,Farm,IT2
ASV_00030,ASV_00671,0.5524475524475524,pos,Farm,IT2
ASV_00030,ASV_00676,0.56,pos,Farm,IT2
ASV_00030,ASV_00686,0.5337837837837838,pos,Farm,IT2
ASV_00030,ASV_00697,0.5103448275862069,pos,Farm,IT2
ASV_00030,ASV_00714,0.528169014084507,pos,Farm,IT2
ASV_00030,ASV_00718,0.5244755244755245,pos,Farm,IT2
ASV_00030,ASV_00721,0.5069444444444444,pos,Farm,IT2
ASV_00030,ASV_00732,0.5273972602739726,pos,Farm,IT2
ASV_00030,ASV_00757,0.5472972972972973,pos,Farm,IT2
ASV_00030,ASV_00760,0.5533333333333333,pos,Farm,IT2
ASV_00030,ASV_00772,0.5804195804195804,pos,Farm,IT2
ASV_00030,ASV_00789,0.5337837837837838,pos,Farm,IT2
ASV_00030,ASV_00798,0.5608108108108109,pos,Farm,IT2
ASV_00030,ASV_00801,0.5138888888888888,pos,Farm,IT2
ASV_00030,ASV_00806,0.5466666666666666,pos,Farm,IT2
ASV_00030,ASV_00807,0.5655172413793104,pos,Farm,IT2
ASV_00030,ASV_00809,0.6,pos,Farm,IT2
ASV_00030,ASV_00821,0.5405405405405406,pos,Farm,IT2
ASV_00030,ASV_00829,0.5238095238095238,pos,Farm,IT2
ASV_00030,ASV_00865,0.5547945205479452,pos,Farm,IT2
ASV_00030,ASV_00873,0.503448275862069,pos,Farm,IT2
ASV_00030,ASV_00880,0.5136986301369864,pos,Farm,IT2
ASV_00030,ASV_00890,0.5724137931034483,pos,Farm,IT2
ASV_00030,ASV_00909,0.5205479452054794,pos,Farm,IT2
ASV_00030,ASV_00912,0.524822695035461,pos,Farm,IT2
ASV_00030,ASV_00924,0.5177304964539007,pos,Farm,IT2
ASV_00030,ASV_00959,0.527027027027027,pos,Farm,IT2
ASV_00030,ASV_00966,0.4930555555555556,pos,Farm,IT2
ASV_00030,ASV_00984,0.5763888888888888,pos,Farm,IT2
ASV_00030,ASV_00989,0.4930555555555556,pos,Farm,IT2
ASV_00030,ASV_01023,0.5743243243243243,pos,Farm,IT2
ASV_00030,ASV_01087,0.5510204081632653,pos,Farm,IT2
ASV_00030,ASV_01092,0.5666666666666667,pos,Farm,IT2
ASV_00030,ASV_01249,0.5416666666666666,pos,Farm,IT2
ASV_00030,ASV_01250,0.56,pos,Farm,IT2
ASV_00030,ASV_01253,0.527027027027027,pos,Farm,IT2
ASV_00030,ASV_01267,0.5342465753424658,pos,Farm,IT2
ASV_00030,ASV_01385,0.5342465753424658,pos,Farm,IT2
ASV_00030,ASV_01458,0.5211267605633803,pos,Farm,IT2
ASV_00030,ASV_01459,0.5273972602739726,pos,Farm,IT2
ASV_00030,ASV_01491,0.5306122448979592,pos,Farm,IT2
ASV_00030,ASV_01508,0.5466666666666666,pos,Farm,IT2
ASV_00030,ASV_01541,0.5833333333333334,pos,Farm,IT2
ASV_00030,ASV_02332,0.5503355704697986,pos,Farm,IT2
ASV_00031,ASV_00034,0.48936170212765956,pos,Farm,IT2
ASV_00031,ASV_00041,0.5034965034965035,pos,Farm,IT2
ASV_00031,ASV_00042,0.5034965034965035,pos,Farm,IT2
ASV_00031,ASV_00046,0.48936170212765956,pos,Farm,IT2
ASV_00031,ASV_00049,0.5034965034965035,pos,Farm,IT2
ASV_00031,ASV_00050,0.5306122448979592,pos,Farm,IT2
ASV_00031,ASV_00055,0.5,pos,Farm,IT2
ASV_00031,ASV_00058,0.5,pos,Farm,IT2
ASV_00031,ASV_00071,0.49635036496350365,pos,Farm,IT2
ASV_00031,ASV_00078,0.5147058823529411,pos,Farm,IT2
ASV_00031,ASV_00079,0.4965034965034965,pos,Farm,IT2
ASV_00031,ASV_00084,0.5172413793103449,pos,Farm,IT2
ASV_00031,ASV_00087,0.5,pos,Farm,IT2
ASV_00031,ASV_00092,0.5217391304347826,pos,Farm,IT2
ASV_00031,ASV_00095,0.5070422535211268,pos,Farm,IT2
ASV_00031,ASV_00097,0.47101449275362317,pos,Farm,IT2
ASV_00031,ASV_00098,0.4859154929577465,pos,Farm,IT2
ASV_00031,ASV_00101,0.4857142857142857,pos,Farm,IT2
ASV_00031,ASV_00111,0.46715328467153283,pos,Farm,IT2
ASV_00031,ASV_00113,0.48201438848920863,pos,Farm,IT2
ASV_00031,ASV_00117,0.47101449275362317,pos,Farm,IT2
ASV_00031,ASV_00118,0.5357142857142857,pos,Farm,IT2
ASV_00031,ASV_00119,0.5071428571428571,pos,Farm,IT2
ASV_00031,ASV_00122,0.5294117647058824,pos,Farm,IT2
ASV_00031,ASV_00131,0.4928571428571429,pos,Farm,IT2
ASV_00031,ASV_00144,0.4857142857142857,pos,Farm,IT2
ASV_00031,ASV_00147,0.4857142857142857,pos,Farm,IT2
ASV_00031,ASV_00151,0.48201438848920863,pos,Farm,IT2
ASV_00031,ASV_00152,0.503448275862069,pos,Farm,IT2
ASV_00031,ASV_00157,0.5104895104895105,pos,Farm,IT2
ASV_00031,ASV_00158,0.49645390070921985,pos,Farm,IT2
ASV_00031,ASV_00160,0.4928571428571429,pos,Farm,IT2
ASV_00031,ASV_00163,0.48201438848920863,pos,Farm,IT2
ASV_00031,ASV_00164,0.4785714285714286,pos,Farm,IT2
ASV_00031,ASV_00166,0.5106382978723404,pos,Farm,IT2
ASV_00031,ASV_00172,0.5106382978723404,pos,Farm,IT2
ASV_00031,ASV_00176,0.5,pos,Farm,IT2
ASV_00031,ASV_00182,0.528169014084507,pos,Farm,IT2
ASV_00031,ASV_00188,0.5174825174825175,pos,Farm,IT2
ASV_00031,ASV_00189,0.49640287769784175,pos,Farm,IT2
ASV_00031,ASV_00193,0.5034965034965035,pos,Farm,IT2
ASV_00031,ASV_00198,0.5,pos,Farm,IT2
ASV_00031,ASV_00200,0.4927536231884058,pos,Farm,IT2
ASV_00031,ASV_00210,0.5241379310344828,pos,Farm,IT2
ASV_00031,ASV_00214,0.4859154929577465,pos,Farm,IT2
ASV_00031,ASV_00218,0.5035460992907801,pos,Farm,IT2
ASV_00031,ASV_00228,0.5185185185185185,pos,Farm,IT2
ASV_00031,ASV_00231,0.5,pos,Farm,IT2
ASV_00031,ASV_00232,0.5069444444444444,pos,Farm,IT2
ASV_00031,ASV_00233,0.4785714285714286,pos,Farm,IT2
ASV_00031,ASV_00247,0.48936170212765956,pos,Farm,IT2
ASV_00031,ASV_00279,0.49264705882352944,pos,Farm,IT2
ASV_00031,ASV_00283,0.5390070921985816,pos,Farm,IT2
ASV_00031,ASV_00291,0.49264705882352944,pos,Farm,IT2
ASV_00031,ASV_00292,0.5174825174825175,pos,Farm,IT2
ASV_00031,ASV_00294,0.524822695035461,pos,Farm,IT2
ASV_00031,ASV_00295,0.5070422535211268,pos,Farm,IT2
ASV_00031,ASV_00299,0.4857142857142857,pos,Farm,IT2
ASV_00031,ASV_00305,0.5103448275862069,pos,Farm,IT2
ASV_00031,ASV_00307,0.4785714285714286,pos,Farm,IT2
ASV_00031,ASV_00312,0.5174825174825175,pos,Farm,IT2
ASV_00031,ASV_00318,0.5,pos,Farm,IT2
ASV_00031,ASV_00320,0.4748201438848921,pos,Farm,IT2
ASV_00031,ASV_00327,0.49640287769784175,pos,Farm,IT2
ASV_00031,ASV_00331,0.5234899328859061,pos,Farm,IT2
ASV_00031,ASV_00333,0.5034965034965035,pos,Farm,IT2
ASV_00031,ASV_00336,0.49645390070921985,pos,Farm,IT2
ASV_00031,ASV_00339,0.4855072463768116,pos,Farm,IT2
ASV_00031,ASV_00352,0.5035971223021583,pos,Farm,IT2
ASV_00031,ASV_00355,0.4965034965034965,pos,Farm,IT2
ASV_00031,ASV_00357,0.5259259259259259,pos,Farm,IT2
ASV_00031,ASV_00369,0.5323741007194245,pos,Farm,IT2
ASV_00031,ASV_00376,0.5069444444444444,pos,Farm,IT2
ASV_00031,ASV_00378,0.5103448275862069,pos,Farm,IT2
ASV_00031,ASV_00381,0.4785714285714286,pos,Farm,IT2
ASV_00031,ASV_00384,0.5179856115107914,pos,Farm,IT2
ASV_00031,ASV_00389,0.5106382978723404,pos,Farm,IT2
ASV_00031,ASV_00398,0.5034965034965035,pos,Farm,IT2
ASV_00031,ASV_00400,0.5,pos,Farm,IT2
ASV_00031,ASV_00407,0.4928571428571429,pos,Farm,IT2
ASV_00031,ASV_00411,0.5214285714285715,pos,Farm,IT2
ASV_00031,ASV_00415,0.49295774647887325,pos,Farm,IT2
ASV_00031,ASV_00418,0.48226950354609927,pos,Farm,IT2
ASV_00031,ASV_00438,0.4859154929577465,pos,Farm,IT2
ASV_00031,ASV_00440,0.5447761194029851,pos,Farm,IT2
ASV_00031,ASV_00443,0.4785714285714286,pos,Farm,IT2
ASV_00031,ASV_00453,0.539568345323741,pos,Farm,IT2
ASV_00031,ASV_00458,0.5073529411764706,pos,Farm,IT2
ASV_00031,ASV_00463,0.5,pos,Farm,IT2
ASV_00031,ASV_00468,0.4732824427480916,pos,Farm,IT2
ASV_00031,ASV_00474,0.5140845070422535,pos,Farm,IT2
ASV_00031,ASV_00485,0.5357142857142857,pos,Farm,IT2
ASV_00031,ASV_00488,0.5277777777777778,pos,Farm,IT2
ASV_00031,ASV_00493,0.5208333333333334,pos,Farm,IT2
ASV_00031,ASV_00495,0.4676258992805755,pos,Farm,IT2
ASV_00031,ASV_00501,0.5,pos,Farm,IT2
ASV_00031,ASV_00506,0.5147058823529411,pos,Farm,IT2
ASV_00031,ASV_00508,0.4857142857142857,pos,Farm,IT2
ASV_00031,ASV_00511,0.463768115942029,pos,Farm,IT2
ASV_00031,ASV_00514,0.5547945205479452,pos,Farm,IT2
ASV_00031,ASV_00517,0.4785714285714286,pos,Farm,IT2
ASV_00031,ASV_00528,0.5294117647058824,pos,Farm,IT2
ASV_00031,ASV_00530,0.5035460992907801,pos,Farm,IT2
ASV_00031,ASV_00534,0.5170068027210885,pos,Farm,IT2
ASV_00031,ASV_00536,0.5602836879432624,pos,Farm,IT2
ASV_00031,ASV_00542,0.5241379310344828,pos,Farm,IT2
ASV_00031,ASV_00563,0.5140845070422535,pos,Farm,IT2
ASV_00031,ASV_00566,0.4859154929577465,pos,Farm,IT2
ASV_00031,ASV_00576,0.5107913669064749,pos,Farm,IT2
ASV_00031,ASV_00612,0.5104895104895105,pos,Farm,IT2
ASV_00031,ASV_00615,0.5111111111111111,pos,Farm,IT2
ASV_00031,ASV_00620,0.5104895104895105,pos,Farm,IT2
ASV_00031,ASV_00622,0.4888888888888889,pos,Farm,IT2
ASV_00031,ASV_00630,0.5037037037037037,pos,Farm,IT2
ASV_00031,ASV_00645,0.4782608695652174,pos,Farm,IT2
ASV_00031,ASV_00654,0.4748201438848921,pos,Farm,IT2
ASV_00031,ASV_00673,0.5205479452054794,pos,Farm,IT2
ASV_00031,ASV_00679,0.5,pos,Farm,IT2
ASV_00031,ASV_00686,0.5,pos,Farm,IT2
ASV_00031,ASV_00687,0.49645390070921985,pos,Farm,IT2
ASV_00031,ASV_00709,0.5179856115107914,pos,Farm,IT2
ASV_00031,ASV_00718,0.4676258992805755,pos,Farm,IT2
ASV_00031,ASV_00727,0.4785714285714286,pos,Farm,IT2
ASV_00031,ASV_00728,0.463768115942029,pos,Farm,IT2
ASV_00031,ASV_00757,0.5467625899280576,pos,Farm,IT2
ASV_00031,ASV_00758,0.4965034965034965,pos,Farm,IT2
ASV_00031,ASV_00772,0.49295774647887325,pos,Farm,IT2
ASV_00031,ASV_00781,0.49645390070921985,pos,Farm,IT2
ASV_00031,ASV_00782,0.5289855072463768,pos,Farm,IT2
ASV_00031,ASV_00798,0.5069444444444444,pos,Farm,IT2
ASV_00031,ASV_00807,0.5661764705882353,pos,Farm,IT2
ASV_00031,ASV_00815,0.5337837837837838,pos,Farm,IT2
ASV_00031,ASV_00829,0.5217391304347826,pos,Farm,IT2
ASV_00031,ASV_00842,0.49635036496350365,pos,Farm,IT2
ASV_00031,ASV_00845,0.47101449275362317,pos,Farm,IT2
ASV_00031,ASV_00891,0.541095890410959,pos,Farm,IT2
ASV_00031,ASV_00931,0.4857142857142857,pos,Farm,IT2
ASV_00031,ASV_00958,0.4859154929577465,pos,Farm,IT2
ASV_00031,ASV_00989,0.46715328467153283,pos,Farm,IT2
ASV_00031,ASV_01065,0.5073529411764706,pos,Farm,IT2
ASV_00031,ASV_01152,0.48936170212765956,pos,Farm,IT2
ASV_00031,ASV_01204,0.5103448275862069,pos,Farm,IT2
ASV_00031,ASV_01288,0.5034965034965035,pos,Farm,IT2
ASV_00031,ASV_01349,0.49295774647887325,pos,Farm,IT2
ASV_00031,ASV_01459,0.4928571428571429,pos,Farm,IT2
ASV_00031,ASV_01491,0.4859154929577465,pos,Farm,IT2
ASV_00031,ASV_01508,0.5138888888888888,pos,Farm,IT2
ASV_00031,ASV_02020,0.5217391304347826,pos,Farm,IT2
ASV_00032,ASV_00033,0.48226950354609927,pos,Farm,IT2
ASV_00032,ASV_00037,0.5,pos,Farm,IT2
ASV_00032,ASV_00043,0.5104895104895105,pos,Farm,IT2
ASV_00032,ASV_00050,0.5533333333333333,pos,Farm,IT2
ASV_00032,ASV_00052,0.5310344827586206,pos,Farm,IT2
ASV_00032,ASV_00057,0.5460992907801419,pos,Farm,IT2
ASV_00032,ASV_00065,0.5273972602739726,pos,Farm,IT2
ASV_00032,ASV_00071,0.5,pos,Farm,IT2
ASV_00032,ASV_00072,0.5540540540540541,pos,Farm,IT2
ASV_00032,ASV_00080,0.5517241379310345,pos,Farm,IT2
ASV_00032,ASV_00085,0.5241379310344828,pos,Farm,IT2
ASV_00032,ASV_00086,0.5205479452054794,pos,Farm,IT2
ASV_00032,ASV_00093,0.5205479452054794,pos,Farm,IT2
ASV_00032,ASV_00095,0.5310344827586206,pos,Farm,IT2
ASV_00032,ASV_00096,0.5136986301369864,pos,Farm,IT2
ASV_00032,ASV_00100,0.5460992907801419,pos,Farm,IT2
ASV_00032,ASV_00101,0.5,pos,Farm,IT2
ASV_00032,ASV_00102,0.5472972972972973,pos,Farm,IT2
ASV_00032,ASV_00104,0.5693430656934306,pos,Farm,IT2
ASV_00032,ASV_00108,0.5037037037037037,pos,Farm,IT2
ASV_00032,ASV_00111,0.5255474452554745,pos,Farm,IT2
ASV_00032,ASV_00113,0.4965034965034965,pos,Farm,IT2
ASV_00032,ASV_00115,0.49640287769784175,pos,Farm,IT2
ASV_00032,ASV_00117,0.5071428571428571,pos,Farm,IT2
ASV_00032,ASV_00123,0.49640287769784175,pos,Farm,IT2
ASV_00032,ASV_00128,0.5436241610738255,pos,Farm,IT2
ASV_00032,ASV_00131,0.5390070921985816,pos,Farm,IT2
ASV_00032,ASV_00132,0.5177304964539007,pos,Farm,IT2
ASV_00032,ASV_00133,0.5174825174825175,pos,Farm,IT2
ASV_00032,ASV_00142,0.5492957746478874,pos,Farm,IT2
ASV_00032,ASV_00146,0.54421768707483,pos,Farm,IT2
ASV_00032,ASV_00148,0.5472972972972973,pos,Farm,IT2
ASV_00032,ASV_00161,0.5238095238095238,pos,Farm,IT2
ASV_00032,ASV_00166,0.5136986301369864,pos,Farm,IT2
ASV_00032,ASV_00173,0.6153846153846154,pos,Farm,IT2
ASV_00032,ASV_00176,0.4928571428571429,pos,Farm,IT2
ASV_00032,ASV_00177,0.5177304964539007,pos,Farm,IT2
ASV_00032,ASV_00186,0.5454545454545454,pos,Farm,IT2
ASV_00032,ASV_00189,0.5104895104895105,pos,Farm,IT2
ASV_00032,ASV_00192,0.5531914893617021,pos,Farm,IT2
ASV_00032,ASV_00198,0.5352112676056338,pos,Farm,IT2
ASV_00032,ASV_00200,0.5070422535211268,pos,Farm,IT2
ASV_00032,ASV_00206,0.4859154929577465,pos,Farm,IT2
ASV_00032,ASV_00208,0.5069444444444444,pos,Farm,IT2
ASV_00032,ASV_00216,0.528169014084507,pos,Farm,IT2
ASV_00032,ASV_00218,0.5277777777777778,pos,Farm,IT2
ASV_00032,ASV_00226,0.5174825174825175,pos,Farm,IT2
ASV_00032,ASV_00228,0.5,pos,Farm,IT2
ASV_00032,ASV_00229,0.5103448275862069,pos,Farm,IT2
ASV_00032,ASV_00238,0.5205479452054794,pos,Farm,IT2
ASV_00032,ASV_00250,0.5486111111111112,pos,Farm,IT2
ASV_00032,ASV_00262,0.5448275862068965,pos,Farm,IT2
ASV_00032,ASV_00270,0.5958904109589042,pos,Farm,IT2
ASV_00032,ASV_00271,0.460431654676259,pos,Farm,IT2
ASV_00032,ASV_00282,0.5069444444444444,pos,Farm,IT2
ASV_00032,ASV_00290,0.6293706293706294,pos,Farm,IT2
ASV_00032,ASV_00291,0.4859154929577465,pos,Farm,IT2
ASV_00032,ASV_00292,0.5625,pos,Farm,IT2
ASV_00032,ASV_00295,0.5310344827586206,pos,Farm,IT2
ASV_00032,ASV_00297,0.5208333333333334,pos,Farm,IT2
ASV_00032,ASV_00299,0.5104895104895105,pos,Farm,IT2
ASV_00032,ASV_00300,0.5608108108108109,pos,Farm,IT2
ASV_00032,ASV_00303,0.4859154929577465,pos,Farm,IT2
ASV_00032,ASV_00307,0.5034965034965035,pos,Farm,IT2
ASV_00032,ASV_00312,0.5625,pos,Farm,IT2
ASV_00032,ASV_00324,0.5138888888888888,pos,Farm,IT2
ASV_00032,ASV_00331,0.5562913907284768,pos,Farm,IT2
ASV_00032,ASV_00333,0.5273972602739726,pos,Farm,IT2
ASV_00032,ASV_00339,0.5,pos,Farm,IT2
ASV_00032,ASV_00340,0.5238095238095238,pos,Farm,IT2
ASV_00032,ASV_00345,0.5517241379310345,pos,Farm,IT2
ASV_00032,ASV_00346,0.5319148936170213,pos,Farm,IT2
ASV_00032,ASV_00347,0.5306122448979592,pos,Farm,IT2
ASV_00032,ASV_00353,0.5174825174825175,pos,Farm,IT2
ASV_00032,ASV_00354,0.5390070921985816,pos,Farm,IT2
ASV_00032,ASV_00359,0.4859154929577465,pos,Farm,IT2
ASV_00032,ASV_00361,0.5625,pos,Farm,IT2
ASV_00032,ASV_00365,0.5103448275862069,pos,Farm,IT2
ASV_00032,ASV_00377,0.49295774647887325,pos,Farm,IT2
ASV_00032,ASV_00378,0.5547945205479452,pos,Farm,IT2
ASV_00032,ASV_00382,0.5342465753424658,pos,Farm,IT2
ASV_00032,ASV_00384,0.5103448275862069,pos,Farm,IT2
ASV_00032,ASV_00389,0.5136986301369864,pos,Farm,IT2
ASV_00032,ASV_00390,0.5972222222222222,pos,Farm,IT2
ASV_00032,ASV_00406,0.5106382978723404,pos,Farm,IT2
ASV_00032,ASV_00411,0.5136986301369864,pos,Farm,IT2
ASV_00032,ASV_00412,0.5323741007194245,pos,Farm,IT2
ASV_00032,ASV_00418,0.528169014084507,pos,Farm,IT2
ASV_00032,ASV_00422,0.5208333333333334,pos,Farm,IT2
ASV_00032,ASV_00425,0.5579710144927537,pos,Farm,IT2
ASV_00032,ASV_00441,0.5104895104895105,pos,Farm,IT2
ASV_00032,ASV_00451,0.5405405405405406,pos,Farm,IT2
ASV_00032,ASV_00452,0.5140845070422535,pos,Farm,IT2
ASV_00032,ASV_00463,0.5238095238095238,pos,Farm,IT2
ASV_00032,ASV_00474,0.5273972602739726,pos,Farm,IT2
ASV_00032,ASV_00476,0.5428571428571428,pos,Farm,IT2
ASV_00032,ASV_00503,0.5422535211267606,pos,Farm,IT2
ASV_00032,ASV_00506,0.4965034965034965,pos,Farm,IT2
ASV_00032,ASV_00512,0.5472972972972973,pos,Farm,IT2
ASV_00032,ASV_00513,0.5103448275862069,pos,Farm,IT2
ASV_00032,ASV_00518,0.5684931506849316,pos,Farm,IT2
ASV_00032,ASV_00528,0.5104895104895105,pos,Farm,IT2
ASV_00032,ASV_00536,0.5405405405405406,pos,Farm,IT2
ASV_00032,ASV_00542,0.5472972972972973,pos,Farm,IT2
ASV_00032,ASV_00550,0.5306122448979592,pos,Farm,IT2
ASV_00032,ASV_00554,0.60431654676259,pos,Farm,IT2
ASV_00032,ASV_00566,0.5103448275862069,pos,Farm,IT2
ASV_00032,ASV_00569,0.5140845070422535,pos,Farm,IT2
ASV_00032,ASV_00572,0.5570469798657718,pos,Farm,IT2
ASV_00032,ASV_00587,0.5104895104895105,pos,Farm,IT2
ASV_00032,ASV_00592,0.5172413793103449,pos,Farm,IT2
ASV_00032,ASV_00594,0.5277777777777778,pos,Farm,IT2
ASV_00032,ASV_00595,0.5104895104895105,pos,Farm,IT2
ASV_00032,ASV_00620,0.5555555555555556,pos,Farm,IT2
ASV_00032,ASV_00628,0.5069444444444444,pos,Farm,IT2
ASV_00032,ASV_00633,0.5205479452054794,pos,Farm,IT2
ASV_00032,ASV_00641,0.5337837837837838,pos,Farm,IT2
ASV_00032,ASV_00645,0.49295774647887325,pos,Farm,IT2
ASV_00032,ASV_00651,0.5103448275862069,pos,Farm,IT2
ASV_00032,ASV_00662,0.5357142857142857,pos,Farm,IT2
ASV_00032,ASV_00671,0.5428571428571428,pos,Farm,IT2
ASV_00032,ASV_00673,0.5540540540540541,pos,Farm,IT2
ASV_00032,ASV_00679,0.5555555555555556,pos,Farm,IT2
ASV_00032,ASV_00697,0.5106382978723404,pos,Farm,IT2
ASV_00032,ASV_00709,0.5208333333333334,pos,Farm,IT2
ASV_00032,ASV_00721,0.5179856115107914,pos,Farm,IT2
ASV_00032,ASV_00724,0.5,pos,Farm,IT2
ASV_00032,ASV_00732,0.5069444444444444,pos,Farm,IT2
ASV_00032,ASV_00734,0.5379310344827586,pos,Farm,IT2
ASV_00032,ASV_00760,0.54421768707483,pos,Farm,IT2
ASV_00032,ASV_00772,0.5942028985507246,pos,Farm,IT2
ASV_00032,ASV_00781,0.5103448275862069,pos,Farm,IT2
ASV_00032,ASV_00806,0.547945205479452,pos,Farm,IT2
ASV_00032,ASV_00807,0.5454545454545454,pos,Farm,IT2
ASV_00032,ASV_00809,0.5496688741721855,pos,Farm,IT2
ASV_00032,ASV_00817,0.5405405405405406,pos,Farm,IT2
ASV_00032,ASV_00829,0.5244755244755245,pos,Farm,IT2
ASV_00032,ASV_00845,0.5179856115107914,pos,Farm,IT2
ASV_00032,ASV_00865,0.5454545454545454,pos,Farm,IT2
ASV_00032,ASV_00875,0.5369127516778524,pos,Farm,IT2
ASV_00032,ASV_00880,0.524822695035461,pos,Farm,IT2
ASV_00032,ASV_00890,0.5205479452054794,pos,Farm,IT2
ASV_00032,ASV_00935,0.5714285714285714,pos,Farm,IT2
ASV_00032,ASV_00959,0.5277777777777778,pos,Farm,IT2
ASV_00032,ASV_00984,0.5454545454545454,pos,Farm,IT2
ASV_00032,ASV_01071,0.5390070921985816,pos,Farm,IT2
ASV_00032,ASV_01087,0.5205479452054794,pos,Farm,IT2
ASV_00032,ASV_01092,0.5369127516778524,pos,Farm,IT2
ASV_00032,ASV_01101,0.60431654676259,pos,Farm,IT2
ASV_00032,ASV_01119,0.5472972972972973,pos,Farm,IT2
ASV_00032,ASV_01124,0.5172413793103449,pos,Farm,IT2
ASV_00032,ASV_01267,0.5571428571428572,pos,Farm,IT2
ASV_00032,ASV_01288,0.5486111111111112,pos,Farm,IT2
ASV_00032,ASV_01328,0.5174825174825175,pos,Farm,IT2
ASV_00032,ASV_01342,0.5503355704697986,pos,Farm,IT2
ASV_00032,ASV_01426,0.5214285714285715,pos,Farm,IT2
ASV_00032,ASV_01458,0.48936170212765956,pos,Farm,IT2
ASV_00032,ASV_01512,0.5179856115107914,pos,Farm,IT2
ASV_00032,ASV_02332,0.6071428571428571,pos,Farm,IT2
ASV_00033,ASV_00035,0.5072463768115942,pos,Farm,IT2
ASV_00033,ASV_00044,0.4928571428571429,pos,Farm,IT2
ASV_00033,ASV_00050,0.5492957746478874,pos,Farm,IT2
ASV_00033,ASV_00053,0.4928571428571429,pos,Farm,IT2
ASV_00033,ASV_00057,0.4748201438848921,pos,Farm,IT2
ASV_00033,ASV_00058,0.5073529411764706,pos,Farm,IT2
ASV_00033,ASV_00060,0.47761194029850745,pos,Farm,IT2
ASV_00033,ASV_00063,0.463768115942029,pos,Farm,IT2
ASV_00033,ASV_00066,0.4859154929577465,pos,Farm,IT2
ASV_00033,ASV_00072,0.55,pos,Farm,IT2
ASV_00033,ASV_00079,0.5035971223021583,pos,Farm,IT2
ASV_00033,ASV_00090,0.5172413793103449,pos,Farm,IT2
ASV_00033,ASV_00093,0.48226950354609927,pos,Farm,IT2
ASV_00033,ASV_00102,0.5,pos,Farm,IT2
ASV_00033,ASV_00105,0.4785714285714286,pos,Farm,IT2
ASV_00033,ASV_00107,0.48905109489051096,pos,Farm,IT2
ASV_00033,ASV_00115,0.4444444444444444,pos,Farm,IT2
ASV_00033,ASV_00123,0.46616541353383456,pos,Farm,IT2
ASV_00033,ASV_00132,0.46715328467153283,pos,Farm,IT2
ASV_00033,ASV_00133,0.48905109489051096,pos,Farm,IT2
ASV_00033,ASV_00150,0.47794117647058826,pos,Farm,IT2
ASV_00033,ASV_00156,0.4965034965034965,pos,Farm,IT2
ASV_00033,ASV_00183,0.48226950354609927,pos,Farm,IT2
ASV_00033,ASV_00186,0.4857142857142857,pos,Farm,IT2
ASV_00033,ASV_00189,0.47101449275362317,pos,Farm,IT2
ASV_00033,ASV_00191,0.4676258992805755,pos,Farm,IT2
ASV_00033,ASV_00192,0.48201438848920863,pos,Farm,IT2
ASV_00033,ASV_00197,0.4785714285714286,pos,Farm,IT2
ASV_00033,ASV_00211,0.4666666666666667,pos,Farm,IT2
ASV_00033,ASV_00212,0.4748201438848921,pos,Farm,IT2
ASV_00033,ASV_00231,0.4748201438848921,pos,Farm,IT2
ASV_00033,ASV_00235,0.4732824427480916,pos,Farm,IT2
ASV_00033,ASV_00237,0.539568345323741,pos,Farm,IT2
ASV_00033,ASV_00265,0.5538461538461539,pos,Farm,IT2
ASV_00033,ASV_00282,0.4782608695652174,pos,Farm,IT2
ASV_00033,ASV_00300,0.5352112676056338,pos,Farm,IT2
ASV_00033,ASV_00307,0.463768115942029,pos,Farm,IT2
ASV_00033,ASV_00333,0.48936170212765956,pos,Farm,IT2
ASV_00033,ASV_00369,0.4857142857142857,pos,Farm,IT2
ASV_00033,ASV_00373,0.4888888888888889,pos,Farm,IT2
ASV_00033,ASV_00377,0.48507462686567165,pos,Farm,IT2
ASV_00033,ASV_00382,0.5071428571428571,pos,Farm,IT2
ASV_00033,ASV_00404,0.47058823529411764,pos,Farm,IT2
ASV_00033,ASV_00441,0.47101449275362317,pos,Farm,IT2
ASV_00033,ASV_00452,0.518796992481203,pos,Farm,IT2
ASV_00033,ASV_00479,0.49295774647887325,pos,Farm,IT2
ASV_00033,ASV_00495,0.4740740740740741,pos,Farm,IT2
ASV_00033,ASV_00518,0.5104895104895105,pos,Farm,IT2
ASV_00033,ASV_00536,0.5034965034965035,pos,Farm,IT2
ASV_00033,ASV_00543,0.48936170212765956,pos,Farm,IT2
ASV_00033,ASV_00544,0.4855072463768116,pos,Farm,IT2
ASV_00033,ASV_00550,0.5035460992907801,pos,Farm,IT2
ASV_00033,ASV_00559,0.4748201438848921,pos,Farm,IT2
ASV_00033,ASV_00561,0.5202702702702703,pos,Farm,IT2
ASV_00033,ASV_00571,0.5107913669064749,pos,Farm,IT2
ASV_00033,ASV_00726,0.5107913669064749,pos,Farm,IT2
ASV_00033,ASV_00758,0.4928571428571429,pos,Farm,IT2
ASV_00033,ASV_00806,0.48951048951048953,pos,Farm,IT2
ASV_00033,ASV_00808,0.5263157894736842,pos,Farm,IT2
ASV_00033,ASV_00811,0.4859154929577465,pos,Farm,IT2
ASV_00033,ASV_00842,0.45985401459854014,pos,Farm,IT2
ASV_00033,ASV_00929,0.49295774647887325,pos,Farm,IT2
ASV_00033,ASV_00931,0.48175182481751827,pos,Farm,IT2
ASV_00033,ASV_01153,0.4744525547445255,pos,Farm,IT2
ASV_00033,ASV_01288,0.5,pos,Farm,IT2
ASV_00033,ASV_01368,0.5109489051094891,pos,Farm,IT2
ASV_00033,ASV_01385,0.4855072463768116,pos,Farm,IT2
ASV_00033,ASV_01491,0.5147058823529411,pos,Farm,IT2
ASV_00034,ASV_00041,0.5422535211267606,pos,Farm,IT2
ASV_00034,ASV_00045,0.5285714285714286,pos,Farm,IT2
ASV_00034,ASV_00051,0.5416666666666666,pos,Farm,IT2
ASV_00034,ASV_00058,0.5070422535211268,pos,Farm,IT2
ASV_00034,ASV_00061,0.528169014084507,pos,Farm,IT2
ASV_00034,ASV_00062,0.49295774647887325,pos,Farm,IT2
ASV_00034,ASV_00063,0.4859154929577465,pos,Farm,IT2
ASV_00034,ASV_00064,0.5244755244755245,pos,Farm,IT2
ASV_00034,ASV_00065,0.5531914893617021,pos,Farm,IT2
ASV_00034,ASV_00066,0.5492957746478874,pos,Farm,IT2
ASV_00034,ASV_00067,0.48936170212765956,pos,Farm,IT2
ASV_00034,ASV_00080,0.5347222222222222,pos,Farm,IT2
ASV_00034,ASV_00081,0.4714285714285714,pos,Farm,IT2
ASV_00034,ASV_00083,0.5035460992907801,pos,Farm,IT2
ASV_00034,ASV_00084,0.5555555555555556,pos,Farm,IT2
ASV_00034,ASV_00094,0.5428571428571428,pos,Farm,IT2
ASV_00034,ASV_00107,0.5323741007194245,pos,Farm,IT2
ASV_00034,ASV_00109,0.5314685314685315,pos,Farm,IT2
ASV_00034,ASV_00110,0.5241379310344828,pos,Farm,IT2
ASV_00034,ASV_00117,0.4785714285714286,pos,Farm,IT2
ASV_00034,ASV_00122,0.49295774647887325,pos,Farm,IT2
ASV_00034,ASV_00128,0.5374149659863946,pos,Farm,IT2
ASV_00034,ASV_00129,0.4965034965034965,pos,Farm,IT2
ASV_00034,ASV_00131,0.5214285714285715,pos,Farm,IT2
ASV_00034,ASV_00139,0.48175182481751827,pos,Farm,IT2
ASV_00034,ASV_00147,0.49295774647887325,pos,Farm,IT2
ASV_00034,ASV_00153,0.5214285714285715,pos,Farm,IT2
ASV_00034,ASV_00159,0.5244755244755245,pos,Farm,IT2
ASV_00034,ASV_00160,0.5434782608695652,pos,Farm,IT2
ASV_00034,ASV_00170,0.543046357615894,pos,Farm,IT2
ASV_00034,ASV_00171,0.5172413793103449,pos,Farm,IT2
ASV_00034,ASV_00184,0.5214285714285715,pos,Farm,IT2
ASV_00034,ASV_00189,0.5142857142857142,pos,Farm,IT2
ASV_00034,ASV_00199,0.48201438848920863,pos,Farm,IT2
ASV_00034,ASV_00231,0.4965034965034965,pos,Farm,IT2
ASV_00034,ASV_00233,0.5289855072463768,pos,Farm,IT2
ASV_00034,ASV_00244,0.5,pos,Farm,IT2
ASV_00034,ASV_00263,0.5310344827586206,pos,Farm,IT2
ASV_00034,ASV_00265,0.4859154929577465,pos,Farm,IT2
ASV_00034,ASV_00274,0.5337837837837838,pos,Farm,IT2
ASV_00034,ASV_00275,0.541095890410959,pos,Farm,IT2
ASV_00034,ASV_00278,0.5277777777777778,pos,Farm,IT2
ASV_00034,ASV_00288,0.5205479452054794,pos,Farm,IT2
ASV_00034,ASV_00291,0.4892086330935252,pos,Farm,IT2
ASV_00034,ASV_00292,0.5241379310344828,pos,Farm,IT2
ASV_00034,ASV_00295,0.5352112676056338,pos,Farm,IT2
ASV_00034,ASV_00297,0.5034965034965035,pos,Farm,IT2
ASV_00034,ASV_00299,0.5142857142857142,pos,Farm,IT2
ASV_00034,ASV_00317,0.5177304964539007,pos,Farm,IT2
ASV_00034,ASV_00320,0.48226950354609927,pos,Farm,IT2
ASV_00034,ASV_00324,0.5177304964539007,pos,Farm,IT2
ASV_00034,ASV_00327,0.49295774647887325,pos,Farm,IT2
ASV_00034,ASV_00332,0.5106382978723404,pos,Farm,IT2
ASV_00034,ASV_00335,0.4748201438848921,pos,Farm,IT2
ASV_00034,ASV_00356,0.5379310344827586,pos,Farm,IT2
ASV_00034,ASV_00357,0.48936170212765956,pos,Farm,IT2
ASV_00034,ASV_00361,0.5136986301369864,pos,Farm,IT2
ASV_00034,ASV_00384,0.5140845070422535,pos,Farm,IT2
ASV_00034,ASV_00387,0.5390070921985816,pos,Farm,IT2
ASV_00034,ASV_00397,0.5,pos,Farm,IT2
ASV_00034,ASV_00406,0.5144927536231884,pos,Farm,IT2
ASV_00034,ASV_00415,0.5,pos,Farm,IT2
ASV_00034,ASV_00421,0.5208333333333334,pos,Farm,IT2
ASV_00034,ASV_00422,0.5140845070422535,pos,Farm,IT2
ASV_00034,ASV_00426,0.5466666666666666,pos,Farm,IT2
ASV_00034,ASV_00442,0.5310344827586206,pos,Farm,IT2
ASV_00034,ASV_00445,0.5034965034965035,pos,Farm,IT2
ASV_00034,ASV_00460,0.5244755244755245,pos,Farm,IT2
ASV_00034,ASV_00476,0.5035460992907801,pos,Farm,IT2
ASV_00034,ASV_00485,0.5314685314685315,pos,Farm,IT2
ASV_00034,ASV_00486,0.527027027027027,pos,Farm,IT2
ASV_00034,ASV_00488,0.5342465753424658,pos,Farm,IT2
ASV_00034,ASV_00490,0.5337837837837838,pos,Farm,IT2
ASV_00034,ASV_00498,0.4855072463768116,pos,Farm,IT2
ASV_00034,ASV_00512,0.5306122448979592,pos,Farm,IT2
ASV_00034,ASV_00517,0.49645390070921985,pos,Farm,IT2
ASV_00034,ASV_00520,0.5103448275862069,pos,Farm,IT2
ASV_00034,ASV_00530,0.5319148936170213,pos,Farm,IT2
ASV_00034,ASV_00543,0.5103448275862069,pos,Farm,IT2
ASV_00034,ASV_00556,0.5069444444444444,pos,Farm,IT2
ASV_00034,ASV_00568,0.5241379310344828,pos,Farm,IT2
ASV_00034,ASV_00587,0.5142857142857142,pos,Farm,IT2
ASV_00034,ASV_00592,0.5211267605633803,pos,Farm,IT2
ASV_00034,ASV_00595,0.5142857142857142,pos,Farm,IT2
ASV_00034,ASV_00633,0.5138888888888888,pos,Farm,IT2
ASV_00034,ASV_00654,0.5035971223021583,pos,Farm,IT2
ASV_00034,ASV_00656,0.5069444444444444,pos,Farm,IT2
ASV_00034,ASV_00671,0.5251798561151079,pos,Farm,IT2
ASV_00034,ASV_00801,0.5182481751824818,pos,Farm,IT2
ASV_00034,ASV_00806,0.5416666666666666,pos,Farm,IT2
ASV_00034,ASV_00807,0.5069444444444444,pos,Farm,IT2
ASV_00034,ASV_00822,0.5069444444444444,pos,Farm,IT2
ASV_00034,ASV_00829,0.5070422535211268,pos,Farm,IT2
ASV_00034,ASV_00842,0.5144927536231884,pos,Farm,IT2
ASV_00034,ASV_00880,0.4859154929577465,pos,Farm,IT2
ASV_00034,ASV_00984,0.5390070921985816,pos,Farm,IT2
ASV_00034,ASV_01048,0.5070422535211268,pos,Farm,IT2
ASV_00034,ASV_01065,0.4928571428571429,pos,Farm,IT2
ASV_00034,ASV_01071,0.5,pos,Farm,IT2
ASV_00034,ASV_01119,0.5625,pos,Farm,IT2
ASV_00034,ASV_01153,0.4859154929577465,pos,Farm,IT2
ASV_00034,ASV_01417,0.5140845070422535,pos,Farm,IT2
ASV_00034,ASV_01491,0.524822695035461,pos,Farm,IT2
ASV_00034,ASV_01541,0.5244755244755245,pos,Farm,IT2
ASV_00034,ASV_02020,0.4965034965034965,pos,Farm,IT2
ASV_00035,ASV_00044,0.5241379310344828,pos,Farm,IT2
ASV_00035,ASV_00052,0.5136986301369864,pos,Farm,IT2
ASV_00035,ASV_00055,0.5277777777777778,pos,Farm,IT2
ASV_00035,ASV_00061,0.5172413793103449,pos,Farm,IT2
ASV_00035,ASV_00069,0.5,pos,Farm,IT2
ASV_00035,ASV_00073,0.5208333333333334,pos,Farm,IT2
ASV_00035,ASV_00080,0.5342465753424658,pos,Farm,IT2
ASV_00035,ASV_00084,0.54421768707483,pos,Farm,IT2
ASV_00035,ASV_00095,0.5241379310344828,pos,Farm,IT2
ASV_00035,ASV_00096,0.5492957746478874,pos,Farm,IT2
ASV_00035,ASV_00097,0.48936170212765956,pos,Farm,IT2
ASV_00035,ASV_00098,0.5571428571428572,pos,Farm,IT2
ASV_00035,ASV_00100,0.5069444444444444,pos,Farm,IT2
ASV_00035,ASV_00108,0.4852941176470588,pos,Farm,IT2
ASV_00035,ASV_00112,0.5138888888888888,pos,Farm,IT2
ASV_00035,ASV_00115,0.4785714285714286,pos,Farm,IT2
ASV_00035,ASV_00116,0.5174825174825175,pos,Farm,IT2
ASV_00035,ASV_00119,0.5138888888888888,pos,Farm,IT2
ASV_00035,ASV_00145,0.5244755244755245,pos,Farm,IT2
ASV_00035,ASV_00153,0.5,pos,Farm,IT2
ASV_00035,ASV_00159,0.5454545454545454,pos,Farm,IT2
ASV_00035,ASV_00162,0.5244755244755245,pos,Farm,IT2
ASV_00035,ASV_00182,0.5342465753424658,pos,Farm,IT2
ASV_00035,ASV_00196,0.5179856115107914,pos,Farm,IT2
ASV_00035,ASV_00202,0.5255474452554745,pos,Farm,IT2
ASV_00035,ASV_00212,0.5069444444444444,pos,Farm,IT2
ASV_00035,ASV_00221,0.5104895104895105,pos,Farm,IT2
ASV_00035,ASV_00231,0.5611510791366906,pos,Farm,IT2
ASV_00035,ASV_00233,0.4965034965034965,pos,Farm,IT2
ASV_00035,ASV_00237,0.547945205479452,pos,Farm,IT2
ASV_00035,ASV_00244,0.5208333333333334,pos,Farm,IT2
ASV_00035,ASV_00253,0.5306122448979592,pos,Farm,IT2
ASV_00035,ASV_00257,0.574468085106383,pos,Farm,IT2
ASV_00035,ASV_00269,0.5945945945945946,pos,Farm,IT2
ASV_00035,ASV_00282,0.5104895104895105,pos,Farm,IT2
ASV_00035,ASV_00300,0.564625850340136,pos,Farm,IT2
ASV_00035,ASV_00304,0.5753424657534246,pos,Farm,IT2
ASV_00035,ASV_00307,0.4965034965034965,pos,Farm,IT2
ASV_00035,ASV_00311,0.5337837837837838,pos,Farm,IT2
ASV_00035,ASV_00317,0.5069444444444444,pos,Farm,IT2
ASV_00035,ASV_00318,0.5277777777777778,pos,Farm,IT2
ASV_00035,ASV_00325,0.5642857142857143,pos,Farm,IT2
ASV_00035,ASV_00339,0.5035460992907801,pos,Farm,IT2
ASV_00035,ASV_00346,0.5034965034965035,pos,Farm,IT2
ASV_00035,ASV_00353,0.5104895104895105,pos,Farm,IT2
ASV_00035,ASV_00367,0.4965034965034965,pos,Farm,IT2
ASV_00035,ASV_00390,0.5369127516778524,pos,Farm,IT2
ASV_00035,ASV_00397,0.5314685314685315,pos,Farm,IT2
ASV_00035,ASV_00399,0.5205479452054794,pos,Farm,IT2
ASV_00035,ASV_00406,0.5142857142857142,pos,Farm,IT2
ASV_00035,ASV_00407,0.5652173913043478,pos,Farm,IT2
ASV_00035,ASV_00410,0.5138888888888888,pos,Farm,IT2
ASV_00035,ASV_00421,0.5524475524475524,pos,Farm,IT2
ASV_00035,ASV_00422,0.5244755244755245,pos,Farm,IT2
ASV_00035,ASV_00426,0.5666666666666667,pos,Farm,IT2
ASV_00035,ASV_00451,0.54421768707483,pos,Farm,IT2
ASV_00035,ASV_00459,0.5136986301369864,pos,Farm,IT2
ASV_00035,ASV_00464,0.5238095238095238,pos,Farm,IT2
ASV_00035,ASV_00490,0.5862068965517241,pos,Farm,IT2
ASV_00035,ASV_00496,0.5172413793103449,pos,Farm,IT2
ASV_00035,ASV_00508,0.5140845070422535,pos,Farm,IT2
ASV_00035,ASV_00512,0.5616438356164384,pos,Farm,IT2
ASV_00035,ASV_00513,0.5244755244755245,pos,Farm,IT2
ASV_00035,ASV_00528,0.5357142857142857,pos,Farm,IT2
ASV_00035,ASV_00550,0.5774647887323944,pos,Farm,IT2
ASV_00035,ASV_00551,0.5241379310344828,pos,Farm,IT2
ASV_00035,ASV_00554,0.5310344827586206,pos,Farm,IT2
ASV_00035,ASV_00581,0.5072463768115942,pos,Farm,IT2
ASV_00035,ASV_00620,0.5379310344827586,pos,Farm,IT2
ASV_00035,ASV_00633,0.5136986301369864,pos,Farm,IT2
ASV_00035,ASV_00654,0.5142857142857142,pos,Farm,IT2
ASV_00035,ASV_00662,0.5070422535211268,pos,Farm,IT2
ASV_00035,ASV_00666,0.5306122448979592,pos,Farm,IT2
ASV_00035,ASV_00671,0.5140845070422535,pos,Farm,IT2
ASV_00035,ASV_00687,0.5244755244755245,pos,Farm,IT2
ASV_00035,ASV_00734,0.5205479452054794,pos,Farm,IT2
ASV_00035,ASV_00809,0.5533333333333333,pos,Farm,IT2
ASV_00035,ASV_00843,0.5273972602739726,pos,Farm,IT2
ASV_00035,ASV_00984,0.5277777777777778,pos,Farm,IT2
ASV_00035,ASV_01023,0.5694444444444444,pos,Farm,IT2
ASV_00035,ASV_01071,0.5,pos,Farm,IT2
ASV_00035,ASV_01092,0.5405405405405406,pos,Farm,IT2
ASV_00035,ASV_01288,0.5205479452054794,pos,Farm,IT2
ASV_00035,ASV_01328,0.5,pos,Farm,IT2
ASV_00035,ASV_01385,0.55,pos,Farm,IT2
ASV_00036,ASV_00043,0.49645390070921985,pos,Farm,IT2
ASV_00036,ASV_00048,0.5069444444444444,pos,Farm,IT2
ASV_00036,ASV_00052,0.5069444444444444,pos,Farm,IT2
ASV_00036,ASV_00054,0.5034965034965035,pos,Farm,IT2
ASV_00036,ASV_00059,0.46715328467153283,pos,Farm,IT2
ASV_00036,ASV_00061,0.5,pos,Farm,IT2
ASV_00036,ASV_00063,0.5,pos,Farm,IT2
ASV_00036,ASV_00069,0.47101449275362317,pos,Farm,IT2
ASV_00036,ASV_00072,0.5306122448979592,pos,Farm,IT2
ASV_00036,ASV_00076,0.528169014084507,pos,Farm,IT2
ASV_00036,ASV_00086,0.5069444444444444,pos,Farm,IT2
ASV_00036,ASV_00088,0.5177304964539007,pos,Farm,IT2
ASV_00036,ASV_00091,0.5070422535211268,pos,Farm,IT2
ASV_00036,ASV_00092,0.5106382978723404,pos,Farm,IT2
ASV_00036,ASV_00093,0.5390070921985816,pos,Farm,IT2
ASV_00036,ASV_00099,0.5136986301369864,pos,Farm,IT2
ASV_00036,ASV_00103,0.5277777777777778,pos,Farm,IT2
ASV_00036,ASV_00113,0.5144927536231884,pos,Farm,IT2
ASV_00036,ASV_00117,0.4927536231884058,pos,Farm,IT2
ASV_00036,ASV_00119,0.4965034965034965,pos,Farm,IT2
ASV_00036,ASV_00129,0.5214285714285715,pos,Farm,IT2
ASV_00036,ASV_00133,0.49295774647887325,pos,Farm,IT2
ASV_00036,ASV_00137,0.5179856115107914,pos,Farm,IT2
ASV_00036,ASV_00138,0.5106382978723404,pos,Farm,IT2
ASV_00036,ASV_00150,0.48226950354609927,pos,Farm,IT2
ASV_00036,ASV_00156,0.5205479452054794,pos,Farm,IT2
ASV_00036,ASV_00157,0.5208333333333334,pos,Farm,IT2
ASV_00036,ASV_00165,0.5,pos,Farm,IT2
ASV_00036,ASV_00169,0.5174825174825175,pos,Farm,IT2
ASV_00036,ASV_00172,0.5,pos,Farm,IT2
ASV_00036,ASV_00178,0.5352112676056338,pos,Farm,IT2
ASV_00036,ASV_00182,0.5492957746478874,pos,Farm,IT2
ASV_00036,ASV_00184,0.5035460992907801,pos,Farm,IT2
ASV_00036,ASV_00186,0.5211267605633803,pos,Farm,IT2
ASV_00036,ASV_00193,0.5138888888888888,pos,Farm,IT2
ASV_00036,ASV_00199,0.4855072463768116,pos,Farm,IT2
ASV_00036,ASV_00202,0.49635036496350365,pos,Farm,IT2
ASV_00036,ASV_00205,0.5517241379310345,pos,Farm,IT2
ASV_00036,ASV_00227,0.5140845070422535,pos,Farm,IT2
ASV_00036,ASV_00229,0.4965034965034965,pos,Farm,IT2
ASV_00036,ASV_00231,0.5,pos,Farm,IT2
ASV_00036,ASV_00233,0.5,pos,Farm,IT2
ASV_00036,ASV_00238,0.5069444444444444,pos,Farm,IT2
ASV_00036,ASV_00246,0.5103448275862069,pos,Farm,IT2
ASV_00036,ASV_00249,0.5,pos,Farm,IT2
ASV_00036,ASV_00253,0.5241379310344828,pos,Farm,IT2
ASV_00036,ASV_00254,0.5241379310344828,pos,Farm,IT2
ASV_00036,ASV_00264,0.48226950354609927,pos,Farm,IT2
ASV_00036,ASV_00266,0.5460992907801419,pos,Farm,IT2
ASV_00036,ASV_00267,0.49640287769784175,pos,Farm,IT2
ASV_00036,ASV_00269,0.5570469798657718,pos,Farm,IT2
ASV_00036,ASV_00273,0.5319148936170213,pos,Farm,IT2
ASV_00036,ASV_00286,0.5034965034965035,pos,Farm,IT2
ASV_00036,ASV_00288,0.5347222222222222,pos,Farm,IT2
ASV_00036,ASV_00294,0.5138888888888888,pos,Farm,IT2
ASV_00036,ASV_00320,0.49640287769784175,pos,Farm,IT2
ASV_00036,ASV_00324,0.5106382978723404,pos,Farm,IT2
ASV_00036,ASV_00330,0.4859154929577465,pos,Farm,IT2
ASV_00036,ASV_00332,0.5035460992907801,pos,Farm,IT2
ASV_00036,ASV_00345,0.5277777777777778,pos,Farm,IT2
ASV_00036,ASV_00346,0.5289855072463768,pos,Farm,IT2
ASV_00036,ASV_00347,0.5172413793103449,pos,Farm,IT2
ASV_00036,ASV_00350,0.4888888888888889,pos,Farm,IT2
ASV_00036,ASV_00367,0.5107913669064749,pos,Farm,IT2
ASV_00036,ASV_00369,0.5,pos,Farm,IT2
ASV_00036,ASV_00378,0.5524475524475524,pos,Farm,IT2
ASV_00036,ASV_00380,0.5,pos,Farm,IT2
ASV_00036,ASV_00389,0.5,pos,Farm,IT2
ASV_00036,ASV_00412,0.49640287769784175,pos,Farm,IT2
ASV_00036,ASV_00422,0.5177304964539007,pos,Farm,IT2
ASV_00036,ASV_00438,0.5285714285714286,pos,Farm,IT2
ASV_00036,ASV_00443,0.48936170212765956,pos,Farm,IT2
ASV_00036,ASV_00447,0.5492957746478874,pos,Farm,IT2
ASV_00036,ASV_00454,0.5241379310344828,pos,Farm,IT2
ASV_00036,ASV_00455,0.49645390070921985,pos,Farm,IT2
ASV_00036,ASV_00465,0.5177304964539007,pos,Farm,IT2
ASV_00036,ASV_00479,0.5172413793103449,pos,Farm,IT2
ASV_00036,ASV_00490,0.527027027027027,pos,Farm,IT2
ASV_00036,ASV_00495,0.5,pos,Farm,IT2
ASV_00036,ASV_00501,0.5882352941176471,pos,Farm,IT2
ASV_00036,ASV_00504,0.541095890410959,pos,Farm,IT2
ASV_00036,ASV_00506,0.4928571428571429,pos,Farm,IT2
ASV_00036,ASV_00508,0.49645390070921985,pos,Farm,IT2
ASV_00036,ASV_00544,0.5106382978723404,pos,Farm,IT2
ASV_00036,ASV_00548,0.4927536231884058,pos,Farm,IT2
ASV_00036,ASV_00556,0.5,pos,Farm,IT2
ASV_00036,ASV_00559,0.5,pos,Farm,IT2
ASV_00036,ASV_00566,0.5285714285714286,pos,Farm,IT2
ASV_00036,ASV_00570,0.5182481751824818,pos,Farm,IT2
ASV_00036,ASV_00571,0.5352112676056338,pos,Farm,IT2
ASV_00036,ASV_00581,0.4782608695652174,pos,Farm,IT2
ASV_00036,ASV_00594,0.5034965034965035,pos,Farm,IT2
ASV_00036,ASV_00595,0.5179856115107914,pos,Farm,IT2
ASV_00036,ASV_00612,0.5208333333333334,pos,Farm,IT2
ASV_00036,ASV_00620,0.5103448275862069,pos,Farm,IT2
ASV_00036,ASV_00622,0.4782608695652174,pos,Farm,IT2
ASV_00036,ASV_00633,0.5069444444444444,pos,Farm,IT2
ASV_00036,ASV_00638,0.5422535211267606,pos,Farm,IT2
ASV_00036,ASV_00645,0.4785714285714286,pos,Farm,IT2
ASV_00036,ASV_00651,0.5177304964539007,pos,Farm,IT2
ASV_00036,ASV_00671,0.5289855072463768,pos,Farm,IT2
ASV_00036,ASV_00714,0.48201438848920863,pos,Farm,IT2
ASV_00036,ASV_00760,0.5416666666666666,pos,Farm,IT2
ASV_00036,ASV_00769,0.4965034965034965,pos,Farm,IT2
ASV_00036,ASV_00772,0.524822695035461,pos,Farm,IT2
ASV_00036,ASV_00793,0.4859154929577465,pos,Farm,IT2
ASV_00036,ASV_00801,0.4785714285714286,pos,Farm,IT2
ASV_00036,ASV_00806,0.5454545454545454,pos,Farm,IT2
ASV_00036,ASV_00809,0.5369127516778524,pos,Farm,IT2
ASV_00036,ASV_00815,0.5436241610738255,pos,Farm,IT2
ASV_00036,ASV_00845,0.48201438848920863,pos,Farm,IT2
ASV_00036,ASV_00890,0.5069444444444444,pos,Farm,IT2
ASV_00036,ASV_00891,0.5405405405405406,pos,Farm,IT2
ASV_00036,ASV_00906,0.5374149659863946,pos,Farm,IT2
ASV_00036,ASV_00959,0.5140845070422535,pos,Farm,IT2
ASV_00036,ASV_00984,0.5211267605633803,pos,Farm,IT2
ASV_00036,ASV_01018,0.49645390070921985,pos,Farm,IT2
ASV_00036,ASV_01065,0.49640287769784175,pos,Farm,IT2
ASV_00036,ASV_01071,0.49295774647887325,pos,Farm,IT2
ASV_00036,ASV_01119,0.5238095238095238,pos,Farm,IT2
ASV_00036,ASV_01124,0.5034965034965035,pos,Farm,IT2
ASV_00036,ASV_01153,0.5217391304347826,pos,Farm,IT2
ASV_00036,ASV_01249,0.4859154929577465,pos,Farm,IT2
ASV_00036,ASV_01253,0.524822695035461,pos,Farm,IT2
ASV_00036,ASV_01342,0.5374149659863946,pos,Farm,IT2
ASV_00036,ASV_01458,0.4748201438848921,pos,Farm,IT2
ASV_00036,ASV_01459,0.49295774647887325,pos,Farm,IT2
ASV_00036,ASV_01503,0.5174825174825175,pos,Farm,IT2
ASV_00036,ASV_01941,0.5138888888888888,pos,Farm,IT2
ASV_00037,ASV_00046,0.5251798561151079,pos,Farm,IT2
ASV_00037,ASV_00048,0.5428571428571428,pos,Farm,IT2
ASV_00037,ASV_00055,0.5034965034965035,pos,Farm,IT2
ASV_00037,ASV_00074,0.5138888888888888,pos,Farm,IT2
ASV_00037,ASV_00075,0.463768115942029,pos,Farm,IT2
ASV_00037,ASV_00102,0.5170068027210885,pos,Farm,IT2
ASV_00037,ASV_00104,0.48226950354609927,pos,Farm,IT2
ASV_00037,ASV_00105,0.5285714285714286,pos,Farm,IT2
ASV_00037,ASV_00107,0.5071428571428571,pos,Farm,IT2
ASV_00037,ASV_00110,0.5422535211267606,pos,Farm,IT2
ASV_00037,ASV_00132,0.49640287769784175,pos,Farm,IT2
ASV_00037,ASV_00138,0.49295774647887325,pos,Farm,IT2
ASV_00037,ASV_00168,0.5310344827586206,pos,Farm,IT2
ASV_00037,ASV_00169,0.5,pos,Farm,IT2
ASV_00037,ASV_00173,0.5517241379310345,pos,Farm,IT2
ASV_00037,ASV_00177,0.4857142857142857,pos,Farm,IT2
ASV_00037,ASV_00194,0.5205479452054794,pos,Farm,IT2
ASV_00037,ASV_00199,0.4676258992805755,pos,Farm,IT2
ASV_00037,ASV_00205,0.5555555555555556,pos,Farm,IT2
ASV_00037,ASV_00206,0.49635036496350365,pos,Farm,IT2
ASV_00037,ASV_00208,0.4859154929577465,pos,Farm,IT2
ASV_00037,ASV_00210,0.5170068027210885,pos,Farm,IT2
ASV_00037,ASV_00226,0.5071428571428571,pos,Farm,IT2
ASV_00037,ASV_00251,0.5174825174825175,pos,Farm,IT2
ASV_00037,ASV_00275,0.5379310344827586,pos,Farm,IT2
ASV_00037,ASV_00292,0.5208333333333334,pos,Farm,IT2
ASV_00037,ASV_00300,0.541095890410959,pos,Farm,IT2
ASV_00037,ASV_00309,0.5069444444444444,pos,Farm,IT2
ASV_00037,ASV_00312,0.5314685314685315,pos,Farm,IT2
ASV_00037,ASV_00317,0.5142857142857142,pos,Farm,IT2
ASV_00037,ASV_00323,0.4965034965034965,pos,Farm,IT2
ASV_00037,ASV_00331,0.5472972972972973,pos,Farm,IT2
ASV_00037,ASV_00346,0.48936170212765956,pos,Farm,IT2
ASV_00037,ASV_00389,0.5034965034965035,pos,Farm,IT2
ASV_00037,ASV_00403,0.5138888888888888,pos,Farm,IT2
ASV_00037,ASV_00421,0.5069444444444444,pos,Farm,IT2
ASV_00037,ASV_00425,0.5035971223021583,pos,Farm,IT2
ASV_00037,ASV_00429,0.47058823529411764,pos,Farm,IT2
ASV_00037,ASV_00444,0.5177304964539007,pos,Farm,IT2
ASV_00037,ASV_00464,0.5422535211267606,pos,Farm,IT2
ASV_00037,ASV_00477,0.5211267605633803,pos,Farm,IT2
ASV_00037,ASV_00518,0.5170068027210885,pos,Farm,IT2
ASV_00037,ASV_00521,0.5454545454545454,pos,Farm,IT2
ASV_00037,ASV_00528,0.48936170212765956,pos,Farm,IT2
ASV_00037,ASV_00542,0.5273972602739726,pos,Farm,IT2
ASV_00037,ASV_00568,0.5208333333333334,pos,Farm,IT2
ASV_00037,ASV_00594,0.4965034965034965,pos,Farm,IT2
ASV_00037,ASV_00615,0.48201438848920863,pos,Farm,IT2
ASV_00037,ASV_00654,0.4785714285714286,pos,Farm,IT2
ASV_00037,ASV_00662,0.48226950354609927,pos,Farm,IT2
ASV_00037,ASV_00668,0.5441176470588235,pos,Farm,IT2
ASV_00037,ASV_00679,0.5138888888888888,pos,Farm,IT2
ASV_00037,ASV_00686,0.5140845070422535,pos,Farm,IT2
ASV_00037,ASV_00687,0.5106382978723404,pos,Farm,IT2
ASV_00037,ASV_00709,0.5106382978723404,pos,Farm,IT2
ASV_00037,ASV_00726,0.5069444444444444,pos,Farm,IT2
ASV_00037,ASV_00757,0.5069444444444444,pos,Farm,IT2
ASV_00037,ASV_00760,0.5241379310344828,pos,Farm,IT2
ASV_00037,ASV_00890,0.5104895104895105,pos,Farm,IT2
ASV_00037,ASV_00891,0.5337837837837838,pos,Farm,IT2
ASV_00037,ASV_00958,0.5,pos,Farm,IT2
ASV_00037,ASV_01018,0.48936170212765956,pos,Farm,IT2
ASV_00037,ASV_01023,0.5136986301369864,pos,Farm,IT2
ASV_00037,ASV_01087,0.5,pos,Farm,IT2
ASV_00037,ASV_01119,0.5170068027210885,pos,Farm,IT2
ASV_00037,ASV_01288,0.5069444444444444,pos,Farm,IT2
ASV_00037,ASV_01459,0.5071428571428571,pos,Farm,IT2
ASV_00038,ASV_00041,0.5405405405405406,pos,Farm,IT2
ASV_00038,ASV_00046,0.5379310344827586,pos,Farm,IT2
ASV_00038,ASV_00047,0.5571428571428572,pos,Farm,IT2
ASV_00038,ASV_00049,0.5510204081632653,pos,Farm,IT2
ASV_00038,ASV_00052,0.5763888888888888,pos,Farm,IT2
ASV_00038,ASV_00056,0.4930555555555556,pos,Farm,IT2
ASV_00038,ASV_00058,0.5273972602739726,pos,Farm,IT2
ASV_00038,ASV_00059,0.49645390070921985,pos,Farm,IT2
ASV_00038,ASV_00061,0.547945205479452,pos,Farm,IT2
ASV_00038,ASV_00064,0.5337837837837838,pos,Farm,IT2
ASV_00038,ASV_00065,0.5405405405405406,pos,Farm,IT2
ASV_00038,ASV_00066,0.5578231292517006,pos,Farm,IT2
ASV_00038,ASV_00071,0.5138888888888888,pos,Farm,IT2
ASV_00038,ASV_00072,0.5878378378378378,pos,Farm,IT2
ASV_00038,ASV_00073,0.5306122448979592,pos,Farm,IT2
ASV_00038,ASV_00106,0.54421768707483,pos,Farm,IT2
ASV_00038,ASV_00116,0.5273972602739726,pos,Farm,IT2
ASV_00038,ASV_00125,0.5138888888888888,pos,Farm,IT2
ASV_00038,ASV_00140,0.5172413793103449,pos,Farm,IT2
ASV_00038,ASV_00154,0.5136986301369864,pos,Farm,IT2
ASV_00038,ASV_00155,0.5642857142857143,pos,Farm,IT2
ASV_00038,ASV_00162,0.5238095238095238,pos,Farm,IT2
ASV_00038,ASV_00170,0.5921052631578947,pos,Farm,IT2
ASV_00038,ASV_00171,0.5369127516778524,pos,Farm,IT2
ASV_00038,ASV_00179,0.6148648648648649,pos,Farm,IT2
ASV_00038,ASV_00186,0.5374149659863946,pos,Farm,IT2
ASV_00038,ASV_00200,0.5103448275862069,pos,Farm,IT2
ASV_00038,ASV_00214,0.5342465753424658,pos,Farm,IT2
ASV_00038,ASV_00232,0.5436241610738255,pos,Farm,IT2
ASV_00038,ASV_00235,0.4859154929577465,pos,Farm,IT2
ASV_00038,ASV_00237,0.5675675675675675,pos,Farm,IT2
ASV_00038,ASV_00252,0.5379310344827586,pos,Farm,IT2
ASV_00038,ASV_00262,0.5369127516778524,pos,Farm,IT2
ASV_00038,ASV_00264,0.5103448275862069,pos,Farm,IT2
ASV_00038,ASV_00269,0.5816993464052288,pos,Farm,IT2
ASV_00038,ASV_00270,0.5657894736842105,pos,Farm,IT2
ASV_00038,ASV_00284,0.5138888888888888,pos,Farm,IT2
ASV_00038,ASV_00296,0.5104895104895105,pos,Farm,IT2
ASV_00038,ASV_00297,0.5342465753424658,pos,Farm,IT2
ASV_00038,ASV_00304,0.6054421768707483,pos,Farm,IT2
ASV_00038,ASV_00309,0.5510204081632653,pos,Farm,IT2
ASV_00038,ASV_00315,0.5319148936170213,pos,Farm,IT2
ASV_00038,ASV_00318,0.547945205479452,pos,Farm,IT2
ASV_00038,ASV_00339,0.5460992907801419,pos,Farm,IT2
ASV_00038,ASV_00343,0.5763888888888888,pos,Farm,IT2
ASV_00038,ASV_00350,0.4859154929577465,pos,Farm,IT2
ASV_00038,ASV_00356,0.5570469798657718,pos,Farm,IT2
ASV_00038,ASV_00359,0.5211267605633803,pos,Farm,IT2
ASV_00038,ASV_00361,0.5753424657534246,pos,Farm,IT2
ASV_00038,ASV_00368,0.5379310344827586,pos,Farm,IT2
ASV_00038,ASV_00373,0.5103448275862069,pos,Farm,IT2
ASV_00038,ASV_00378,0.5570469798657718,pos,Farm,IT2
ASV_00038,ASV_00381,0.5714285714285714,pos,Farm,IT2
ASV_00038,ASV_00384,0.5238095238095238,pos,Farm,IT2
ASV_00038,ASV_00423,0.5540540540540541,pos,Farm,IT2
ASV_00038,ASV_00426,0.5751633986928104,pos,Farm,IT2
ASV_00038,ASV_00428,0.5069444444444444,pos,Farm,IT2
ASV_00038,ASV_00438,0.5342465753424658,pos,Farm,IT2
ASV_00038,ASV_00447,0.5540540540540541,pos,Farm,IT2
ASV_00038,ASV_00451,0.5533333333333333,pos,Farm,IT2
ASV_00038,ASV_00460,0.5547945205479452,pos,Farm,IT2
ASV_00038,ASV_00465,0.5342465753424658,pos,Farm,IT2
ASV_00038,ASV_00477,0.5547945205479452,pos,Farm,IT2
ASV_00038,ASV_00488,0.5743243243243243,pos,Farm,IT2
ASV_00038,ASV_00493,0.5466666666666666,pos,Farm,IT2
ASV_00038,ASV_00507,0.541095890410959,pos,Farm,IT2
ASV_00038,ASV_00508,0.5136986301369864,pos,Farm,IT2
ASV_00038,ASV_00513,0.5238095238095238,pos,Farm,IT2
ASV_00038,ASV_00520,0.5724137931034483,pos,Farm,IT2
ASV_00038,ASV_00521,0.5675675675675675,pos,Farm,IT2
ASV_00038,ASV_00524,0.5103448275862069,pos,Farm,IT2
ASV_00038,ASV_00528,0.5136986301369864,pos,Farm,IT2
ASV_00038,ASV_00533,0.5379310344827586,pos,Farm,IT2
ASV_00038,ASV_00542,0.56,pos,Farm,IT2
ASV_00038,ASV_00544,0.5486111111111112,pos,Farm,IT2
ASV_00038,ASV_00548,0.5104895104895105,pos,Farm,IT2
ASV_00038,ASV_00555,0.5510204081632653,pos,Farm,IT2
ASV_00038,ASV_00559,0.5815602836879432,pos,Farm,IT2
ASV_00038,ASV_00571,0.5616438356164384,pos,Farm,IT2
ASV_00038,ASV_00581,0.4965034965034965,pos,Farm,IT2
ASV_00038,ASV_00587,0.5347222222222222,pos,Farm,IT2
ASV_00038,ASV_00612,0.5472972972972973,pos,Farm,IT2
ASV_00038,ASV_00630,0.5104895104895105,pos,Farm,IT2
ASV_00038,ASV_00641,0.5466666666666666,pos,Farm,IT2
ASV_00038,ASV_00651,0.5448275862068965,pos,Farm,IT2
ASV_00038,ASV_00676,0.5637583892617449,pos,Farm,IT2
ASV_00038,ASV_00679,0.5578231292517006,pos,Farm,IT2
ASV_00038,ASV_00714,0.5211267605633803,pos,Farm,IT2
ASV_00038,ASV_00721,0.5104895104895105,pos,Farm,IT2
ASV_00038,ASV_00724,0.5136986301369864,pos,Farm,IT2
ASV_00038,ASV_00726,0.5616438356164384,pos,Farm,IT2
ASV_00038,ASV_00728,0.4930555555555556,pos,Farm,IT2
ASV_00038,ASV_00760,0.5782312925170068,pos,Farm,IT2
ASV_00038,ASV_00781,0.5342465753424658,pos,Farm,IT2
ASV_00038,ASV_00798,0.5540540540540541,pos,Farm,IT2
ASV_00038,ASV_00801,0.5174825174825175,pos,Farm,IT2
ASV_00038,ASV_00802,0.5570469798657718,pos,Farm,IT2
ASV_00038,ASV_00808,0.5241379310344828,pos,Farm,IT2
ASV_00038,ASV_00811,0.5369127516778524,pos,Farm,IT2
ASV_00038,ASV_00848,0.5472972972972973,pos,Farm,IT2
ASV_00038,ASV_00880,0.5172413793103449,pos,Farm,IT2
ASV_00038,ASV_00924,0.48951048951048953,pos,Farm,IT2
ASV_00038,ASV_00931,0.5136986301369864,pos,Farm,IT2
ASV_00038,ASV_01179,0.5103448275862069,pos,Farm,IT2
ASV_00038,ASV_01249,0.5454545454545454,pos,Farm,IT2
ASV_00038,ASV_01276,0.5138888888888888,pos,Farm,IT2
ASV_00038,ASV_01385,0.5379310344827586,pos,Farm,IT2
ASV_00038,ASV_01426,0.503448275862069,pos,Farm,IT2
ASV_00038,ASV_01459,0.5205479452054794,pos,Farm,IT2
ASV_00038,ASV_01541,0.54421768707483,pos,Farm,IT2
ASV_00038,ASV_01941,0.5616438356164384,pos,Farm,IT2
ASV_00039,ASV_00044,0.5684931506849316,pos,Farm,IT2
ASV_00039,ASV_00056,0.55,pos,Farm,IT2
ASV_00039,ASV_00063,0.5310344827586206,pos,Farm,IT2
ASV_00039,ASV_00067,0.5454545454545454,pos,Farm,IT2
ASV_00039,ASV_00080,0.5782312925170068,pos,Farm,IT2
ASV_00039,ASV_00088,0.527027027027027,pos,Farm,IT2
ASV_00039,ASV_00090,0.5789473684210527,pos,Farm,IT2
ASV_00039,ASV_00094,0.5337837837837838,pos,Farm,IT2
ASV_00039,ASV_00104,0.5205479452054794,pos,Farm,IT2
ASV_00039,ASV_00107,0.5238095238095238,pos,Farm,IT2
ASV_00039,ASV_00118,0.5436241610738255,pos,Farm,IT2
ASV_00039,ASV_00119,0.5374149659863946,pos,Farm,IT2
ASV_00039,ASV_00120,0.5616438356164384,pos,Farm,IT2
ASV_00039,ASV_00123,0.4930555555555556,pos,Farm,IT2
ASV_00039,ASV_00125,0.5384615384615384,pos,Farm,IT2
ASV_00039,ASV_00130,0.5405405405405406,pos,Farm,IT2
ASV_00039,ASV_00132,0.5241379310344828,pos,Farm,IT2
ASV_00039,ASV_00140,0.5205479452054794,pos,Farm,IT2
ASV_00039,ASV_00147,0.5273972602739726,pos,Farm,IT2
ASV_00039,ASV_00151,0.5347222222222222,pos,Farm,IT2
ASV_00039,ASV_00152,0.5637583892617449,pos,Farm,IT2
ASV_00039,ASV_00159,0.5578231292517006,pos,Farm,IT2
ASV_00039,ASV_00160,0.5555555555555556,pos,Farm,IT2
ASV_00039,ASV_00166,0.5724137931034483,pos,Farm,IT2
ASV_00039,ASV_00181,0.5503355704697986,pos,Farm,IT2
ASV_00039,ASV_00197,0.5547945205479452,pos,Farm,IT2
ASV_00039,ASV_00205,0.6122448979591837,pos,Farm,IT2
ASV_00039,ASV_00206,0.5138888888888888,pos,Farm,IT2
ASV_00039,ASV_00208,0.5238095238095238,pos,Farm,IT2
ASV_00039,ASV_00227,0.5337837837837838,pos,Farm,IT2
ASV_00039,ASV_00232,0.5466666666666666,pos,Farm,IT2
ASV_00039,ASV_00233,0.5416666666666666,pos,Farm,IT2
ASV_00039,ASV_00235,0.5106382978723404,pos,Farm,IT2
ASV_00039,ASV_00239,0.5342465753424658,pos,Farm,IT2
ASV_00039,ASV_00240,0.5273972602739726,pos,Farm,IT2
ASV_00039,ASV_00244,0.5337837837837838,pos,Farm,IT2
ASV_00039,ASV_00259,0.5661764705882353,pos,Farm,IT2
ASV_00039,ASV_00271,0.48936170212765956,pos,Farm,IT2
ASV_00039,ASV_00273,0.5724137931034483,pos,Farm,IT2
ASV_00039,ASV_00274,0.5866666666666667,pos,Farm,IT2
ASV_00039,ASV_00279,0.5138888888888888,pos,Farm,IT2
ASV_00039,ASV_00282,0.5238095238095238,pos,Farm,IT2
ASV_00039,ASV_00297,0.5374149659863946,pos,Farm,IT2
ASV_00039,ASV_00305,0.56,pos,Farm,IT2
ASV_00039,ASV_00313,0.5369127516778524,pos,Farm,IT2
ASV_00039,ASV_00326,0.5205479452054794,pos,Farm,IT2
ASV_00039,ASV_00330,0.5170068027210885,pos,Farm,IT2
ASV_00039,ASV_00334,0.5821917808219178,pos,Farm,IT2
ASV_00039,ASV_00337,0.5838926174496645,pos,Farm,IT2
ASV_00039,ASV_00339,0.5068493150684932,pos,Farm,IT2
ASV_00039,ASV_00342,0.5586206896551724,pos,Farm,IT2
ASV_00039,ASV_00346,0.5486111111111112,pos,Farm,IT2
ASV_00039,ASV_00353,0.5342465753424658,pos,Farm,IT2
ASV_00039,ASV_00373,0.5241379310344828,pos,Farm,IT2
ASV_00039,ASV_00391,0.5277777777777778,pos,Farm,IT2
ASV_00039,ASV_00403,0.5608108108108109,pos,Farm,IT2
ASV_00039,ASV_00451,0.5666666666666667,pos,Farm,IT2
ASV_00039,ASV_00463,0.5503355704697986,pos,Farm,IT2
ASV_00039,ASV_00468,0.4647887323943662,pos,Farm,IT2
ASV_00039,ASV_00518,0.5629139072847682,pos,Farm,IT2
ASV_00039,ASV_00524,0.5136986301369864,pos,Farm,IT2
ASV_00039,ASV_00530,0.5547945205479452,pos,Farm,IT2
ASV_00039,ASV_00533,0.5306122448979592,pos,Farm,IT2
ASV_00039,ASV_00541,0.5374149659863946,pos,Farm,IT2
ASV_00039,ASV_00548,0.503448275862069,pos,Farm,IT2
ASV_00039,ASV_00554,0.5436241610738255,pos,Farm,IT2
ASV_00039,ASV_00563,0.5436241610738255,pos,Farm,IT2
ASV_00039,ASV_00568,0.5675675675675675,pos,Farm,IT2
ASV_00039,ASV_00628,0.5238095238095238,pos,Farm,IT2
ASV_00039,ASV_00636,0.5960264900662252,pos,Farm,IT2
ASV_00039,ASV_00638,0.5608108108108109,pos,Farm,IT2
ASV_00039,ASV_00651,0.527027027027027,pos,Farm,IT2
ASV_00039,ASV_00654,0.5172413793103449,pos,Farm,IT2
ASV_00039,ASV_00656,0.5616438356164384,pos,Farm,IT2
ASV_00039,ASV_00671,0.5273972602739726,pos,Farm,IT2
ASV_00039,ASV_00724,0.5379310344827586,pos,Farm,IT2
ASV_00039,ASV_00732,0.5342465753424658,pos,Farm,IT2
ASV_00039,ASV_00778,0.5177304964539007,pos,Farm,IT2
ASV_00039,ASV_00801,0.5103448275862069,pos,Farm,IT2
ASV_00039,ASV_00880,0.5310344827586206,pos,Farm,IT2
ASV_00039,ASV_00924,0.4930555555555556,pos,Farm,IT2
ASV_00039,ASV_01018,0.5379310344827586,pos,Farm,IT2
ASV_00039,ASV_01065,0.5172413793103449,pos,Farm,IT2
ASV_00039,ASV_01087,0.5902777777777778,pos,Farm,IT2
ASV_00039,ASV_01124,0.5337837837837838,pos,Farm,IT2
ASV_00039,ASV_01249,0.5379310344827586,pos,Farm,IT2
ASV_00039,ASV_01267,0.5306122448979592,pos,Farm,IT2
ASV_00039,ASV_01276,0.5172413793103449,pos,Farm,IT2
ASV_00039,ASV_01342,0.5761589403973509,pos,Farm,IT2
ASV_00039,ASV_01417,0.5374149659863946,pos,Farm,IT2
ASV_00039,ASV_02149,0.5136986301369864,pos,Farm,IT2
ASV_00039,ASV_02332,0.5570469798657718,pos,Farm,IT2
ASV_00040,ASV_00043,0.4892086330935252,pos,Farm,IT2
ASV_00040,ASV_00046,0.48226950354609927,pos,Farm,IT2
ASV_00040,ASV_00047,0.4676258992805755,pos,Farm,IT2
ASV_00040,ASV_00049,0.4965034965034965,pos,Farm,IT2
ASV_00040,ASV_00052,0.5214285714285715,pos,Farm,IT2
ASV_00040,ASV_00056,0.46715328467153283,pos,Farm,IT2
ASV_00040,ASV_00057,0.48226950354609927,pos,Farm,IT2
ASV_00040,ASV_00060,0.463768115942029,pos,Farm,IT2
ASV_00040,ASV_00062,0.4892086330935252,pos,Farm,IT2
ASV_00040,ASV_00071,0.4676258992805755,pos,Farm,IT2
ASV_00040,ASV_00076,0.5,pos,Farm,IT2
ASV_00040,ASV_00077,0.4859154929577465,pos,Farm,IT2
ASV_00040,ASV_00078,0.4855072463768116,pos,Farm,IT2
ASV_00040,ASV_00079,0.5,pos,Farm,IT2
ASV_00040,ASV_00080,0.5211267605633803,pos,Farm,IT2
ASV_00040,ASV_00088,0.5217391304347826,pos,Farm,IT2
ASV_00040,ASV_00089,0.5,pos,Farm,IT2
ASV_00040,ASV_00101,0.4785714285714286,pos,Farm,IT2
ASV_00040,ASV_00113,0.4748201438848921,pos,Farm,IT2
ASV_00040,ASV_00119,0.48936170212765956,pos,Farm,IT2
ASV_00040,ASV_00125,0.4676258992805755,pos,Farm,IT2
ASV_00040,ASV_00127,0.5,pos,Farm,IT2
ASV_00040,ASV_00128,0.5136986301369864,pos,Farm,IT2
ASV_00040,ASV_00159,0.5323741007194245,pos,Farm,IT2
ASV_00040,ASV_00165,0.48175182481751827,pos,Farm,IT2
ASV_00040,ASV_00166,0.49295774647887325,pos,Farm,IT2
ASV_00040,ASV_00176,0.47058823529411764,pos,Farm,IT2
ASV_00040,ASV_00186,0.5035460992907801,pos,Farm,IT2
ASV_00040,ASV_00187,0.48936170212765956,pos,Farm,IT2
ASV_00040,ASV_00189,0.4892086330935252,pos,Farm,IT2
ASV_00040,ASV_00194,0.5314685314685315,pos,Farm,IT2
ASV_00040,ASV_00197,0.49645390070921985,pos,Farm,IT2
ASV_00040,ASV_00206,0.4962962962962963,pos,Farm,IT2
ASV_00040,ASV_00213,0.5172413793103449,pos,Farm,IT2
ASV_00040,ASV_00219,0.5172413793103449,pos,Farm,IT2
ASV_00040,ASV_00229,0.5217391304347826,pos,Farm,IT2
ASV_00040,ASV_00233,0.5259259259259259,pos,Farm,IT2
ASV_00040,ASV_00235,0.48120300751879697,pos,Farm,IT2
ASV_00040,ASV_00251,0.4965034965034965,pos,Farm,IT2
ASV_00040,ASV_00264,0.5073529411764706,pos,Farm,IT2
ASV_00040,ASV_00267,0.48905109489051096,pos,Farm,IT2
ASV_00040,ASV_00279,0.463768115942029,pos,Farm,IT2
ASV_00040,ASV_00294,0.5285714285714286,pos,Farm,IT2
ASV_00040,ASV_00315,0.4852941176470588,pos,Farm,IT2
ASV_00040,ASV_00320,0.4782608695652174,pos,Farm,IT2
ASV_00040,ASV_00324,0.48226950354609927,pos,Farm,IT2
ASV_00040,ASV_00325,0.49645390070921985,pos,Farm,IT2
ASV_00040,ASV_00327,0.5333333333333333,pos,Farm,IT2
ASV_00040,ASV_00346,0.4785714285714286,pos,Farm,IT2
ASV_00040,ASV_00347,0.5,pos,Farm,IT2
ASV_00040,ASV_00355,0.5323741007194245,pos,Farm,IT2
ASV_00040,ASV_00367,0.5147058823529411,pos,Farm,IT2
ASV_00040,ASV_00377,0.5149253731343284,pos,Farm,IT2
ASV_00040,ASV_00391,0.4676258992805755,pos,Farm,IT2
ASV_00040,ASV_00395,0.4927536231884058,pos,Farm,IT2
ASV_00040,ASV_00409,0.49635036496350365,pos,Farm,IT2
ASV_00040,ASV_00412,0.4676258992805755,pos,Farm,IT2
ASV_00040,ASV_00425,0.5036496350364964,pos,Farm,IT2
ASV_00040,ASV_00426,0.54421768707483,pos,Farm,IT2
ASV_00040,ASV_00438,0.5,pos,Farm,IT2
ASV_00040,ASV_00440,0.48201438848920863,pos,Farm,IT2
ASV_00040,ASV_00453,0.5106382978723404,pos,Farm,IT2
ASV_00040,ASV_00455,0.4785714285714286,pos,Farm,IT2
ASV_00040,ASV_00460,0.5,pos,Farm,IT2
ASV_00040,ASV_00477,0.5,pos,Farm,IT2
ASV_00040,ASV_00482,0.5369127516778524,pos,Farm,IT2
ASV_00040,ASV_00495,0.49264705882352944,pos,Farm,IT2
ASV_00040,ASV_00498,0.48148148148148145,pos,Farm,IT2
ASV_00040,ASV_00518,0.5068493150684932,pos,Farm,IT2
ASV_00040,ASV_00528,0.4785714285714286,pos,Farm,IT2
ASV_00040,ASV_00529,0.4744525547445255,pos,Farm,IT2
ASV_00040,ASV_00530,0.4859154929577465,pos,Farm,IT2
ASV_00040,ASV_00542,0.5068493150684932,pos,Farm,IT2
ASV_00040,ASV_00544,0.4928571428571429,pos,Farm,IT2
ASV_00040,ASV_00551,0.5106382978723404,pos,Farm,IT2
ASV_00040,ASV_00569,0.48201438848920863,pos,Farm,IT2
ASV_00040,ASV_00654,0.5,pos,Farm,IT2
ASV_00040,ASV_00656,0.49295774647887325,pos,Farm,IT2
ASV_00040,ASV_00665,0.5037037037037037,pos,Farm,IT2
ASV_00040,ASV_00671,0.5,pos,Farm,IT2
ASV_00040,ASV_00673,0.5241379310344828,pos,Farm,IT2
ASV_00040,ASV_00679,0.5140845070422535,pos,Farm,IT2
ASV_00040,ASV_00687,0.48936170212765956,pos,Farm,IT2
ASV_00040,ASV_00772,0.5179856115107914,pos,Farm,IT2
ASV_00040,ASV_00789,0.49295774647887325,pos,Farm,IT2
ASV_00040,ASV_00806,0.5069444444444444,pos,Farm,IT2
ASV_00040,ASV_00821,0.5,pos,Farm,IT2
ASV_00040,ASV_00869,0.5138888888888888,pos,Farm,IT2
ASV_00040,ASV_00912,0.48148148148148145,pos,Farm,IT2
ASV_00040,ASV_00929,0.5,pos,Farm,IT2
ASV_00040,ASV_00987,0.4892086330935252,pos,Farm,IT2
ASV_00040,ASV_01023,0.5244755244755245,pos,Farm,IT2
ASV_00040,ASV_01048,0.48226950354609927,pos,Farm,IT2
ASV_00040,ASV_01253,0.4859154929577465,pos,Farm,IT2
ASV_00040,ASV_01342,0.5205479452054794,pos,Farm,IT2
ASV_00040,ASV_01385,0.5144927536231884,pos,Farm,IT2
ASV_00040,ASV_01941,0.5070422535211268,pos,Farm,IT2
ASV_00041,ASV_00055,0.5205479452054794,pos,Farm,IT2
ASV_00041,ASV_00058,0.5208333333333334,pos,Farm,IT2
ASV_00041,ASV_00059,0.4892086330935252,pos,Farm,IT2
ASV_00041,ASV_00061,0.5205479452054794,pos,Farm,IT2
ASV_00041,ASV_00063,0.5104895104895105,pos,Farm,IT2
ASV_00041,ASV_00068,0.5241379310344828,pos,Farm,IT2
ASV_00041,ASV_00072,0.593103448275862,pos,Farm,IT2
ASV_00041,ASV_00077,0.5136986301369864,pos,Farm,IT2
ASV_00041,ASV_00078,0.524822695035461,pos,Farm,IT2
ASV_00041,ASV_00080,0.5374149659863946,pos,Farm,IT2
ASV_00041,ASV_00087,0.5314685314685315,pos,Farm,IT2
ASV_00041,ASV_00091,0.5172413793103449,pos,Farm,IT2
ASV_00041,ASV_00093,0.5379310344827586,pos,Farm,IT2
ASV_00041,ASV_00097,0.5142857142857142,pos,Farm,IT2
ASV_00041,ASV_00098,0.5492957746478874,pos,Farm,IT2
ASV_00041,ASV_00115,0.48226950354609927,pos,Farm,IT2
ASV_00041,ASV_00117,0.49295774647887325,pos,Farm,IT2
ASV_00041,ASV_00119,0.5492957746478874,pos,Farm,IT2
ASV_00041,ASV_00127,0.5704225352112676,pos,Farm,IT2
ASV_00041,ASV_00131,0.5571428571428572,pos,Farm,IT2
ASV_00041,ASV_00139,0.4857142857142857,pos,Farm,IT2
ASV_00041,ASV_00140,0.5428571428571428,pos,Farm,IT2
ASV_00041,ASV_00142,0.5454545454545454,pos,Farm,IT2
ASV_00041,ASV_00152,0.5337837837837838,pos,Farm,IT2
ASV_00041,ASV_00155,0.524822695035461,pos,Farm,IT2
ASV_00041,ASV_00162,0.5714285714285714,pos,Farm,IT2
ASV_00041,ASV_00166,0.5310344827586206,pos,Farm,IT2
ASV_00041,ASV_00170,0.5973154362416108,pos,Farm,IT2
ASV_00041,ASV_00172,0.5205479452054794,pos,Farm,IT2
ASV_00041,ASV_00177,0.5034965034965035,pos,Farm,IT2
ASV_00041,ASV_00179,0.5562913907284768,pos,Farm,IT2
ASV_00041,ASV_00193,0.5238095238095238,pos,Farm,IT2
ASV_00041,ASV_00199,0.49645390070921985,pos,Farm,IT2
ASV_00041,ASV_00203,0.5241379310344828,pos,Farm,IT2
ASV_00041,ASV_00212,0.5314685314685315,pos,Farm,IT2
ASV_00041,ASV_00227,0.5241379310344828,pos,Farm,IT2
ASV_00041,ASV_00231,0.5208333333333334,pos,Farm,IT2
ASV_00041,ASV_00242,0.49640287769784175,pos,Farm,IT2
ASV_00041,ASV_00246,0.541095890410959,pos,Farm,IT2
ASV_00041,ASV_00247,0.5103448275862069,pos,Farm,IT2
ASV_00041,ASV_00249,0.5208333333333334,pos,Farm,IT2
ASV_00041,ASV_00250,0.5448275862068965,pos,Farm,IT2
ASV_00041,ASV_00251,0.5238095238095238,pos,Farm,IT2
ASV_00041,ASV_00252,0.5208333333333334,pos,Farm,IT2
ASV_00041,ASV_00264,0.524822695035461,pos,Farm,IT2
ASV_00041,ASV_00267,0.5070422535211268,pos,Farm,IT2
ASV_00041,ASV_00275,0.5436241610738255,pos,Farm,IT2
ASV_00041,ASV_00277,0.5608108108108109,pos,Farm,IT2
ASV_00041,ASV_00279,0.5035460992907801,pos,Farm,IT2
ASV_00041,ASV_00282,0.5244755244755245,pos,Farm,IT2
ASV_00041,ASV_00295,0.5273972602739726,pos,Farm,IT2
ASV_00041,ASV_00299,0.55,pos,Farm,IT2
ASV_00041,ASV_00304,0.5466666666666666,pos,Farm,IT2
ASV_00041,ASV_00307,0.5211267605633803,pos,Farm,IT2
ASV_00041,ASV_00315,0.49295774647887325,pos,Farm,IT2
ASV_00041,ASV_00324,0.5103448275862069,pos,Farm,IT2
ASV_00041,ASV_00347,0.547945205479452,pos,Farm,IT2
ASV_00041,ASV_00350,0.4785714285714286,pos,Farm,IT2
ASV_00041,ASV_00353,0.5244755244755245,pos,Farm,IT2
ASV_00041,ASV_00356,0.5510204081632653,pos,Farm,IT2
ASV_00041,ASV_00373,0.524822695035461,pos,Farm,IT2
ASV_00041,ASV_00378,0.5405405405405406,pos,Farm,IT2
ASV_00041,ASV_00381,0.5211267605633803,pos,Farm,IT2
ASV_00041,ASV_00384,0.5384615384615384,pos,Farm,IT2
ASV_00041,ASV_00390,0.5503355704697986,pos,Farm,IT2
ASV_00041,ASV_00393,0.5107913669064749,pos,Farm,IT2
ASV_00041,ASV_00398,0.5238095238095238,pos,Farm,IT2
ASV_00041,ASV_00404,0.4965034965034965,pos,Farm,IT2
ASV_00041,ASV_00406,0.4965034965034965,pos,Farm,IT2
ASV_00041,ASV_00410,0.5384615384615384,pos,Farm,IT2
ASV_00041,ASV_00418,0.5138888888888888,pos,Farm,IT2
ASV_00041,ASV_00422,0.5172413793103449,pos,Farm,IT2
ASV_00041,ASV_00425,0.5211267605633803,pos,Farm,IT2
ASV_00041,ASV_00437,0.5238095238095238,pos,Farm,IT2
ASV_00041,ASV_00441,0.5390070921985816,pos,Farm,IT2
ASV_00041,ASV_00443,0.5104895104895105,pos,Farm,IT2
ASV_00041,ASV_00445,0.5172413793103449,pos,Farm,IT2
ASV_00041,ASV_00453,0.5273972602739726,pos,Farm,IT2
ASV_00041,ASV_00455,0.528169014084507,pos,Farm,IT2
ASV_00041,ASV_00459,0.5704225352112676,pos,Farm,IT2
ASV_00041,ASV_00460,0.5379310344827586,pos,Farm,IT2
ASV_00041,ASV_00467,0.5570469798657718,pos,Farm,IT2
ASV_00041,ASV_00477,0.5273972602739726,pos,Farm,IT2
ASV_00041,ASV_00493,0.5405405405405406,pos,Farm,IT2
ASV_00041,ASV_00507,0.5241379310344828,pos,Farm,IT2
ASV_00041,ASV_00511,0.49645390070921985,pos,Farm,IT2
ASV_00041,ASV_00524,0.5034965034965035,pos,Farm,IT2
ASV_00041,ASV_00542,0.5436241610738255,pos,Farm,IT2
ASV_00041,ASV_00544,0.5103448275862069,pos,Farm,IT2
ASV_00041,ASV_00554,0.5238095238095238,pos,Farm,IT2
ASV_00041,ASV_00556,0.5416666666666666,pos,Farm,IT2
ASV_00041,ASV_00569,0.5,pos,Farm,IT2
ASV_00041,ASV_00570,0.5177304964539007,pos,Farm,IT2
ASV_00041,ASV_00571,0.5555555555555556,pos,Farm,IT2
ASV_00041,ASV_00581,0.5107913669064749,pos,Farm,IT2
ASV_00041,ASV_00592,0.5454545454545454,pos,Farm,IT2
ASV_00041,ASV_00596,0.5,pos,Farm,IT2
ASV_00041,ASV_00611,0.5238095238095238,pos,Farm,IT2
ASV_00041,ASV_00613,0.5,pos,Farm,IT2
ASV_00041,ASV_00620,0.5306122448979592,pos,Farm,IT2
ASV_00041,ASV_00630,0.5035460992907801,pos,Farm,IT2
ASV_00041,ASV_00651,0.5277777777777778,pos,Farm,IT2
ASV_00041,ASV_00662,0.5104895104895105,pos,Farm,IT2
ASV_00041,ASV_00668,0.55,pos,Farm,IT2
ASV_00041,ASV_00687,0.5492957746478874,pos,Farm,IT2
ASV_00041,ASV_00718,0.48951048951048953,pos,Farm,IT2
ASV_00041,ASV_00721,0.49295774647887325,pos,Farm,IT2
ASV_00041,ASV_00758,0.5273972602739726,pos,Farm,IT2
ASV_00041,ASV_00760,0.5510204081632653,pos,Farm,IT2
ASV_00041,ASV_00769,0.5172413793103449,pos,Farm,IT2
ASV_00041,ASV_00809,0.5878378378378378,pos,Farm,IT2
ASV_00041,ASV_00811,0.5625,pos,Farm,IT2
ASV_00041,ASV_00829,0.5103448275862069,pos,Farm,IT2
ASV_00041,ASV_00843,0.5306122448979592,pos,Farm,IT2
ASV_00041,ASV_00873,0.5,pos,Farm,IT2
ASV_00041,ASV_00891,0.56,pos,Farm,IT2
ASV_00041,ASV_00931,0.5390070921985816,pos,Farm,IT2
ASV_00041,ASV_00959,0.5347222222222222,pos,Farm,IT2
ASV_00041,ASV_00984,0.5205479452054794,pos,Farm,IT2
ASV_00041,ASV_01048,0.5103448275862069,pos,Farm,IT2
ASV_00041,ASV_01071,0.5244755244755245,pos,Farm,IT2
ASV_00041,ASV_01090,0.54421768707483,pos,Farm,IT2
ASV_00041,ASV_01092,0.5436241610738255,pos,Farm,IT2
ASV_00041,ASV_01124,0.5241379310344828,pos,Farm,IT2
ASV_00041,ASV_01179,0.5034965034965035,pos,Farm,IT2
ASV_00041,ASV_01491,0.5172413793103449,pos,Farm,IT2
ASV_00041,ASV_01840,0.5172413793103449,pos,Farm,IT2
ASV_00041,ASV_02020,0.5103448275862069,pos,Farm,IT2
ASV_00041,ASV_02149,0.5034965034965035,pos,Farm,IT2
ASV_00042,ASV_00043,0.5069444444444444,pos,Farm,IT2
ASV_00042,ASV_00044,0.5594405594405595,pos,Farm,IT2
ASV_00042,ASV_00045,0.5208333333333334,pos,Farm,IT2
ASV_00042,ASV_00049,0.5774647887323944,pos,Farm,IT2
ASV_00042,ASV_00067,0.5034965034965035,pos,Farm,IT2
ASV_00042,ASV_00069,0.48226950354609927,pos,Farm,IT2
ASV_00042,ASV_00080,0.547945205479452,pos,Farm,IT2
ASV_00042,ASV_00085,0.5205479452054794,pos,Farm,IT2
ASV_00042,ASV_00094,0.5136986301369864,pos,Farm,IT2
ASV_00042,ASV_00112,0.5172413793103449,pos,Farm,IT2
ASV_00042,ASV_00118,0.5448275862068965,pos,Farm,IT2
ASV_00042,ASV_00128,0.5503355704697986,pos,Farm,IT2
ASV_00042,ASV_00130,0.574468085106383,pos,Farm,IT2
ASV_00042,ASV_00142,0.5241379310344828,pos,Farm,IT2
ASV_00042,ASV_00145,0.5492957746478874,pos,Farm,IT2
ASV_00042,ASV_00146,0.5405405405405406,pos,Farm,IT2
ASV_00042,ASV_00147,0.528169014084507,pos,Farm,IT2
ASV_00042,ASV_00148,0.564625850340136,pos,Farm,IT2
ASV_00042,ASV_00152,0.5337837837837838,pos,Farm,IT2
ASV_00042,ASV_00156,0.5616438356164384,pos,Farm,IT2
ASV_00042,ASV_00159,0.5273972602739726,pos,Farm,IT2
ASV_00042,ASV_00163,0.5034965034965035,pos,Farm,IT2
ASV_00042,ASV_00171,0.541095890410959,pos,Farm,IT2
ASV_00042,ASV_00176,0.5,pos,Farm,IT2
ASV_00042,ASV_00182,0.5374149659863946,pos,Farm,IT2
ASV_00042,ASV_00193,0.5555555555555556,pos,Farm,IT2
ASV_00042,ASV_00202,0.5071428571428571,pos,Farm,IT2
ASV_00042,ASV_00203,0.5136986301369864,pos,Farm,IT2
ASV_00042,ASV_00208,0.5138888888888888,pos,Farm,IT2
ASV_00042,ASV_00240,0.5069444444444444,pos,Farm,IT2
ASV_00042,ASV_00243,0.5205479452054794,pos,Farm,IT2
ASV_00042,ASV_00253,0.5337837837837838,pos,Farm,IT2
ASV_00042,ASV_00257,0.5342465753424658,pos,Farm,IT2
ASV_00042,ASV_00259,0.4892086330935252,pos,Farm,IT2
ASV_00042,ASV_00262,0.541095890410959,pos,Farm,IT2
ASV_00042,ASV_00263,0.5337837837837838,pos,Farm,IT2
ASV_00042,ASV_00264,0.524822695035461,pos,Farm,IT2
ASV_00042,ASV_00265,0.5,pos,Farm,IT2
ASV_00042,ASV_00276,0.547945205479452,pos,Farm,IT2
ASV_00042,ASV_00285,0.5069444444444444,pos,Farm,IT2
ASV_00042,ASV_00286,0.5454545454545454,pos,Farm,IT2
ASV_00042,ASV_00294,0.5342465753424658,pos,Farm,IT2
ASV_00042,ASV_00303,0.49295774647887325,pos,Farm,IT2
ASV_00042,ASV_00315,0.5142857142857142,pos,Farm,IT2
ASV_00042,ASV_00317,0.5314685314685315,pos,Farm,IT2
ASV_00042,ASV_00324,0.5531914893617021,pos,Farm,IT2
ASV_00042,ASV_00330,0.5069444444444444,pos,Farm,IT2
ASV_00042,ASV_00336,0.5172413793103449,pos,Farm,IT2
ASV_00042,ASV_00342,0.5172413793103449,pos,Farm,IT2
ASV_00042,ASV_00346,0.5174825174825175,pos,Farm,IT2
ASV_00042,ASV_00352,0.5138888888888888,pos,Farm,IT2
ASV_00042,ASV_00353,0.5138888888888888,pos,Farm,IT2
ASV_00042,ASV_00354,0.5138888888888888,pos,Farm,IT2
ASV_00042,ASV_00369,0.5205479452054794,pos,Farm,IT2
ASV_00042,ASV_00378,0.5510204081632653,pos,Farm,IT2
ASV_00042,ASV_00391,0.4965034965034965,pos,Farm,IT2
ASV_00042,ASV_00400,0.5306122448979592,pos,Farm,IT2
ASV_00042,ASV_00416,0.5172413793103449,pos,Farm,IT2
ASV_00042,ASV_00442,0.54421768707483,pos,Farm,IT2
ASV_00042,ASV_00444,0.5347222222222222,pos,Farm,IT2
ASV_00042,ASV_00451,0.5578231292517006,pos,Farm,IT2
ASV_00042,ASV_00458,0.4965034965034965,pos,Farm,IT2
ASV_00042,ASV_00479,0.5694444444444444,pos,Farm,IT2
ASV_00042,ASV_00496,0.5416666666666666,pos,Farm,IT2
ASV_00042,ASV_00498,0.5217391304347826,pos,Farm,IT2
ASV_00042,ASV_00506,0.5034965034965035,pos,Farm,IT2
ASV_00042,ASV_00530,0.5136986301369864,pos,Farm,IT2
ASV_00042,ASV_00533,0.5208333333333334,pos,Farm,IT2
ASV_00042,ASV_00534,0.5570469798657718,pos,Farm,IT2
ASV_00042,ASV_00543,0.5448275862068965,pos,Farm,IT2
ASV_00042,ASV_00550,0.547945205479452,pos,Farm,IT2
ASV_00042,ASV_00554,0.5238095238095238,pos,Farm,IT2
ASV_00042,ASV_00555,0.5342465753424658,pos,Farm,IT2
ASV_00042,ASV_00559,0.5208333333333334,pos,Farm,IT2
ASV_00042,ASV_00620,0.5517241379310345,pos,Farm,IT2
ASV_00042,ASV_00628,0.5571428571428572,pos,Farm,IT2
ASV_00042,ASV_00643,0.5241379310344828,pos,Farm,IT2
ASV_00042,ASV_00645,0.5106382978723404,pos,Farm,IT2
ASV_00042,ASV_00651,0.5277777777777778,pos,Farm,IT2
ASV_00042,ASV_00656,0.5205479452054794,pos,Farm,IT2
ASV_00042,ASV_00662,0.5,pos,Farm,IT2
ASV_00042,ASV_00760,0.5405405405405406,pos,Farm,IT2
ASV_00042,ASV_00769,0.5384615384615384,pos,Farm,IT2
ASV_00042,ASV_00772,0.5563380281690141,pos,Farm,IT2
ASV_00042,ASV_00778,0.49640287769784175,pos,Farm,IT2
ASV_00042,ASV_00809,0.5562913907284768,pos,Farm,IT2
ASV_00042,ASV_00829,0.5208333333333334,pos,Farm,IT2
ASV_00042,ASV_00935,0.5241379310344828,pos,Farm,IT2
ASV_00042,ASV_00984,0.5205479452054794,pos,Farm,IT2
ASV_00042,ASV_01048,0.5103448275862069,pos,Farm,IT2
ASV_00042,ASV_01101,0.5238095238095238,pos,Farm,IT2
ASV_00042,ASV_01124,0.5241379310344828,pos,Farm,IT2
ASV_00042,ASV_01249,0.5069444444444444,pos,Farm,IT2
ASV_00042,ASV_01328,0.5244755244755245,pos,Farm,IT2
ASV_00042,ASV_01349,0.5136986301369864,pos,Farm,IT2
ASV_00042,ASV_01458,0.5071428571428571,pos,Farm,IT2
ASV_00042,ASV_02332,0.5586206896551724,pos,Farm,IT2
ASV_00043,ASV_00049,0.5069444444444444,pos,Farm,IT2
ASV_00043,ASV_00052,0.5,pos,Farm,IT2
ASV_00043,ASV_00065,0.55,pos,Farm,IT2
ASV_00043,ASV_00094,0.4965034965034965,pos,Farm,IT2
ASV_00043,ASV_00095,0.5319148936170213,pos,Farm,IT2
ASV_00043,ASV_00101,0.5,pos,Farm,IT2
ASV_00043,ASV_00103,0.5103448275862069,pos,Farm,IT2
ASV_00043,ASV_00104,0.5035971223021583,pos,Farm,IT2
ASV_00043,ASV_00112,0.5,pos,Farm,IT2
ASV_00043,ASV_00128,0.5238095238095238,pos,Farm,IT2
ASV_00043,ASV_00130,0.5467625899280576,pos,Farm,IT2
ASV_00043,ASV_00132,0.49640287769784175,pos,Farm,IT2
ASV_00043,ASV_00138,0.5251798561151079,pos,Farm,IT2
ASV_00043,ASV_00146,0.5136986301369864,pos,Farm,IT2
ASV_00043,ASV_00147,0.5107913669064749,pos,Farm,IT2
ASV_00043,ASV_00156,0.5136986301369864,pos,Farm,IT2
ASV_00043,ASV_00159,0.5,pos,Farm,IT2
ASV_00043,ASV_00191,0.49645390070921985,pos,Farm,IT2
ASV_00043,ASV_00194,0.5310344827586206,pos,Farm,IT2
ASV_00043,ASV_00202,0.4782608695652174,pos,Farm,IT2
ASV_00043,ASV_00208,0.49645390070921985,pos,Farm,IT2
ASV_00043,ASV_00242,0.46715328467153283,pos,Farm,IT2
ASV_00043,ASV_00249,0.49295774647887325,pos,Farm,IT2
ASV_00043,ASV_00253,0.5277777777777778,pos,Farm,IT2
ASV_00043,ASV_00262,0.5138888888888888,pos,Farm,IT2
ASV_00043,ASV_00266,0.528169014084507,pos,Farm,IT2
ASV_00043,ASV_00276,0.5531914893617021,pos,Farm,IT2
ASV_00043,ASV_00279,0.4748201438848921,pos,Farm,IT2
ASV_00043,ASV_00290,0.5337837837837838,pos,Farm,IT2
ASV_00043,ASV_00292,0.5422535211267606,pos,Farm,IT2
ASV_00043,ASV_00304,0.5306122448979592,pos,Farm,IT2
ASV_00043,ASV_00305,0.5136986301369864,pos,Farm,IT2
ASV_00043,ASV_00312,0.5208333333333334,pos,Farm,IT2
ASV_00043,ASV_00313,0.5,pos,Farm,IT2
ASV_00043,ASV_00320,0.4785714285714286,pos,Farm,IT2
ASV_00043,ASV_00327,0.5107913669064749,pos,Farm,IT2
ASV_00043,ASV_00346,0.5,pos,Farm,IT2
ASV_00043,ASV_00347,0.5208333333333334,pos,Farm,IT2
ASV_00043,ASV_00350,0.45985401459854014,pos,Farm,IT2
ASV_00043,ASV_00352,0.5289855072463768,pos,Farm,IT2
ASV_00043,ASV_00353,0.4859154929577465,pos,Farm,IT2
ASV_00043,ASV_00355,0.5104895104895105,pos,Farm,IT2
ASV_00043,ASV_00409,0.49640287769784175,pos,Farm,IT2
ASV_00043,ASV_00412,0.4892086330935252,pos,Farm,IT2
ASV_00043,ASV_00425,0.48226950354609927,pos,Farm,IT2
ASV_00043,ASV_00440,0.5367647058823529,pos,Farm,IT2
ASV_00043,ASV_00458,0.4785714285714286,pos,Farm,IT2
ASV_00043,ASV_00490,0.5517241379310345,pos,Farm,IT2
ASV_00043,ASV_00501,0.5140845070422535,pos,Farm,IT2
ASV_00043,ASV_00529,0.5073529411764706,pos,Farm,IT2
ASV_00043,ASV_00544,0.5035460992907801,pos,Farm,IT2
ASV_00043,ASV_00554,0.5069444444444444,pos,Farm,IT2
ASV_00043,ASV_00587,0.5107913669064749,pos,Farm,IT2
ASV_00043,ASV_00628,0.4859154929577465,pos,Farm,IT2
ASV_00043,ASV_00679,0.5138888888888888,pos,Farm,IT2
ASV_00043,ASV_00718,0.48201438848920863,pos,Farm,IT2
ASV_00043,ASV_00755,0.5170068027210885,pos,Farm,IT2
ASV_00043,ASV_00760,0.5454545454545454,pos,Farm,IT2
ASV_00043,ASV_00772,0.539568345323741,pos,Farm,IT2
ASV_00043,ASV_00789,0.524822695035461,pos,Farm,IT2
ASV_00043,ASV_00821,0.5104895104895105,pos,Farm,IT2
ASV_00043,ASV_00829,0.49295774647887325,pos,Farm,IT2
ASV_00043,ASV_00842,0.4785714285714286,pos,Farm,IT2
ASV_00043,ASV_00875,0.5170068027210885,pos,Farm,IT2
ASV_00043,ASV_00880,0.5035971223021583,pos,Farm,IT2
ASV_00043,ASV_00890,0.5,pos,Farm,IT2
ASV_00043,ASV_00929,0.5422535211267606,pos,Farm,IT2
ASV_00043,ASV_00958,0.5214285714285715,pos,Farm,IT2
ASV_00043,ASV_00959,0.4965034965034965,pos,Farm,IT2
ASV_00043,ASV_00987,0.5,pos,Farm,IT2
ASV_00043,ASV_01023,0.5563380281690141,pos,Farm,IT2
ASV_00043,ASV_01087,0.5,pos,Farm,IT2
ASV_00043,ASV_01101,0.5069444444444444,pos,Farm,IT2
ASV_00043,ASV_01253,0.5070422535211268,pos,Farm,IT2
ASV_00043,ASV_01503,0.5211267605633803,pos,Farm,IT2
ASV_00043,ASV_01541,0.5319148936170213,pos,Farm,IT2
ASV_00044,ASV_00056,0.48936170212765956,pos,Farm,IT2
ASV_00044,ASV_00058,0.5244755244755245,pos,Farm,IT2
ASV_00044,ASV_00059,0.4714285714285714,pos,Farm,IT2
ASV_00044,ASV_00060,0.49645390070921985,pos,Farm,IT2
ASV_00044,ASV_00072,0.5436241610738255,pos,Farm,IT2
ASV_00044,ASV_00080,0.541095890410959,pos,Farm,IT2
ASV_00044,ASV_00095,0.5416666666666666,pos,Farm,IT2
ASV_00044,ASV_00098,0.5103448275862069,pos,Farm,IT2
ASV_00044,ASV_00113,0.4965034965034965,pos,Farm,IT2
ASV_00044,ASV_00117,0.4859154929577465,pos,Farm,IT2
ASV_00044,ASV_00118,0.5273972602739726,pos,Farm,IT2
ASV_00044,ASV_00120,0.5136986301369864,pos,Farm,IT2
ASV_00044,ASV_00122,0.5319148936170213,pos,Farm,IT2
ASV_00044,ASV_00127,0.5416666666666666,pos,Farm,IT2
ASV_00044,ASV_00129,0.5138888888888888,pos,Farm,IT2
ASV_00044,ASV_00132,0.539568345323741,pos,Farm,IT2
ASV_00044,ASV_00133,0.5611510791366906,pos,Farm,IT2
ASV_00044,ASV_00138,0.5244755244755245,pos,Farm,IT2
ASV_00044,ASV_00144,0.5104895104895105,pos,Farm,IT2
ASV_00044,ASV_00145,0.5314685314685315,pos,Farm,IT2
ASV_00044,ASV_00147,0.5,pos,Farm,IT2
ASV_00044,ASV_00148,0.5472972972972973,pos,Farm,IT2
ASV_00044,ASV_00152,0.5374149659863946,pos,Farm,IT2
ASV_00044,ASV_00156,0.5337837837837838,pos,Farm,IT2
ASV_00044,ASV_00159,0.5633802816901409,pos,Farm,IT2
ASV_00044,ASV_00164,0.524822695035461,pos,Farm,IT2
ASV_00044,ASV_00168,0.5724137931034483,pos,Farm,IT2
ASV_00044,ASV_00176,0.48226950354609927,pos,Farm,IT2
ASV_00044,ASV_00184,0.5069444444444444,pos,Farm,IT2
ASV_00044,ASV_00186,0.5454545454545454,pos,Farm,IT2
ASV_00044,ASV_00191,0.5174825174825175,pos,Farm,IT2
ASV_00044,ASV_00192,0.5103448275862069,pos,Farm,IT2
ASV_00044,ASV_00205,0.5436241610738255,pos,Farm,IT2
ASV_00044,ASV_00206,0.5071428571428571,pos,Farm,IT2
ASV_00044,ASV_00213,0.5369127516778524,pos,Farm,IT2
ASV_00044,ASV_00216,0.5069444444444444,pos,Farm,IT2
ASV_00044,ASV_00227,0.5384615384615384,pos,Farm,IT2
ASV_00044,ASV_00229,0.5103448275862069,pos,Farm,IT2
ASV_00044,ASV_00237,0.5547945205479452,pos,Farm,IT2
ASV_00044,ASV_00243,0.5136986301369864,pos,Farm,IT2
ASV_00044,ASV_00247,0.5460992907801419,pos,Farm,IT2
ASV_00044,ASV_00265,0.5357142857142857,pos,Farm,IT2
ASV_00044,ASV_00273,0.5241379310344828,pos,Farm,IT2
ASV_00044,ASV_00282,0.528169014084507,pos,Farm,IT2
ASV_00044,ASV_00286,0.5384615384615384,pos,Farm,IT2
ASV_00044,ASV_00291,0.5071428571428571,pos,Farm,IT2
ASV_00044,ASV_00294,0.5273972602739726,pos,Farm,IT2
ASV_00044,ASV_00296,0.4859154929577465,pos,Farm,IT2
ASV_00044,ASV_00311,0.5405405405405406,pos,Farm,IT2
ASV_00044,ASV_00312,0.541095890410959,pos,Farm,IT2
ASV_00044,ASV_00318,0.5241379310344828,pos,Farm,IT2
ASV_00044,ASV_00323,0.5384615384615384,pos,Farm,IT2
ASV_00044,ASV_00324,0.5244755244755245,pos,Farm,IT2
ASV_00044,ASV_00326,0.5034965034965035,pos,Farm,IT2
ASV_00044,ASV_00335,0.5144927536231884,pos,Farm,IT2
ASV_00044,ASV_00337,0.5369127516778524,pos,Farm,IT2
ASV_00044,ASV_00339,0.5,pos,Farm,IT2
ASV_00044,ASV_00340,0.5448275862068965,pos,Farm,IT2
ASV_00044,ASV_00342,0.5531914893617021,pos,Farm,IT2
ASV_00044,ASV_00346,0.5104895104895105,pos,Farm,IT2
ASV_00044,ASV_00352,0.5174825174825175,pos,Farm,IT2
ASV_00044,ASV_00354,0.528169014084507,pos,Farm,IT2
ASV_00044,ASV_00369,0.5136986301369864,pos,Farm,IT2
ASV_00044,ASV_00376,0.541095890410959,pos,Farm,IT2
ASV_00044,ASV_00377,0.5035460992907801,pos,Farm,IT2
ASV_00044,ASV_00378,0.54421768707483,pos,Farm,IT2
ASV_00044,ASV_00382,0.5448275862068965,pos,Farm,IT2
ASV_00044,ASV_00391,0.5,pos,Farm,IT2
ASV_00044,ASV_00399,0.5379310344827586,pos,Farm,IT2
ASV_00044,ASV_00403,0.5448275862068965,pos,Farm,IT2
ASV_00044,ASV_00404,0.5214285714285715,pos,Farm,IT2
ASV_00044,ASV_00410,0.5103448275862069,pos,Farm,IT2
ASV_00044,ASV_00416,0.5208333333333334,pos,Farm,IT2
ASV_00044,ASV_00440,0.5034965034965035,pos,Farm,IT2
ASV_00044,ASV_00445,0.5208333333333334,pos,Farm,IT2
ASV_00044,ASV_00450,0.5310344827586206,pos,Farm,IT2
ASV_00044,ASV_00451,0.5724137931034483,pos,Farm,IT2
ASV_00044,ASV_00477,0.5310344827586206,pos,Farm,IT2
ASV_00044,ASV_00479,0.5625,pos,Farm,IT2
ASV_00044,ASV_00493,0.54421768707483,pos,Farm,IT2
ASV_00044,ASV_00495,0.5035460992907801,pos,Farm,IT2
ASV_00044,ASV_00504,0.564625850340136,pos,Farm,IT2
ASV_00044,ASV_00508,0.5428571428571428,pos,Farm,IT2
ASV_00044,ASV_00529,0.4859154929577465,pos,Farm,IT2
ASV_00044,ASV_00533,0.5138888888888888,pos,Farm,IT2
ASV_00044,ASV_00536,0.5724137931034483,pos,Farm,IT2
ASV_00044,ASV_00541,0.5314685314685315,pos,Farm,IT2
ASV_00044,ASV_00543,0.5704225352112676,pos,Farm,IT2
ASV_00044,ASV_00548,0.4859154929577465,pos,Farm,IT2
ASV_00044,ASV_00551,0.5205479452054794,pos,Farm,IT2
ASV_00044,ASV_00568,0.5625,pos,Farm,IT2
ASV_00044,ASV_00618,0.5103448275862069,pos,Farm,IT2
ASV_00044,ASV_00622,0.5367647058823529,pos,Farm,IT2
ASV_00044,ASV_00630,0.49645390070921985,pos,Farm,IT2
ASV_00044,ASV_00636,0.56,pos,Farm,IT2
ASV_00044,ASV_00638,0.5342465753424658,pos,Farm,IT2
ASV_00044,ASV_00651,0.5314685314685315,pos,Farm,IT2
ASV_00044,ASV_00656,0.5241379310344828,pos,Farm,IT2
ASV_00044,ASV_00668,0.5,pos,Farm,IT2
ASV_00044,ASV_00758,0.5205479452054794,pos,Farm,IT2
ASV_00044,ASV_00769,0.5103448275862069,pos,Farm,IT2
ASV_00044,ASV_00808,0.5428571428571428,pos,Farm,IT2
ASV_00044,ASV_00809,0.581081081081081,pos,Farm,IT2
ASV_00044,ASV_00829,0.5460992907801419,pos,Farm,IT2
ASV_00044,ASV_00865,0.5241379310344828,pos,Farm,IT2
ASV_00044,ASV_00875,0.5472972972972973,pos,Farm,IT2
ASV_00044,ASV_00890,0.5633802816901409,pos,Farm,IT2
ASV_00044,ASV_00906,0.5608108108108109,pos,Farm,IT2
ASV_00044,ASV_00984,0.5136986301369864,pos,Farm,IT2
ASV_00044,ASV_01065,0.5214285714285715,pos,Farm,IT2
ASV_00044,ASV_01124,0.5492957746478874,pos,Farm,IT2
ASV_00044,ASV_01153,0.524822695035461,pos,Farm,IT2
ASV_00044,ASV_01253,0.5602836879432624,pos,Farm,IT2
ASV_00044,ASV_01328,0.5069444444444444,pos,Farm,IT2
ASV_00044,ASV_01342,0.5714285714285714,pos,Farm,IT2
ASV_00044,ASV_01458,0.5,pos,Farm,IT2
ASV_00044,ASV_01491,0.5314685314685315,pos,Farm,IT2
ASV_00044,ASV_01578,0.5241379310344828,pos,Farm,IT2
ASV_00045,ASV_00046,0.5507246376811594,pos,Farm,IT2
ASV_00045,ASV_00055,0.5611510791366906,pos,Farm,IT2
ASV_00045,ASV_00062,0.5142857142857142,pos,Farm,IT2
ASV_00045,ASV_00066,0.5172413793103449,pos,Farm,IT2
ASV_00045,ASV_00069,0.5111111111111111,pos,Farm,IT2
ASV_00045,ASV_00075,0.48905109489051096,pos,Farm,IT2
ASV_00045,ASV_00080,0.5347222222222222,pos,Farm,IT2
ASV_00045,ASV_00089,0.5244755244755245,pos,Farm,IT2
ASV_00045,ASV_00113,0.48936170212765956,pos,Farm,IT2
ASV_00045,ASV_00122,0.5035460992907801,pos,Farm,IT2
ASV_00045,ASV_00132,0.5328467153284672,pos,Farm,IT2
ASV_00045,ASV_00141,0.5179856115107914,pos,Farm,IT2
ASV_00045,ASV_00148,0.5306122448979592,pos,Farm,IT2
ASV_00045,ASV_00159,0.5138888888888888,pos,Farm,IT2
ASV_00045,ASV_00160,0.5106382978723404,pos,Farm,IT2
ASV_00045,ASV_00170,0.5533333333333333,pos,Farm,IT2
ASV_00045,ASV_00173,0.5337837837837838,pos,Farm,IT2
ASV_00045,ASV_00182,0.5347222222222222,pos,Farm,IT2
ASV_00045,ASV_00186,0.5069444444444444,pos,Farm,IT2
ASV_00045,ASV_00193,0.5208333333333334,pos,Farm,IT2
ASV_00045,ASV_00194,0.5342465753424658,pos,Farm,IT2
ASV_00045,ASV_00200,0.5107913669064749,pos,Farm,IT2
ASV_00045,ASV_00212,0.5070422535211268,pos,Farm,IT2
ASV_00045,ASV_00228,0.48226950354609927,pos,Farm,IT2
ASV_00045,ASV_00251,0.5208333333333334,pos,Farm,IT2
ASV_00045,ASV_00262,0.5172413793103449,pos,Farm,IT2
ASV_00045,ASV_00278,0.5172413793103449,pos,Farm,IT2
ASV_00045,ASV_00279,0.5,pos,Farm,IT2
ASV_00045,ASV_00283,0.5136986301369864,pos,Farm,IT2
ASV_00045,ASV_00294,0.5103448275862069,pos,Farm,IT2
ASV_00045,ASV_00295,0.5138888888888888,pos,Farm,IT2
ASV_00045,ASV_00305,0.5273972602739726,pos,Farm,IT2
ASV_00045,ASV_00324,0.4965034965034965,pos,Farm,IT2
ASV_00045,ASV_00328,0.5103448275862069,pos,Farm,IT2
ASV_00045,ASV_00342,0.5140845070422535,pos,Farm,IT2
ASV_00045,ASV_00346,0.49295774647887325,pos,Farm,IT2
ASV_00045,ASV_00347,0.5347222222222222,pos,Farm,IT2
ASV_00045,ASV_00355,0.5244755244755245,pos,Farm,IT2
ASV_00045,ASV_00361,0.5454545454545454,pos,Farm,IT2
ASV_00045,ASV_00372,0.4892086330935252,pos,Farm,IT2
ASV_00045,ASV_00376,0.5241379310344828,pos,Farm,IT2
ASV_00045,ASV_00381,0.49645390070921985,pos,Farm,IT2
ASV_00045,ASV_00384,0.5467625899280576,pos,Farm,IT2
ASV_00045,ASV_00397,0.5319148936170213,pos,Farm,IT2
ASV_00045,ASV_00421,0.5314685314685315,pos,Farm,IT2
ASV_00045,ASV_00422,0.5034965034965035,pos,Farm,IT2
ASV_00045,ASV_00442,0.5524475524475524,pos,Farm,IT2
ASV_00045,ASV_00444,0.5,pos,Farm,IT2
ASV_00045,ASV_00451,0.5342465753424658,pos,Farm,IT2
ASV_00045,ASV_00452,0.5179856115107914,pos,Farm,IT2
ASV_00045,ASV_00460,0.5138888888888888,pos,Farm,IT2
ASV_00045,ASV_00468,0.45925925925925926,pos,Farm,IT2
ASV_00045,ASV_00479,0.5241379310344828,pos,Farm,IT2
ASV_00045,ASV_00507,0.5104895104895105,pos,Farm,IT2
ASV_00045,ASV_00508,0.49295774647887325,pos,Farm,IT2
ASV_00045,ASV_00517,0.5179856115107914,pos,Farm,IT2
ASV_00045,ASV_00533,0.5285714285714286,pos,Farm,IT2
ASV_00045,ASV_00544,0.5177304964539007,pos,Farm,IT2
ASV_00045,ASV_00587,0.49295774647887325,pos,Farm,IT2
ASV_00045,ASV_00643,0.5,pos,Farm,IT2
ASV_00045,ASV_00656,0.5069444444444444,pos,Farm,IT2
ASV_00045,ASV_00662,0.4859154929577465,pos,Farm,IT2
ASV_00045,ASV_00686,0.528169014084507,pos,Farm,IT2
ASV_00045,ASV_00697,0.4928571428571429,pos,Farm,IT2
ASV_00045,ASV_00757,0.5642857142857143,pos,Farm,IT2
ASV_00045,ASV_00769,0.524822695035461,pos,Farm,IT2
ASV_00045,ASV_00806,0.5205479452054794,pos,Farm,IT2
ASV_00045,ASV_00829,0.5070422535211268,pos,Farm,IT2
ASV_00045,ASV_00890,0.5138888888888888,pos,Farm,IT2
ASV_00045,ASV_00912,0.4748201438848921,pos,Farm,IT2
ASV_00045,ASV_01018,0.5035460992907801,pos,Farm,IT2
ASV_00045,ASV_01119,0.541095890410959,pos,Farm,IT2
ASV_00045,ASV_01288,0.5208333333333334,pos,Farm,IT2
ASV_00045,ASV_01941,0.5208333333333334,pos,Farm,IT2
ASV_00046,ASV_00047,0.4928571428571429,pos,Farm,IT2
ASV_00046,ASV_00048,0.5352112676056338,pos,Farm,IT2
ASV_00046,ASV_00049,0.5314685314685315,pos,Farm,IT2
ASV_00046,ASV_00050,0.5369127516778524,pos,Farm,IT2
ASV_00046,ASV_00056,0.4714285714285714,pos,Farm,IT2
ASV_00046,ASV_00057,0.5507246376811594,pos,Farm,IT2
ASV_00046,ASV_00062,0.49295774647887325,pos,Farm,IT2
ASV_00046,ASV_00065,0.5208333333333334,pos,Farm,IT2
ASV_00046,ASV_00067,0.5217391304347826,pos,Farm,IT2
ASV_00046,ASV_00069,0.4782608695652174,pos,Farm,IT2
ASV_00046,ASV_00072,0.547945205479452,pos,Farm,IT2
ASV_00046,ASV_00075,0.5,pos,Farm,IT2
ASV_00046,ASV_00078,0.48936170212765956,pos,Farm,IT2
ASV_00046,ASV_00079,0.5138888888888888,pos,Farm,IT2
ASV_00046,ASV_00081,0.5036496350364964,pos,Farm,IT2
ASV_00046,ASV_00087,0.5070422535211268,pos,Farm,IT2
ASV_00046,ASV_00089,0.5244755244755245,pos,Farm,IT2
ASV_00046,ASV_00098,0.5467625899280576,pos,Farm,IT2
ASV_00046,ASV_00110,0.5241379310344828,pos,Farm,IT2
ASV_00046,ASV_00115,0.4676258992805755,pos,Farm,IT2
ASV_00046,ASV_00116,0.5070422535211268,pos,Farm,IT2
ASV_00046,ASV_00119,0.5579710144927537,pos,Farm,IT2
ASV_00046,ASV_00123,0.4676258992805755,pos,Farm,IT2
ASV_00046,ASV_00127,0.5138888888888888,pos,Farm,IT2
ASV_00046,ASV_00132,0.5217391304347826,pos,Farm,IT2
ASV_00046,ASV_00133,0.5,pos,Farm,IT2
ASV_00046,ASV_00140,0.5071428571428571,pos,Farm,IT2
ASV_00046,ASV_00154,0.5035460992907801,pos,Farm,IT2
ASV_00046,ASV_00159,0.5571428571428572,pos,Farm,IT2
ASV_00046,ASV_00160,0.5,pos,Farm,IT2
ASV_00046,ASV_00166,0.528169014084507,pos,Farm,IT2
ASV_00046,ASV_00167,0.5208333333333334,pos,Farm,IT2
ASV_00046,ASV_00177,0.5107913669064749,pos,Farm,IT2
ASV_00046,ASV_00181,0.5277777777777778,pos,Farm,IT2
ASV_00046,ASV_00182,0.5454545454545454,pos,Farm,IT2
ASV_00046,ASV_00186,0.5174825174825175,pos,Farm,IT2
ASV_00046,ASV_00189,0.49295774647887325,pos,Farm,IT2
ASV_00046,ASV_00200,0.5671641791044776,pos,Farm,IT2
ASV_00046,ASV_00212,0.5177304964539007,pos,Farm,IT2
ASV_00046,ASV_00216,0.5,pos,Farm,IT2
ASV_00046,ASV_00228,0.5144927536231884,pos,Farm,IT2
ASV_00046,ASV_00230,0.5208333333333334,pos,Farm,IT2
ASV_00046,ASV_00232,0.5785714285714286,pos,Farm,IT2
ASV_00046,ASV_00235,0.463768115942029,pos,Farm,IT2
ASV_00046,ASV_00237,0.5486111111111112,pos,Farm,IT2
ASV_00046,ASV_00247,0.4965034965034965,pos,Farm,IT2
ASV_00046,ASV_00251,0.5531914893617021,pos,Farm,IT2
ASV_00046,ASV_00262,0.5384615384615384,pos,Farm,IT2
ASV_00046,ASV_00270,0.5578231292517006,pos,Farm,IT2
ASV_00046,ASV_00274,0.54421768707483,pos,Farm,IT2
ASV_00046,ASV_00275,0.5306122448979592,pos,Farm,IT2
ASV_00046,ASV_00279,0.5220588235294118,pos,Farm,IT2
ASV_00046,ASV_00283,0.5241379310344828,pos,Farm,IT2
ASV_00046,ASV_00284,0.4928571428571429,pos,Farm,IT2
ASV_00046,ASV_00290,0.5578231292517006,pos,Farm,IT2
ASV_00046,ASV_00292,0.5347222222222222,pos,Farm,IT2
ASV_00046,ASV_00293,0.5405405405405406,pos,Farm,IT2
ASV_00046,ASV_00294,0.5208333333333334,pos,Farm,IT2
ASV_00046,ASV_00300,0.5337837837837838,pos,Farm,IT2
ASV_00046,ASV_00304,0.5547945205479452,pos,Farm,IT2
ASV_00046,ASV_00312,0.5241379310344828,pos,Farm,IT2
ASV_00046,ASV_00313,0.5138888888888888,pos,Farm,IT2
ASV_00046,ASV_00320,0.5035971223021583,pos,Farm,IT2
ASV_00046,ASV_00328,0.5314685314685315,pos,Farm,IT2
ASV_00046,ASV_00330,0.49295774647887325,pos,Farm,IT2
ASV_00046,ASV_00331,0.54,pos,Farm,IT2
ASV_00046,ASV_00333,0.5314685314685315,pos,Farm,IT2
ASV_00046,ASV_00334,0.5277777777777778,pos,Farm,IT2
ASV_00046,ASV_00339,0.48226950354609927,pos,Farm,IT2
ASV_00046,ASV_00342,0.5034965034965035,pos,Farm,IT2
ASV_00046,ASV_00347,0.5454545454545454,pos,Farm,IT2
ASV_00046,ASV_00355,0.5138888888888888,pos,Farm,IT2
ASV_00046,ASV_00356,0.5273972602739726,pos,Farm,IT2
ASV_00046,ASV_00361,0.5241379310344828,pos,Farm,IT2
ASV_00046,ASV_00368,0.4965034965034965,pos,Farm,IT2
ASV_00046,ASV_00369,0.5069444444444444,pos,Farm,IT2
ASV_00046,ASV_00372,0.5109489051094891,pos,Farm,IT2
ASV_00046,ASV_00373,0.5,pos,Farm,IT2
ASV_00046,ASV_00380,0.4859154929577465,pos,Farm,IT2
ASV_00046,ASV_00391,0.4928571428571429,pos,Farm,IT2
ASV_00046,ASV_00397,0.5539568345323741,pos,Farm,IT2
ASV_00046,ASV_00403,0.5277777777777778,pos,Farm,IT2
ASV_00046,ASV_00415,0.5,pos,Farm,IT2
ASV_00046,ASV_00421,0.5208333333333334,pos,Farm,IT2
ASV_00046,ASV_00425,0.49645390070921985,pos,Farm,IT2
ASV_00046,ASV_00444,0.5319148936170213,pos,Farm,IT2
ASV_00046,ASV_00447,0.5347222222222222,pos,Farm,IT2
ASV_00046,ASV_00463,0.5172413793103449,pos,Farm,IT2
ASV_00046,ASV_00464,0.5454545454545454,pos,Farm,IT2
ASV_00046,ASV_00488,0.5555555555555556,pos,Farm,IT2
ASV_00046,ASV_00490,0.5337837837837838,pos,Farm,IT2
ASV_00046,ASV_00494,0.5,pos,Farm,IT2
ASV_00046,ASV_00495,0.5072463768115942,pos,Farm,IT2
ASV_00046,ASV_00496,0.5174825174825175,pos,Farm,IT2
ASV_00046,ASV_00506,0.5107913669064749,pos,Farm,IT2
ASV_00046,ASV_00517,0.5401459854014599,pos,Farm,IT2
ASV_00046,ASV_00518,0.541095890410959,pos,Farm,IT2
ASV_00046,ASV_00521,0.5379310344827586,pos,Farm,IT2
ASV_00046,ASV_00529,0.4785714285714286,pos,Farm,IT2
ASV_00046,ASV_00542,0.6071428571428571,pos,Farm,IT2
ASV_00046,ASV_00544,0.5177304964539007,pos,Farm,IT2
ASV_00046,ASV_00548,0.5,pos,Farm,IT2
ASV_00046,ASV_00550,0.5241379310344828,pos,Farm,IT2
ASV_00046,ASV_00554,0.5422535211267606,pos,Farm,IT2
ASV_00046,ASV_00568,0.5347222222222222,pos,Farm,IT2
ASV_00046,ASV_00592,0.5,pos,Farm,IT2
ASV_00046,ASV_00612,0.5277777777777778,pos,Farm,IT2
ASV_00046,ASV_00615,0.4857142857142857,pos,Farm,IT2
ASV_00046,ASV_00620,0.5172413793103449,pos,Farm,IT2
ASV_00046,ASV_00628,0.5214285714285715,pos,Farm,IT2
ASV_00046,ASV_00630,0.4785714285714286,pos,Farm,IT2
ASV_00046,ASV_00643,0.5104895104895105,pos,Farm,IT2
ASV_00046,ASV_00654,0.48226950354609927,pos,Farm,IT2
ASV_00046,ASV_00656,0.5390070921985816,pos,Farm,IT2
ASV_00046,ASV_00668,0.5474452554744526,pos,Farm,IT2
ASV_00046,ASV_00686,0.5069444444444444,pos,Farm,IT2
ASV_00046,ASV_00687,0.5034965034965035,pos,Farm,IT2
ASV_00046,ASV_00697,0.48226950354609927,pos,Farm,IT2
ASV_00046,ASV_00718,0.49640287769784175,pos,Farm,IT2
ASV_00046,ASV_00721,0.4785714285714286,pos,Farm,IT2
ASV_00046,ASV_00758,0.5138888888888888,pos,Farm,IT2
ASV_00046,ASV_00798,0.5241379310344828,pos,Farm,IT2
ASV_00046,ASV_00802,0.5486111111111112,pos,Farm,IT2
ASV_00046,ASV_00806,0.5416666666666666,pos,Farm,IT2
ASV_00046,ASV_00807,0.5069444444444444,pos,Farm,IT2
ASV_00046,ASV_00809,0.5436241610738255,pos,Farm,IT2
ASV_00046,ASV_00822,0.5069444444444444,pos,Farm,IT2
ASV_00046,ASV_00865,0.5069444444444444,pos,Farm,IT2
ASV_00046,ASV_00873,0.5407407407407407,pos,Farm,IT2
ASV_00046,ASV_00890,0.5244755244755245,pos,Farm,IT2
ASV_00046,ASV_00924,0.5223880597014925,pos,Farm,IT2
ASV_00046,ASV_00958,0.5357142857142857,pos,Farm,IT2
ASV_00046,ASV_00989,0.49635036496350365,pos,Farm,IT2
ASV_00046,ASV_01023,0.5379310344827586,pos,Farm,IT2
ASV_00046,ASV_01048,0.5070422535211268,pos,Farm,IT2
ASV_00046,ASV_01092,0.5306122448979592,pos,Farm,IT2
ASV_00046,ASV_01101,0.5103448275862069,pos,Farm,IT2
ASV_00046,ASV_01250,0.5342465753424658,pos,Farm,IT2
ASV_00046,ASV_01253,0.5104895104895105,pos,Farm,IT2
ASV_00046,ASV_01267,0.5620437956204379,pos,Farm,IT2
ASV_00046,ASV_01328,0.5,pos,Farm,IT2
ASV_00046,ASV_01368,0.5104895104895105,pos,Farm,IT2
ASV_00046,ASV_01385,0.5177304964539007,pos,Farm,IT2
ASV_00046,ASV_01508,0.5205479452054794,pos,Farm,IT2
ASV_00046,ASV_01541,0.5352112676056338,pos,Farm,IT2
ASV_00046,ASV_02332,0.5347222222222222,pos,Farm,IT2
ASV_00047,ASV_00049,0.5070422535211268,pos,Farm,IT2
ASV_00047,ASV_00050,0.5238095238095238,pos,Farm,IT2
ASV_00047,ASV_00054,0.49645390070921985,pos,Farm,IT2
ASV_00047,ASV_00055,0.5142857142857142,pos,Farm,IT2
ASV_00047,ASV_00071,0.5223880597014925,pos,Farm,IT2
ASV_00047,ASV_00075,0.4632352941176471,pos,Farm,IT2
ASV_00047,ASV_00077,0.49645390070921985,pos,Farm,IT2
ASV_00047,ASV_00080,0.5,pos,Farm,IT2
ASV_00047,ASV_00081,0.47794117647058826,pos,Farm,IT2
ASV_00047,ASV_00085,0.49295774647887325,pos,Farm,IT2
ASV_00047,ASV_00087,0.5035971223021583,pos,Farm,IT2
ASV_00047,ASV_00091,0.48936170212765956,pos,Farm,IT2
ASV_00047,ASV_00098,0.48936170212765956,pos,Farm,IT2
ASV_00047,ASV_00099,0.5069444444444444,pos,Farm,IT2
ASV_00047,ASV_00103,0.5,pos,Farm,IT2
ASV_00047,ASV_00109,0.5070422535211268,pos,Farm,IT2
ASV_00047,ASV_00112,0.5,pos,Farm,IT2
ASV_00047,ASV_00117,0.4852941176470588,pos,Farm,IT2
ASV_00047,ASV_00118,0.5285714285714286,pos,Farm,IT2
ASV_00047,ASV_00125,0.4782608695652174,pos,Farm,IT2
ASV_00047,ASV_00132,0.5298507462686567,pos,Farm,IT2
ASV_00047,ASV_00140,0.5259259259259259,pos,Farm,IT2
ASV_00047,ASV_00144,0.5333333333333333,pos,Farm,IT2
ASV_00047,ASV_00150,0.5073529411764706,pos,Farm,IT2
ASV_00047,ASV_00154,0.5109489051094891,pos,Farm,IT2
ASV_00047,ASV_00162,0.48936170212765956,pos,Farm,IT2
ASV_00047,ASV_00163,0.4748201438848921,pos,Farm,IT2
ASV_00047,ASV_00165,0.5149253731343284,pos,Farm,IT2
ASV_00047,ASV_00168,0.5314685314685315,pos,Farm,IT2
ASV_00047,ASV_00169,0.5,pos,Farm,IT2
ASV_00047,ASV_00171,0.5357142857142857,pos,Farm,IT2
ASV_00047,ASV_00177,0.5298507462686567,pos,Farm,IT2
ASV_00047,ASV_00178,0.5070422535211268,pos,Farm,IT2
ASV_00047,ASV_00181,0.524822695035461,pos,Farm,IT2
ASV_00047,ASV_00187,0.5107913669064749,pos,Farm,IT2
ASV_00047,ASV_00189,0.4785714285714286,pos,Farm,IT2
ASV_00047,ASV_00196,0.48175182481751827,pos,Farm,IT2
ASV_00047,ASV_00197,0.4859154929577465,pos,Farm,IT2
ASV_00047,ASV_00200,0.49635036496350365,pos,Farm,IT2
ASV_00047,ASV_00205,0.5241379310344828,pos,Farm,IT2
ASV_00047,ASV_00206,0.463768115942029,pos,Farm,IT2
ASV_00047,ASV_00208,0.5407407407407407,pos,Farm,IT2
ASV_00047,ASV_00210,0.5277777777777778,pos,Farm,IT2
ASV_00047,ASV_00213,0.5602836879432624,pos,Farm,IT2
ASV_00047,ASV_00216,0.4857142857142857,pos,Farm,IT2
ASV_00047,ASV_00232,0.5428571428571428,pos,Farm,IT2
ASV_00047,ASV_00233,0.5036496350364964,pos,Farm,IT2
ASV_00047,ASV_00237,0.5460992907801419,pos,Farm,IT2
ASV_00047,ASV_00243,0.5362318840579711,pos,Farm,IT2
ASV_00047,ASV_00247,0.5144927536231884,pos,Farm,IT2
ASV_00047,ASV_00251,0.5285714285714286,pos,Farm,IT2
ASV_00047,ASV_00259,0.4485294117647059,pos,Farm,IT2
ASV_00047,ASV_00263,0.5069444444444444,pos,Farm,IT2
ASV_00047,ASV_00265,0.48201438848920863,pos,Farm,IT2
ASV_00047,ASV_00270,0.5448275862068965,pos,Farm,IT2
ASV_00047,ASV_00271,0.45864661654135336,pos,Farm,IT2
ASV_00047,ASV_00279,0.4962962962962963,pos,Farm,IT2
ASV_00047,ASV_00287,0.4785714285714286,pos,Farm,IT2
ASV_00047,ASV_00292,0.5,pos,Farm,IT2
ASV_00047,ASV_00293,0.5273972602739726,pos,Farm,IT2
ASV_00047,ASV_00296,0.4852941176470588,pos,Farm,IT2
ASV_00047,ASV_00297,0.5,pos,Farm,IT2
ASV_00047,ASV_00299,0.4785714285714286,pos,Farm,IT2
ASV_00047,ASV_00304,0.5310344827586206,pos,Farm,IT2
ASV_00047,ASV_00305,0.5571428571428572,pos,Farm,IT2
ASV_00047,ASV_00321,0.5136986301369864,pos,Farm,IT2
ASV_00047,ASV_00327,0.5,pos,Farm,IT2
ASV_00047,ASV_00332,0.5182481751824818,pos,Farm,IT2
ASV_00047,ASV_00335,0.45985401459854014,pos,Farm,IT2
ASV_00047,ASV_00336,0.5,pos,Farm,IT2
ASV_00047,ASV_00337,0.5068493150684932,pos,Farm,IT2
ASV_00047,ASV_00340,0.5357142857142857,pos,Farm,IT2
ASV_00047,ASV_00343,0.5777777777777777,pos,Farm,IT2
ASV_00047,ASV_00346,0.4892086330935252,pos,Farm,IT2
ASV_00047,ASV_00347,0.5766423357664233,pos,Farm,IT2
ASV_00047,ASV_00350,0.4485294117647059,pos,Farm,IT2
ASV_00047,ASV_00357,0.4855072463768116,pos,Farm,IT2
ASV_00047,ASV_00365,0.48936170212765956,pos,Farm,IT2
ASV_00047,ASV_00373,0.4855072463768116,pos,Farm,IT2
ASV_00047,ASV_00378,0.5460992907801419,pos,Farm,IT2
ASV_00047,ASV_00389,0.5035460992907801,pos,Farm,IT2
ASV_00047,ASV_00398,0.4965034965034965,pos,Farm,IT2
ASV_00047,ASV_00402,0.4740740740740741,pos,Farm,IT2
ASV_00047,ASV_00403,0.5357142857142857,pos,Farm,IT2
ASV_00047,ASV_00426,0.5234899328859061,pos,Farm,IT2
ASV_00047,ASV_00438,0.5441176470588235,pos,Farm,IT2
ASV_00047,ASV_00443,0.48201438848920863,pos,Farm,IT2
ASV_00047,ASV_00444,0.49645390070921985,pos,Farm,IT2
ASV_00047,ASV_00445,0.48936170212765956,pos,Farm,IT2
ASV_00047,ASV_00452,0.48201438848920863,pos,Farm,IT2
ASV_00047,ASV_00468,0.44360902255639095,pos,Farm,IT2
ASV_00047,ASV_00482,0.5472972972972973,pos,Farm,IT2
ASV_00047,ASV_00485,0.4965034965034965,pos,Farm,IT2
ASV_00047,ASV_00495,0.48175182481751827,pos,Farm,IT2
ASV_00047,ASV_00498,0.5151515151515151,pos,Farm,IT2
ASV_00047,ASV_00501,0.49295774647887325,pos,Farm,IT2
ASV_00047,ASV_00513,0.5,pos,Farm,IT2
ASV_00047,ASV_00518,0.5384615384615384,pos,Farm,IT2
ASV_00047,ASV_00521,0.5138888888888888,pos,Farm,IT2
ASV_00047,ASV_00528,0.4785714285714286,pos,Farm,IT2
ASV_00047,ASV_00530,0.4859154929577465,pos,Farm,IT2
ASV_00047,ASV_00534,0.5416666666666666,pos,Farm,IT2
ASV_00047,ASV_00536,0.5208333333333334,pos,Farm,IT2
ASV_00047,ASV_00541,0.5,pos,Farm,IT2
ASV_00047,ASV_00542,0.5384615384615384,pos,Farm,IT2
ASV_00047,ASV_00544,0.5035971223021583,pos,Farm,IT2
ASV_00047,ASV_00548,0.4852941176470588,pos,Farm,IT2
ASV_00047,ASV_00550,0.5319148936170213,pos,Farm,IT2
ASV_00047,ASV_00555,0.5070422535211268,pos,Farm,IT2
ASV_00047,ASV_00556,0.5142857142857142,pos,Farm,IT2
ASV_00047,ASV_00581,0.47058823529411764,pos,Farm,IT2
ASV_00047,ASV_00594,0.5071428571428571,pos,Farm,IT2
ASV_00047,ASV_00613,0.47058823529411764,pos,Farm,IT2
ASV_00047,ASV_00615,0.5263157894736842,pos,Farm,IT2
ASV_00047,ASV_00620,0.5034965034965035,pos,Farm,IT2
ASV_00047,ASV_00630,0.463768115942029,pos,Farm,IT2
ASV_00047,ASV_00633,0.5214285714285715,pos,Farm,IT2
ASV_00047,ASV_00635,0.5244755244755245,pos,Farm,IT2
ASV_00047,ASV_00641,0.5244755244755245,pos,Farm,IT2
ASV_00047,ASV_00651,0.5441176470588235,pos,Farm,IT2
ASV_00047,ASV_00656,0.5142857142857142,pos,Farm,IT2
ASV_00047,ASV_00662,0.48201438848920863,pos,Farm,IT2
ASV_00047,ASV_00666,0.5069444444444444,pos,Farm,IT2
ASV_00047,ASV_00671,0.4892086330935252,pos,Farm,IT2
ASV_00047,ASV_00679,0.5140845070422535,pos,Farm,IT2
ASV_00047,ASV_00686,0.5035460992907801,pos,Farm,IT2
ASV_00047,ASV_00714,0.5074626865671642,pos,Farm,IT2
ASV_00047,ASV_00726,0.5177304964539007,pos,Farm,IT2
ASV_00047,ASV_00757,0.5285714285714286,pos,Farm,IT2
ASV_00047,ASV_00760,0.5352112676056338,pos,Farm,IT2
ASV_00047,ASV_00769,0.48936170212765956,pos,Farm,IT2
ASV_00047,ASV_00772,0.5179856115107914,pos,Farm,IT2
ASV_00047,ASV_00801,0.5037037037037037,pos,Farm,IT2
ASV_00047,ASV_00802,0.5138888888888888,pos,Farm,IT2
ASV_00047,ASV_00808,0.5220588235294118,pos,Farm,IT2
ASV_00047,ASV_00809,0.541095890410959,pos,Farm,IT2
ASV_00047,ASV_00821,0.5,pos,Farm,IT2
ASV_00047,ASV_00822,0.49295774647887325,pos,Farm,IT2
ASV_00047,ASV_00829,0.5255474452554745,pos,Farm,IT2
ASV_00047,ASV_00865,0.5362318840579711,pos,Farm,IT2
ASV_00047,ASV_00890,0.5,pos,Farm,IT2
ASV_00047,ASV_00909,0.4785714285714286,pos,Farm,IT2
ASV_00047,ASV_00931,0.5,pos,Farm,IT2
ASV_00047,ASV_00989,0.45985401459854014,pos,Farm,IT2
ASV_00047,ASV_01023,0.5138888888888888,pos,Farm,IT2
ASV_00047,ASV_01253,0.4859154929577465,pos,Farm,IT2
ASV_00047,ASV_01276,0.4782608695652174,pos,Farm,IT2
ASV_00047,ASV_01458,0.47794117647058826,pos,Farm,IT2
ASV_00047,ASV_01459,0.49640287769784175,pos,Farm,IT2
ASV_00047,ASV_01491,0.48936170212765956,pos,Farm,IT2
ASV_00047,ASV_01508,0.5069444444444444,pos,Farm,IT2
ASV_00047,ASV_01541,0.5323741007194245,pos,Farm,IT2
ASV_00047,ASV_01578,0.5251798561151079,pos,Farm,IT2
ASV_00047,ASV_01840,0.48936170212765956,pos,Farm,IT2
ASV_00047,ASV_01941,0.5070422535211268,pos,Farm,IT2
ASV_00048,ASV_00060,0.49645390070921985,pos,Farm,IT2
ASV_00048,ASV_00064,0.5310344827586206,pos,Farm,IT2
ASV_00048,ASV_00069,0.475177304964539,pos,Farm,IT2
ASV_00048,ASV_00073,0.5384615384615384,pos,Farm,IT2
ASV_00048,ASV_00076,0.5205479452054794,pos,Farm,IT2
ASV_00048,ASV_00086,0.5205479452054794,pos,Farm,IT2
ASV_00048,ASV_00093,0.5310344827586206,pos,Farm,IT2
ASV_00048,ASV_00102,0.5578231292517006,pos,Farm,IT2
ASV_00048,ASV_00107,0.528169014084507,pos,Farm,IT2
ASV_00048,ASV_00111,0.48226950354609927,pos,Farm,IT2
ASV_00048,ASV_00117,0.49645390070921985,pos,Farm,IT2
ASV_00048,ASV_00118,0.5273972602739726,pos,Farm,IT2
ASV_00048,ASV_00120,0.5136986301369864,pos,Farm,IT2
ASV_00048,ASV_00125,0.5,pos,Farm,IT2
ASV_00048,ASV_00127,0.5205479452054794,pos,Farm,IT2
ASV_00048,ASV_00133,0.5174825174825175,pos,Farm,IT2
ASV_00048,ASV_00159,0.5310344827586206,pos,Farm,IT2
ASV_00048,ASV_00162,0.5103448275862069,pos,Farm,IT2
ASV_00048,ASV_00172,0.5241379310344828,pos,Farm,IT2
ASV_00048,ASV_00177,0.539568345323741,pos,Farm,IT2
ASV_00048,ASV_00184,0.5174825174825175,pos,Farm,IT2
ASV_00048,ASV_00191,0.5390070921985816,pos,Farm,IT2
ASV_00048,ASV_00206,0.5289855072463768,pos,Farm,IT2
ASV_00048,ASV_00208,0.5069444444444444,pos,Farm,IT2
ASV_00048,ASV_00210,0.5369127516778524,pos,Farm,IT2
ASV_00048,ASV_00228,0.5,pos,Farm,IT2
ASV_00048,ASV_00232,0.5306122448979592,pos,Farm,IT2
ASV_00048,ASV_00237,0.54421768707483,pos,Farm,IT2
ASV_00048,ASV_00240,0.5211267605633803,pos,Farm,IT2
ASV_00048,ASV_00243,0.5136986301369864,pos,Farm,IT2
ASV_00048,ASV_00252,0.5571428571428572,pos,Farm,IT2
ASV_00048,ASV_00253,0.547945205479452,pos,Farm,IT2
ASV_00048,ASV_00269,0.5592105263157895,pos,Farm,IT2
ASV_00048,ASV_00275,0.5684931506849316,pos,Farm,IT2
ASV_00048,ASV_00291,0.4859154929577465,pos,Farm,IT2
ASV_00048,ASV_00297,0.5208333333333334,pos,Farm,IT2
ASV_00048,ASV_00298,0.5035971223021583,pos,Farm,IT2
ASV_00048,ASV_00307,0.5140845070422535,pos,Farm,IT2
ASV_00048,ASV_00308,0.5211267605633803,pos,Farm,IT2
ASV_00048,ASV_00309,0.5273972602739726,pos,Farm,IT2
ASV_00048,ASV_00312,0.5517241379310345,pos,Farm,IT2
ASV_00048,ASV_00320,0.5214285714285715,pos,Farm,IT2
ASV_00048,ASV_00337,0.5578231292517006,pos,Farm,IT2
ASV_00048,ASV_00345,0.5625,pos,Farm,IT2
ASV_00048,ASV_00359,0.49645390070921985,pos,Farm,IT2
ASV_00048,ASV_00361,0.5625,pos,Farm,IT2
ASV_00048,ASV_00365,0.5103448275862069,pos,Farm,IT2
ASV_00048,ASV_00377,0.49295774647887325,pos,Farm,IT2
ASV_00048,ASV_00399,0.5379310344827586,pos,Farm,IT2
ASV_00048,ASV_00402,0.475177304964539,pos,Farm,IT2
ASV_00048,ASV_00409,0.5070422535211268,pos,Farm,IT2
ASV_00048,ASV_00411,0.5136986301369864,pos,Farm,IT2
ASV_00048,ASV_00412,0.5214285714285715,pos,Farm,IT2
ASV_00048,ASV_00421,0.5594405594405595,pos,Farm,IT2
ASV_00048,ASV_00428,0.49295774647887325,pos,Farm,IT2
ASV_00048,ASV_00438,0.5314685314685315,pos,Farm,IT2
ASV_00048,ASV_00452,0.5579710144927537,pos,Farm,IT2
ASV_00048,ASV_00459,0.5205479452054794,pos,Farm,IT2
ASV_00048,ASV_00463,0.5342465753424658,pos,Farm,IT2
ASV_00048,ASV_00464,0.541095890410959,pos,Farm,IT2
ASV_00048,ASV_00477,0.5205479452054794,pos,Farm,IT2
ASV_00048,ASV_00488,0.5405405405405406,pos,Farm,IT2
ASV_00048,ASV_00495,0.5142857142857142,pos,Farm,IT2
ASV_00048,ASV_00496,0.5136986301369864,pos,Farm,IT2
ASV_00048,ASV_00506,0.5177304964539007,pos,Farm,IT2
ASV_00048,ASV_00508,0.5,pos,Farm,IT2
ASV_00048,ASV_00514,0.5562913907284768,pos,Farm,IT2
ASV_00048,ASV_00518,0.6126760563380281,pos,Farm,IT2
ASV_00048,ASV_00521,0.5547945205479452,pos,Farm,IT2
ASV_00048,ASV_00536,0.5405405405405406,pos,Farm,IT2
ASV_00048,ASV_00542,0.5472972972972973,pos,Farm,IT2
ASV_00048,ASV_00550,0.541095890410959,pos,Farm,IT2
ASV_00048,ASV_00554,0.5273972602739726,pos,Farm,IT2
ASV_00048,ASV_00566,0.5422535211267606,pos,Farm,IT2
ASV_00048,ASV_00570,0.5214285714285715,pos,Farm,IT2
ASV_00048,ASV_00612,0.5342465753424658,pos,Farm,IT2
ASV_00048,ASV_00615,0.49295774647887325,pos,Farm,IT2
ASV_00048,ASV_00620,0.5555555555555556,pos,Farm,IT2
ASV_00048,ASV_00636,0.56,pos,Farm,IT2
ASV_00048,ASV_00643,0.5172413793103449,pos,Farm,IT2
ASV_00048,ASV_00645,0.5251798561151079,pos,Farm,IT2
ASV_00048,ASV_00671,0.5211267605633803,pos,Farm,IT2
ASV_00048,ASV_00679,0.5238095238095238,pos,Farm,IT2
ASV_00048,ASV_00686,0.5136986301369864,pos,Farm,IT2
ASV_00048,ASV_00709,0.5103448275862069,pos,Farm,IT2
ASV_00048,ASV_00728,0.5107913669064749,pos,Farm,IT2
ASV_00048,ASV_00760,0.5547945205479452,pos,Farm,IT2
ASV_00048,ASV_00781,0.5422535211267606,pos,Farm,IT2
ASV_00048,ASV_00789,0.5136986301369864,pos,Farm,IT2
ASV_00048,ASV_00793,0.5,pos,Farm,IT2
ASV_00048,ASV_00798,0.5306122448979592,pos,Farm,IT2
ASV_00048,ASV_00807,0.5136986301369864,pos,Farm,IT2
ASV_00048,ASV_00822,0.5136986301369864,pos,Farm,IT2
ASV_00048,ASV_00890,0.5310344827586206,pos,Farm,IT2
ASV_00048,ASV_00912,0.48226950354609927,pos,Farm,IT2
ASV_00048,ASV_00958,0.5103448275862069,pos,Farm,IT2
ASV_00048,ASV_01092,0.5578231292517006,pos,Farm,IT2
ASV_00048,ASV_01385,0.5244755244755245,pos,Farm,IT2
ASV_00048,ASV_01417,0.5208333333333334,pos,Farm,IT2
ASV_00048,ASV_02332,0.541095890410959,pos,Farm,IT2
ASV_00049,ASV_00051,0.5337837837837838,pos,Farm,IT2
ASV_00049,ASV_00052,0.5273972602739726,pos,Farm,IT2
ASV_00049,ASV_00054,0.5563380281690141,pos,Farm,IT2
ASV_00049,ASV_00057,0.5314685314685315,pos,Farm,IT2
ASV_00049,ASV_00062,0.5069444444444444,pos,Farm,IT2
ASV_00049,ASV_00065,0.6231884057971014,pos,Farm,IT2
ASV_00049,ASV_00067,0.524822695035461,pos,Farm,IT2
ASV_00049,ASV_00068,0.5136986301369864,pos,Farm,IT2
ASV_00049,ASV_00069,0.5144927536231884,pos,Farm,IT2
ASV_00049,ASV_00071,0.4965034965034965,pos,Farm,IT2
ASV_00049,ASV_00076,0.5486111111111112,pos,Farm,IT2
ASV_00049,ASV_00077,0.5241379310344828,pos,Farm,IT2
ASV_00049,ASV_00078,0.524822695035461,pos,Farm,IT2
ASV_00049,ASV_00080,0.547945205479452,pos,Farm,IT2
ASV_00049,ASV_00081,0.5071428571428571,pos,Farm,IT2
ASV_00049,ASV_00083,0.5069444444444444,pos,Farm,IT2
ASV_00049,ASV_00085,0.5310344827586206,pos,Farm,IT2
ASV_00049,ASV_00087,0.5208333333333334,pos,Farm,IT2
ASV_00049,ASV_00089,0.5379310344827586,pos,Farm,IT2
ASV_00049,ASV_00092,0.5103448275862069,pos,Farm,IT2
ASV_00049,ASV_00093,0.5486111111111112,pos,Farm,IT2
ASV_00049,ASV_00098,0.5172413793103449,pos,Farm,IT2
ASV_00049,ASV_00102,0.5436241610738255,pos,Farm,IT2
ASV_00049,ASV_00106,0.5379310344827586,pos,Farm,IT2
ASV_00049,ASV_00108,0.5,pos,Farm,IT2
ASV_00049,ASV_00109,0.5555555555555556,pos,Farm,IT2
ASV_00049,ASV_00112,0.5172413793103449,pos,Farm,IT2
ASV_00049,ASV_00117,0.5251798561151079,pos,Farm,IT2
ASV_00049,ASV_00118,0.5886524822695035,pos,Farm,IT2
ASV_00049,ASV_00119,0.5492957746478874,pos,Farm,IT2
ASV_00049,ASV_00122,0.5390070921985816,pos,Farm,IT2
ASV_00049,ASV_00125,0.539568345323741,pos,Farm,IT2
ASV_00049,ASV_00128,0.5503355704697986,pos,Farm,IT2
ASV_00049,ASV_00130,0.5310344827586206,pos,Farm,IT2
ASV_00049,ASV_00131,0.5138888888888888,pos,Farm,IT2
ASV_00049,ASV_00137,0.5069444444444444,pos,Farm,IT2
ASV_00049,ASV_00138,0.5103448275862069,pos,Farm,IT2
ASV_00049,ASV_00140,0.5319148936170213,pos,Farm,IT2
ASV_00049,ASV_00142,0.5454545454545454,pos,Farm,IT2
ASV_00049,ASV_00144,0.572463768115942,pos,Farm,IT2
ASV_00049,ASV_00152,0.5547945205479452,pos,Farm,IT2
ASV_00049,ASV_00156,0.5405405405405406,pos,Farm,IT2
ASV_00049,ASV_00162,0.5277777777777778,pos,Farm,IT2
ASV_00049,ASV_00163,0.5140845070422535,pos,Farm,IT2
ASV_00049,ASV_00165,0.5214285714285715,pos,Farm,IT2
ASV_00049,ASV_00166,0.5857142857142857,pos,Farm,IT2
ASV_00049,ASV_00168,0.5578231292517006,pos,Farm,IT2
ASV_00049,ASV_00170,0.5657894736842105,pos,Farm,IT2
ASV_00049,ASV_00173,0.5675675675675675,pos,Farm,IT2
ASV_00049,ASV_00176,0.5107913669064749,pos,Farm,IT2
ASV_00049,ASV_00182,0.5586206896551724,pos,Farm,IT2
ASV_00049,ASV_00183,0.5486111111111112,pos,Farm,IT2
ASV_00049,ASV_00186,0.5416666666666666,pos,Farm,IT2
ASV_00049,ASV_00191,0.5352112676056338,pos,Farm,IT2
ASV_00049,ASV_00193,0.5342465753424658,pos,Farm,IT2
ASV_00049,ASV_00198,0.5208333333333334,pos,Farm,IT2
ASV_00049,ASV_00200,0.5357142857142857,pos,Farm,IT2
ASV_00049,ASV_00205,0.5714285714285714,pos,Farm,IT2
ASV_00049,ASV_00214,0.5277777777777778,pos,Farm,IT2
ASV_00049,ASV_00219,0.5436241610738255,pos,Farm,IT2
ASV_00049,ASV_00228,0.5070422535211268,pos,Farm,IT2
ASV_00049,ASV_00230,0.5342465753424658,pos,Farm,IT2
ASV_00049,ASV_00231,0.5422535211267606,pos,Farm,IT2
ASV_00049,ASV_00232,0.5694444444444444,pos,Farm,IT2
ASV_00049,ASV_00240,0.5174825174825175,pos,Farm,IT2
ASV_00049,ASV_00242,0.475177304964539,pos,Farm,IT2
ASV_00049,ASV_00243,0.5416666666666666,pos,Farm,IT2
ASV_00049,ASV_00244,0.5136986301369864,pos,Farm,IT2
ASV_00049,ASV_00247,0.5422535211267606,pos,Farm,IT2
ASV_00049,ASV_00251,0.5342465753424658,pos,Farm,IT2
ASV_00049,ASV_00259,0.4785714285714286,pos,Farm,IT2
ASV_00049,ASV_00262,0.6071428571428571,pos,Farm,IT2
ASV_00049,ASV_00264,0.5579710144927537,pos,Farm,IT2
ASV_00049,ASV_00266,0.5448275862068965,pos,Farm,IT2
ASV_00049,ASV_00272,0.5277777777777778,pos,Farm,IT2
ASV_00049,ASV_00275,0.5436241610738255,pos,Farm,IT2
ASV_00049,ASV_00276,0.5374149659863946,pos,Farm,IT2
ASV_00049,ASV_00277,0.593103448275862,pos,Farm,IT2
ASV_00049,ASV_00278,0.5306122448979592,pos,Farm,IT2
ASV_00049,ASV_00279,0.5142857142857142,pos,Farm,IT2
ASV_00049,ASV_00282,0.5244755244755245,pos,Farm,IT2
ASV_00049,ASV_00286,0.5347222222222222,pos,Farm,IT2
ASV_00049,ASV_00290,0.581081081081081,pos,Farm,IT2
ASV_00049,ASV_00292,0.5374149659863946,pos,Farm,IT2
ASV_00049,ASV_00293,0.5637583892617449,pos,Farm,IT2
ASV_00049,ASV_00294,0.5342465753424658,pos,Farm,IT2
ASV_00049,ASV_00297,0.5384615384615384,pos,Farm,IT2
ASV_00049,ASV_00299,0.5174825174825175,pos,Farm,IT2
ASV_00049,ASV_00304,0.5466666666666666,pos,Farm,IT2
ASV_00049,ASV_00305,0.5405405405405406,pos,Farm,IT2
ASV_00049,ASV_00308,0.55,pos,Farm,IT2
ASV_00049,ASV_00309,0.5555555555555556,pos,Farm,IT2
ASV_00049,ASV_00315,0.5142857142857142,pos,Farm,IT2
ASV_00049,ASV_00320,0.5620437956204379,pos,Farm,IT2
ASV_00049,ASV_00324,0.5314685314685315,pos,Farm,IT2
ASV_00049,ASV_00325,0.5241379310344828,pos,Farm,IT2
ASV_00049,ASV_00328,0.5238095238095238,pos,Farm,IT2
ASV_00049,ASV_00331,0.5629139072847682,pos,Farm,IT2
ASV_00049,ASV_00343,0.5486111111111112,pos,Farm,IT2
ASV_00049,ASV_00346,0.528169014084507,pos,Farm,IT2
ASV_00049,ASV_00347,0.5374149659863946,pos,Farm,IT2
ASV_00049,ASV_00350,0.4785714285714286,pos,Farm,IT2
ASV_00049,ASV_00359,0.5142857142857142,pos,Farm,IT2
ASV_00049,ASV_00368,0.5314685314685315,pos,Farm,IT2
ASV_00049,ASV_00369,0.5205479452054794,pos,Farm,IT2
ASV_00049,ASV_00373,0.5140845070422535,pos,Farm,IT2
ASV_00049,ASV_00381,0.5104895104895105,pos,Farm,IT2
ASV_00049,ASV_00389,0.5310344827586206,pos,Farm,IT2
ASV_00049,ASV_00390,0.5503355704697986,pos,Farm,IT2
ASV_00049,ASV_00395,0.5,pos,Farm,IT2
ASV_00049,ASV_00397,0.5241379310344828,pos,Farm,IT2
ASV_00049,ASV_00398,0.5555555555555556,pos,Farm,IT2
ASV_00049,ASV_00402,0.5144927536231884,pos,Farm,IT2
ASV_00049,ASV_00406,0.4965034965034965,pos,Farm,IT2
ASV_00049,ASV_00409,0.524822695035461,pos,Farm,IT2
ASV_00049,ASV_00415,0.5241379310344828,pos,Farm,IT2
ASV_00049,ASV_00416,0.5277777777777778,pos,Farm,IT2
ASV_00049,ASV_00421,0.5664335664335665,pos,Farm,IT2
ASV_00049,ASV_00425,0.5104895104895105,pos,Farm,IT2
ASV_00049,ASV_00438,0.5277777777777778,pos,Farm,IT2
ASV_00049,ASV_00440,0.5,pos,Farm,IT2
ASV_00049,ASV_00443,0.5211267605633803,pos,Farm,IT2
ASV_00049,ASV_00444,0.5563380281690141,pos,Farm,IT2
ASV_00049,ASV_00445,0.5602836879432624,pos,Farm,IT2
ASV_00049,ASV_00447,0.547945205479452,pos,Farm,IT2
ASV_00049,ASV_00453,0.5594405594405595,pos,Farm,IT2
ASV_00049,ASV_00455,0.5069444444444444,pos,Farm,IT2
ASV_00049,ASV_00463,0.5517241379310345,pos,Farm,IT2
ASV_00049,ASV_00465,0.5172413793103449,pos,Farm,IT2
ASV_00049,ASV_00467,0.5570469798657718,pos,Farm,IT2
ASV_00049,ASV_00468,0.463768115942029,pos,Farm,IT2
ASV_00049,ASV_00474,0.5555555555555556,pos,Farm,IT2
ASV_00049,ASV_00483,0.5472972972972973,pos,Farm,IT2
ASV_00049,ASV_00486,0.5608108108108109,pos,Farm,IT2
ASV_00049,ASV_00488,0.5793103448275863,pos,Farm,IT2
ASV_00049,ASV_00490,0.5782312925170068,pos,Farm,IT2
ASV_00049,ASV_00495,0.48951048951048953,pos,Farm,IT2
ASV_00049,ASV_00496,0.5633802816901409,pos,Farm,IT2
ASV_00049,ASV_00498,0.5107913669064749,pos,Farm,IT2
ASV_00049,ASV_00501,0.5416666666666666,pos,Farm,IT2
ASV_00049,ASV_00511,0.4859154929577465,pos,Farm,IT2
ASV_00049,ASV_00512,0.5540540540540541,pos,Farm,IT2
ASV_00049,ASV_00513,0.5277777777777778,pos,Farm,IT2
ASV_00049,ASV_00518,0.5436241610738255,pos,Farm,IT2
ASV_00049,ASV_00524,0.5034965034965035,pos,Farm,IT2
ASV_00049,ASV_00529,0.5251798561151079,pos,Farm,IT2
ASV_00049,ASV_00542,0.5540540540540541,pos,Farm,IT2
ASV_00049,ASV_00550,0.5915492957746479,pos,Farm,IT2
ASV_00049,ASV_00554,0.5774647887323944,pos,Farm,IT2
ASV_00049,ASV_00556,0.5524475524475524,pos,Farm,IT2
ASV_00049,ASV_00559,0.5642857142857143,pos,Farm,IT2
ASV_00049,ASV_00563,0.5238095238095238,pos,Farm,IT2
ASV_00049,ASV_00566,0.5277777777777778,pos,Farm,IT2
ASV_00049,ASV_00570,0.5070422535211268,pos,Farm,IT2
ASV_00049,ASV_00572,0.5850340136054422,pos,Farm,IT2
ASV_00049,ASV_00581,0.5107913669064749,pos,Farm,IT2
ASV_00049,ASV_00587,0.55,pos,Farm,IT2
ASV_00049,ASV_00595,0.5174825174825175,pos,Farm,IT2
ASV_00049,ASV_00596,0.5,pos,Farm,IT2
ASV_00049,ASV_00611,0.5238095238095238,pos,Farm,IT2
ASV_00049,ASV_00612,0.5517241379310345,pos,Farm,IT2
ASV_00049,ASV_00613,0.48936170212765956,pos,Farm,IT2
ASV_00049,ASV_00620,0.5625,pos,Farm,IT2
ASV_00049,ASV_00635,0.5616438356164384,pos,Farm,IT2
ASV_00049,ASV_00636,0.6095890410958904,pos,Farm,IT2
ASV_00049,ASV_00638,0.5517241379310345,pos,Farm,IT2
ASV_00049,ASV_00643,0.5347222222222222,pos,Farm,IT2
ASV_00049,ASV_00651,0.5384615384615384,pos,Farm,IT2
ASV_00049,ASV_00654,0.5177304964539007,pos,Farm,IT2
ASV_00049,ASV_00662,0.5,pos,Farm,IT2
ASV_00049,ASV_00668,0.5069444444444444,pos,Farm,IT2
ASV_00049,ASV_00686,0.574468085106383,pos,Farm,IT2
ASV_00049,ASV_00687,0.5492957746478874,pos,Farm,IT2
ASV_00049,ASV_00709,0.5172413793103449,pos,Farm,IT2
ASV_00049,ASV_00718,0.5106382978723404,pos,Farm,IT2
ASV_00049,ASV_00724,0.528169014084507,pos,Farm,IT2
ASV_00049,ASV_00727,0.5,pos,Farm,IT2
ASV_00049,ASV_00757,0.5555555555555556,pos,Farm,IT2
ASV_00049,ASV_00758,0.5273972602739726,pos,Farm,IT2
ASV_00049,ASV_00760,0.6056338028169014,pos,Farm,IT2
ASV_00049,ASV_00769,0.5942028985507246,pos,Farm,IT2
ASV_00049,ASV_00772,0.5241379310344828,pos,Farm,IT2
ASV_00049,ASV_00778,0.49640287769784175,pos,Farm,IT2
ASV_00049,ASV_00801,0.48951048951048953,pos,Farm,IT2
ASV_00049,ASV_00806,0.5547945205479452,pos,Farm,IT2
ASV_00049,ASV_00807,0.5416666666666666,pos,Farm,IT2
ASV_00049,ASV_00808,0.5174825174825175,pos,Farm,IT2
ASV_00049,ASV_00809,0.5986394557823129,pos,Farm,IT2
ASV_00049,ASV_00821,0.5594405594405595,pos,Farm,IT2
ASV_00049,ASV_00829,0.5208333333333334,pos,Farm,IT2
ASV_00049,ASV_00843,0.5306122448979592,pos,Farm,IT2
ASV_00049,ASV_00845,0.49295774647887325,pos,Farm,IT2
ASV_00049,ASV_00848,0.5306122448979592,pos,Farm,IT2
ASV_00049,ASV_00869,0.5510204081632653,pos,Farm,IT2
ASV_00049,ASV_00875,0.564625850340136,pos,Farm,IT2
ASV_00049,ASV_00906,0.5466666666666666,pos,Farm,IT2
ASV_00049,ASV_00931,0.5390070921985816,pos,Farm,IT2
ASV_00049,ASV_00935,0.5241379310344828,pos,Farm,IT2
ASV_00049,ASV_00984,0.5205479452054794,pos,Farm,IT2
ASV_00049,ASV_00989,0.5217391304347826,pos,Farm,IT2
ASV_00049,ASV_01023,0.5724137931034483,pos,Farm,IT2
ASV_00049,ASV_01090,0.5547945205479452,pos,Farm,IT2
ASV_00049,ASV_01101,0.5238095238095238,pos,Farm,IT2
ASV_00049,ASV_01124,0.5899280575539568,pos,Farm,IT2
ASV_00049,ASV_01204,0.5616438356164384,pos,Farm,IT2
ASV_00049,ASV_01223,0.5,pos,Farm,IT2
ASV_00049,ASV_01328,0.5244755244755245,pos,Farm,IT2
ASV_00049,ASV_01349,0.5454545454545454,pos,Farm,IT2
ASV_00049,ASV_01385,0.5103448275862069,pos,Farm,IT2
ASV_00049,ASV_01578,0.5416666666666666,pos,Farm,IT2
ASV_00049,ASV_02332,0.6028368794326241,pos,Farm,IT2
ASV_00050,ASV_00052,0.5850340136054422,pos,Farm,IT2
ASV_00050,ASV_00059,0.496551724137931,pos,Farm,IT2
ASV_00050,ASV_00061,0.5675675675675675,pos,Farm,IT2
ASV_00050,ASV_00062,0.5337837837837838,pos,Farm,IT2
ASV_00050,ASV_00066,0.5878378378378378,pos,Farm,IT2
ASV_00050,ASV_00067,0.541095890410959,pos,Farm,IT2
ASV_00050,ASV_00073,0.5608108108108109,pos,Farm,IT2
ASV_00050,ASV_00074,0.5771812080536913,pos,Farm,IT2
ASV_00050,ASV_00079,0.5637583892617449,pos,Farm,IT2
ASV_00050,ASV_00083,0.54421768707483,pos,Farm,IT2
ASV_00050,ASV_00088,0.5540540540540541,pos,Farm,IT2
ASV_00050,ASV_00093,0.5743243243243243,pos,Farm,IT2
ASV_00050,ASV_00102,0.5789473684210527,pos,Farm,IT2
ASV_00050,ASV_00109,0.5496688741721855,pos,Farm,IT2
ASV_00050,ASV_00111,0.5068493150684932,pos,Farm,IT2
ASV_00050,ASV_00116,0.5684931506849316,pos,Farm,IT2
ASV_00050,ASV_00128,0.6066666666666667,pos,Farm,IT2
ASV_00050,ASV_00132,0.5202702702702703,pos,Farm,IT2
ASV_00050,ASV_00137,0.5655172413793104,pos,Farm,IT2
ASV_00050,ASV_00141,0.5374149659863946,pos,Farm,IT2
ASV_00050,ASV_00156,0.5761589403973509,pos,Farm,IT2
ASV_00050,ASV_00158,0.5540540540540541,pos,Farm,IT2
ASV_00050,ASV_00161,0.5771812080536913,pos,Farm,IT2
ASV_00050,ASV_00206,0.5310344827586206,pos,Farm,IT2
ASV_00050,ASV_00208,0.5405405405405406,pos,Farm,IT2
ASV_00050,ASV_00213,0.5894039735099338,pos,Farm,IT2
ASV_00050,ASV_00216,0.5405405405405406,pos,Farm,IT2
ASV_00050,ASV_00229,0.564625850340136,pos,Farm,IT2
ASV_00050,ASV_00231,0.5578231292517006,pos,Farm,IT2
ASV_00050,ASV_00232,0.5838926174496645,pos,Farm,IT2
ASV_00050,ASV_00266,0.581081081081081,pos,Farm,IT2
ASV_00050,ASV_00274,0.5816993464052288,pos,Farm,IT2
ASV_00050,ASV_00279,0.5524475524475524,pos,Farm,IT2
ASV_00050,ASV_00287,0.5655172413793104,pos,Farm,IT2
ASV_00050,ASV_00297,0.564625850340136,pos,Farm,IT2
ASV_00050,ASV_00298,0.5172413793103449,pos,Farm,IT2
ASV_00050,ASV_00299,0.5337837837837838,pos,Farm,IT2
ASV_00050,ASV_00305,0.5657894736842105,pos,Farm,IT2
ASV_00050,ASV_00318,0.5570469798657718,pos,Farm,IT2
ASV_00050,ASV_00324,0.5472972972972973,pos,Farm,IT2
ASV_00050,ASV_00334,0.5562913907284768,pos,Farm,IT2
ASV_00050,ASV_00339,0.5342465753424658,pos,Farm,IT2
ASV_00050,ASV_00343,0.5533333333333333,pos,Farm,IT2
ASV_00050,ASV_00345,0.5629139072847682,pos,Farm,IT2
ASV_00050,ASV_00346,0.5985915492957746,pos,Farm,IT2
ASV_00050,ASV_00353,0.5510204081632653,pos,Farm,IT2
ASV_00050,ASV_00354,0.5510204081632653,pos,Farm,IT2
ASV_00050,ASV_00357,0.5306122448979592,pos,Farm,IT2
ASV_00050,ASV_00369,0.5466666666666666,pos,Farm,IT2
ASV_00050,ASV_00373,0.5202702702702703,pos,Farm,IT2
ASV_00050,ASV_00376,0.5629139072847682,pos,Farm,IT2
ASV_00050,ASV_00377,0.5273972602739726,pos,Farm,IT2
ASV_00050,ASV_00391,0.5238095238095238,pos,Farm,IT2
ASV_00050,ASV_00409,0.5306122448979592,pos,Farm,IT2
ASV_00050,ASV_00421,0.5496688741721855,pos,Farm,IT2
ASV_00050,ASV_00442,0.5906040268456376,pos,Farm,IT2
ASV_00050,ASV_00447,0.5629139072847682,pos,Farm,IT2
ASV_00050,ASV_00450,0.5743243243243243,pos,Farm,IT2
ASV_00050,ASV_00455,0.5337837837837838,pos,Farm,IT2
ASV_00050,ASV_00468,0.4722222222222222,pos,Farm,IT2
ASV_00050,ASV_00474,0.56,pos,Farm,IT2
ASV_00050,ASV_00493,0.5657894736842105,pos,Farm,IT2
ASV_00050,ASV_00496,0.5570469798657718,pos,Farm,IT2
ASV_00050,ASV_00511,0.5136986301369864,pos,Farm,IT2
ASV_00050,ASV_00513,0.5436241610738255,pos,Farm,IT2
ASV_00050,ASV_00517,0.527027027027027,pos,Farm,IT2
ASV_00050,ASV_00518,0.5894039735099338,pos,Farm,IT2
ASV_00050,ASV_00521,0.5657894736842105,pos,Farm,IT2
ASV_00050,ASV_00530,0.5503355704697986,pos,Farm,IT2
ASV_00050,ASV_00534,0.6026490066225165,pos,Farm,IT2
ASV_00050,ASV_00536,0.5933333333333334,pos,Farm,IT2
ASV_00050,ASV_00542,0.5789473684210527,pos,Farm,IT2
ASV_00050,ASV_00551,0.5533333333333333,pos,Farm,IT2
ASV_00050,ASV_00559,0.5684931506849316,pos,Farm,IT2
ASV_00050,ASV_00563,0.56,pos,Farm,IT2
ASV_00050,ASV_00572,0.609271523178808,pos,Farm,IT2
ASV_00050,ASV_00581,0.5068493150684932,pos,Farm,IT2
ASV_00050,ASV_00587,0.54421768707483,pos,Farm,IT2
ASV_00050,ASV_00612,0.5771812080536913,pos,Farm,IT2
ASV_00050,ASV_00673,0.5751633986928104,pos,Farm,IT2
ASV_00050,ASV_00772,0.5503355704697986,pos,Farm,IT2
ASV_00050,ASV_00782,0.5540540540540541,pos,Farm,IT2
ASV_00050,ASV_00807,0.5466666666666666,pos,Farm,IT2
ASV_00050,ASV_00809,0.6118421052631579,pos,Farm,IT2
ASV_00050,ASV_00829,0.5369127516778524,pos,Farm,IT2
ASV_00050,ASV_00891,0.6158940397350994,pos,Farm,IT2
ASV_00050,ASV_00958,0.5436241610738255,pos,Farm,IT2
ASV_00050,ASV_01250,0.5933333333333334,pos,Farm,IT2
ASV_00050,ASV_01288,0.581081081081081,pos,Farm,IT2
ASV_00050,ASV_01368,0.5503355704697986,pos,Farm,IT2
ASV_00050,ASV_01385,0.5578231292517006,pos,Farm,IT2
ASV_00050,ASV_01426,0.5238095238095238,pos,Farm,IT2
ASV_00050,ASV_01458,0.5241379310344828,pos,Farm,IT2
ASV_00050,ASV_01459,0.5405405405405406,pos,Farm,IT2
ASV_00050,ASV_01941,0.56,pos,Farm,IT2
ASV_00051,ASV_00070,0.5337837837837838,pos,Farm,IT2
ASV_00051,ASV_00077,0.5342465753424658,pos,Farm,IT2
ASV_00051,ASV_00085,0.5517241379310345,pos,Farm,IT2
ASV_00051,ASV_00092,0.5416666666666666,pos,Farm,IT2
ASV_00051,ASV_00103,0.5369127516778524,pos,Farm,IT2
ASV_00051,ASV_00107,0.5347222222222222,pos,Farm,IT2
ASV_00051,ASV_00108,0.4785714285714286,pos,Farm,IT2
ASV_00051,ASV_00130,0.541095890410959,pos,Farm,IT2
ASV_00051,ASV_00131,0.5454545454545454,pos,Farm,IT2
ASV_00051,ASV_00151,0.5244755244755245,pos,Farm,IT2
ASV_00051,ASV_00155,0.503448275862069,pos,Farm,IT2
ASV_00051,ASV_00157,0.5510204081632653,pos,Farm,IT2
ASV_00051,ASV_00160,0.5136986301369864,pos,Farm,IT2
ASV_00051,ASV_00165,0.5104895104895105,pos,Farm,IT2
ASV_00051,ASV_00166,0.5957446808510638,pos,Farm,IT2
ASV_00051,ASV_00173,0.5666666666666667,pos,Farm,IT2
ASV_00051,ASV_00183,0.5586206896551724,pos,Farm,IT2
ASV_00051,ASV_00184,0.5136986301369864,pos,Farm,IT2
ASV_00051,ASV_00199,0.5070422535211268,pos,Farm,IT2
ASV_00051,ASV_00205,0.5704697986577181,pos,Farm,IT2
ASV_00051,ASV_00221,0.5136986301369864,pos,Farm,IT2
ASV_00051,ASV_00227,0.5342465753424658,pos,Farm,IT2
ASV_00051,ASV_00232,0.5578231292517006,pos,Farm,IT2
ASV_00051,ASV_00237,0.5503355704697986,pos,Farm,IT2
ASV_00051,ASV_00240,0.5172413793103449,pos,Farm,IT2
ASV_00051,ASV_00242,0.4859154929577465,pos,Farm,IT2
ASV_00051,ASV_00251,0.5547945205479452,pos,Farm,IT2
ASV_00051,ASV_00254,0.5753424657534246,pos,Farm,IT2
ASV_00051,ASV_00259,0.4788732394366197,pos,Farm,IT2
ASV_00051,ASV_00277,0.5704697986577181,pos,Farm,IT2
ASV_00051,ASV_00279,0.4930555555555556,pos,Farm,IT2
ASV_00051,ASV_00299,0.5172413793103449,pos,Farm,IT2
ASV_00051,ASV_00308,0.5277777777777778,pos,Farm,IT2
ASV_00051,ASV_00320,0.528169014084507,pos,Farm,IT2
ASV_00051,ASV_00327,0.5277777777777778,pos,Farm,IT2
ASV_00051,ASV_00328,0.5337837837837838,pos,Farm,IT2
ASV_00051,ASV_00332,0.5241379310344828,pos,Farm,IT2
ASV_00051,ASV_00333,0.54421768707483,pos,Farm,IT2
ASV_00051,ASV_00336,0.5704225352112676,pos,Farm,IT2
ASV_00051,ASV_00337,0.5743243243243243,pos,Farm,IT2
ASV_00051,ASV_00340,0.5405405405405406,pos,Farm,IT2
ASV_00051,ASV_00347,0.5369127516778524,pos,Farm,IT2
ASV_00051,ASV_00352,0.5136986301369864,pos,Farm,IT2
ASV_00051,ASV_00361,0.5472972972972973,pos,Farm,IT2
ASV_00051,ASV_00372,0.4930555555555556,pos,Farm,IT2
ASV_00051,ASV_00381,0.5208333333333334,pos,Farm,IT2
ASV_00051,ASV_00389,0.5517241379310345,pos,Farm,IT2
ASV_00051,ASV_00393,0.5106382978723404,pos,Farm,IT2
ASV_00051,ASV_00416,0.5594405594405595,pos,Farm,IT2
ASV_00051,ASV_00421,0.5655172413793104,pos,Farm,IT2
ASV_00051,ASV_00458,0.5174825174825175,pos,Farm,IT2
ASV_00051,ASV_00485,0.5337837837837838,pos,Farm,IT2
ASV_00051,ASV_00506,0.5571428571428572,pos,Farm,IT2
ASV_00051,ASV_00507,0.5238095238095238,pos,Farm,IT2
ASV_00051,ASV_00512,0.5533333333333333,pos,Farm,IT2
ASV_00051,ASV_00524,0.5138888888888888,pos,Farm,IT2
ASV_00051,ASV_00536,0.5570469798657718,pos,Farm,IT2
ASV_00051,ASV_00550,0.5369127516778524,pos,Farm,IT2
ASV_00051,ASV_00554,0.5547945205479452,pos,Farm,IT2
ASV_00051,ASV_00561,0.5816993464052288,pos,Farm,IT2
ASV_00051,ASV_00581,0.5434782608695652,pos,Farm,IT2
ASV_00051,ASV_00596,0.5214285714285715,pos,Farm,IT2
ASV_00051,ASV_00638,0.5510204081632653,pos,Farm,IT2
ASV_00051,ASV_00662,0.5422535211267606,pos,Farm,IT2
ASV_00051,ASV_00709,0.5273972602739726,pos,Farm,IT2
ASV_00051,ASV_00732,0.5241379310344828,pos,Farm,IT2
ASV_00051,ASV_00781,0.5594405594405595,pos,Farm,IT2
ASV_00051,ASV_00807,0.5517241379310345,pos,Farm,IT2
ASV_00051,ASV_00842,0.5069444444444444,pos,Farm,IT2
ASV_00051,ASV_00843,0.5405405405405406,pos,Farm,IT2
ASV_00051,ASV_00890,0.5586206896551724,pos,Farm,IT2
ASV_00051,ASV_00958,0.5594405594405595,pos,Farm,IT2
ASV_00051,ASV_01018,0.5172413793103449,pos,Farm,IT2
ASV_00051,ASV_01071,0.5136986301369864,pos,Farm,IT2
ASV_00051,ASV_01152,0.5205479452054794,pos,Farm,IT2
ASV_00051,ASV_01328,0.5241379310344828,pos,Farm,IT2
ASV_00051,ASV_01541,0.547945205479452,pos,Farm,IT2
ASV_00051,ASV_02332,0.5472972972972973,pos,Farm,IT2
ASV_00052,ASV_00054,0.5172413793103449,pos,Farm,IT2
ASV_00052,ASV_00056,0.5107913669064749,pos,Farm,IT2
ASV_00052,ASV_00059,0.48201438848920863,pos,Farm,IT2
ASV_00052,ASV_00061,0.5347222222222222,pos,Farm,IT2
ASV_00052,ASV_00062,0.5319148936170213,pos,Farm,IT2
ASV_00052,ASV_00063,0.5357142857142857,pos,Farm,IT2
ASV_00052,ASV_00069,0.5072463768115942,pos,Farm,IT2
ASV_00052,ASV_00071,0.5,pos,Farm,IT2
ASV_00052,ASV_00079,0.5205479452054794,pos,Farm,IT2
ASV_00052,ASV_00084,0.5405405405405406,pos,Farm,IT2
ASV_00052,ASV_00086,0.5205479452054794,pos,Farm,IT2
ASV_00052,ASV_00098,0.5103448275862069,pos,Farm,IT2
ASV_00052,ASV_00100,0.5138888888888888,pos,Farm,IT2
ASV_00052,ASV_00104,0.5140845070422535,pos,Farm,IT2
ASV_00052,ASV_00106,0.5205479452054794,pos,Farm,IT2
ASV_00052,ASV_00115,0.5072463768115942,pos,Farm,IT2
ASV_00052,ASV_00128,0.5436241610738255,pos,Farm,IT2
ASV_00052,ASV_00140,0.5140845070422535,pos,Farm,IT2
ASV_00052,ASV_00146,0.5337837837837838,pos,Farm,IT2
ASV_00052,ASV_00148,0.5369127516778524,pos,Farm,IT2
ASV_00052,ASV_00151,0.4965034965034965,pos,Farm,IT2
ASV_00052,ASV_00154,0.5319148936170213,pos,Farm,IT2
ASV_00052,ASV_00162,0.5314685314685315,pos,Farm,IT2
ASV_00052,ASV_00172,0.5136986301369864,pos,Farm,IT2
ASV_00052,ASV_00176,0.48226950354609927,pos,Farm,IT2
ASV_00052,ASV_00182,0.5625,pos,Farm,IT2
ASV_00052,ASV_00192,0.5422535211267606,pos,Farm,IT2
ASV_00052,ASV_00205,0.5540540540540541,pos,Farm,IT2
ASV_00052,ASV_00206,0.49645390070921985,pos,Farm,IT2
ASV_00052,ASV_00213,0.5369127516778524,pos,Farm,IT2
ASV_00052,ASV_00214,0.5103448275862069,pos,Farm,IT2
ASV_00052,ASV_00235,0.48201438848920863,pos,Farm,IT2
ASV_00052,ASV_00239,0.528169014084507,pos,Farm,IT2
ASV_00052,ASV_00244,0.5277777777777778,pos,Farm,IT2
ASV_00052,ASV_00252,0.5460992907801419,pos,Farm,IT2
ASV_00052,ASV_00253,0.5374149659863946,pos,Farm,IT2
ASV_00052,ASV_00262,0.5448275862068965,pos,Farm,IT2
ASV_00052,ASV_00266,0.5486111111111112,pos,Farm,IT2
ASV_00052,ASV_00267,0.5214285714285715,pos,Farm,IT2
ASV_00052,ASV_00275,0.5369127516778524,pos,Farm,IT2
ASV_00052,ASV_00284,0.5434782608695652,pos,Farm,IT2
ASV_00052,ASV_00286,0.5172413793103449,pos,Farm,IT2
ASV_00052,ASV_00287,0.5104895104895105,pos,Farm,IT2
ASV_00052,ASV_00290,0.5533333333333333,pos,Farm,IT2
ASV_00052,ASV_00304,0.5503355704697986,pos,Farm,IT2
ASV_00052,ASV_00320,0.5106382978723404,pos,Farm,IT2
ASV_00052,ASV_00331,0.5562913907284768,pos,Farm,IT2
ASV_00052,ASV_00334,0.5238095238095238,pos,Farm,IT2
ASV_00052,ASV_00345,0.541095890410959,pos,Farm,IT2
ASV_00052,ASV_00346,0.5104895104895105,pos,Farm,IT2
ASV_00052,ASV_00353,0.5174825174825175,pos,Farm,IT2
ASV_00052,ASV_00356,0.5547945205479452,pos,Farm,IT2
ASV_00052,ASV_00357,0.5070422535211268,pos,Farm,IT2
ASV_00052,ASV_00359,0.49645390070921985,pos,Farm,IT2
ASV_00052,ASV_00369,0.5347222222222222,pos,Farm,IT2
ASV_00052,ASV_00377,0.5142857142857142,pos,Farm,IT2
ASV_00052,ASV_00378,0.5337837837837838,pos,Farm,IT2
ASV_00052,ASV_00384,0.5103448275862069,pos,Farm,IT2
ASV_00052,ASV_00391,0.5,pos,Farm,IT2
ASV_00052,ASV_00406,0.5106382978723404,pos,Farm,IT2
ASV_00052,ASV_00425,0.5140845070422535,pos,Farm,IT2
ASV_00052,ASV_00444,0.5277777777777778,pos,Farm,IT2
ASV_00052,ASV_00447,0.541095890410959,pos,Farm,IT2
ASV_00052,ASV_00454,0.5374149659863946,pos,Farm,IT2
ASV_00052,ASV_00464,0.541095890410959,pos,Farm,IT2
ASV_00052,ASV_00465,0.5103448275862069,pos,Farm,IT2
ASV_00052,ASV_00468,0.46715328467153283,pos,Farm,IT2
ASV_00052,ASV_00477,0.5310344827586206,pos,Farm,IT2
ASV_00052,ASV_00483,0.5405405405405406,pos,Farm,IT2
ASV_00052,ASV_00488,0.5405405405405406,pos,Farm,IT2
ASV_00052,ASV_00490,0.5503355704697986,pos,Farm,IT2
ASV_00052,ASV_00493,0.5655172413793104,pos,Farm,IT2
ASV_00052,ASV_00495,0.5035460992907801,pos,Farm,IT2
ASV_00052,ASV_00529,0.5179856115107914,pos,Farm,IT2
ASV_00052,ASV_00533,0.5138888888888888,pos,Farm,IT2
ASV_00052,ASV_00542,0.5369127516778524,pos,Farm,IT2
ASV_00052,ASV_00544,0.5352112676056338,pos,Farm,IT2
ASV_00052,ASV_00554,0.5273972602739726,pos,Farm,IT2
ASV_00052,ASV_00563,0.5379310344827586,pos,Farm,IT2
ASV_00052,ASV_00566,0.5103448275862069,pos,Farm,IT2
ASV_00052,ASV_00568,0.541095890410959,pos,Farm,IT2
ASV_00052,ASV_00569,0.5140845070422535,pos,Farm,IT2
ASV_00052,ASV_00570,0.5,pos,Farm,IT2
ASV_00052,ASV_00595,0.5211267605633803,pos,Farm,IT2
ASV_00052,ASV_00612,0.5238095238095238,pos,Farm,IT2
ASV_00052,ASV_00618,0.5208333333333334,pos,Farm,IT2
ASV_00052,ASV_00620,0.5238095238095238,pos,Farm,IT2
ASV_00052,ASV_00628,0.5174825174825175,pos,Farm,IT2
ASV_00052,ASV_00638,0.5555555555555556,pos,Farm,IT2
ASV_00052,ASV_00654,0.5106382978723404,pos,Farm,IT2
ASV_00052,ASV_00662,0.5357142857142857,pos,Farm,IT2
ASV_00052,ASV_00671,0.5104895104895105,pos,Farm,IT2
ASV_00052,ASV_00676,0.5510204081632653,pos,Farm,IT2
ASV_00052,ASV_00679,0.5342465753424658,pos,Farm,IT2
ASV_00052,ASV_00687,0.5314685314685315,pos,Farm,IT2
ASV_00052,ASV_00721,0.4859154929577465,pos,Farm,IT2
ASV_00052,ASV_00758,0.5310344827586206,pos,Farm,IT2
ASV_00052,ASV_00760,0.54421768707483,pos,Farm,IT2
ASV_00052,ASV_00769,0.5103448275862069,pos,Farm,IT2
ASV_00052,ASV_00772,0.5714285714285714,pos,Farm,IT2
ASV_00052,ASV_00789,0.5136986301369864,pos,Farm,IT2
ASV_00052,ASV_00793,0.5319148936170213,pos,Farm,IT2
ASV_00052,ASV_00880,0.5140845070422535,pos,Farm,IT2
ASV_00052,ASV_00909,0.5211267605633803,pos,Farm,IT2
ASV_00052,ASV_00984,0.5241379310344828,pos,Farm,IT2
ASV_00052,ASV_01023,0.54421768707483,pos,Farm,IT2
ASV_00052,ASV_01249,0.5,pos,Farm,IT2
ASV_00052,ASV_01250,0.5405405405405406,pos,Farm,IT2
ASV_00052,ASV_01342,0.593103448275862,pos,Farm,IT2
ASV_00052,ASV_01385,0.5244755244755245,pos,Farm,IT2
ASV_00052,ASV_01459,0.5069444444444444,pos,Farm,IT2
ASV_00053,ASV_00061,0.5241379310344828,pos,Farm,IT2
ASV_00053,ASV_00062,0.5,pos,Farm,IT2
ASV_00053,ASV_00065,0.5273972602739726,pos,Farm,IT2
ASV_00053,ASV_00072,0.5753424657534246,pos,Farm,IT2
ASV_00053,ASV_00073,0.5602836879432624,pos,Farm,IT2
ASV_00053,ASV_00076,0.5205479452054794,pos,Farm,IT2
ASV_00053,ASV_00078,0.5177304964539007,pos,Farm,IT2
ASV_00053,ASV_00086,0.5416666666666666,pos,Farm,IT2
ASV_00053,ASV_00091,0.5208333333333334,pos,Farm,IT2
ASV_00053,ASV_00098,0.5314685314685315,pos,Farm,IT2
ASV_00053,ASV_00101,0.5104895104895105,pos,Farm,IT2
ASV_00053,ASV_00103,0.541095890410959,pos,Farm,IT2
ASV_00053,ASV_00104,0.5357142857142857,pos,Farm,IT2
ASV_00053,ASV_00108,0.48175182481751827,pos,Farm,IT2
ASV_00053,ASV_00110,0.5306122448979592,pos,Farm,IT2
ASV_00053,ASV_00113,0.5177304964539007,pos,Farm,IT2
ASV_00053,ASV_00118,0.5379310344827586,pos,Farm,IT2
ASV_00053,ASV_00127,0.5205479452054794,pos,Farm,IT2
ASV_00053,ASV_00130,0.5347222222222222,pos,Farm,IT2
ASV_00053,ASV_00131,0.5069444444444444,pos,Farm,IT2
ASV_00053,ASV_00132,0.5070422535211268,pos,Farm,IT2
ASV_00053,ASV_00133,0.528169014084507,pos,Farm,IT2
ASV_00053,ASV_00147,0.5211267605633803,pos,Farm,IT2
ASV_00053,ASV_00151,0.5070422535211268,pos,Farm,IT2
ASV_00053,ASV_00155,0.5070422535211268,pos,Farm,IT2
ASV_00053,ASV_00157,0.5238095238095238,pos,Farm,IT2
ASV_00053,ASV_00158,0.5103448275862069,pos,Farm,IT2
ASV_00053,ASV_00159,0.5205479452054794,pos,Farm,IT2
ASV_00053,ASV_00161,0.5342465753424658,pos,Farm,IT2
ASV_00053,ASV_00162,0.5208333333333334,pos,Farm,IT2
ASV_00053,ASV_00165,0.49295774647887325,pos,Farm,IT2
ASV_00053,ASV_00172,0.5563380281690141,pos,Farm,IT2
ASV_00053,ASV_00177,0.4965034965034965,pos,Farm,IT2
ASV_00053,ASV_00182,0.541095890410959,pos,Farm,IT2
ASV_00053,ASV_00183,0.5205479452054794,pos,Farm,IT2
ASV_00053,ASV_00184,0.5174825174825175,pos,Farm,IT2
ASV_00053,ASV_00192,0.5314685314685315,pos,Farm,IT2
ASV_00053,ASV_00193,0.5486111111111112,pos,Farm,IT2
ASV_00053,ASV_00196,0.49295774647887325,pos,Farm,IT2
ASV_00053,ASV_00199,0.48936170212765956,pos,Farm,IT2
ASV_00053,ASV_00202,0.5107913669064749,pos,Farm,IT2
ASV_00053,ASV_00214,0.5422535211267606,pos,Farm,IT2
ASV_00053,ASV_00218,0.5172413793103449,pos,Farm,IT2
ASV_00053,ASV_00235,0.4714285714285714,pos,Farm,IT2
ASV_00053,ASV_00240,0.5211267605633803,pos,Farm,IT2
ASV_00053,ASV_00249,0.5460992907801419,pos,Farm,IT2
ASV_00053,ASV_00263,0.5374149659863946,pos,Farm,IT2
ASV_00053,ASV_00280,0.5104895104895105,pos,Farm,IT2
ASV_00053,ASV_00284,0.5,pos,Farm,IT2
ASV_00053,ASV_00287,0.5104895104895105,pos,Farm,IT2
ASV_00053,ASV_00296,0.5071428571428571,pos,Farm,IT2
ASV_00053,ASV_00299,0.5211267605633803,pos,Farm,IT2
ASV_00053,ASV_00307,0.5034965034965035,pos,Farm,IT2
ASV_00053,ASV_00309,0.5379310344827586,pos,Farm,IT2
ASV_00053,ASV_00317,0.5460992907801419,pos,Farm,IT2
ASV_00053,ASV_00327,0.5,pos,Farm,IT2
ASV_00053,ASV_00331,0.5666666666666667,pos,Farm,IT2
ASV_00053,ASV_00336,0.5103448275862069,pos,Farm,IT2
ASV_00053,ASV_00352,0.5390070921985816,pos,Farm,IT2
ASV_00053,ASV_00354,0.528169014084507,pos,Farm,IT2
ASV_00053,ASV_00356,0.5547945205479452,pos,Farm,IT2
ASV_00053,ASV_00368,0.5138888888888888,pos,Farm,IT2
ASV_00053,ASV_00391,0.5214285714285715,pos,Farm,IT2
ASV_00053,ASV_00402,0.4857142857142857,pos,Farm,IT2
ASV_00053,ASV_00403,0.5342465753424658,pos,Farm,IT2
ASV_00053,ASV_00404,0.5323741007194245,pos,Farm,IT2
ASV_00053,ASV_00421,0.5379310344827586,pos,Farm,IT2
ASV_00053,ASV_00425,0.5140845070422535,pos,Farm,IT2
ASV_00053,ASV_00437,0.5273972602739726,pos,Farm,IT2
ASV_00053,ASV_00443,0.524822695035461,pos,Farm,IT2
ASV_00053,ASV_00447,0.5306122448979592,pos,Farm,IT2
ASV_00053,ASV_00452,0.5357142857142857,pos,Farm,IT2
ASV_00053,ASV_00463,0.5238095238095238,pos,Farm,IT2
ASV_00053,ASV_00474,0.5594405594405595,pos,Farm,IT2
ASV_00053,ASV_00506,0.4965034965034965,pos,Farm,IT2
ASV_00053,ASV_00518,0.5369127516778524,pos,Farm,IT2
ASV_00053,ASV_00521,0.5337837837837838,pos,Farm,IT2
ASV_00053,ASV_00524,0.4965034965034965,pos,Farm,IT2
ASV_00053,ASV_00530,0.5492957746478874,pos,Farm,IT2
ASV_00053,ASV_00534,0.5503355704697986,pos,Farm,IT2
ASV_00053,ASV_00542,0.5793103448275863,pos,Farm,IT2
ASV_00053,ASV_00568,0.5306122448979592,pos,Farm,IT2
ASV_00053,ASV_00595,0.5,pos,Farm,IT2
ASV_00053,ASV_00612,0.5555555555555556,pos,Farm,IT2
ASV_00053,ASV_00615,0.49295774647887325,pos,Farm,IT2
ASV_00053,ASV_00630,0.4859154929577465,pos,Farm,IT2
ASV_00053,ASV_00641,0.5337837837837838,pos,Farm,IT2
ASV_00053,ASV_00666,0.5586206896551724,pos,Farm,IT2
ASV_00053,ASV_00668,0.5211267605633803,pos,Farm,IT2
ASV_00053,ASV_00687,0.5208333333333334,pos,Farm,IT2
ASV_00053,ASV_00718,0.49295774647887325,pos,Farm,IT2
ASV_00053,ASV_00728,0.5555555555555556,pos,Farm,IT2
ASV_00053,ASV_00755,0.5369127516778524,pos,Farm,IT2
ASV_00053,ASV_00782,0.5208333333333334,pos,Farm,IT2
ASV_00053,ASV_00807,0.5563380281690141,pos,Farm,IT2
ASV_00053,ASV_00808,0.5,pos,Farm,IT2
ASV_00053,ASV_00829,0.5138888888888888,pos,Farm,IT2
ASV_00053,ASV_00848,0.5238095238095238,pos,Farm,IT2
ASV_00053,ASV_00865,0.5241379310344828,pos,Farm,IT2
ASV_00053,ASV_00869,0.5337837837837838,pos,Farm,IT2
ASV_00053,ASV_00873,0.49295774647887325,pos,Farm,IT2
ASV_00053,ASV_00890,0.5524475524475524,pos,Farm,IT2
ASV_00053,ASV_00891,0.5743243243243243,pos,Farm,IT2
ASV_00053,ASV_00906,0.5503355704697986,pos,Farm,IT2
ASV_00053,ASV_00912,0.5255474452554745,pos,Farm,IT2
ASV_00053,ASV_00931,0.5319148936170213,pos,Farm,IT2
ASV_00053,ASV_00935,0.5172413793103449,pos,Farm,IT2
ASV_00053,ASV_00984,0.5241379310344828,pos,Farm,IT2
ASV_00053,ASV_01018,0.5104895104895105,pos,Farm,IT2
ASV_00053,ASV_01023,0.5337837837837838,pos,Farm,IT2
ASV_00053,ASV_01092,0.5472972972972973,pos,Farm,IT2
ASV_00053,ASV_01119,0.5578231292517006,pos,Farm,IT2
ASV_00053,ASV_01152,0.5138888888888888,pos,Farm,IT2
ASV_00053,ASV_01253,0.5172413793103449,pos,Farm,IT2
ASV_00053,ASV_01491,0.5314685314685315,pos,Farm,IT2
ASV_00053,ASV_02149,0.4965034965034965,pos,Farm,IT2
ASV_00054,ASV_00056,0.4857142857142857,pos,Farm,IT2
ASV_00054,ASV_00057,0.5104895104895105,pos,Farm,IT2
ASV_00054,ASV_00061,0.5314685314685315,pos,Farm,IT2
ASV_00054,ASV_00065,0.5347222222222222,pos,Farm,IT2
ASV_00054,ASV_00071,0.5179856115107914,pos,Farm,IT2
ASV_00054,ASV_00072,0.5405405405405406,pos,Farm,IT2
ASV_00054,ASV_00085,0.5422535211267606,pos,Farm,IT2
ASV_00054,ASV_00088,0.5069444444444444,pos,Farm,IT2
ASV_00054,ASV_00090,0.5503355704697986,pos,Farm,IT2
ASV_00054,ASV_00095,0.5277777777777778,pos,Farm,IT2
ASV_00054,ASV_00097,0.48226950354609927,pos,Farm,IT2
ASV_00054,ASV_00099,0.5238095238095238,pos,Farm,IT2
ASV_00054,ASV_00100,0.5,pos,Farm,IT2
ASV_00054,ASV_00105,0.5352112676056338,pos,Farm,IT2
ASV_00054,ASV_00108,0.47794117647058826,pos,Farm,IT2
ASV_00054,ASV_00109,0.5136986301369864,pos,Farm,IT2
ASV_00054,ASV_00113,0.5251798561151079,pos,Farm,IT2
ASV_00054,ASV_00115,0.5147058823529411,pos,Farm,IT2
ASV_00054,ASV_00118,0.5347222222222222,pos,Farm,IT2
ASV_00054,ASV_00122,0.4965034965034965,pos,Farm,IT2
ASV_00054,ASV_00127,0.5172413793103449,pos,Farm,IT2
ASV_00054,ASV_00130,0.5422535211267606,pos,Farm,IT2
ASV_00054,ASV_00132,0.5142857142857142,pos,Farm,IT2
ASV_00054,ASV_00138,0.5,pos,Farm,IT2
ASV_00054,ASV_00140,0.5106382978723404,pos,Farm,IT2
ASV_00054,ASV_00151,0.49295774647887325,pos,Farm,IT2
ASV_00054,ASV_00158,0.528169014084507,pos,Farm,IT2
ASV_00054,ASV_00161,0.5524475524475524,pos,Farm,IT2
ASV_00054,ASV_00165,0.5107913669064749,pos,Farm,IT2
ASV_00054,ASV_00166,0.5314685314685315,pos,Farm,IT2
ASV_00054,ASV_00169,0.5277777777777778,pos,Farm,IT2
ASV_00054,ASV_00170,0.5562913907284768,pos,Farm,IT2
ASV_00054,ASV_00172,0.5314685314685315,pos,Farm,IT2
ASV_00054,ASV_00178,0.5136986301369864,pos,Farm,IT2
ASV_00054,ASV_00181,0.5416666666666666,pos,Farm,IT2
ASV_00054,ASV_00186,0.5103448275862069,pos,Farm,IT2
ASV_00054,ASV_00205,0.5833333333333334,pos,Farm,IT2
ASV_00054,ASV_00213,0.5547945205479452,pos,Farm,IT2
ASV_00054,ASV_00231,0.5104895104895105,pos,Farm,IT2
ASV_00054,ASV_00232,0.5594405594405595,pos,Farm,IT2
ASV_00054,ASV_00237,0.5734265734265734,pos,Farm,IT2
ASV_00054,ASV_00244,0.5352112676056338,pos,Farm,IT2
ASV_00054,ASV_00246,0.5416666666666666,pos,Farm,IT2
ASV_00054,ASV_00252,0.5104895104895105,pos,Farm,IT2
ASV_00054,ASV_00262,0.5310344827586206,pos,Farm,IT2
ASV_00054,ASV_00266,0.5136986301369864,pos,Farm,IT2
ASV_00054,ASV_00288,0.5342465753424658,pos,Farm,IT2
ASV_00054,ASV_00294,0.5347222222222222,pos,Farm,IT2
ASV_00054,ASV_00304,0.5578231292517006,pos,Farm,IT2
ASV_00054,ASV_00305,0.5734265734265734,pos,Farm,IT2
ASV_00054,ASV_00308,0.4965034965034965,pos,Farm,IT2
ASV_00054,ASV_00312,0.5486111111111112,pos,Farm,IT2
ASV_00054,ASV_00320,0.49645390070921985,pos,Farm,IT2
ASV_00054,ASV_00328,0.5347222222222222,pos,Farm,IT2
ASV_00054,ASV_00331,0.5533333333333333,pos,Farm,IT2
ASV_00054,ASV_00335,0.4785714285714286,pos,Farm,IT2
ASV_00054,ASV_00339,0.4859154929577465,pos,Farm,IT2
ASV_00054,ASV_00347,0.5486111111111112,pos,Farm,IT2
ASV_00054,ASV_00367,0.5,pos,Farm,IT2
ASV_00054,ASV_00377,0.48936170212765956,pos,Farm,IT2
ASV_00054,ASV_00389,0.5103448275862069,pos,Farm,IT2
ASV_00054,ASV_00406,0.5071428571428571,pos,Farm,IT2
ASV_00054,ASV_00411,0.5103448275862069,pos,Farm,IT2
ASV_00054,ASV_00426,0.581081081081081,pos,Farm,IT2
ASV_00054,ASV_00442,0.5238095238095238,pos,Farm,IT2
ASV_00054,ASV_00443,0.5214285714285715,pos,Farm,IT2
ASV_00054,ASV_00445,0.5069444444444444,pos,Farm,IT2
ASV_00054,ASV_00451,0.527027027027027,pos,Farm,IT2
ASV_00054,ASV_00458,0.4859154929577465,pos,Farm,IT2
ASV_00054,ASV_00467,0.5578231292517006,pos,Farm,IT2
ASV_00054,ASV_00479,0.5273972602739726,pos,Farm,IT2
ASV_00054,ASV_00486,0.5724137931034483,pos,Farm,IT2
ASV_00054,ASV_00511,0.4857142857142857,pos,Farm,IT2
ASV_00054,ASV_00529,0.4928571428571429,pos,Farm,IT2
ASV_00054,ASV_00534,0.5578231292517006,pos,Farm,IT2
ASV_00054,ASV_00541,0.5611510791366906,pos,Farm,IT2
ASV_00054,ASV_00544,0.5104895104895105,pos,Farm,IT2
ASV_00054,ASV_00550,0.60431654676259,pos,Farm,IT2
ASV_00054,ASV_00551,0.5172413793103449,pos,Farm,IT2
ASV_00054,ASV_00554,0.5136986301369864,pos,Farm,IT2
ASV_00054,ASV_00556,0.5314685314685315,pos,Farm,IT2
ASV_00054,ASV_00563,0.5241379310344828,pos,Farm,IT2
ASV_00054,ASV_00570,0.49645390070921985,pos,Farm,IT2
ASV_00054,ASV_00576,0.5104895104895105,pos,Farm,IT2
ASV_00054,ASV_00587,0.4965034965034965,pos,Farm,IT2
ASV_00054,ASV_00595,0.5070422535211268,pos,Farm,IT2
ASV_00054,ASV_00636,0.5466666666666666,pos,Farm,IT2
ASV_00054,ASV_00709,0.5069444444444444,pos,Farm,IT2
ASV_00054,ASV_00714,0.5144927536231884,pos,Farm,IT2
ASV_00054,ASV_00758,0.5384615384615384,pos,Farm,IT2
ASV_00054,ASV_00769,0.5069444444444444,pos,Farm,IT2
ASV_00054,ASV_00778,0.4855072463768116,pos,Farm,IT2
ASV_00054,ASV_00789,0.5103448275862069,pos,Farm,IT2
ASV_00054,ASV_00802,0.5306122448979592,pos,Farm,IT2
ASV_00054,ASV_00806,0.5555555555555556,pos,Farm,IT2
ASV_00054,ASV_00808,0.5177304964539007,pos,Farm,IT2
ASV_00054,ASV_00815,0.5533333333333333,pos,Farm,IT2
ASV_00054,ASV_00821,0.5384615384615384,pos,Farm,IT2
ASV_00054,ASV_00880,0.5434782608695652,pos,Farm,IT2
ASV_00054,ASV_00909,0.4965034965034965,pos,Farm,IT2
ASV_00054,ASV_00929,0.5486111111111112,pos,Farm,IT2
ASV_00054,ASV_00931,0.5285714285714286,pos,Farm,IT2
ASV_00054,ASV_00935,0.5460992907801419,pos,Farm,IT2
ASV_00054,ASV_00952,0.5,pos,Farm,IT2
ASV_00054,ASV_01018,0.5070422535211268,pos,Farm,IT2
ASV_00054,ASV_01065,0.49645390070921985,pos,Farm,IT2
ASV_00054,ASV_01179,0.49295774647887325,pos,Farm,IT2
ASV_00054,ASV_01204,0.5306122448979592,pos,Farm,IT2
ASV_00054,ASV_01267,0.5,pos,Farm,IT2
ASV_00054,ASV_01288,0.5563380281690141,pos,Farm,IT2
ASV_00054,ASV_01342,0.5369127516778524,pos,Farm,IT2
ASV_00054,ASV_01578,0.5208333333333334,pos,Farm,IT2
ASV_00054,ASV_01840,0.5174825174825175,pos,Farm,IT2
ASV_00054,ASV_02020,0.5104895104895105,pos,Farm,IT2
ASV_00055,ASV_00058,0.5069444444444444,pos,Farm,IT2
ASV_00055,ASV_00060,0.5107913669064749,pos,Farm,IT2
ASV_00055,ASV_00062,0.5693430656934306,pos,Farm,IT2
ASV_00055,ASV_00067,0.5106382978723404,pos,Farm,IT2
ASV_00055,ASV_00069,0.4892086330935252,pos,Farm,IT2
ASV_00055,ASV_00070,0.5310344827586206,pos,Farm,IT2
ASV_00055,ASV_00073,0.5208333333333334,pos,Farm,IT2
ASV_00055,ASV_00075,0.5,pos,Farm,IT2
ASV_00055,ASV_00076,0.5136986301369864,pos,Farm,IT2
ASV_00055,ASV_00079,0.5563380281690141,pos,Farm,IT2
ASV_00055,ASV_00080,0.5342465753424658,pos,Farm,IT2
ASV_00055,ASV_00090,0.5466666666666666,pos,Farm,IT2
ASV_00055,ASV_00098,0.5352112676056338,pos,Farm,IT2
ASV_00055,ASV_00109,0.5416666666666666,pos,Farm,IT2
ASV_00055,ASV_00112,0.5138888888888888,pos,Farm,IT2
ASV_00055,ASV_00113,0.5106382978723404,pos,Farm,IT2
ASV_00055,ASV_00118,0.5205479452054794,pos,Farm,IT2
ASV_00055,ASV_00119,0.5244755244755245,pos,Farm,IT2
ASV_00055,ASV_00127,0.5241379310344828,pos,Farm,IT2
ASV_00055,ASV_00131,0.5211267605633803,pos,Farm,IT2
ASV_00055,ASV_00136,0.5136986301369864,pos,Farm,IT2
ASV_00055,ASV_00144,0.5034965034965035,pos,Farm,IT2
ASV_00055,ASV_00147,0.5034965034965035,pos,Farm,IT2
ASV_00055,ASV_00148,0.6402877697841727,pos,Farm,IT2
ASV_00055,ASV_00157,0.5273972602739726,pos,Farm,IT2
ASV_00055,ASV_00159,0.5454545454545454,pos,Farm,IT2
ASV_00055,ASV_00171,0.5594405594405595,pos,Farm,IT2
ASV_00055,ASV_00173,0.5862068965517241,pos,Farm,IT2
ASV_00055,ASV_00176,0.5294117647058824,pos,Farm,IT2
ASV_00055,ASV_00182,0.5448275862068965,pos,Farm,IT2
ASV_00055,ASV_00184,0.5,pos,Farm,IT2
ASV_00055,ASV_00194,0.54421768707483,pos,Farm,IT2
ASV_00055,ASV_00196,0.4859154929577465,pos,Farm,IT2
ASV_00055,ASV_00203,0.5103448275862069,pos,Farm,IT2
ASV_00055,ASV_00205,0.5578231292517006,pos,Farm,IT2
ASV_00055,ASV_00208,0.5428571428571428,pos,Farm,IT2
ASV_00055,ASV_00230,0.5416666666666666,pos,Farm,IT2
ASV_00055,ASV_00232,0.5342465753424658,pos,Farm,IT2
ASV_00055,ASV_00233,0.5177304964539007,pos,Farm,IT2
ASV_00055,ASV_00247,0.5069444444444444,pos,Farm,IT2
ASV_00055,ASV_00249,0.5069444444444444,pos,Farm,IT2
ASV_00055,ASV_00252,0.5069444444444444,pos,Farm,IT2
ASV_00055,ASV_00257,0.5633802816901409,pos,Farm,IT2
ASV_00055,ASV_00267,0.5035460992907801,pos,Farm,IT2
ASV_00055,ASV_00270,0.5466666666666666,pos,Farm,IT2
ASV_00055,ASV_00275,0.5510204081632653,pos,Farm,IT2
ASV_00055,ASV_00276,0.5238095238095238,pos,Farm,IT2
ASV_00055,ASV_00279,0.5217391304347826,pos,Farm,IT2
ASV_00055,ASV_00292,0.5448275862068965,pos,Farm,IT2
ASV_00055,ASV_00299,0.5140845070422535,pos,Farm,IT2
ASV_00055,ASV_00300,0.5436241610738255,pos,Farm,IT2
ASV_00055,ASV_00303,0.5328467153284672,pos,Farm,IT2
ASV_00055,ASV_00309,0.5310344827586206,pos,Farm,IT2
ASV_00055,ASV_00312,0.5555555555555556,pos,Farm,IT2
ASV_00055,ASV_00320,0.5251798561151079,pos,Farm,IT2
ASV_00055,ASV_00340,0.5379310344827586,pos,Farm,IT2
ASV_00055,ASV_00343,0.5347222222222222,pos,Farm,IT2
ASV_00055,ASV_00347,0.5448275862068965,pos,Farm,IT2
ASV_00055,ASV_00355,0.5136986301369864,pos,Farm,IT2
ASV_00055,ASV_00356,0.5374149659863946,pos,Farm,IT2
ASV_00055,ASV_00361,0.5238095238095238,pos,Farm,IT2
ASV_00055,ASV_00380,0.4965034965034965,pos,Farm,IT2
ASV_00055,ASV_00384,0.5138888888888888,pos,Farm,IT2
ASV_00055,ASV_00390,0.5578231292517006,pos,Farm,IT2
ASV_00055,ASV_00422,0.5138888888888888,pos,Farm,IT2
ASV_00055,ASV_00438,0.5571428571428572,pos,Farm,IT2
ASV_00055,ASV_00441,0.5034965034965035,pos,Farm,IT2
ASV_00055,ASV_00453,0.5136986301369864,pos,Farm,IT2
ASV_00055,ASV_00459,0.5241379310344828,pos,Farm,IT2
ASV_00055,ASV_00490,0.5540540540540541,pos,Farm,IT2
ASV_00055,ASV_00495,0.5289855072463768,pos,Farm,IT2
ASV_00055,ASV_00512,0.5616438356164384,pos,Farm,IT2
ASV_00055,ASV_00513,0.5138888888888888,pos,Farm,IT2
ASV_00055,ASV_00517,0.4965034965034965,pos,Farm,IT2
ASV_00055,ASV_00542,0.5510204081632653,pos,Farm,IT2
ASV_00055,ASV_00550,0.5555555555555556,pos,Farm,IT2
ASV_00055,ASV_00568,0.5555555555555556,pos,Farm,IT2
ASV_00055,ASV_00572,0.6267605633802817,pos,Farm,IT2
ASV_00055,ASV_00581,0.4857142857142857,pos,Farm,IT2
ASV_00055,ASV_00594,0.5314685314685315,pos,Farm,IT2
ASV_00055,ASV_00618,0.5138888888888888,pos,Farm,IT2
ASV_00055,ASV_00620,0.5379310344827586,pos,Farm,IT2
ASV_00055,ASV_00654,0.49295774647887325,pos,Farm,IT2
ASV_00055,ASV_00662,0.5177304964539007,pos,Farm,IT2
ASV_00055,ASV_00668,0.5034965034965035,pos,Farm,IT2
ASV_00055,ASV_00671,0.5579710144927537,pos,Farm,IT2
ASV_00055,ASV_00679,0.5379310344827586,pos,Farm,IT2
ASV_00055,ASV_00686,0.5277777777777778,pos,Farm,IT2
ASV_00055,ASV_00726,0.5205479452054794,pos,Farm,IT2
ASV_00055,ASV_00734,0.5205479452054794,pos,Farm,IT2
ASV_00055,ASV_00769,0.5244755244755245,pos,Farm,IT2
ASV_00055,ASV_00772,0.5422535211267606,pos,Farm,IT2
ASV_00055,ASV_00793,0.524822695035461,pos,Farm,IT2
ASV_00055,ASV_00843,0.5486111111111112,pos,Farm,IT2
ASV_00055,ASV_00873,0.4859154929577465,pos,Farm,IT2
ASV_00055,ASV_00890,0.5347222222222222,pos,Farm,IT2
ASV_00055,ASV_00912,0.4857142857142857,pos,Farm,IT2
ASV_00055,ASV_00952,0.5177304964539007,pos,Farm,IT2
ASV_00055,ASV_00959,0.5103448275862069,pos,Farm,IT2
ASV_00055,ASV_01023,0.5374149659863946,pos,Farm,IT2
ASV_00055,ASV_01065,0.5035460992907801,pos,Farm,IT2
ASV_00055,ASV_01092,0.5405405405405406,pos,Farm,IT2
ASV_00055,ASV_01152,0.528169014084507,pos,Farm,IT2
ASV_00055,ASV_01941,0.5524475524475524,pos,Farm,IT2
ASV_00055,ASV_02020,0.5174825174825175,pos,Farm,IT2
ASV_00056,ASV_00061,0.5255474452554745,pos,Farm,IT2
ASV_00056,ASV_00067,0.4962962962962963,pos,Farm,IT2
ASV_00056,ASV_00072,0.5352112676056338,pos,Farm,IT2
ASV_00056,ASV_00088,0.4785714285714286,pos,Farm,IT2
ASV_00056,ASV_00112,0.4785714285714286,pos,Farm,IT2
ASV_00056,ASV_00116,0.4714285714285714,pos,Farm,IT2
ASV_00056,ASV_00128,0.5138888888888888,pos,Farm,IT2
ASV_00056,ASV_00132,0.4852941176470588,pos,Farm,IT2
ASV_00056,ASV_00144,0.4782608695652174,pos,Farm,IT2
ASV_00056,ASV_00145,0.4785714285714286,pos,Farm,IT2
ASV_00056,ASV_00148,0.5069444444444444,pos,Farm,IT2
ASV_00056,ASV_00151,0.463768115942029,pos,Farm,IT2
ASV_00056,ASV_00160,0.49635036496350365,pos,Farm,IT2
ASV_00056,ASV_00163,0.463768115942029,pos,Farm,IT2
ASV_00056,ASV_00167,0.4859154929577465,pos,Farm,IT2
ASV_00056,ASV_00187,0.4892086330935252,pos,Farm,IT2
ASV_00056,ASV_00188,0.48951048951048953,pos,Farm,IT2
ASV_00056,ASV_00192,0.4892086330935252,pos,Farm,IT2
ASV_00056,ASV_00197,0.5072463768115942,pos,Farm,IT2
ASV_00056,ASV_00205,0.5138888888888888,pos,Farm,IT2
ASV_00056,ASV_00206,0.49624060150375937,pos,Farm,IT2
ASV_00056,ASV_00208,0.4855072463768116,pos,Farm,IT2
ASV_00056,ASV_00210,0.5069444444444444,pos,Farm,IT2
ASV_00056,ASV_00216,0.4855072463768116,pos,Farm,IT2
ASV_00056,ASV_00219,0.528169014084507,pos,Farm,IT2
ASV_00056,ASV_00231,0.48201438848920863,pos,Farm,IT2
ASV_00056,ASV_00244,0.49640287769784175,pos,Farm,IT2
ASV_00056,ASV_00246,0.5035460992907801,pos,Farm,IT2
ASV_00056,ASV_00259,0.45864661654135336,pos,Farm,IT2
ASV_00056,ASV_00262,0.5035460992907801,pos,Farm,IT2
ASV_00056,ASV_00267,0.47794117647058826,pos,Farm,IT2
ASV_00056,ASV_00271,0.4921875,pos,Farm,IT2
ASV_00056,ASV_00273,0.4928571428571429,pos,Farm,IT2
ASV_00056,ASV_00284,0.46715328467153283,pos,Farm,IT2
ASV_00056,ASV_00292,0.5106382978723404,pos,Farm,IT2
ASV_00056,ASV_00295,0.5,pos,Farm,IT2
ASV_00056,ASV_00300,0.5314685314685315,pos,Farm,IT2
ASV_00056,ASV_00312,0.5,pos,Farm,IT2
ASV_00056,ASV_00315,0.4740740740740741,pos,Farm,IT2
ASV_00056,ASV_00318,0.5144927536231884,pos,Farm,IT2
ASV_00056,ASV_00321,0.5138888888888888,pos,Farm,IT2
ASV_00056,ASV_00330,0.5,pos,Farm,IT2
ASV_00056,ASV_00334,0.5142857142857142,pos,Farm,IT2
ASV_00056,ASV_00339,0.4888888888888889,pos,Farm,IT2
ASV_00056,ASV_00343,0.48936170212765956,pos,Farm,IT2
ASV_00056,ASV_00346,0.4676258992805755,pos,Farm,IT2
ASV_00056,ASV_00353,0.4855072463768116,pos,Farm,IT2
ASV_00056,ASV_00354,0.4748201438848921,pos,Farm,IT2
ASV_00056,ASV_00357,0.5074626865671642,pos,Farm,IT2
ASV_00056,ASV_00369,0.5481481481481482,pos,Farm,IT2
ASV_00056,ASV_00377,0.5037593984962406,pos,Farm,IT2
ASV_00056,ASV_00395,0.47101449275362317,pos,Farm,IT2
ASV_00056,ASV_00407,0.4748201438848921,pos,Farm,IT2
ASV_00056,ASV_00426,0.5135135135135135,pos,Farm,IT2
ASV_00056,ASV_00444,0.4857142857142857,pos,Farm,IT2
ASV_00056,ASV_00447,0.48951048951048953,pos,Farm,IT2
ASV_00056,ASV_00452,0.48175182481751827,pos,Farm,IT2
ASV_00056,ASV_00463,0.5035460992907801,pos,Farm,IT2
ASV_00056,ASV_00468,0.45384615384615384,pos,Farm,IT2
ASV_00056,ASV_00485,0.4859154929577465,pos,Farm,IT2
ASV_00056,ASV_00493,0.4930555555555556,pos,Farm,IT2
ASV_00056,ASV_00496,0.5255474452554745,pos,Farm,IT2
ASV_00056,ASV_00498,0.49242424242424243,pos,Farm,IT2
ASV_00056,ASV_00517,0.49264705882352944,pos,Farm,IT2
ASV_00056,ASV_00524,0.463768115942029,pos,Farm,IT2
ASV_00056,ASV_00530,0.5072463768115942,pos,Farm,IT2
ASV_00056,ASV_00536,0.5104895104895105,pos,Farm,IT2
ASV_00056,ASV_00541,0.4785714285714286,pos,Farm,IT2
ASV_00056,ASV_00548,0.48507462686567165,pos,Farm,IT2
ASV_00056,ASV_00554,0.4859154929577465,pos,Farm,IT2
ASV_00056,ASV_00555,0.49645390070921985,pos,Farm,IT2
ASV_00056,ASV_00559,0.48201438848920863,pos,Farm,IT2
ASV_00056,ASV_00568,0.5214285714285715,pos,Farm,IT2
ASV_00056,ASV_00651,0.5,pos,Farm,IT2
ASV_00056,ASV_00671,0.4782608695652174,pos,Farm,IT2
ASV_00056,ASV_00679,0.5035460992907801,pos,Farm,IT2
ASV_00056,ASV_00760,0.5034965034965035,pos,Farm,IT2
ASV_00056,ASV_00769,0.5,pos,Farm,IT2
ASV_00056,ASV_00801,0.47058823529411764,pos,Farm,IT2
ASV_00056,ASV_00817,0.5211267605633803,pos,Farm,IT2
ASV_00056,ASV_00829,0.4927536231884058,pos,Farm,IT2
ASV_00056,ASV_00842,0.4888888888888889,pos,Farm,IT2
ASV_00056,ASV_00848,0.49295774647887325,pos,Farm,IT2
ASV_00056,ASV_00880,0.5263157894736842,pos,Farm,IT2
ASV_00056,ASV_01018,0.5111111111111111,pos,Farm,IT2
ASV_00056,ASV_01119,0.496551724137931,pos,Farm,IT2
ASV_00056,ASV_01249,0.4782608695652174,pos,Farm,IT2
ASV_00056,ASV_01267,0.5036496350364964,pos,Farm,IT2
ASV_00056,ASV_01276,0.5227272727272727,pos,Farm,IT2
ASV_00056,ASV_01288,0.5071428571428571,pos,Farm,IT2
ASV_00056,ASV_01459,0.4748201438848921,pos,Farm,IT2
ASV_00056,ASV_01512,0.4740740740740741,pos,Farm,IT2
ASV_00056,ASV_02020,0.4714285714285714,pos,Farm,IT2
ASV_00056,ASV_02332,0.48951048951048953,pos,Farm,IT2
ASV_00057,ASV_00058,0.5070422535211268,pos,Farm,IT2
ASV_00057,ASV_00063,0.5071428571428571,pos,Farm,IT2
ASV_00057,ASV_00065,0.5422535211267606,pos,Farm,IT2
ASV_00057,ASV_00070,0.5208333333333334,pos,Farm,IT2
ASV_00057,ASV_00071,0.5144927536231884,pos,Farm,IT2
ASV_00057,ASV_00072,0.5374149659863946,pos,Farm,IT2
ASV_00057,ASV_00075,0.4782608695652174,pos,Farm,IT2
ASV_00057,ASV_00077,0.5211267605633803,pos,Farm,IT2
ASV_00057,ASV_00079,0.5244755244755245,pos,Farm,IT2
ASV_00057,ASV_00080,0.5347222222222222,pos,Farm,IT2
ASV_00057,ASV_00089,0.5912408759124088,pos,Farm,IT2
ASV_00057,ASV_00094,0.5319148936170213,pos,Farm,IT2
ASV_00057,ASV_00097,0.5109489051094891,pos,Farm,IT2
ASV_00057,ASV_00098,0.5140845070422535,pos,Farm,IT2
ASV_00057,ASV_00100,0.5177304964539007,pos,Farm,IT2
ASV_00057,ASV_00101,0.49295774647887325,pos,Farm,IT2
ASV_00057,ASV_00108,0.48507462686567165,pos,Farm,IT2
ASV_00057,ASV_00111,0.4855072463768116,pos,Farm,IT2
ASV_00057,ASV_00120,0.5174825174825175,pos,Farm,IT2
ASV_00057,ASV_00122,0.49295774647887325,pos,Farm,IT2
ASV_00057,ASV_00128,0.547945205479452,pos,Farm,IT2
ASV_00057,ASV_00130,0.528169014084507,pos,Farm,IT2
ASV_00057,ASV_00132,0.5328467153284672,pos,Farm,IT2
ASV_00057,ASV_00133,0.5434782608695652,pos,Farm,IT2
ASV_00057,ASV_00140,0.5179856115107914,pos,Farm,IT2
ASV_00057,ASV_00141,0.49645390070921985,pos,Farm,IT2
ASV_00057,ASV_00145,0.5140845070422535,pos,Farm,IT2
ASV_00057,ASV_00146,0.5594405594405595,pos,Farm,IT2
ASV_00057,ASV_00153,0.5106382978723404,pos,Farm,IT2
ASV_00057,ASV_00154,0.5474452554744526,pos,Farm,IT2
ASV_00057,ASV_00157,0.5172413793103449,pos,Farm,IT2
ASV_00057,ASV_00165,0.4857142857142857,pos,Farm,IT2
ASV_00057,ASV_00170,0.543046357615894,pos,Farm,IT2
ASV_00057,ASV_00171,0.5277777777777778,pos,Farm,IT2
ASV_00057,ASV_00172,0.528169014084507,pos,Farm,IT2
ASV_00057,ASV_00173,0.5655172413793104,pos,Farm,IT2
ASV_00057,ASV_00176,0.5185185185185185,pos,Farm,IT2
ASV_00057,ASV_00177,0.5,pos,Farm,IT2
ASV_00057,ASV_00178,0.5208333333333334,pos,Farm,IT2
ASV_00057,ASV_00182,0.5347222222222222,pos,Farm,IT2
ASV_00057,ASV_00186,0.5390070921985816,pos,Farm,IT2
ASV_00057,ASV_00193,0.5314685314685315,pos,Farm,IT2
ASV_00057,ASV_00197,0.5,pos,Farm,IT2
ASV_00057,ASV_00198,0.4965034965034965,pos,Farm,IT2
ASV_00057,ASV_00200,0.5,pos,Farm,IT2
ASV_00057,ASV_00211,0.4785714285714286,pos,Farm,IT2
ASV_00057,ASV_00218,0.5428571428571428,pos,Farm,IT2
ASV_00057,ASV_00221,0.5,pos,Farm,IT2
ASV_00057,ASV_00230,0.5208333333333334,pos,Farm,IT2
ASV_00057,ASV_00232,0.5241379310344828,pos,Farm,IT2
ASV_00057,ASV_00233,0.5179856115107914,pos,Farm,IT2
ASV_00057,ASV_00237,0.5486111111111112,pos,Farm,IT2
ASV_00057,ASV_00238,0.5244755244755245,pos,Farm,IT2
ASV_00057,ASV_00243,0.5069444444444444,pos,Farm,IT2
ASV_00057,ASV_00244,0.5211267605633803,pos,Farm,IT2
ASV_00057,ASV_00246,0.5172413793103449,pos,Farm,IT2
ASV_00057,ASV_00250,0.6102941176470589,pos,Farm,IT2
ASV_00057,ASV_00259,0.4852941176470588,pos,Farm,IT2
ASV_00057,ASV_00265,0.5179856115107914,pos,Farm,IT2
ASV_00057,ASV_00276,0.5347222222222222,pos,Farm,IT2
ASV_00057,ASV_00278,0.5277777777777778,pos,Farm,IT2
ASV_00057,ASV_00282,0.5323741007194245,pos,Farm,IT2
ASV_00057,ASV_00283,0.5241379310344828,pos,Farm,IT2
ASV_00057,ASV_00285,0.5474452554744526,pos,Farm,IT2
ASV_00057,ASV_00288,0.5416666666666666,pos,Farm,IT2
ASV_00057,ASV_00290,0.6126760563380281,pos,Farm,IT2
ASV_00057,ASV_00292,0.5136986301369864,pos,Farm,IT2
ASV_00057,ASV_00293,0.5405405405405406,pos,Farm,IT2
ASV_00057,ASV_00300,0.54421768707483,pos,Farm,IT2
ASV_00057,ASV_00304,0.54421768707483,pos,Farm,IT2
ASV_00057,ASV_00309,0.5208333333333334,pos,Farm,IT2
ASV_00057,ASV_00311,0.5238095238095238,pos,Farm,IT2
ASV_00057,ASV_00312,0.5785714285714286,pos,Farm,IT2
ASV_00057,ASV_00315,0.4785714285714286,pos,Farm,IT2
ASV_00057,ASV_00317,0.4965034965034965,pos,Farm,IT2
ASV_00057,ASV_00326,0.49645390070921985,pos,Farm,IT2
ASV_00057,ASV_00327,0.5035460992907801,pos,Farm,IT2
ASV_00057,ASV_00333,0.5422535211267606,pos,Farm,IT2
ASV_00057,ASV_00339,0.48226950354609927,pos,Farm,IT2
ASV_00057,ASV_00346,0.5251798561151079,pos,Farm,IT2
ASV_00057,ASV_00356,0.5273972602739726,pos,Farm,IT2
ASV_00057,ASV_00359,0.4892086330935252,pos,Farm,IT2
ASV_00057,ASV_00361,0.5563380281690141,pos,Farm,IT2
ASV_00057,ASV_00368,0.5070422535211268,pos,Farm,IT2
ASV_00057,ASV_00369,0.5390070921985816,pos,Farm,IT2
ASV_00057,ASV_00389,0.5069444444444444,pos,Farm,IT2
ASV_00057,ASV_00398,0.5314685314685315,pos,Farm,IT2
ASV_00057,ASV_00404,0.48226950354609927,pos,Farm,IT2
ASV_00057,ASV_00406,0.48226950354609927,pos,Farm,IT2
ASV_00057,ASV_00410,0.5357142857142857,pos,Farm,IT2
ASV_00057,ASV_00416,0.5034965034965035,pos,Farm,IT2
ASV_00057,ASV_00421,0.5103448275862069,pos,Farm,IT2
ASV_00057,ASV_00425,0.49645390070921985,pos,Farm,IT2
ASV_00057,ASV_00440,0.4859154929577465,pos,Farm,IT2
ASV_00057,ASV_00441,0.5035460992907801,pos,Farm,IT2
ASV_00057,ASV_00444,0.5319148936170213,pos,Farm,IT2
ASV_00057,ASV_00451,0.5238095238095238,pos,Farm,IT2
ASV_00057,ASV_00452,0.49645390070921985,pos,Farm,IT2
ASV_00057,ASV_00460,0.5138888888888888,pos,Farm,IT2
ASV_00057,ASV_00468,0.4485294117647059,pos,Farm,IT2
ASV_00057,ASV_00477,0.5138888888888888,pos,Farm,IT2
ASV_00057,ASV_00479,0.5347222222222222,pos,Farm,IT2
ASV_00057,ASV_00485,0.5208333333333334,pos,Farm,IT2
ASV_00057,ASV_00486,0.5374149659863946,pos,Farm,IT2
ASV_00057,ASV_00494,0.5,pos,Farm,IT2
ASV_00057,ASV_00498,0.4855072463768116,pos,Farm,IT2
ASV_00057,ASV_00503,0.5140845070422535,pos,Farm,IT2
ASV_00057,ASV_00504,0.5374149659863946,pos,Farm,IT2
ASV_00057,ASV_00506,0.5217391304347826,pos,Farm,IT2
ASV_00057,ASV_00507,0.5211267605633803,pos,Farm,IT2
ASV_00057,ASV_00512,0.5306122448979592,pos,Farm,IT2
ASV_00057,ASV_00517,0.5071428571428571,pos,Farm,IT2
ASV_00057,ASV_00518,0.5734265734265734,pos,Farm,IT2
ASV_00057,ASV_00536,0.5238095238095238,pos,Farm,IT2
ASV_00057,ASV_00541,0.524822695035461,pos,Farm,IT2
ASV_00057,ASV_00542,0.5306122448979592,pos,Farm,IT2
ASV_00057,ASV_00543,0.5208333333333334,pos,Farm,IT2
ASV_00057,ASV_00554,0.5103448275862069,pos,Farm,IT2
ASV_00057,ASV_00555,0.5103448275862069,pos,Farm,IT2
ASV_00057,ASV_00556,0.5069444444444444,pos,Farm,IT2
ASV_00057,ASV_00563,0.5208333333333334,pos,Farm,IT2
ASV_00057,ASV_00566,0.524822695035461,pos,Farm,IT2
ASV_00057,ASV_00568,0.5136986301369864,pos,Farm,IT2
ASV_00057,ASV_00570,0.48226950354609927,pos,Farm,IT2
ASV_00057,ASV_00581,0.4748201438848921,pos,Farm,IT2
ASV_00057,ASV_00587,0.49295774647887325,pos,Farm,IT2
ASV_00057,ASV_00615,0.5072463768115942,pos,Farm,IT2
ASV_00057,ASV_00620,0.5492957746478874,pos,Farm,IT2
ASV_00057,ASV_00622,0.4855072463768116,pos,Farm,IT2
ASV_00057,ASV_00636,0.5540540540540541,pos,Farm,IT2
ASV_00057,ASV_00643,0.5,pos,Farm,IT2
ASV_00057,ASV_00645,0.5182481751824818,pos,Farm,IT2
ASV_00057,ASV_00651,0.524822695035461,pos,Farm,IT2
ASV_00057,ASV_00654,0.48226950354609927,pos,Farm,IT2
ASV_00057,ASV_00676,0.5238095238095238,pos,Farm,IT2
ASV_00057,ASV_00697,0.4928571428571429,pos,Farm,IT2
ASV_00057,ASV_00714,0.4785714285714286,pos,Farm,IT2
ASV_00057,ASV_00732,0.5106382978723404,pos,Farm,IT2
ASV_00057,ASV_00758,0.5460992907801419,pos,Farm,IT2
ASV_00057,ASV_00772,0.5104895104895105,pos,Farm,IT2
ASV_00057,ASV_00781,0.524822695035461,pos,Farm,IT2
ASV_00057,ASV_00802,0.5486111111111112,pos,Farm,IT2
ASV_00057,ASV_00806,0.5310344827586206,pos,Farm,IT2
ASV_00057,ASV_00807,0.5174825174825175,pos,Farm,IT2
ASV_00057,ASV_00809,0.5862068965517241,pos,Farm,IT2
ASV_00057,ASV_00815,0.5821917808219178,pos,Farm,IT2
ASV_00057,ASV_00821,0.5138888888888888,pos,Farm,IT2
ASV_00057,ASV_00829,0.4965034965034965,pos,Farm,IT2
ASV_00057,ASV_00842,0.48226950354609927,pos,Farm,IT2
ASV_00057,ASV_00845,0.5,pos,Farm,IT2
ASV_00057,ASV_00912,0.4855072463768116,pos,Farm,IT2
ASV_00057,ASV_00929,0.5136986301369864,pos,Farm,IT2
ASV_00057,ASV_00935,0.5104895104895105,pos,Farm,IT2
ASV_00057,ASV_00952,0.4859154929577465,pos,Farm,IT2
ASV_00057,ASV_00959,0.5319148936170213,pos,Farm,IT2
ASV_00057,ASV_00984,0.55,pos,Farm,IT2
ASV_00057,ASV_01119,0.5306122448979592,pos,Farm,IT2
ASV_00057,ASV_01152,0.5177304964539007,pos,Farm,IT2
ASV_00057,ASV_01253,0.5104895104895105,pos,Farm,IT2
ASV_00057,ASV_01267,0.5285714285714286,pos,Farm,IT2
ASV_00057,ASV_01288,0.5208333333333334,pos,Farm,IT2
ASV_00057,ASV_01328,0.5106382978723404,pos,Farm,IT2
ASV_00057,ASV_01368,0.5211267605633803,pos,Farm,IT2
ASV_00057,ASV_01417,0.5140845070422535,pos,Farm,IT2
ASV_00057,ASV_01491,0.5357142857142857,pos,Farm,IT2
ASV_00057,ASV_01578,0.528169014084507,pos,Farm,IT2
ASV_00057,ASV_02149,0.5217391304347826,pos,Farm,IT2
ASV_00057,ASV_02332,0.5563380281690141,pos,Farm,IT2
ASV_00058,ASV_00061,0.5069444444444444,pos,Farm,IT2
ASV_00058,ASV_00063,0.5514705882352942,pos,Farm,IT2
ASV_00058,ASV_00064,0.5244755244755245,pos,Farm,IT2
ASV_00058,ASV_00065,0.5208333333333334,pos,Farm,IT2
ASV_00058,ASV_00068,0.5428571428571428,pos,Farm,IT2
ASV_00058,ASV_00079,0.5244755244755245,pos,Farm,IT2
ASV_00058,ASV_00080,0.5347222222222222,pos,Farm,IT2
ASV_00058,ASV_00083,0.49295774647887325,pos,Farm,IT2
ASV_00058,ASV_00087,0.5620437956204379,pos,Farm,IT2
ASV_00058,ASV_00089,0.5244755244755245,pos,Farm,IT2
ASV_00058,ASV_00092,0.4965034965034965,pos,Farm,IT2
ASV_00058,ASV_00093,0.5683453237410072,pos,Farm,IT2
ASV_00058,ASV_00094,0.5,pos,Farm,IT2
ASV_00058,ASV_00103,0.5454545454545454,pos,Farm,IT2
ASV_00058,ASV_00104,0.4859154929577465,pos,Farm,IT2
ASV_00058,ASV_00116,0.4965034965034965,pos,Farm,IT2
ASV_00058,ASV_00118,0.5208333333333334,pos,Farm,IT2
ASV_00058,ASV_00122,0.5035460992907801,pos,Farm,IT2
ASV_00058,ASV_00129,0.5177304964539007,pos,Farm,IT2
ASV_00058,ASV_00131,0.5214285714285715,pos,Farm,IT2
ASV_00058,ASV_00132,0.5217391304347826,pos,Farm,IT2
ASV_00058,ASV_00138,0.4965034965034965,pos,Farm,IT2
ASV_00058,ASV_00141,0.5289855072463768,pos,Farm,IT2
ASV_00058,ASV_00145,0.5034965034965035,pos,Farm,IT2
ASV_00058,ASV_00146,0.5273972602739726,pos,Farm,IT2
ASV_00058,ASV_00147,0.5142857142857142,pos,Farm,IT2
ASV_00058,ASV_00151,0.5,pos,Farm,IT2
ASV_00058,ASV_00153,0.5106382978723404,pos,Farm,IT2
ASV_00058,ASV_00154,0.5035460992907801,pos,Farm,IT2
ASV_00058,ASV_00156,0.5379310344827586,pos,Farm,IT2
ASV_00058,ASV_00157,0.5172413793103449,pos,Farm,IT2
ASV_00058,ASV_00159,0.5244755244755245,pos,Farm,IT2
ASV_00058,ASV_00162,0.5140845070422535,pos,Farm,IT2
ASV_00058,ASV_00165,0.4857142857142857,pos,Farm,IT2
ASV_00058,ASV_00171,0.5172413793103449,pos,Farm,IT2
ASV_00058,ASV_00179,0.5436241610738255,pos,Farm,IT2
ASV_00058,ASV_00186,0.5611510791366906,pos,Farm,IT2
ASV_00058,ASV_00191,0.5214285714285715,pos,Farm,IT2
ASV_00058,ASV_00208,0.5,pos,Farm,IT2
ASV_00058,ASV_00213,0.5306122448979592,pos,Farm,IT2
ASV_00058,ASV_00216,0.5,pos,Farm,IT2
ASV_00058,ASV_00230,0.5103448275862069,pos,Farm,IT2
ASV_00058,ASV_00244,0.5,pos,Farm,IT2
ASV_00058,ASV_00247,0.5070422535211268,pos,Farm,IT2
ASV_00058,ASV_00249,0.5177304964539007,pos,Farm,IT2
ASV_00058,ASV_00250,0.5314685314685315,pos,Farm,IT2
ASV_00058,ASV_00257,0.5208333333333334,pos,Farm,IT2
ASV_00058,ASV_00263,0.5310344827586206,pos,Farm,IT2
ASV_00058,ASV_00265,0.4859154929577465,pos,Farm,IT2
ASV_00058,ASV_00266,0.5208333333333334,pos,Farm,IT2
ASV_00058,ASV_00276,0.5454545454545454,pos,Farm,IT2
ASV_00058,ASV_00277,0.527027027027027,pos,Farm,IT2
ASV_00058,ASV_00280,0.49295774647887325,pos,Farm,IT2
ASV_00058,ASV_00292,0.5136986301369864,pos,Farm,IT2
ASV_00058,ASV_00296,0.4785714285714286,pos,Farm,IT2
ASV_00058,ASV_00304,0.5337837837837838,pos,Farm,IT2
ASV_00058,ASV_00307,0.49645390070921985,pos,Farm,IT2
ASV_00058,ASV_00320,0.4928571428571429,pos,Farm,IT2
ASV_00058,ASV_00326,0.5289855072463768,pos,Farm,IT2
ASV_00058,ASV_00327,0.5251798561151079,pos,Farm,IT2
ASV_00058,ASV_00333,0.5103448275862069,pos,Farm,IT2
ASV_00058,ASV_00335,0.4748201438848921,pos,Farm,IT2
ASV_00058,ASV_00347,0.5241379310344828,pos,Farm,IT2
ASV_00058,ASV_00352,0.5214285714285715,pos,Farm,IT2
ASV_00058,ASV_00355,0.5460992907801419,pos,Farm,IT2
ASV_00058,ASV_00356,0.5594405594405595,pos,Farm,IT2
ASV_00058,ASV_00361,0.5136986301369864,pos,Farm,IT2
ASV_00058,ASV_00368,0.5620437956204379,pos,Farm,IT2
ASV_00058,ASV_00373,0.5,pos,Farm,IT2
ASV_00058,ASV_00381,0.49645390070921985,pos,Farm,IT2
ASV_00058,ASV_00382,0.5384615384615384,pos,Farm,IT2
ASV_00058,ASV_00387,0.5069444444444444,pos,Farm,IT2
ASV_00058,ASV_00393,0.5073529411764706,pos,Farm,IT2
ASV_00058,ASV_00397,0.5319148936170213,pos,Farm,IT2
ASV_00058,ASV_00400,0.5172413793103449,pos,Farm,IT2
ASV_00058,ASV_00404,0.5035971223021583,pos,Farm,IT2
ASV_00058,ASV_00422,0.5467625899280576,pos,Farm,IT2
ASV_00058,ASV_00440,0.5071428571428571,pos,Farm,IT2
ASV_00058,ASV_00454,0.5524475524475524,pos,Farm,IT2
ASV_00058,ASV_00463,0.5172413793103449,pos,Farm,IT2
ASV_00058,ASV_00468,0.49242424242424243,pos,Farm,IT2
ASV_00058,ASV_00479,0.5563380281690141,pos,Farm,IT2
ASV_00058,ASV_00493,0.5273972602739726,pos,Farm,IT2
ASV_00058,ASV_00495,0.5072463768115942,pos,Farm,IT2
ASV_00058,ASV_00496,0.5174825174825175,pos,Farm,IT2
ASV_00058,ASV_00506,0.48936170212765956,pos,Farm,IT2
ASV_00058,ASV_00507,0.5,pos,Farm,IT2
ASV_00058,ASV_00511,0.4714285714285714,pos,Farm,IT2
ASV_00058,ASV_00513,0.5034965034965035,pos,Farm,IT2
ASV_00058,ASV_00518,0.5517241379310345,pos,Farm,IT2
ASV_00058,ASV_00528,0.49295774647887325,pos,Farm,IT2
ASV_00058,ASV_00533,0.5507246376811594,pos,Farm,IT2
ASV_00058,ASV_00543,0.5208333333333334,pos,Farm,IT2
ASV_00058,ASV_00550,0.5241379310344828,pos,Farm,IT2
ASV_00058,ASV_00561,0.5496688741721855,pos,Farm,IT2
ASV_00058,ASV_00570,0.48226950354609927,pos,Farm,IT2
ASV_00058,ASV_00622,0.4855072463768116,pos,Farm,IT2
ASV_00058,ASV_00630,0.5,pos,Farm,IT2
ASV_00058,ASV_00636,0.5540540540540541,pos,Farm,IT2
ASV_00058,ASV_00643,0.5319148936170213,pos,Farm,IT2
ASV_00058,ASV_00651,0.5357142857142857,pos,Farm,IT2
ASV_00058,ASV_00709,0.5034965034965035,pos,Farm,IT2
ASV_00058,ASV_00718,0.49640287769784175,pos,Farm,IT2
ASV_00058,ASV_00727,0.49645390070921985,pos,Farm,IT2
ASV_00058,ASV_00734,0.5422535211267606,pos,Farm,IT2
ASV_00058,ASV_00758,0.5460992907801419,pos,Farm,IT2
ASV_00058,ASV_00760,0.5594405594405595,pos,Farm,IT2
ASV_00058,ASV_00782,0.5357142857142857,pos,Farm,IT2
ASV_00058,ASV_00801,0.49640287769784175,pos,Farm,IT2
ASV_00058,ASV_00806,0.574468085106383,pos,Farm,IT2
ASV_00058,ASV_00807,0.5069444444444444,pos,Farm,IT2
ASV_00058,ASV_00809,0.5753424657534246,pos,Farm,IT2
ASV_00058,ASV_00811,0.5602836879432624,pos,Farm,IT2
ASV_00058,ASV_00817,0.5342465753424658,pos,Farm,IT2
ASV_00058,ASV_00822,0.5390070921985816,pos,Farm,IT2
ASV_00058,ASV_01065,0.48226950354609927,pos,Farm,IT2
ASV_00058,ASV_01179,0.5217391304347826,pos,Farm,IT2
ASV_00058,ASV_01204,0.5273972602739726,pos,Farm,IT2
ASV_00058,ASV_01253,0.5211267605633803,pos,Farm,IT2
ASV_00058,ASV_01288,0.5103448275862069,pos,Farm,IT2
ASV_00058,ASV_01328,0.5323741007194245,pos,Farm,IT2
ASV_00058,ASV_01458,0.4714285714285714,pos,Farm,IT2
ASV_00058,ASV_01578,0.5069444444444444,pos,Farm,IT2
ASV_00058,ASV_02020,0.4965034965034965,pos,Farm,IT2
ASV_00059,ASV_00062,0.45985401459854014,pos,Farm,IT2
ASV_00059,ASV_00072,0.539568345323741,pos,Farm,IT2
ASV_00059,ASV_00074,0.5182481751824818,pos,Farm,IT2
ASV_00059,ASV_00076,0.48201438848920863,pos,Farm,IT2
ASV_00059,ASV_00079,0.4714285714285714,pos,Farm,IT2
ASV_00059,ASV_00090,0.496551724137931,pos,Farm,IT2
ASV_00059,ASV_00092,0.4744525547445255,pos,Farm,IT2
ASV_00059,ASV_00093,0.5036496350364964,pos,Farm,IT2
ASV_00059,ASV_00099,0.4788732394366197,pos,Farm,IT2
ASV_00059,ASV_00103,0.48226950354609927,pos,Farm,IT2
ASV_00059,ASV_00104,0.4632352941176471,pos,Farm,IT2
ASV_00059,ASV_00106,0.5036496350364964,pos,Farm,IT2
ASV_00059,ASV_00113,0.4666666666666667,pos,Farm,IT2
ASV_00059,ASV_00119,0.47101449275362317,pos,Farm,IT2
ASV_00059,ASV_00122,0.45985401459854014,pos,Farm,IT2
ASV_00059,ASV_00125,0.4701492537313433,pos,Farm,IT2
ASV_00059,ASV_00127,0.4714285714285714,pos,Farm,IT2
ASV_00059,ASV_00128,0.4861111111111111,pos,Farm,IT2
ASV_00059,ASV_00129,0.4852941176470588,pos,Farm,IT2
ASV_00059,ASV_00130,0.4748201438848921,pos,Farm,IT2
ASV_00059,ASV_00132,0.45588235294117646,pos,Farm,IT2
ASV_00059,ASV_00133,0.46715328467153283,pos,Farm,IT2
ASV_00059,ASV_00138,0.4744525547445255,pos,Farm,IT2
ASV_00059,ASV_00140,0.4740740740740741,pos,Farm,IT2
ASV_00059,ASV_00148,0.5214285714285715,pos,Farm,IT2
ASV_00059,ASV_00151,0.4666666666666667,pos,Farm,IT2
ASV_00059,ASV_00152,0.5328467153284672,pos,Farm,IT2
ASV_00059,ASV_00154,0.45985401459854014,pos,Farm,IT2
ASV_00059,ASV_00155,0.4666666666666667,pos,Farm,IT2
ASV_00059,ASV_00168,0.49295774647887325,pos,Farm,IT2
ASV_00059,ASV_00170,0.5136986301369864,pos,Farm,IT2
ASV_00059,ASV_00178,0.4785714285714286,pos,Farm,IT2
ASV_00059,ASV_00179,0.5138888888888888,pos,Farm,IT2
ASV_00059,ASV_00181,0.475177304964539,pos,Farm,IT2
ASV_00059,ASV_00196,0.4626865671641791,pos,Farm,IT2
ASV_00059,ASV_00197,0.4782608695652174,pos,Farm,IT2
ASV_00059,ASV_00205,0.5507246376811594,pos,Farm,IT2
ASV_00059,ASV_00208,0.5,pos,Farm,IT2
ASV_00059,ASV_00212,0.5074626865671642,pos,Farm,IT2
ASV_00059,ASV_00233,0.4740740740740741,pos,Farm,IT2
ASV_00059,ASV_00240,0.45985401459854014,pos,Farm,IT2
ASV_00059,ASV_00247,0.5074626865671642,pos,Farm,IT2
ASV_00059,ASV_00269,0.5034013605442177,pos,Farm,IT2
ASV_00059,ASV_00280,0.47058823529411764,pos,Farm,IT2
ASV_00059,ASV_00294,0.5,pos,Farm,IT2
ASV_00059,ASV_00295,0.4927536231884058,pos,Farm,IT2
ASV_00059,ASV_00299,0.45985401459854014,pos,Farm,IT2
ASV_00059,ASV_00303,0.4772727272727273,pos,Farm,IT2
ASV_00059,ASV_00305,0.49645390070921985,pos,Farm,IT2
ASV_00059,ASV_00308,0.47058823529411764,pos,Farm,IT2
ASV_00059,ASV_00309,0.5,pos,Farm,IT2
ASV_00059,ASV_00320,0.45925925925925926,pos,Farm,IT2
ASV_00059,ASV_00334,0.49640287769784175,pos,Farm,IT2
ASV_00059,ASV_00342,0.47101449275362317,pos,Farm,IT2
ASV_00059,ASV_00347,0.5035971223021583,pos,Farm,IT2
ASV_00059,ASV_00359,0.4444444444444444,pos,Farm,IT2
ASV_00059,ASV_00369,0.4748201438848921,pos,Farm,IT2
ASV_00059,ASV_00378,0.5071428571428571,pos,Farm,IT2
ASV_00059,ASV_00406,0.4485294117647059,pos,Farm,IT2
ASV_00059,ASV_00425,0.4740740740740741,pos,Farm,IT2
ASV_00059,ASV_00429,0.4393939393939394,pos,Farm,IT2
ASV_00059,ASV_00438,0.5037037037037037,pos,Farm,IT2
ASV_00059,ASV_00443,0.4632352941176471,pos,Farm,IT2
ASV_00059,ASV_00468,0.4230769230769231,pos,Farm,IT2
ASV_00059,ASV_00477,0.48201438848920863,pos,Farm,IT2
ASV_00059,ASV_00486,0.5177304964539007,pos,Farm,IT2
ASV_00059,ASV_00498,0.44029850746268656,pos,Farm,IT2
ASV_00059,ASV_00504,0.4861111111111111,pos,Farm,IT2
ASV_00059,ASV_00511,0.45864661654135336,pos,Farm,IT2
ASV_00059,ASV_00513,0.5149253731343284,pos,Farm,IT2
ASV_00059,ASV_00514,0.5,pos,Farm,IT2
ASV_00059,ASV_00518,0.48951048951048953,pos,Farm,IT2
ASV_00059,ASV_00533,0.4852941176470588,pos,Farm,IT2
ASV_00059,ASV_00536,0.4825174825174825,pos,Farm,IT2
ASV_00059,ASV_00548,0.46616541353383456,pos,Farm,IT2
ASV_00059,ASV_00550,0.4928571428571429,pos,Farm,IT2
ASV_00059,ASV_00551,0.48201438848920863,pos,Farm,IT2
ASV_00059,ASV_00554,0.5,pos,Farm,IT2
ASV_00059,ASV_00559,0.463768115942029,pos,Farm,IT2
ASV_00059,ASV_00563,0.5,pos,Farm,IT2
ASV_00059,ASV_00570,0.45925925925925926,pos,Farm,IT2
ASV_00059,ASV_00572,0.4896551724137931,pos,Farm,IT2
ASV_00059,ASV_00594,0.4676258992805755,pos,Farm,IT2
ASV_00059,ASV_00635,0.4859154929577465,pos,Farm,IT2
ASV_00059,ASV_00643,0.4782608695652174,pos,Farm,IT2
ASV_00059,ASV_00651,0.47101449275362317,pos,Farm,IT2
ASV_00059,ASV_00654,0.4485294117647059,pos,Farm,IT2
ASV_00059,ASV_00656,0.4748201438848921,pos,Farm,IT2
ASV_00059,ASV_00676,0.49295774647887325,pos,Farm,IT2
ASV_00059,ASV_00687,0.48175182481751827,pos,Farm,IT2
ASV_00059,ASV_00724,0.47058823529411764,pos,Farm,IT2
ASV_00059,ASV_00769,0.48175182481751827,pos,Farm,IT2
ASV_00059,ASV_00772,0.4676258992805755,pos,Farm,IT2
ASV_00059,ASV_00778,0.44696969696969696,pos,Farm,IT2
ASV_00059,ASV_00781,0.5037037037037037,pos,Farm,IT2
ASV_00059,ASV_00798,0.48226950354609927,pos,Farm,IT2
ASV_00059,ASV_00808,0.45985401459854014,pos,Farm,IT2
ASV_00059,ASV_00809,0.5352112676056338,pos,Farm,IT2
ASV_00059,ASV_00811,0.49640287769784175,pos,Farm,IT2
ASV_00059,ASV_00829,0.463768115942029,pos,Farm,IT2
ASV_00059,ASV_00873,0.45185185185185184,pos,Farm,IT2
ASV_00059,ASV_00880,0.5190839694656488,pos,Farm,IT2
ASV_00059,ASV_01065,0.45925925925925926,pos,Farm,IT2
ASV_00059,ASV_01071,0.46715328467153283,pos,Farm,IT2
ASV_00059,ASV_01090,0.4788732394366197,pos,Farm,IT2
ASV_00059,ASV_01119,0.48951048951048953,pos,Farm,IT2
ASV_00059,ASV_01124,0.4782608695652174,pos,Farm,IT2
ASV_00059,ASV_01153,0.45255474452554745,pos,Farm,IT2
ASV_00059,ASV_01249,0.45985401459854014,pos,Farm,IT2
ASV_00059,ASV_01417,0.47101449275362317,pos,Farm,IT2
ASV_00059,ASV_01941,0.4785714285714286,pos,Farm,IT2
ASV_00060,ASV_00061,0.5,pos,Farm,IT2
ASV_00060,ASV_00064,0.5179856115107914,pos,Farm,IT2
ASV_00060,ASV_00076,0.49645390070921985,pos,Farm,IT2
ASV_00060,ASV_00077,0.5144927536231884,pos,Farm,IT2
ASV_00060,ASV_00079,0.4859154929577465,pos,Farm,IT2
ASV_00060,ASV_00090,0.5310344827586206,pos,Farm,IT2
ASV_00060,ASV_00093,0.4859154929577465,pos,Farm,IT2
ASV_00060,ASV_00095,0.4859154929577465,pos,Farm,IT2
ASV_00060,ASV_00096,0.48936170212765956,pos,Farm,IT2
ASV_00060,ASV_00097,0.47058823529411764,pos,Farm,IT2
ASV_00060,ASV_00099,0.5140845070422535,pos,Farm,IT2
ASV_00060,ASV_00100,0.4892086330935252,pos,Farm,IT2
ASV_00060,ASV_00103,0.539568345323741,pos,Farm,IT2
ASV_00060,ASV_00104,0.4782608695652174,pos,Farm,IT2
ASV_00060,ASV_00105,0.48226950354609927,pos,Farm,IT2
ASV_00060,ASV_00117,0.45985401459854014,pos,Farm,IT2
ASV_00060,ASV_00118,0.5142857142857142,pos,Farm,IT2
ASV_00060,ASV_00119,0.49640287769784175,pos,Farm,IT2
ASV_00060,ASV_00122,0.49635036496350365,pos,Farm,IT2
ASV_00060,ASV_00136,0.4859154929577465,pos,Farm,IT2
ASV_00060,ASV_00137,0.4748201438848921,pos,Farm,IT2
ASV_00060,ASV_00138,0.4892086330935252,pos,Farm,IT2
ASV_00060,ASV_00139,0.4626865671641791,pos,Farm,IT2
ASV_00060,ASV_00140,0.5,pos,Farm,IT2
ASV_00060,ASV_00142,0.5035971223021583,pos,Farm,IT2
ASV_00060,ASV_00148,0.5460992907801419,pos,Farm,IT2
ASV_00060,ASV_00151,0.5149253731343284,pos,Farm,IT2
ASV_00060,ASV_00156,0.5539568345323741,pos,Farm,IT2
ASV_00060,ASV_00159,0.4859154929577465,pos,Farm,IT2
ASV_00060,ASV_00166,0.5107913669064749,pos,Farm,IT2
ASV_00060,ASV_00168,0.528169014084507,pos,Farm,IT2
ASV_00060,ASV_00170,0.5167785234899329,pos,Farm,IT2
ASV_00060,ASV_00171,0.5,pos,Farm,IT2
ASV_00060,ASV_00172,0.48936170212765956,pos,Farm,IT2
ASV_00060,ASV_00181,0.5106382978723404,pos,Farm,IT2
ASV_00060,ASV_00183,0.4859154929577465,pos,Farm,IT2
ASV_00060,ASV_00186,0.5217391304347826,pos,Farm,IT2
ASV_00060,ASV_00198,0.5109489051094891,pos,Farm,IT2
ASV_00060,ASV_00202,0.4632352941176471,pos,Farm,IT2
ASV_00060,ASV_00206,0.45985401459854014,pos,Farm,IT2
ASV_00060,ASV_00208,0.5488721804511278,pos,Farm,IT2
ASV_00060,ASV_00213,0.5138888888888888,pos,Farm,IT2
ASV_00060,ASV_00214,0.5294117647058824,pos,Farm,IT2
ASV_00060,ASV_00219,0.5138888888888888,pos,Farm,IT2
ASV_00060,ASV_00227,0.5144927536231884,pos,Farm,IT2
ASV_00060,ASV_00228,0.463768115942029,pos,Farm,IT2
ASV_00060,ASV_00231,0.5,pos,Farm,IT2
ASV_00060,ASV_00233,0.5111111111111111,pos,Farm,IT2
ASV_00060,ASV_00235,0.46616541353383456,pos,Farm,IT2
ASV_00060,ASV_00238,0.4859154929577465,pos,Farm,IT2
ASV_00060,ASV_00247,0.5,pos,Farm,IT2
ASV_00060,ASV_00249,0.4892086330935252,pos,Farm,IT2
ASV_00060,ASV_00251,0.5035460992907801,pos,Farm,IT2
ASV_00060,ASV_00257,0.5142857142857142,pos,Farm,IT2
ASV_00060,ASV_00264,0.47101449275362317,pos,Farm,IT2
ASV_00060,ASV_00265,0.48905109489051096,pos,Farm,IT2
ASV_00060,ASV_00269,0.527027027027027,pos,Farm,IT2
ASV_00060,ASV_00274,0.5172413793103449,pos,Farm,IT2
ASV_00060,ASV_00275,0.5138888888888888,pos,Farm,IT2
ASV_00060,ASV_00279,0.45985401459854014,pos,Farm,IT2
ASV_00060,ASV_00288,0.5034965034965035,pos,Farm,IT2
ASV_00060,ASV_00298,0.4666666666666667,pos,Farm,IT2
ASV_00060,ASV_00299,0.49635036496350365,pos,Farm,IT2
ASV_00060,ASV_00303,0.45985401459854014,pos,Farm,IT2
ASV_00060,ASV_00305,0.5,pos,Farm,IT2
ASV_00060,ASV_00307,0.4782608695652174,pos,Farm,IT2
ASV_00060,ASV_00315,0.48148148148148145,pos,Farm,IT2
ASV_00060,ASV_00320,0.4852941176470588,pos,Farm,IT2
ASV_00060,ASV_00324,0.5109489051094891,pos,Farm,IT2
ASV_00060,ASV_00332,0.4927536231884058,pos,Farm,IT2
ASV_00060,ASV_00334,0.5214285714285715,pos,Farm,IT2
ASV_00060,ASV_00336,0.5072463768115942,pos,Farm,IT2
ASV_00060,ASV_00343,0.5071428571428571,pos,Farm,IT2
ASV_00060,ASV_00345,0.5177304964539007,pos,Farm,IT2
ASV_00060,ASV_00347,0.5177304964539007,pos,Farm,IT2
ASV_00060,ASV_00350,0.4444444444444444,pos,Farm,IT2
ASV_00060,ASV_00354,0.5147058823529411,pos,Farm,IT2
ASV_00060,ASV_00361,0.5177304964539007,pos,Farm,IT2
ASV_00060,ASV_00369,0.5107913669064749,pos,Farm,IT2
ASV_00060,ASV_00372,0.47058823529411764,pos,Farm,IT2
ASV_00060,ASV_00373,0.49264705882352944,pos,Farm,IT2
ASV_00060,ASV_00376,0.5070422535211268,pos,Farm,IT2
ASV_00060,ASV_00377,0.5112781954887218,pos,Farm,IT2
ASV_00060,ASV_00391,0.4962962962962963,pos,Farm,IT2
ASV_00060,ASV_00395,0.48905109489051096,pos,Farm,IT2
ASV_00060,ASV_00407,0.5147058823529411,pos,Farm,IT2
ASV_00060,ASV_00409,0.5149253731343284,pos,Farm,IT2
ASV_00060,ASV_00411,0.48936170212765956,pos,Farm,IT2
ASV_00060,ASV_00421,0.5142857142857142,pos,Farm,IT2
ASV_00060,ASV_00422,0.49640287769784175,pos,Farm,IT2
ASV_00060,ASV_00426,0.5202702702702703,pos,Farm,IT2
ASV_00060,ASV_00445,0.4857142857142857,pos,Farm,IT2
ASV_00060,ASV_00450,0.4859154929577465,pos,Farm,IT2
ASV_00060,ASV_00452,0.4782608695652174,pos,Farm,IT2
ASV_00060,ASV_00458,0.463768115942029,pos,Farm,IT2
ASV_00060,ASV_00459,0.4859154929577465,pos,Farm,IT2
ASV_00060,ASV_00485,0.5035460992907801,pos,Farm,IT2
ASV_00060,ASV_00494,0.4928571428571429,pos,Farm,IT2
ASV_00060,ASV_00504,0.5422535211267606,pos,Farm,IT2
ASV_00060,ASV_00511,0.49624060150375937,pos,Farm,IT2
ASV_00060,ASV_00513,0.5072463768115942,pos,Farm,IT2
ASV_00060,ASV_00521,0.5,pos,Farm,IT2
ASV_00060,ASV_00529,0.47058823529411764,pos,Farm,IT2
ASV_00060,ASV_00533,0.5109489051094891,pos,Farm,IT2
ASV_00060,ASV_00536,0.5390070921985816,pos,Farm,IT2
ASV_00060,ASV_00543,0.49295774647887325,pos,Farm,IT2
ASV_00060,ASV_00550,0.4965034965034965,pos,Farm,IT2
ASV_00060,ASV_00551,0.5179856115107914,pos,Farm,IT2
ASV_00060,ASV_00566,0.49640287769784175,pos,Farm,IT2
ASV_00060,ASV_00571,0.5142857142857142,pos,Farm,IT2
ASV_00060,ASV_00572,0.5136986301369864,pos,Farm,IT2
ASV_00060,ASV_00574,0.5070422535211268,pos,Farm,IT2
ASV_00060,ASV_00581,0.4666666666666667,pos,Farm,IT2
ASV_00060,ASV_00587,0.4855072463768116,pos,Farm,IT2
ASV_00060,ASV_00618,0.4857142857142857,pos,Farm,IT2
ASV_00060,ASV_00622,0.4666666666666667,pos,Farm,IT2
ASV_00060,ASV_00628,0.48201438848920863,pos,Farm,IT2
ASV_00060,ASV_00635,0.5104895104895105,pos,Farm,IT2
ASV_00060,ASV_00636,0.5273972602739726,pos,Farm,IT2
ASV_00060,ASV_00638,0.48951048951048953,pos,Farm,IT2
ASV_00060,ASV_00654,0.4744525547445255,pos,Farm,IT2
ASV_00060,ASV_00666,0.5034965034965035,pos,Farm,IT2
ASV_00060,ASV_00671,0.5073529411764706,pos,Farm,IT2
ASV_00060,ASV_00673,0.5208333333333334,pos,Farm,IT2
ASV_00060,ASV_00686,0.5,pos,Farm,IT2
ASV_00060,ASV_00697,0.5074626865671642,pos,Farm,IT2
ASV_00060,ASV_00718,0.4888888888888889,pos,Farm,IT2
ASV_00060,ASV_00721,0.45985401459854014,pos,Farm,IT2
ASV_00060,ASV_00726,0.49295774647887325,pos,Farm,IT2
ASV_00060,ASV_00734,0.49295774647887325,pos,Farm,IT2
ASV_00060,ASV_00772,0.5144927536231884,pos,Farm,IT2
ASV_00060,ASV_00789,0.5,pos,Farm,IT2
ASV_00060,ASV_00793,0.4748201438848921,pos,Farm,IT2
ASV_00060,ASV_00807,0.5,pos,Farm,IT2
ASV_00060,ASV_00808,0.4855072463768116,pos,Farm,IT2
ASV_00060,ASV_00815,0.5342465753424658,pos,Farm,IT2
ASV_00060,ASV_00821,0.4859154929577465,pos,Farm,IT2
ASV_00060,ASV_00842,0.4744525547445255,pos,Farm,IT2
ASV_00060,ASV_00843,0.5106382978723404,pos,Farm,IT2
ASV_00060,ASV_00906,0.5068493150684932,pos,Farm,IT2
ASV_00060,ASV_00909,0.4855072463768116,pos,Farm,IT2
ASV_00060,ASV_00912,0.45588235294117646,pos,Farm,IT2
ASV_00060,ASV_00952,0.4676258992805755,pos,Farm,IT2
ASV_00060,ASV_01018,0.4748201438848921,pos,Farm,IT2
ASV_00060,ASV_01087,0.4859154929577465,pos,Farm,IT2
ASV_00060,ASV_01092,0.5352112676056338,pos,Farm,IT2
ASV_00060,ASV_01124,0.4928571428571429,pos,Farm,IT2
ASV_00060,ASV_01152,0.5109489051094891,pos,Farm,IT2
ASV_00060,ASV_01276,0.4744525547445255,pos,Farm,IT2
ASV_00060,ASV_01288,0.49295774647887325,pos,Farm,IT2
ASV_00060,ASV_01342,0.5384615384615384,pos,Farm,IT2
ASV_00060,ASV_01385,0.4892086330935252,pos,Farm,IT2
ASV_00060,ASV_01459,0.4927536231884058,pos,Farm,IT2
ASV_00060,ASV_01491,0.4857142857142857,pos,Farm,IT2
ASV_00061,ASV_00064,0.5563380281690141,pos,Farm,IT2
ASV_00061,ASV_00065,0.5310344827586206,pos,Farm,IT2
ASV_00061,ASV_00066,0.5273972602739726,pos,Farm,IT2
ASV_00061,ASV_00072,0.5684931506849316,pos,Farm,IT2
ASV_00061,ASV_00073,0.5208333333333334,pos,Farm,IT2
ASV_00061,ASV_00076,0.5241379310344828,pos,Farm,IT2
ASV_00061,ASV_00084,0.54421768707483,pos,Farm,IT2
ASV_00061,ASV_00087,0.5069444444444444,pos,Farm,IT2
ASV_00061,ASV_00091,0.5244755244755245,pos,Farm,IT2
ASV_00061,ASV_00103,0.5238095238095238,pos,Farm,IT2
ASV_00061,ASV_00105,0.5208333333333334,pos,Farm,IT2
ASV_00061,ASV_00106,0.5136986301369864,pos,Farm,IT2
ASV_00061,ASV_00110,0.5448275862068965,pos,Farm,IT2
ASV_00061,ASV_00115,0.5220588235294118,pos,Farm,IT2
ASV_00061,ASV_00129,0.55,pos,Farm,IT2
ASV_00061,ASV_00138,0.55,pos,Farm,IT2
ASV_00061,ASV_00139,0.48201438848920863,pos,Farm,IT2
ASV_00061,ASV_00140,0.539568345323741,pos,Farm,IT2
ASV_00061,ASV_00141,0.5177304964539007,pos,Farm,IT2
ASV_00061,ASV_00156,0.5586206896551724,pos,Farm,IT2
ASV_00061,ASV_00159,0.5136986301369864,pos,Farm,IT2
ASV_00061,ASV_00164,0.5177304964539007,pos,Farm,IT2
ASV_00061,ASV_00184,0.5104895104895105,pos,Farm,IT2
ASV_00061,ASV_00186,0.5277777777777778,pos,Farm,IT2
ASV_00061,ASV_00198,0.5069444444444444,pos,Farm,IT2
ASV_00061,ASV_00202,0.4928571428571429,pos,Farm,IT2
ASV_00061,ASV_00205,0.5472972972972973,pos,Farm,IT2
ASV_00061,ASV_00208,0.5211267605633803,pos,Farm,IT2
ASV_00061,ASV_00212,0.5069444444444444,pos,Farm,IT2
ASV_00061,ASV_00216,0.5,pos,Farm,IT2
ASV_00061,ASV_00221,0.5104895104895105,pos,Farm,IT2
ASV_00061,ASV_00231,0.5390070921985816,pos,Farm,IT2
ASV_00061,ASV_00235,0.49635036496350365,pos,Farm,IT2
ASV_00061,ASV_00240,0.524822695035461,pos,Farm,IT2
ASV_00061,ASV_00244,0.5103448275862069,pos,Farm,IT2
ASV_00061,ASV_00246,0.5486111111111112,pos,Farm,IT2
ASV_00061,ASV_00249,0.5174825174825175,pos,Farm,IT2
ASV_00061,ASV_00259,0.4748201438848921,pos,Farm,IT2
ASV_00061,ASV_00264,0.5214285714285715,pos,Farm,IT2
ASV_00061,ASV_00266,0.5310344827586206,pos,Farm,IT2
ASV_00061,ASV_00269,0.5733333333333334,pos,Farm,IT2
ASV_00061,ASV_00273,0.5384615384615384,pos,Farm,IT2
ASV_00061,ASV_00284,0.5142857142857142,pos,Farm,IT2
ASV_00061,ASV_00286,0.5103448275862069,pos,Farm,IT2
ASV_00061,ASV_00287,0.524822695035461,pos,Farm,IT2
ASV_00061,ASV_00292,0.5555555555555556,pos,Farm,IT2
ASV_00061,ASV_00295,0.5347222222222222,pos,Farm,IT2
ASV_00061,ASV_00305,0.5586206896551724,pos,Farm,IT2
ASV_00061,ASV_00315,0.48936170212765956,pos,Farm,IT2
ASV_00061,ASV_00318,0.5384615384615384,pos,Farm,IT2
ASV_00061,ASV_00324,0.5390070921985816,pos,Farm,IT2
ASV_00061,ASV_00325,0.5208333333333334,pos,Farm,IT2
ASV_00061,ASV_00331,0.5496688741721855,pos,Farm,IT2
ASV_00061,ASV_00339,0.49295774647887325,pos,Farm,IT2
ASV_00061,ASV_00347,0.5664335664335665,pos,Farm,IT2
ASV_00061,ASV_00354,0.5211267605633803,pos,Farm,IT2
ASV_00061,ASV_00356,0.5586206896551724,pos,Farm,IT2
ASV_00061,ASV_00361,0.5238095238095238,pos,Farm,IT2
ASV_00061,ASV_00380,0.5177304964539007,pos,Farm,IT2
ASV_00061,ASV_00381,0.5070422535211268,pos,Farm,IT2
ASV_00061,ASV_00387,0.5172413793103449,pos,Farm,IT2
ASV_00061,ASV_00397,0.5314685314685315,pos,Farm,IT2
ASV_00061,ASV_00406,0.5035460992907801,pos,Farm,IT2
ASV_00061,ASV_00407,0.5211267605633803,pos,Farm,IT2
ASV_00061,ASV_00422,0.5571428571428572,pos,Farm,IT2
ASV_00061,ASV_00425,0.5070422535211268,pos,Farm,IT2
ASV_00061,ASV_00442,0.5306122448979592,pos,Farm,IT2
ASV_00061,ASV_00445,0.5244755244755245,pos,Farm,IT2
ASV_00061,ASV_00447,0.5448275862068965,pos,Farm,IT2
ASV_00061,ASV_00451,0.5655172413793104,pos,Farm,IT2
ASV_00061,ASV_00452,0.5177304964539007,pos,Farm,IT2
ASV_00061,ASV_00453,0.5241379310344828,pos,Farm,IT2
ASV_00061,ASV_00459,0.5136986301369864,pos,Farm,IT2
ASV_00061,ASV_00465,0.5244755244755245,pos,Farm,IT2
ASV_00061,ASV_00474,0.5416666666666666,pos,Farm,IT2
ASV_00061,ASV_00483,0.5547945205479452,pos,Farm,IT2
ASV_00061,ASV_00486,0.5369127516778524,pos,Farm,IT2
ASV_00061,ASV_00490,0.5436241610738255,pos,Farm,IT2
ASV_00061,ASV_00503,0.5138888888888888,pos,Farm,IT2
ASV_00061,ASV_00508,0.5140845070422535,pos,Farm,IT2
ASV_00061,ASV_00511,0.48226950354609927,pos,Farm,IT2
ASV_00061,ASV_00518,0.5616438356164384,pos,Farm,IT2
ASV_00061,ASV_00524,0.5,pos,Farm,IT2
ASV_00061,ASV_00530,0.5314685314685315,pos,Farm,IT2
ASV_00061,ASV_00534,0.564625850340136,pos,Farm,IT2
ASV_00061,ASV_00536,0.5337837837837838,pos,Farm,IT2
ASV_00061,ASV_00548,0.48936170212765956,pos,Farm,IT2
ASV_00061,ASV_00550,0.5448275862068965,pos,Farm,IT2
ASV_00061,ASV_00587,0.5140845070422535,pos,Farm,IT2
ASV_00061,ASV_00666,0.541095890410959,pos,Farm,IT2
ASV_00061,ASV_00673,0.5472972972972973,pos,Farm,IT2
ASV_00061,ASV_00714,0.5,pos,Farm,IT2
ASV_00061,ASV_00718,0.49645390070921985,pos,Farm,IT2
ASV_00061,ASV_00724,0.5034965034965035,pos,Farm,IT2
ASV_00061,ASV_00734,0.5205479452054794,pos,Farm,IT2
ASV_00061,ASV_00757,0.5205479452054794,pos,Farm,IT2
ASV_00061,ASV_00802,0.5586206896551724,pos,Farm,IT2
ASV_00061,ASV_00817,0.5337837837837838,pos,Farm,IT2
ASV_00061,ASV_00822,0.5172413793103449,pos,Farm,IT2
ASV_00061,ASV_00829,0.5174825174825175,pos,Farm,IT2
ASV_00061,ASV_00873,0.49645390070921985,pos,Farm,IT2
ASV_00061,ASV_00890,0.5454545454545454,pos,Farm,IT2
ASV_00061,ASV_00912,0.4857142857142857,pos,Farm,IT2
ASV_00061,ASV_00929,0.5555555555555556,pos,Farm,IT2
ASV_00061,ASV_00931,0.524822695035461,pos,Farm,IT2
ASV_00061,ASV_00984,0.5714285714285714,pos,Farm,IT2
ASV_00061,ASV_01018,0.5140845070422535,pos,Farm,IT2
ASV_00061,ASV_01092,0.5616438356164384,pos,Farm,IT2
ASV_00061,ASV_01119,0.5510204081632653,pos,Farm,IT2
ASV_00061,ASV_01179,0.5106382978723404,pos,Farm,IT2
ASV_00061,ASV_01223,0.4748201438848921,pos,Farm,IT2
ASV_00061,ASV_01250,0.5337837837837838,pos,Farm,IT2
ASV_00061,ASV_01267,0.5174825174825175,pos,Farm,IT2
ASV_00061,ASV_01288,0.5416666666666666,pos,Farm,IT2
ASV_00061,ASV_01328,0.5,pos,Farm,IT2
ASV_00061,ASV_01503,0.5347222222222222,pos,Farm,IT2
ASV_00061,ASV_02149,0.5214285714285715,pos,Farm,IT2
ASV_00062,ASV_00065,0.528169014084507,pos,Farm,IT2
ASV_00062,ASV_00067,0.49640287769784175,pos,Farm,IT2
ASV_00062,ASV_00068,0.4965034965034965,pos,Farm,IT2
ASV_00062,ASV_00070,0.5069444444444444,pos,Farm,IT2
ASV_00062,ASV_00073,0.4965034965034965,pos,Farm,IT2
ASV_00062,ASV_00080,0.5208333333333334,pos,Farm,IT2
ASV_00062,ASV_00090,0.5337837837837838,pos,Farm,IT2
ASV_00062,ASV_00093,0.5104895104895105,pos,Farm,IT2
ASV_00062,ASV_00094,0.5070422535211268,pos,Farm,IT2
ASV_00062,ASV_00095,0.5,pos,Farm,IT2
ASV_00062,ASV_00102,0.5170068027210885,pos,Farm,IT2
ASV_00062,ASV_00103,0.5103448275862069,pos,Farm,IT2
ASV_00062,ASV_00112,0.5214285714285715,pos,Farm,IT2
ASV_00062,ASV_00119,0.5214285714285715,pos,Farm,IT2
ASV_00062,ASV_00127,0.5211267605633803,pos,Farm,IT2
ASV_00062,ASV_00128,0.5448275862068965,pos,Farm,IT2
ASV_00062,ASV_00132,0.49640287769784175,pos,Farm,IT2
ASV_00062,ASV_00138,0.49295774647887325,pos,Farm,IT2
ASV_00062,ASV_00148,0.5486111111111112,pos,Farm,IT2
ASV_00062,ASV_00154,0.48936170212765956,pos,Farm,IT2
ASV_00062,ASV_00157,0.5352112676056338,pos,Farm,IT2
ASV_00062,ASV_00159,0.5104895104895105,pos,Farm,IT2
ASV_00062,ASV_00173,0.5517241379310345,pos,Farm,IT2
ASV_00062,ASV_00176,0.549618320610687,pos,Farm,IT2
ASV_00062,ASV_00179,0.5724137931034483,pos,Farm,IT2
ASV_00062,ASV_00186,0.5357142857142857,pos,Farm,IT2
ASV_00062,ASV_00196,0.48201438848920863,pos,Farm,IT2
ASV_00062,ASV_00203,0.539568345323741,pos,Farm,IT2
ASV_00062,ASV_00205,0.5238095238095238,pos,Farm,IT2
ASV_00062,ASV_00208,0.5179856115107914,pos,Farm,IT2
ASV_00062,ASV_00213,0.5170068027210885,pos,Farm,IT2
ASV_00062,ASV_00219,0.5379310344827586,pos,Farm,IT2
ASV_00062,ASV_00229,0.5,pos,Farm,IT2
ASV_00062,ASV_00232,0.5208333333333334,pos,Farm,IT2
ASV_00062,ASV_00233,0.5144927536231884,pos,Farm,IT2
ASV_00062,ASV_00242,0.5,pos,Farm,IT2
ASV_00062,ASV_00244,0.5070422535211268,pos,Farm,IT2
ASV_00062,ASV_00251,0.5069444444444444,pos,Farm,IT2
ASV_00062,ASV_00252,0.5035460992907801,pos,Farm,IT2
ASV_00062,ASV_00262,0.5352112676056338,pos,Farm,IT2
ASV_00062,ASV_00266,0.5174825174825175,pos,Farm,IT2
ASV_00062,ASV_00274,0.5306122448979592,pos,Farm,IT2
ASV_00062,ASV_00285,0.5,pos,Farm,IT2
ASV_00062,ASV_00291,0.4748201438848921,pos,Farm,IT2
ASV_00062,ASV_00292,0.5314685314685315,pos,Farm,IT2
ASV_00062,ASV_00294,0.5069444444444444,pos,Farm,IT2
ASV_00062,ASV_00299,0.5217391304347826,pos,Farm,IT2
ASV_00062,ASV_00303,0.4855072463768116,pos,Farm,IT2
ASV_00062,ASV_00304,0.5306122448979592,pos,Farm,IT2
ASV_00062,ASV_00305,0.5136986301369864,pos,Farm,IT2
ASV_00062,ASV_00309,0.5174825174825175,pos,Farm,IT2
ASV_00062,ASV_00315,0.4748201438848921,pos,Farm,IT2
ASV_00062,ASV_00320,0.5,pos,Farm,IT2
ASV_00062,ASV_00332,0.4859154929577465,pos,Farm,IT2
ASV_00062,ASV_00333,0.5174825174825175,pos,Farm,IT2
ASV_00062,ASV_00342,0.5106382978723404,pos,Farm,IT2
ASV_00062,ASV_00345,0.5103448275862069,pos,Farm,IT2
ASV_00062,ASV_00347,0.5314685314685315,pos,Farm,IT2
ASV_00062,ASV_00352,0.5071428571428571,pos,Farm,IT2
ASV_00062,ASV_00353,0.5071428571428571,pos,Farm,IT2
ASV_00062,ASV_00361,0.5208333333333334,pos,Farm,IT2
ASV_00062,ASV_00367,0.48226950354609927,pos,Farm,IT2
ASV_00062,ASV_00393,0.5263157894736842,pos,Farm,IT2
ASV_00062,ASV_00402,0.463768115942029,pos,Farm,IT2
ASV_00062,ASV_00409,0.5072463768115942,pos,Farm,IT2
ASV_00062,ASV_00426,0.5333333333333333,pos,Farm,IT2
ASV_00062,ASV_00453,0.5,pos,Farm,IT2
ASV_00062,ASV_00455,0.48936170212765956,pos,Farm,IT2
ASV_00062,ASV_00458,0.4785714285714286,pos,Farm,IT2
ASV_00062,ASV_00468,0.46616541353383456,pos,Farm,IT2
ASV_00062,ASV_00477,0.5104895104895105,pos,Farm,IT2
ASV_00062,ASV_00498,0.48175182481751827,pos,Farm,IT2
ASV_00062,ASV_00501,0.5034965034965035,pos,Farm,IT2
ASV_00062,ASV_00504,0.5342465753424658,pos,Farm,IT2
ASV_00062,ASV_00507,0.4965034965034965,pos,Farm,IT2
ASV_00062,ASV_00511,0.4676258992805755,pos,Farm,IT2
ASV_00062,ASV_00512,0.5594405594405595,pos,Farm,IT2
ASV_00062,ASV_00517,0.5481481481481482,pos,Farm,IT2
ASV_00062,ASV_00530,0.5177304964539007,pos,Farm,IT2
ASV_00062,ASV_00534,0.5306122448979592,pos,Farm,IT2
ASV_00062,ASV_00544,0.49295774647887325,pos,Farm,IT2
ASV_00062,ASV_00551,0.5,pos,Farm,IT2
ASV_00062,ASV_00568,0.5531914893617021,pos,Farm,IT2
ASV_00062,ASV_00572,0.5374149659863946,pos,Farm,IT2
ASV_00062,ASV_00595,0.48936170212765956,pos,Farm,IT2
ASV_00062,ASV_00615,0.4927536231884058,pos,Farm,IT2
ASV_00062,ASV_00620,0.5244755244755245,pos,Farm,IT2
ASV_00062,ASV_00628,0.4859154929577465,pos,Farm,IT2
ASV_00062,ASV_00638,0.5352112676056338,pos,Farm,IT2
ASV_00062,ASV_00643,0.5285714285714286,pos,Farm,IT2
ASV_00062,ASV_00645,0.48201438848920863,pos,Farm,IT2
ASV_00062,ASV_00654,0.5220588235294118,pos,Farm,IT2
ASV_00062,ASV_00662,0.5035971223021583,pos,Farm,IT2
ASV_00062,ASV_00686,0.5034965034965035,pos,Farm,IT2
ASV_00062,ASV_00721,0.4855072463768116,pos,Farm,IT2
ASV_00062,ASV_00726,0.5174825174825175,pos,Farm,IT2
ASV_00062,ASV_00757,0.5069444444444444,pos,Farm,IT2
ASV_00062,ASV_00758,0.5211267605633803,pos,Farm,IT2
ASV_00062,ASV_00760,0.5136986301369864,pos,Farm,IT2
ASV_00062,ASV_00772,0.5177304964539007,pos,Farm,IT2
ASV_00062,ASV_00789,0.5357142857142857,pos,Farm,IT2
ASV_00062,ASV_00801,0.48201438848920863,pos,Farm,IT2
ASV_00062,ASV_00809,0.5302013422818792,pos,Farm,IT2
ASV_00062,ASV_00873,0.48201438848920863,pos,Farm,IT2
ASV_00062,ASV_00890,0.5104895104895105,pos,Farm,IT2
ASV_00062,ASV_00891,0.5337837837837838,pos,Farm,IT2
ASV_00062,ASV_00912,0.48175182481751827,pos,Farm,IT2
ASV_00062,ASV_00958,0.5106382978723404,pos,Farm,IT2
ASV_00062,ASV_00987,0.5,pos,Farm,IT2
ASV_00062,ASV_01023,0.5241379310344828,pos,Farm,IT2
ASV_00062,ASV_01071,0.4859154929577465,pos,Farm,IT2
ASV_00062,ASV_01458,0.4676258992805755,pos,Farm,IT2
ASV_00062,ASV_02149,0.49640287769784175,pos,Farm,IT2
ASV_00063,ASV_00073,0.5106382978723404,pos,Farm,IT2
ASV_00063,ASV_00075,0.5227272727272727,pos,Farm,IT2
ASV_00063,ASV_00076,0.5140845070422535,pos,Farm,IT2
ASV_00063,ASV_00079,0.5140845070422535,pos,Farm,IT2
ASV_00063,ASV_00080,0.503448275862069,pos,Farm,IT2
ASV_00063,ASV_00083,0.48226950354609927,pos,Farm,IT2
ASV_00063,ASV_00085,0.5177304964539007,pos,Farm,IT2
ASV_00063,ASV_00088,0.5035460992907801,pos,Farm,IT2
ASV_00063,ASV_00093,0.5140845070422535,pos,Farm,IT2
ASV_00063,ASV_00094,0.5214285714285715,pos,Farm,IT2
ASV_00063,ASV_00098,0.5035460992907801,pos,Farm,IT2
ASV_00063,ASV_00103,0.5244755244755245,pos,Farm,IT2
ASV_00063,ASV_00104,0.5294117647058824,pos,Farm,IT2
ASV_00063,ASV_00105,0.5,pos,Farm,IT2
ASV_00063,ASV_00107,0.48936170212765956,pos,Farm,IT2
ASV_00063,ASV_00110,0.5138888888888888,pos,Farm,IT2
ASV_00063,ASV_00111,0.463768115942029,pos,Farm,IT2
ASV_00063,ASV_00117,0.48905109489051096,pos,Farm,IT2
ASV_00063,ASV_00122,0.4928571428571429,pos,Farm,IT2
ASV_00063,ASV_00129,0.49645390070921985,pos,Farm,IT2
ASV_00063,ASV_00132,0.4785714285714286,pos,Farm,IT2
ASV_00063,ASV_00140,0.4857142857142857,pos,Farm,IT2
ASV_00063,ASV_00146,0.5384615384615384,pos,Farm,IT2
ASV_00063,ASV_00148,0.5310344827586206,pos,Farm,IT2
ASV_00063,ASV_00151,0.4785714285714286,pos,Farm,IT2
ASV_00063,ASV_00153,0.5,pos,Farm,IT2
ASV_00063,ASV_00154,0.4928571428571429,pos,Farm,IT2
ASV_00063,ASV_00158,0.5035460992907801,pos,Farm,IT2
ASV_00063,ASV_00159,0.5034965034965035,pos,Farm,IT2
ASV_00063,ASV_00172,0.5285714285714286,pos,Farm,IT2
ASV_00063,ASV_00173,0.5238095238095238,pos,Farm,IT2
ASV_00063,ASV_00181,0.528169014084507,pos,Farm,IT2
ASV_00063,ASV_00182,0.5138888888888888,pos,Farm,IT2
ASV_00063,ASV_00184,0.48936170212765956,pos,Farm,IT2
ASV_00063,ASV_00186,0.5177304964539007,pos,Farm,IT2
ASV_00063,ASV_00189,0.48226950354609927,pos,Farm,IT2
ASV_00063,ASV_00193,0.5104895104895105,pos,Farm,IT2
ASV_00063,ASV_00202,0.48175182481751827,pos,Farm,IT2
ASV_00063,ASV_00218,0.5106382978723404,pos,Farm,IT2
ASV_00063,ASV_00221,0.5107913669064749,pos,Farm,IT2
ASV_00063,ASV_00226,0.48936170212765956,pos,Farm,IT2
ASV_00063,ASV_00227,0.5323741007194245,pos,Farm,IT2
ASV_00063,ASV_00230,0.5104895104895105,pos,Farm,IT2
ASV_00063,ASV_00231,0.4859154929577465,pos,Farm,IT2
ASV_00063,ASV_00233,0.5294117647058824,pos,Farm,IT2
ASV_00063,ASV_00239,0.5107913669064749,pos,Farm,IT2
ASV_00063,ASV_00240,0.5035971223021583,pos,Farm,IT2
ASV_00063,ASV_00242,0.48148148148148145,pos,Farm,IT2
ASV_00063,ASV_00244,0.5547445255474452,pos,Farm,IT2
ASV_00063,ASV_00247,0.4859154929577465,pos,Farm,IT2
ASV_00063,ASV_00250,0.5319148936170213,pos,Farm,IT2
ASV_00063,ASV_00252,0.5179856115107914,pos,Farm,IT2
ASV_00063,ASV_00253,0.5208333333333334,pos,Farm,IT2
ASV_00063,ASV_00254,0.5208333333333334,pos,Farm,IT2
ASV_00063,ASV_00259,0.49624060150375937,pos,Farm,IT2
ASV_00063,ASV_00262,0.528169014084507,pos,Farm,IT2
ASV_00063,ASV_00264,0.5,pos,Farm,IT2
ASV_00063,ASV_00266,0.5211267605633803,pos,Farm,IT2
ASV_00063,ASV_00272,0.49295774647887325,pos,Farm,IT2
ASV_00063,ASV_00278,0.5390070921985816,pos,Farm,IT2
ASV_00063,ASV_00290,0.5374149659863946,pos,Farm,IT2
ASV_00063,ASV_00291,0.4676258992805755,pos,Farm,IT2
ASV_00063,ASV_00295,0.5140845070422535,pos,Farm,IT2
ASV_00063,ASV_00303,0.5111111111111111,pos,Farm,IT2
ASV_00063,ASV_00312,0.503448275862069,pos,Farm,IT2
ASV_00063,ASV_00315,0.48905109489051096,pos,Farm,IT2
ASV_00063,ASV_00320,0.4927536231884058,pos,Farm,IT2
ASV_00063,ASV_00324,0.5401459854014599,pos,Farm,IT2
ASV_00063,ASV_00326,0.4857142857142857,pos,Farm,IT2
ASV_00063,ASV_00327,0.48226950354609927,pos,Farm,IT2
ASV_00063,ASV_00328,0.5,pos,Farm,IT2
ASV_00063,ASV_00346,0.5144927536231884,pos,Farm,IT2
ASV_00063,ASV_00347,0.503448275862069,pos,Farm,IT2
ASV_00063,ASV_00354,0.5,pos,Farm,IT2
ASV_00063,ASV_00356,0.5277777777777778,pos,Farm,IT2
ASV_00063,ASV_00359,0.4676258992805755,pos,Farm,IT2
ASV_00063,ASV_00361,0.5138888888888888,pos,Farm,IT2
ASV_00063,ASV_00372,0.4676258992805755,pos,Farm,IT2
ASV_00063,ASV_00378,0.5384615384615384,pos,Farm,IT2
ASV_00063,ASV_00390,0.5273972602739726,pos,Farm,IT2
ASV_00063,ASV_00391,0.5147058823529411,pos,Farm,IT2
ASV_00063,ASV_00393,0.4744525547445255,pos,Farm,IT2
ASV_00063,ASV_00397,0.5214285714285715,pos,Farm,IT2
ASV_00063,ASV_00400,0.5174825174825175,pos,Farm,IT2
ASV_00063,ASV_00403,0.5174825174825175,pos,Farm,IT2
ASV_00063,ASV_00415,0.5106382978723404,pos,Farm,IT2
ASV_00063,ASV_00421,0.5,pos,Farm,IT2
ASV_00063,ASV_00441,0.5035971223021583,pos,Farm,IT2
ASV_00063,ASV_00443,0.5182481751824818,pos,Farm,IT2
ASV_00063,ASV_00444,0.5,pos,Farm,IT2
ASV_00063,ASV_00451,0.5241379310344828,pos,Farm,IT2
ASV_00063,ASV_00452,0.5522388059701493,pos,Farm,IT2
ASV_00063,ASV_00453,0.5034965034965035,pos,Farm,IT2
ASV_00063,ASV_00454,0.5208333333333334,pos,Farm,IT2
ASV_00063,ASV_00460,0.5034965034965035,pos,Farm,IT2
ASV_00063,ASV_00467,0.5238095238095238,pos,Farm,IT2
ASV_00063,ASV_00468,0.48091603053435117,pos,Farm,IT2
ASV_00063,ASV_00476,0.4928571428571429,pos,Farm,IT2
ASV_00063,ASV_00477,0.5034965034965035,pos,Farm,IT2
ASV_00063,ASV_00483,0.5136986301369864,pos,Farm,IT2
ASV_00063,ASV_00486,0.5486111111111112,pos,Farm,IT2
ASV_00063,ASV_00495,0.5073529411764706,pos,Farm,IT2
ASV_00063,ASV_00496,0.4965034965034965,pos,Farm,IT2
ASV_00063,ASV_00498,0.4744525547445255,pos,Farm,IT2
ASV_00063,ASV_00507,0.5547445255474452,pos,Farm,IT2
ASV_00063,ASV_00511,0.47101449275362317,pos,Farm,IT2
ASV_00063,ASV_00513,0.5142857142857142,pos,Farm,IT2
ASV_00063,ASV_00524,0.4892086330935252,pos,Farm,IT2
ASV_00063,ASV_00533,0.5864661654135338,pos,Farm,IT2
ASV_00063,ASV_00534,0.5342465753424658,pos,Farm,IT2
ASV_00063,ASV_00548,0.4676258992805755,pos,Farm,IT2
ASV_00063,ASV_00554,0.5,pos,Farm,IT2
ASV_00063,ASV_00556,0.4965034965034965,pos,Farm,IT2
ASV_00063,ASV_00561,0.54,pos,Farm,IT2
ASV_00063,ASV_00563,0.5211267605633803,pos,Farm,IT2
ASV_00063,ASV_00568,0.5352112676056338,pos,Farm,IT2
ASV_00063,ASV_00569,0.5072463768115942,pos,Farm,IT2
ASV_00063,ASV_00570,0.4927536231884058,pos,Farm,IT2
ASV_00063,ASV_00572,0.541095890410959,pos,Farm,IT2
ASV_00063,ASV_00574,0.503448275862069,pos,Farm,IT2
ASV_00063,ASV_00587,0.48226950354609927,pos,Farm,IT2
ASV_00063,ASV_00596,0.4852941176470588,pos,Farm,IT2
ASV_00063,ASV_00611,0.5,pos,Farm,IT2
ASV_00063,ASV_00615,0.4748201438848921,pos,Farm,IT2
ASV_00063,ASV_00618,0.5362318840579711,pos,Farm,IT2
ASV_00063,ASV_00628,0.48936170212765956,pos,Farm,IT2
ASV_00063,ASV_00636,0.54421768707483,pos,Farm,IT2
ASV_00063,ASV_00638,0.5390070921985816,pos,Farm,IT2
ASV_00063,ASV_00643,0.5106382978723404,pos,Farm,IT2
ASV_00063,ASV_00651,0.5142857142857142,pos,Farm,IT2
ASV_00063,ASV_00687,0.5588235294117647,pos,Farm,IT2
ASV_00063,ASV_00697,0.4927536231884058,pos,Farm,IT2
ASV_00063,ASV_00709,0.49295774647887325,pos,Farm,IT2
ASV_00063,ASV_00718,0.4748201438848921,pos,Farm,IT2
ASV_00063,ASV_00721,0.4676258992805755,pos,Farm,IT2
ASV_00063,ASV_00728,0.5037037037037037,pos,Farm,IT2
ASV_00063,ASV_00778,0.47058823529411764,pos,Farm,IT2
ASV_00063,ASV_00793,0.5035971223021583,pos,Farm,IT2
ASV_00063,ASV_00806,0.5422535211267606,pos,Farm,IT2
ASV_00063,ASV_00809,0.5655172413793104,pos,Farm,IT2
ASV_00063,ASV_00811,0.5069444444444444,pos,Farm,IT2
ASV_00063,ASV_00817,0.5136986301369864,pos,Farm,IT2
ASV_00063,ASV_00869,0.5172413793103449,pos,Farm,IT2
ASV_00063,ASV_00873,0.4748201438848921,pos,Farm,IT2
ASV_00063,ASV_00912,0.5074626865671642,pos,Farm,IT2
ASV_00063,ASV_00984,0.5620437956204379,pos,Farm,IT2
ASV_00063,ASV_01090,0.5314685314685315,pos,Farm,IT2
ASV_00063,ASV_01119,0.5205479452054794,pos,Farm,IT2
ASV_00063,ASV_01179,0.4785714285714286,pos,Farm,IT2
ASV_00063,ASV_01249,0.5367647058823529,pos,Farm,IT2
ASV_00063,ASV_01491,0.5142857142857142,pos,Farm,IT2
ASV_00063,ASV_01503,0.5140845070422535,pos,Farm,IT2
ASV_00063,ASV_01512,0.4782608695652174,pos,Farm,IT2
ASV_00063,ASV_01578,0.5070422535211268,pos,Farm,IT2
ASV_00064,ASV_00066,0.5448275862068965,pos,Farm,IT2
ASV_00064,ASV_00070,0.5379310344827586,pos,Farm,IT2
ASV_00064,ASV_00083,0.5211267605633803,pos,Farm,IT2
ASV_00064,ASV_00093,0.5205479452054794,pos,Farm,IT2
ASV_00064,ASV_00097,0.5071428571428571,pos,Farm,IT2
ASV_00064,ASV_00122,0.5104895104895105,pos,Farm,IT2
ASV_00064,ASV_00141,0.5357142857142857,pos,Farm,IT2
ASV_00064,ASV_00152,0.5804195804195804,pos,Farm,IT2
ASV_00064,ASV_00153,0.5069444444444444,pos,Farm,IT2
ASV_00064,ASV_00154,0.5,pos,Farm,IT2
ASV_00064,ASV_00155,0.5070422535211268,pos,Farm,IT2
ASV_00064,ASV_00156,0.5337837837837838,pos,Farm,IT2
ASV_00064,ASV_00160,0.5069444444444444,pos,Farm,IT2
ASV_00064,ASV_00162,0.5103448275862069,pos,Farm,IT2
ASV_00064,ASV_00168,0.5724137931034483,pos,Farm,IT2
ASV_00064,ASV_00170,0.5695364238410596,pos,Farm,IT2
ASV_00064,ASV_00177,0.5070422535211268,pos,Farm,IT2
ASV_00064,ASV_00184,0.5174825174825175,pos,Farm,IT2
ASV_00064,ASV_00191,0.5174825174825175,pos,Farm,IT2
ASV_00064,ASV_00210,0.5472972972972973,pos,Farm,IT2
ASV_00064,ASV_00213,0.5578231292517006,pos,Farm,IT2
ASV_00064,ASV_00214,0.5103448275862069,pos,Farm,IT2
ASV_00064,ASV_00221,0.5390070921985816,pos,Farm,IT2
ASV_00064,ASV_00226,0.5069444444444444,pos,Farm,IT2
ASV_00064,ASV_00231,0.5138888888888888,pos,Farm,IT2
ASV_00064,ASV_00233,0.5034965034965035,pos,Farm,IT2
ASV_00064,ASV_00244,0.5277777777777778,pos,Farm,IT2
ASV_00064,ASV_00254,0.547945205479452,pos,Farm,IT2
ASV_00064,ASV_00263,0.5694444444444444,pos,Farm,IT2
ASV_00064,ASV_00276,0.5306122448979592,pos,Farm,IT2
ASV_00064,ASV_00278,0.5238095238095238,pos,Farm,IT2
ASV_00064,ASV_00283,0.5517241379310345,pos,Farm,IT2
ASV_00064,ASV_00284,0.5106382978723404,pos,Farm,IT2
ASV_00064,ASV_00297,0.5422535211267606,pos,Farm,IT2
ASV_00064,ASV_00298,0.48226950354609927,pos,Farm,IT2
ASV_00064,ASV_00299,0.5211267605633803,pos,Farm,IT2
ASV_00064,ASV_00308,0.5104895104895105,pos,Farm,IT2
ASV_00064,ASV_00315,0.4859154929577465,pos,Farm,IT2
ASV_00064,ASV_00324,0.5138888888888888,pos,Farm,IT2
ASV_00064,ASV_00339,0.5,pos,Farm,IT2
ASV_00064,ASV_00340,0.5238095238095238,pos,Farm,IT2
ASV_00064,ASV_00350,0.4714285714285714,pos,Farm,IT2
ASV_00064,ASV_00353,0.5174825174825175,pos,Farm,IT2
ASV_00064,ASV_00356,0.5655172413793104,pos,Farm,IT2
ASV_00064,ASV_00359,0.49645390070921985,pos,Farm,IT2
ASV_00064,ASV_00368,0.5138888888888888,pos,Farm,IT2
ASV_00064,ASV_00380,0.5034965034965035,pos,Farm,IT2
ASV_00064,ASV_00387,0.5136986301369864,pos,Farm,IT2
ASV_00064,ASV_00393,0.48226950354609927,pos,Farm,IT2
ASV_00064,ASV_00402,0.49640287769784175,pos,Farm,IT2
ASV_00064,ASV_00410,0.5314685314685315,pos,Farm,IT2
ASV_00064,ASV_00422,0.5208333333333334,pos,Farm,IT2
ASV_00064,ASV_00460,0.5524475524475524,pos,Farm,IT2
ASV_00064,ASV_00477,0.5416666666666666,pos,Farm,IT2
ASV_00064,ASV_00490,0.593103448275862,pos,Farm,IT2
ASV_00064,ASV_00496,0.5241379310344828,pos,Farm,IT2
ASV_00064,ASV_00504,0.5436241610738255,pos,Farm,IT2
ASV_00064,ASV_00508,0.5319148936170213,pos,Farm,IT2
ASV_00064,ASV_00514,0.5986394557823129,pos,Farm,IT2
ASV_00064,ASV_00517,0.5034965034965035,pos,Farm,IT2
ASV_00064,ASV_00518,0.5578231292517006,pos,Farm,IT2
ASV_00064,ASV_00520,0.5704225352112676,pos,Farm,IT2
ASV_00064,ASV_00536,0.5510204081632653,pos,Farm,IT2
ASV_00064,ASV_00542,0.5472972972972973,pos,Farm,IT2
ASV_00064,ASV_00543,0.5273972602739726,pos,Farm,IT2
ASV_00064,ASV_00592,0.5384615384615384,pos,Farm,IT2
ASV_00064,ASV_00622,0.5144927536231884,pos,Farm,IT2
ASV_00064,ASV_00641,0.5337837837837838,pos,Farm,IT2
ASV_00064,ASV_00651,0.5208333333333334,pos,Farm,IT2
ASV_00064,ASV_00666,0.5374149659863946,pos,Farm,IT2
ASV_00064,ASV_00679,0.5238095238095238,pos,Farm,IT2
ASV_00064,ASV_00687,0.5103448275862069,pos,Farm,IT2
ASV_00064,ASV_00714,0.5071428571428571,pos,Farm,IT2
ASV_00064,ASV_00724,0.5104895104895105,pos,Farm,IT2
ASV_00064,ASV_00757,0.5379310344827586,pos,Farm,IT2
ASV_00064,ASV_00798,0.5517241379310345,pos,Farm,IT2
ASV_00064,ASV_00815,0.5986394557823129,pos,Farm,IT2
ASV_00064,ASV_00875,0.5472972972972973,pos,Farm,IT2
ASV_00064,ASV_00912,0.48226950354609927,pos,Farm,IT2
ASV_00064,ASV_00924,0.475177304964539,pos,Farm,IT2
ASV_00064,ASV_00929,0.5306122448979592,pos,Farm,IT2
ASV_00064,ASV_00931,0.5104895104895105,pos,Farm,IT2
ASV_00064,ASV_00958,0.5422535211267606,pos,Farm,IT2
ASV_00064,ASV_00984,0.5241379310344828,pos,Farm,IT2
ASV_00064,ASV_01018,0.5104895104895105,pos,Farm,IT2
ASV_00064,ASV_01092,0.5578231292517006,pos,Farm,IT2
ASV_00064,ASV_01250,0.5510204081632653,pos,Farm,IT2
ASV_00064,ASV_01288,0.5273972602739726,pos,Farm,IT2
ASV_00064,ASV_01342,0.5503355704697986,pos,Farm,IT2
ASV_00064,ASV_01459,0.572463768115942,pos,Farm,IT2
ASV_00064,ASV_01491,0.5422535211267606,pos,Farm,IT2
ASV_00064,ASV_01503,0.5310344827586206,pos,Farm,IT2
ASV_00064,ASV_01578,0.5347222222222222,pos,Farm,IT2
ASV_00065,ASV_00068,0.6014492753623188,pos,Farm,IT2
ASV_00065,ASV_00075,0.5035971223021583,pos,Farm,IT2
ASV_00065,ASV_00077,0.5347222222222222,pos,Farm,IT2
ASV_00065,ASV_00078,0.524822695035461,pos,Farm,IT2
ASV_00065,ASV_00080,0.5694444444444444,pos,Farm,IT2
ASV_00065,ASV_00086,0.5486111111111112,pos,Farm,IT2
ASV_00065,ASV_00089,0.5379310344827586,pos,Farm,IT2
ASV_00065,ASV_00094,0.5241379310344828,pos,Farm,IT2
ASV_00065,ASV_00095,0.5273972602739726,pos,Farm,IT2
ASV_00065,ASV_00096,0.5524475524475524,pos,Farm,IT2
ASV_00065,ASV_00103,0.5586206896551724,pos,Farm,IT2
ASV_00065,ASV_00109,0.5238095238095238,pos,Farm,IT2
ASV_00065,ASV_00110,0.5586206896551724,pos,Farm,IT2
ASV_00065,ASV_00118,0.5238095238095238,pos,Farm,IT2
ASV_00065,ASV_00122,0.55,pos,Farm,IT2
ASV_00065,ASV_00125,0.4965034965034965,pos,Farm,IT2
ASV_00065,ASV_00128,0.5503355704697986,pos,Farm,IT2
ASV_00065,ASV_00131,0.5138888888888888,pos,Farm,IT2
ASV_00065,ASV_00132,0.5034965034965035,pos,Farm,IT2
ASV_00065,ASV_00136,0.5594405594405595,pos,Farm,IT2
ASV_00065,ASV_00138,0.5103448275862069,pos,Farm,IT2
ASV_00065,ASV_00144,0.5174825174825175,pos,Farm,IT2
ASV_00065,ASV_00153,0.5352112676056338,pos,Farm,IT2
ASV_00065,ASV_00158,0.5384615384615384,pos,Farm,IT2
ASV_00065,ASV_00159,0.5815602836879432,pos,Farm,IT2
ASV_00065,ASV_00162,0.5492957746478874,pos,Farm,IT2
ASV_00065,ASV_00165,0.5434782608695652,pos,Farm,IT2
ASV_00065,ASV_00169,0.5273972602739726,pos,Farm,IT2
ASV_00065,ASV_00170,0.5761589403973509,pos,Farm,IT2
ASV_00065,ASV_00173,0.5782312925170068,pos,Farm,IT2
ASV_00065,ASV_00177,0.5579710144927537,pos,Farm,IT2
ASV_00065,ASV_00179,0.5562913907284768,pos,Farm,IT2
ASV_00065,ASV_00181,0.5306122448979592,pos,Farm,IT2
ASV_00065,ASV_00182,0.5586206896551724,pos,Farm,IT2
ASV_00065,ASV_00186,0.574468085106383,pos,Farm,IT2
ASV_00065,ASV_00189,0.5069444444444444,pos,Farm,IT2
ASV_00065,ASV_00191,0.5244755244755245,pos,Farm,IT2
ASV_00065,ASV_00194,0.5684931506849316,pos,Farm,IT2
ASV_00065,ASV_00195,0.5594405594405595,pos,Farm,IT2
ASV_00065,ASV_00197,0.5136986301369864,pos,Farm,IT2
ASV_00065,ASV_00199,0.49645390070921985,pos,Farm,IT2
ASV_00065,ASV_00206,0.49295774647887325,pos,Farm,IT2
ASV_00065,ASV_00208,0.5352112676056338,pos,Farm,IT2
ASV_00065,ASV_00212,0.5103448275862069,pos,Farm,IT2
ASV_00065,ASV_00228,0.4965034965034965,pos,Farm,IT2
ASV_00065,ASV_00230,0.5448275862068965,pos,Farm,IT2
ASV_00065,ASV_00233,0.5,pos,Farm,IT2
ASV_00065,ASV_00235,0.5,pos,Farm,IT2
ASV_00065,ASV_00243,0.5205479452054794,pos,Farm,IT2
ASV_00065,ASV_00249,0.5755395683453237,pos,Farm,IT2
ASV_00065,ASV_00251,0.5342465753424658,pos,Farm,IT2
ASV_00065,ASV_00262,0.541095890410959,pos,Farm,IT2
ASV_00065,ASV_00263,0.6099290780141844,pos,Farm,IT2
ASV_00065,ASV_00266,0.5448275862068965,pos,Farm,IT2
ASV_00065,ASV_00273,0.5205479452054794,pos,Farm,IT2
ASV_00065,ASV_00274,0.5466666666666666,pos,Farm,IT2
ASV_00065,ASV_00275,0.5540540540540541,pos,Farm,IT2
ASV_00065,ASV_00277,0.5714285714285714,pos,Farm,IT2
ASV_00065,ASV_00282,0.5571428571428572,pos,Farm,IT2
ASV_00065,ASV_00284,0.4965034965034965,pos,Farm,IT2
ASV_00065,ASV_00285,0.5069444444444444,pos,Farm,IT2
ASV_00065,ASV_00288,0.5547945205479452,pos,Farm,IT2
ASV_00065,ASV_00291,0.49295774647887325,pos,Farm,IT2
ASV_00065,ASV_00292,0.5694444444444444,pos,Farm,IT2
ASV_00065,ASV_00293,0.5743243243243243,pos,Farm,IT2
ASV_00065,ASV_00294,0.5448275862068965,pos,Farm,IT2
ASV_00065,ASV_00296,0.49295774647887325,pos,Farm,IT2
ASV_00065,ASV_00297,0.5277777777777778,pos,Farm,IT2
ASV_00065,ASV_00303,0.5142857142857142,pos,Farm,IT2
ASV_00065,ASV_00304,0.5675675675675675,pos,Farm,IT2
ASV_00065,ASV_00311,0.5369127516778524,pos,Farm,IT2
ASV_00065,ASV_00312,0.5694444444444444,pos,Farm,IT2
ASV_00065,ASV_00313,0.5379310344827586,pos,Farm,IT2
ASV_00065,ASV_00315,0.5362318840579711,pos,Farm,IT2
ASV_00065,ASV_00317,0.5642857142857143,pos,Farm,IT2
ASV_00065,ASV_00324,0.5314685314685315,pos,Farm,IT2
ASV_00065,ASV_00327,0.5069444444444444,pos,Farm,IT2
ASV_00065,ASV_00328,0.5238095238095238,pos,Farm,IT2
ASV_00065,ASV_00331,0.5733333333333334,pos,Farm,IT2
ASV_00065,ASV_00333,0.5448275862068965,pos,Farm,IT2
ASV_00065,ASV_00336,0.5172413793103449,pos,Farm,IT2
ASV_00065,ASV_00339,0.5735294117647058,pos,Farm,IT2
ASV_00065,ASV_00347,0.5374149659863946,pos,Farm,IT2
ASV_00065,ASV_00350,0.4785714285714286,pos,Farm,IT2
ASV_00065,ASV_00352,0.5352112676056338,pos,Farm,IT2
ASV_00065,ASV_00355,0.5273972602739726,pos,Farm,IT2
ASV_00065,ASV_00361,0.5586206896551724,pos,Farm,IT2
ASV_00065,ASV_00368,0.5314685314685315,pos,Farm,IT2
ASV_00065,ASV_00378,0.5510204081632653,pos,Farm,IT2
ASV_00065,ASV_00381,0.5,pos,Farm,IT2
ASV_00065,ASV_00382,0.541095890410959,pos,Farm,IT2
ASV_00065,ASV_00389,0.5205479452054794,pos,Farm,IT2
ASV_00065,ASV_00395,0.5,pos,Farm,IT2
ASV_00065,ASV_00397,0.5347222222222222,pos,Farm,IT2
ASV_00065,ASV_00398,0.5555555555555556,pos,Farm,IT2
ASV_00065,ASV_00406,0.4965034965034965,pos,Farm,IT2
ASV_00065,ASV_00409,0.5579710144927537,pos,Farm,IT2
ASV_00065,ASV_00410,0.5172413793103449,pos,Farm,IT2
ASV_00065,ASV_00412,0.5070422535211268,pos,Farm,IT2
ASV_00065,ASV_00415,0.5136986301369864,pos,Farm,IT2
ASV_00065,ASV_00416,0.5384615384615384,pos,Farm,IT2
ASV_00065,ASV_00421,0.5774647887323944,pos,Farm,IT2
ASV_00065,ASV_00425,0.5,pos,Farm,IT2
ASV_00065,ASV_00437,0.5238095238095238,pos,Farm,IT2
ASV_00065,ASV_00441,0.528169014084507,pos,Farm,IT2
ASV_00065,ASV_00443,0.5,pos,Farm,IT2
ASV_00065,ASV_00445,0.5172413793103449,pos,Farm,IT2
ASV_00065,ASV_00451,0.5578231292517006,pos,Farm,IT2
ASV_00065,ASV_00453,0.5594405594405595,pos,Farm,IT2
ASV_00065,ASV_00468,0.463768115942029,pos,Farm,IT2
ASV_00065,ASV_00474,0.5342465753424658,pos,Farm,IT2
ASV_00065,ASV_00477,0.5379310344827586,pos,Farm,IT2
ASV_00065,ASV_00482,0.5827814569536424,pos,Farm,IT2
ASV_00065,ASV_00485,0.5238095238095238,pos,Farm,IT2
ASV_00065,ASV_00488,0.5793103448275863,pos,Farm,IT2
ASV_00065,ASV_00490,0.5570469798657718,pos,Farm,IT2
ASV_00065,ASV_00495,0.5106382978723404,pos,Farm,IT2
ASV_00065,ASV_00496,0.5205479452054794,pos,Farm,IT2
ASV_00065,ASV_00498,0.5107913669064749,pos,Farm,IT2
ASV_00065,ASV_00501,0.5416666666666666,pos,Farm,IT2
ASV_00065,ASV_00503,0.5384615384615384,pos,Farm,IT2
ASV_00065,ASV_00506,0.5034965034965035,pos,Farm,IT2
ASV_00065,ASV_00511,0.5071428571428571,pos,Farm,IT2
ASV_00065,ASV_00517,0.5211267605633803,pos,Farm,IT2
ASV_00065,ASV_00524,0.5034965034965035,pos,Farm,IT2
ASV_00065,ASV_00529,0.49295774647887325,pos,Farm,IT2
ASV_00065,ASV_00533,0.5531914893617021,pos,Farm,IT2
ASV_00065,ASV_00542,0.564625850340136,pos,Farm,IT2
ASV_00065,ASV_00554,0.5342465753424658,pos,Farm,IT2
ASV_00065,ASV_00559,0.5103448275862069,pos,Farm,IT2
ASV_00065,ASV_00568,0.547945205479452,pos,Farm,IT2
ASV_00065,ASV_00570,0.5070422535211268,pos,Farm,IT2
ASV_00065,ASV_00572,0.5533333333333333,pos,Farm,IT2
ASV_00065,ASV_00581,0.5107913669064749,pos,Farm,IT2
ASV_00065,ASV_00587,0.583941605839416,pos,Farm,IT2
ASV_00065,ASV_00592,0.5241379310344828,pos,Farm,IT2
ASV_00065,ASV_00594,0.5563380281690141,pos,Farm,IT2
ASV_00065,ASV_00595,0.572463768115942,pos,Farm,IT2
ASV_00065,ASV_00596,0.5328467153284672,pos,Farm,IT2
ASV_00065,ASV_00611,0.5238095238095238,pos,Farm,IT2
ASV_00065,ASV_00615,0.5,pos,Farm,IT2
ASV_00065,ASV_00620,0.5734265734265734,pos,Farm,IT2
ASV_00065,ASV_00622,0.5,pos,Farm,IT2
ASV_00065,ASV_00633,0.5273972602739726,pos,Farm,IT2
ASV_00065,ASV_00635,0.5405405405405406,pos,Farm,IT2
ASV_00065,ASV_00643,0.5347222222222222,pos,Farm,IT2
ASV_00065,ASV_00645,0.5214285714285715,pos,Farm,IT2
ASV_00065,ASV_00651,0.5602836879432624,pos,Farm,IT2
ASV_00065,ASV_00654,0.4965034965034965,pos,Farm,IT2
ASV_00065,ASV_00656,0.5416666666666666,pos,Farm,IT2
ASV_00065,ASV_00662,0.5104895104895105,pos,Farm,IT2
ASV_00065,ASV_00665,0.5214285714285715,pos,Farm,IT2
ASV_00065,ASV_00666,0.5337837837837838,pos,Farm,IT2
ASV_00065,ASV_00668,0.5390070921985816,pos,Farm,IT2
ASV_00065,ASV_00671,0.55,pos,Farm,IT2
ASV_00065,ASV_00679,0.5306122448979592,pos,Farm,IT2
ASV_00065,ASV_00687,0.5714285714285714,pos,Farm,IT2
ASV_00065,ASV_00709,0.5492957746478874,pos,Farm,IT2
ASV_00065,ASV_00718,0.5434782608695652,pos,Farm,IT2
ASV_00065,ASV_00724,0.5069444444444444,pos,Farm,IT2
ASV_00065,ASV_00727,0.5211267605633803,pos,Farm,IT2
ASV_00065,ASV_00734,0.5238095238095238,pos,Farm,IT2
ASV_00065,ASV_00760,0.5833333333333334,pos,Farm,IT2
ASV_00065,ASV_00769,0.5384615384615384,pos,Farm,IT2
ASV_00065,ASV_00778,0.475177304964539,pos,Farm,IT2
ASV_00065,ASV_00781,0.5172413793103449,pos,Farm,IT2
ASV_00065,ASV_00801,0.5,pos,Farm,IT2
ASV_00065,ASV_00802,0.5510204081632653,pos,Farm,IT2
ASV_00065,ASV_00806,0.5337837837837838,pos,Farm,IT2
ASV_00065,ASV_00807,0.5416666666666666,pos,Farm,IT2
ASV_00065,ASV_00808,0.5069444444444444,pos,Farm,IT2
ASV_00065,ASV_00809,0.5562913907284768,pos,Farm,IT2
ASV_00065,ASV_00811,0.5306122448979592,pos,Farm,IT2
ASV_00065,ASV_00821,0.5815602836879432,pos,Farm,IT2
ASV_00065,ASV_00829,0.5422535211267606,pos,Farm,IT2
ASV_00065,ASV_00842,0.5285714285714286,pos,Farm,IT2
ASV_00065,ASV_00865,0.5416666666666666,pos,Farm,IT2
ASV_00065,ASV_00875,0.564625850340136,pos,Farm,IT2
ASV_00065,ASV_00880,0.5211267605633803,pos,Farm,IT2
ASV_00065,ASV_00890,0.5704225352112676,pos,Farm,IT2
ASV_00065,ASV_00929,0.547945205479452,pos,Farm,IT2
ASV_00065,ASV_00931,0.55,pos,Farm,IT2
ASV_00065,ASV_00935,0.5347222222222222,pos,Farm,IT2
ASV_00065,ASV_00959,0.5347222222222222,pos,Farm,IT2
ASV_00065,ASV_00984,0.5205479452054794,pos,Farm,IT2
ASV_00065,ASV_01018,0.5069444444444444,pos,Farm,IT2
ASV_00065,ASV_01092,0.6197183098591549,pos,Farm,IT2
ASV_00065,ASV_01119,0.5753424657534246,pos,Farm,IT2
ASV_00065,ASV_01179,0.5034965034965035,pos,Farm,IT2
ASV_00065,ASV_01223,0.4785714285714286,pos,Farm,IT2
ASV_00065,ASV_01253,0.5241379310344828,pos,Farm,IT2
ASV_00065,ASV_01267,0.5103448275862069,pos,Farm,IT2
ASV_00065,ASV_01276,0.5177304964539007,pos,Farm,IT2
ASV_00065,ASV_01288,0.5342465753424658,pos,Farm,IT2
ASV_00065,ASV_01417,0.5384615384615384,pos,Farm,IT2
ASV_00065,ASV_01541,0.5379310344827586,pos,Farm,IT2
ASV_00065,ASV_01941,0.5342465753424658,pos,Farm,IT2
ASV_00065,ASV_02149,0.524822695035461,pos,Farm,IT2
ASV_00065,ASV_02332,0.6028368794326241,pos,Farm,IT2
ASV_00066,ASV_00091,0.5347222222222222,pos,Farm,IT2
ASV_00066,ASV_00093,0.5448275862068965,pos,Farm,IT2
ASV_00066,ASV_00098,0.5136986301369864,pos,Farm,IT2
ASV_00066,ASV_00110,0.5337837837837838,pos,Farm,IT2
ASV_00066,ASV_00111,0.5071428571428571,pos,Farm,IT2
ASV_00066,ASV_00117,0.5106382978723404,pos,Farm,IT2
ASV_00066,ASV_00122,0.5138888888888888,pos,Farm,IT2
ASV_00066,ASV_00136,0.5342465753424658,pos,Farm,IT2
ASV_00066,ASV_00137,0.5460992907801419,pos,Farm,IT2
ASV_00066,ASV_00138,0.5277777777777778,pos,Farm,IT2
ASV_00066,ASV_00144,0.5138888888888888,pos,Farm,IT2
ASV_00066,ASV_00160,0.5314685314685315,pos,Farm,IT2
ASV_00066,ASV_00171,0.5804195804195804,pos,Farm,IT2
ASV_00066,ASV_00179,0.5733333333333334,pos,Farm,IT2
ASV_00066,ASV_00206,0.5,pos,Farm,IT2
ASV_00066,ASV_00208,0.5103448275862069,pos,Farm,IT2
ASV_00066,ASV_00213,0.5714285714285714,pos,Farm,IT2
ASV_00066,ASV_00218,0.5205479452054794,pos,Farm,IT2
ASV_00066,ASV_00229,0.5241379310344828,pos,Farm,IT2
ASV_00066,ASV_00250,0.541095890410959,pos,Farm,IT2
ASV_00066,ASV_00271,0.4748201438848921,pos,Farm,IT2
ASV_00066,ASV_00274,0.5637583892617449,pos,Farm,IT2
ASV_00066,ASV_00278,0.547945205479452,pos,Farm,IT2
ASV_00066,ASV_00279,0.5,pos,Farm,IT2
ASV_00066,ASV_00285,0.5244755244755245,pos,Farm,IT2
ASV_00066,ASV_00290,0.5562913907284768,pos,Farm,IT2
ASV_00066,ASV_00295,0.5238095238095238,pos,Farm,IT2
ASV_00066,ASV_00296,0.48951048951048953,pos,Farm,IT2
ASV_00066,ASV_00299,0.5138888888888888,pos,Farm,IT2
ASV_00066,ASV_00313,0.5448275862068965,pos,Farm,IT2
ASV_00066,ASV_00315,0.5,pos,Farm,IT2
ASV_00066,ASV_00320,0.5034965034965035,pos,Farm,IT2
ASV_00066,ASV_00323,0.5205479452054794,pos,Farm,IT2
ASV_00066,ASV_00324,0.5714285714285714,pos,Farm,IT2
ASV_00066,ASV_00327,0.5244755244755245,pos,Farm,IT2
ASV_00066,ASV_00336,0.5136986301369864,pos,Farm,IT2
ASV_00066,ASV_00352,0.5208333333333334,pos,Farm,IT2
ASV_00066,ASV_00353,0.5103448275862069,pos,Farm,IT2
ASV_00066,ASV_00367,0.5069444444444444,pos,Farm,IT2
ASV_00066,ASV_00368,0.5277777777777778,pos,Farm,IT2
ASV_00066,ASV_00369,0.5379310344827586,pos,Farm,IT2
ASV_00066,ASV_00372,0.48951048951048953,pos,Farm,IT2
ASV_00066,ASV_00381,0.5174825174825175,pos,Farm,IT2
ASV_00066,ASV_00397,0.5310344827586206,pos,Farm,IT2
ASV_00066,ASV_00415,0.5205479452054794,pos,Farm,IT2
ASV_00066,ASV_00416,0.5241379310344828,pos,Farm,IT2
ASV_00066,ASV_00421,0.5306122448979592,pos,Farm,IT2
ASV_00066,ASV_00443,0.5069444444444444,pos,Farm,IT2
ASV_00066,ASV_00451,0.5436241610738255,pos,Farm,IT2
ASV_00066,ASV_00460,0.5238095238095238,pos,Farm,IT2
ASV_00066,ASV_00476,0.5138888888888888,pos,Farm,IT2
ASV_00066,ASV_00477,0.5238095238095238,pos,Farm,IT2
ASV_00066,ASV_00486,0.5675675675675675,pos,Farm,IT2
ASV_00066,ASV_00495,0.4965034965034965,pos,Farm,IT2
ASV_00066,ASV_00496,0.5273972602739726,pos,Farm,IT2
ASV_00066,ASV_00514,0.5592105263157895,pos,Farm,IT2
ASV_00066,ASV_00559,0.5172413793103449,pos,Farm,IT2
ASV_00066,ASV_00561,0.5686274509803921,pos,Farm,IT2
ASV_00066,ASV_00571,0.5734265734265734,pos,Farm,IT2
ASV_00066,ASV_00572,0.5704697986577181,pos,Farm,IT2
ASV_00066,ASV_00581,0.5179856115107914,pos,Farm,IT2
ASV_00066,ASV_00622,0.4859154929577465,pos,Farm,IT2
ASV_00066,ASV_00628,0.5103448275862069,pos,Farm,IT2
ASV_00066,ASV_00673,0.5466666666666666,pos,Farm,IT2
ASV_00066,ASV_00686,0.5273972602739726,pos,Farm,IT2
ASV_00066,ASV_00726,0.5306122448979592,pos,Farm,IT2
ASV_00066,ASV_00772,0.5310344827586206,pos,Farm,IT2
ASV_00066,ASV_00802,0.5369127516778524,pos,Farm,IT2
ASV_00066,ASV_00890,0.5342465753424658,pos,Farm,IT2
ASV_00066,ASV_00958,0.5136986301369864,pos,Farm,IT2
ASV_00066,ASV_00959,0.5205479452054794,pos,Farm,IT2
ASV_00066,ASV_00989,0.5071428571428571,pos,Farm,IT2
ASV_00066,ASV_01023,0.5369127516778524,pos,Farm,IT2
ASV_00066,ASV_01065,0.5140845070422535,pos,Farm,IT2
ASV_00066,ASV_01119,0.5503355704697986,pos,Farm,IT2
ASV_00066,ASV_01179,0.5319148936170213,pos,Farm,IT2
ASV_00066,ASV_01276,0.5034965034965035,pos,Farm,IT2
ASV_00066,ASV_01288,0.5306122448979592,pos,Farm,IT2
ASV_00066,ASV_01368,0.5205479452054794,pos,Farm,IT2
ASV_00066,ASV_01491,0.5136986301369864,pos,Farm,IT2
ASV_00066,ASV_01503,0.5664335664335665,pos,Farm,IT2
ASV_00066,ASV_01512,0.48951048951048953,pos,Farm,IT2
ASV_00066,ASV_01541,0.5886524822695035,pos,Farm,IT2
ASV_00066,ASV_02149,0.5,pos,Farm,IT2
ASV_00067,ASV_00069,0.45985401459854014,pos,Farm,IT2
ASV_00067,ASV_00076,0.5285714285714286,pos,Farm,IT2
ASV_00067,ASV_00080,0.5174825174825175,pos,Farm,IT2
ASV_00067,ASV_00081,0.4744525547445255,pos,Farm,IT2
ASV_00067,ASV_00094,0.5035460992907801,pos,Farm,IT2
ASV_00067,ASV_00102,0.5241379310344828,pos,Farm,IT2
ASV_00067,ASV_00109,0.5034965034965035,pos,Farm,IT2
ASV_00067,ASV_00111,0.47794117647058826,pos,Farm,IT2
ASV_00067,ASV_00112,0.4859154929577465,pos,Farm,IT2
ASV_00067,ASV_00118,0.5034965034965035,pos,Farm,IT2
ASV_00067,ASV_00119,0.49645390070921985,pos,Farm,IT2
ASV_00067,ASV_00123,0.4925373134328358,pos,Farm,IT2
ASV_00067,ASV_00128,0.5633802816901409,pos,Farm,IT2
ASV_00067,ASV_00132,0.5147058823529411,pos,Farm,IT2
ASV_00067,ASV_00138,0.5,pos,Farm,IT2
ASV_00067,ASV_00140,0.4892086330935252,pos,Farm,IT2
ASV_00067,ASV_00145,0.5289855072463768,pos,Farm,IT2
ASV_00067,ASV_00154,0.49640287769784175,pos,Farm,IT2
ASV_00067,ASV_00157,0.5319148936170213,pos,Farm,IT2
ASV_00067,ASV_00163,0.4927536231884058,pos,Farm,IT2
ASV_00067,ASV_00166,0.5323741007194245,pos,Farm,IT2
ASV_00067,ASV_00168,0.5172413793103449,pos,Farm,IT2
ASV_00067,ASV_00171,0.5428571428571428,pos,Farm,IT2
ASV_00067,ASV_00176,0.4888888888888889,pos,Farm,IT2
ASV_00067,ASV_00186,0.5106382978723404,pos,Farm,IT2
ASV_00067,ASV_00189,0.49640287769784175,pos,Farm,IT2
ASV_00067,ASV_00192,0.49645390070921985,pos,Farm,IT2
ASV_00067,ASV_00193,0.5034965034965035,pos,Farm,IT2
ASV_00067,ASV_00200,0.48201438848920863,pos,Farm,IT2
ASV_00067,ASV_00208,0.4928571428571429,pos,Farm,IT2
ASV_00067,ASV_00218,0.5035460992907801,pos,Farm,IT2
ASV_00067,ASV_00219,0.5454545454545454,pos,Farm,IT2
ASV_00067,ASV_00230,0.5357142857142857,pos,Farm,IT2
ASV_00067,ASV_00231,0.5107913669064749,pos,Farm,IT2
ASV_00067,ASV_00232,0.5069444444444444,pos,Farm,IT2
ASV_00067,ASV_00233,0.5,pos,Farm,IT2
ASV_00067,ASV_00235,0.4666666666666667,pos,Farm,IT2
ASV_00067,ASV_00237,0.5103448275862069,pos,Farm,IT2
ASV_00067,ASV_00244,0.49295774647887325,pos,Farm,IT2
ASV_00067,ASV_00247,0.5,pos,Farm,IT2
ASV_00067,ASV_00249,0.5107913669064749,pos,Farm,IT2
ASV_00067,ASV_00259,0.48872180451127817,pos,Farm,IT2
ASV_00067,ASV_00263,0.5138888888888888,pos,Farm,IT2
ASV_00067,ASV_00265,0.5,pos,Farm,IT2
ASV_00067,ASV_00270,0.5734265734265734,pos,Farm,IT2
ASV_00067,ASV_00271,0.48854961832061067,pos,Farm,IT2
ASV_00067,ASV_00273,0.5106382978723404,pos,Farm,IT2
ASV_00067,ASV_00274,0.5379310344827586,pos,Farm,IT2
ASV_00067,ASV_00285,0.5294117647058824,pos,Farm,IT2
ASV_00067,ASV_00292,0.572463768115942,pos,Farm,IT2
ASV_00067,ASV_00297,0.5071428571428571,pos,Farm,IT2
ASV_00067,ASV_00299,0.5072463768115942,pos,Farm,IT2
ASV_00067,ASV_00300,0.5928571428571429,pos,Farm,IT2
ASV_00067,ASV_00305,0.5314685314685315,pos,Farm,IT2
ASV_00067,ASV_00317,0.5,pos,Farm,IT2
ASV_00067,ASV_00320,0.5413533834586466,pos,Farm,IT2
ASV_00067,ASV_00321,0.5310344827586206,pos,Farm,IT2
ASV_00067,ASV_00324,0.5,pos,Farm,IT2
ASV_00067,ASV_00326,0.5,pos,Farm,IT2
ASV_00067,ASV_00331,0.5234899328859061,pos,Farm,IT2
ASV_00067,ASV_00340,0.5,pos,Farm,IT2
ASV_00067,ASV_00346,0.5294117647058824,pos,Farm,IT2
ASV_00067,ASV_00347,0.5174825174825175,pos,Farm,IT2
ASV_00067,ASV_00357,0.5259259259259259,pos,Farm,IT2
ASV_00067,ASV_00361,0.5174825174825175,pos,Farm,IT2
ASV_00067,ASV_00369,0.5214285714285715,pos,Farm,IT2
ASV_00067,ASV_00372,0.48175182481751827,pos,Farm,IT2
ASV_00067,ASV_00376,0.55,pos,Farm,IT2
ASV_00067,ASV_00377,0.5,pos,Farm,IT2
ASV_00067,ASV_00382,0.5,pos,Farm,IT2
ASV_00067,ASV_00387,0.5,pos,Farm,IT2
ASV_00067,ASV_00389,0.5106382978723404,pos,Farm,IT2
ASV_00067,ASV_00399,0.5140845070422535,pos,Farm,IT2
ASV_00067,ASV_00403,0.5319148936170213,pos,Farm,IT2
ASV_00067,ASV_00404,0.4855072463768116,pos,Farm,IT2
ASV_00067,ASV_00416,0.5179856115107914,pos,Farm,IT2
ASV_00067,ASV_00418,0.4928571428571429,pos,Farm,IT2
ASV_00067,ASV_00421,0.524822695035461,pos,Farm,IT2
ASV_00067,ASV_00422,0.49645390070921985,pos,Farm,IT2
ASV_00067,ASV_00440,0.5,pos,Farm,IT2
ASV_00067,ASV_00442,0.503448275862069,pos,Farm,IT2
ASV_00067,ASV_00454,0.503448275862069,pos,Farm,IT2
ASV_00067,ASV_00464,0.528169014084507,pos,Farm,IT2
ASV_00067,ASV_00468,0.4732824427480916,pos,Farm,IT2
ASV_00067,ASV_00482,0.564625850340136,pos,Farm,IT2
ASV_00067,ASV_00490,0.5486111111111112,pos,Farm,IT2
ASV_00067,ASV_00495,0.5111111111111111,pos,Farm,IT2
ASV_00067,ASV_00498,0.46715328467153283,pos,Farm,IT2
ASV_00067,ASV_00512,0.5673758865248227,pos,Farm,IT2
ASV_00067,ASV_00517,0.5220588235294118,pos,Farm,IT2
ASV_00067,ASV_00518,0.5241379310344828,pos,Farm,IT2
ASV_00067,ASV_00524,0.48201438848920863,pos,Farm,IT2
ASV_00067,ASV_00529,0.5263157894736842,pos,Farm,IT2
ASV_00067,ASV_00530,0.5251798561151079,pos,Farm,IT2
ASV_00067,ASV_00534,0.5379310344827586,pos,Farm,IT2
ASV_00067,ASV_00541,0.49645390070921985,pos,Farm,IT2
ASV_00067,ASV_00548,0.47101449275362317,pos,Farm,IT2
ASV_00067,ASV_00559,0.5328467153284672,pos,Farm,IT2
ASV_00067,ASV_00568,0.5390070921985816,pos,Farm,IT2
ASV_00067,ASV_00594,0.49295774647887325,pos,Farm,IT2
ASV_00067,ASV_00595,0.4857142857142857,pos,Farm,IT2
ASV_00067,ASV_00615,0.5,pos,Farm,IT2
ASV_00067,ASV_00618,0.4859154929577465,pos,Farm,IT2
ASV_00067,ASV_00628,0.5035971223021583,pos,Farm,IT2
ASV_00067,ASV_00633,0.4965034965034965,pos,Farm,IT2
ASV_00067,ASV_00636,0.527027027027027,pos,Farm,IT2
ASV_00067,ASV_00638,0.5319148936170213,pos,Farm,IT2
ASV_00067,ASV_00643,0.5474452554744526,pos,Farm,IT2
ASV_00067,ASV_00645,0.48905109489051096,pos,Farm,IT2
ASV_00067,ASV_00651,0.4859154929577465,pos,Farm,IT2
ASV_00067,ASV_00654,0.4748201438848921,pos,Farm,IT2
ASV_00067,ASV_00656,0.5106382978723404,pos,Farm,IT2
ASV_00067,ASV_00671,0.4857142857142857,pos,Farm,IT2
ASV_00067,ASV_00676,0.5172413793103449,pos,Farm,IT2
ASV_00067,ASV_00721,0.49264705882352944,pos,Farm,IT2
ASV_00067,ASV_00726,0.5034965034965035,pos,Farm,IT2
ASV_00067,ASV_00757,0.5034965034965035,pos,Farm,IT2
ASV_00067,ASV_00760,0.5208333333333334,pos,Farm,IT2
ASV_00067,ASV_00772,0.5035460992907801,pos,Farm,IT2
ASV_00067,ASV_00801,0.5338345864661654,pos,Farm,IT2
ASV_00067,ASV_00809,0.527027027027027,pos,Farm,IT2
ASV_00067,ASV_00817,0.5277777777777778,pos,Farm,IT2
ASV_00067,ASV_00821,0.4965034965034965,pos,Farm,IT2
ASV_00067,ASV_00822,0.5106382978723404,pos,Farm,IT2
ASV_00067,ASV_00829,0.5107913669064749,pos,Farm,IT2
ASV_00067,ASV_00880,0.5447761194029851,pos,Farm,IT2
ASV_00067,ASV_00890,0.4965034965034965,pos,Farm,IT2
ASV_00067,ASV_00935,0.5142857142857142,pos,Farm,IT2
ASV_00067,ASV_00989,0.46715328467153283,pos,Farm,IT2
ASV_00067,ASV_01018,0.4857142857142857,pos,Farm,IT2
ASV_00067,ASV_01023,0.5642857142857143,pos,Farm,IT2
ASV_00067,ASV_01048,0.5,pos,Farm,IT2
ASV_00067,ASV_01065,0.49635036496350365,pos,Farm,IT2
ASV_00067,ASV_01071,0.4928571428571429,pos,Farm,IT2
ASV_00067,ASV_01092,0.5347222222222222,pos,Farm,IT2
ASV_00067,ASV_01119,0.5136986301369864,pos,Farm,IT2
ASV_00067,ASV_01267,0.5107913669064749,pos,Farm,IT2
ASV_00067,ASV_01276,0.49635036496350365,pos,Farm,IT2
ASV_00067,ASV_01349,0.49295774647887325,pos,Farm,IT2
ASV_00067,ASV_01426,0.4855072463768116,pos,Farm,IT2
ASV_00067,ASV_01458,0.463768115942029,pos,Farm,IT2
ASV_00067,ASV_01491,0.4859154929577465,pos,Farm,IT2
ASV_00067,ASV_01503,0.5177304964539007,pos,Farm,IT2
ASV_00067,ASV_01508,0.503448275862069,pos,Farm,IT2
ASV_00067,ASV_01512,0.47101449275362317,pos,Farm,IT2
ASV_00067,ASV_01578,0.5214285714285715,pos,Farm,IT2
ASV_00067,ASV_02332,0.528169014084507,pos,Farm,IT2
ASV_00068,ASV_00069,0.48201438848920863,pos,Farm,IT2
ASV_00068,ASV_00070,0.5136986301369864,pos,Farm,IT2
ASV_00068,ASV_00072,0.5510204081632653,pos,Farm,IT2
ASV_00068,ASV_00076,0.5384615384615384,pos,Farm,IT2
ASV_00068,ASV_00078,0.5251798561151079,pos,Farm,IT2
ASV_00068,ASV_00086,0.5384615384615384,pos,Farm,IT2
ASV_00068,ASV_00089,0.5172413793103449,pos,Farm,IT2
ASV_00068,ASV_00090,0.54,pos,Farm,IT2
ASV_00068,ASV_00093,0.5277777777777778,pos,Farm,IT2
ASV_00068,ASV_00097,0.5035971223021583,pos,Farm,IT2
ASV_00068,ASV_00100,0.5319148936170213,pos,Farm,IT2
ASV_00068,ASV_00103,0.5273972602739726,pos,Farm,IT2
ASV_00068,ASV_00104,0.5,pos,Farm,IT2
ASV_00068,ASV_00105,0.5138888888888888,pos,Farm,IT2
ASV_00068,ASV_00108,0.45652173913043476,pos,Farm,IT2
ASV_00068,ASV_00109,0.5136986301369864,pos,Farm,IT2
ASV_00068,ASV_00111,0.5220588235294118,pos,Farm,IT2
ASV_00068,ASV_00116,0.5211267605633803,pos,Farm,IT2
ASV_00068,ASV_00125,0.4859154929577465,pos,Farm,IT2
ASV_00068,ASV_00131,0.5579710144927537,pos,Farm,IT2
ASV_00068,ASV_00132,0.49295774647887325,pos,Farm,IT2
ASV_00068,ASV_00138,0.5211267605633803,pos,Farm,IT2
ASV_00068,ASV_00139,0.4748201438848921,pos,Farm,IT2
ASV_00068,ASV_00142,0.5244755244755245,pos,Farm,IT2
ASV_00068,ASV_00145,0.5069444444444444,pos,Farm,IT2
ASV_00068,ASV_00148,0.54421768707483,pos,Farm,IT2
ASV_00068,ASV_00152,0.5342465753424658,pos,Farm,IT2
ASV_00068,ASV_00155,0.5035460992907801,pos,Farm,IT2
ASV_00068,ASV_00157,0.5857142857142857,pos,Farm,IT2
ASV_00068,ASV_00162,0.5390070921985816,pos,Farm,IT2
ASV_00068,ASV_00163,0.49295774647887325,pos,Farm,IT2
ASV_00068,ASV_00165,0.5107913669064749,pos,Farm,IT2
ASV_00068,ASV_00167,0.5899280575539568,pos,Farm,IT2
ASV_00068,ASV_00173,0.5369127516778524,pos,Farm,IT2
ASV_00068,ASV_00177,0.5251798561151079,pos,Farm,IT2
ASV_00068,ASV_00179,0.5675675675675675,pos,Farm,IT2
ASV_00068,ASV_00185,0.5,pos,Farm,IT2
ASV_00068,ASV_00186,0.6102941176470589,pos,Farm,IT2
ASV_00068,ASV_00189,0.5177304964539007,pos,Farm,IT2
ASV_00068,ASV_00195,0.5277777777777778,pos,Farm,IT2
ASV_00068,ASV_00199,0.5072463768115942,pos,Farm,IT2
ASV_00068,ASV_00203,0.5138888888888888,pos,Farm,IT2
ASV_00068,ASV_00230,0.5241379310344828,pos,Farm,IT2
ASV_00068,ASV_00235,0.4676258992805755,pos,Farm,IT2
ASV_00068,ASV_00240,0.5177304964539007,pos,Farm,IT2
ASV_00068,ASV_00249,0.5211267605633803,pos,Farm,IT2
ASV_00068,ASV_00251,0.5347222222222222,pos,Farm,IT2
ASV_00068,ASV_00269,0.5562913907284768,pos,Farm,IT2
ASV_00068,ASV_00273,0.5208333333333334,pos,Farm,IT2
ASV_00068,ASV_00275,0.6099290780141844,pos,Farm,IT2
ASV_00068,ASV_00288,0.5238095238095238,pos,Farm,IT2
ASV_00068,ASV_00290,0.54,pos,Farm,IT2
ASV_00068,ASV_00292,0.5486111111111112,pos,Farm,IT2
ASV_00068,ASV_00299,0.5070422535211268,pos,Farm,IT2
ASV_00068,ASV_00303,0.5481481481481482,pos,Farm,IT2
ASV_00068,ASV_00304,0.5684931506849316,pos,Farm,IT2
ASV_00068,ASV_00305,0.5625,pos,Farm,IT2
ASV_00068,ASV_00307,0.5547445255474452,pos,Farm,IT2
ASV_00068,ASV_00308,0.4965034965034965,pos,Farm,IT2
ASV_00068,ASV_00309,0.5136986301369864,pos,Farm,IT2
ASV_00068,ASV_00311,0.5374149659863946,pos,Farm,IT2
ASV_00068,ASV_00317,0.5652173913043478,pos,Farm,IT2
ASV_00068,ASV_00318,0.5422535211267606,pos,Farm,IT2
ASV_00068,ASV_00324,0.5104895104895105,pos,Farm,IT2
ASV_00068,ASV_00327,0.5177304964539007,pos,Farm,IT2
ASV_00068,ASV_00328,0.5241379310344828,pos,Farm,IT2
ASV_00068,ASV_00336,0.5174825174825175,pos,Farm,IT2
ASV_00068,ASV_00340,0.5416666666666666,pos,Farm,IT2
ASV_00068,ASV_00343,0.5492957746478874,pos,Farm,IT2
ASV_00068,ASV_00345,0.5273972602739726,pos,Farm,IT2
ASV_00068,ASV_00346,0.4965034965034965,pos,Farm,IT2
ASV_00068,ASV_00347,0.5379310344827586,pos,Farm,IT2
ASV_00068,ASV_00350,0.4676258992805755,pos,Farm,IT2
ASV_00068,ASV_00361,0.5379310344827586,pos,Farm,IT2
ASV_00068,ASV_00365,0.528169014084507,pos,Farm,IT2
ASV_00068,ASV_00368,0.5,pos,Farm,IT2
ASV_00068,ASV_00378,0.5306122448979592,pos,Farm,IT2
ASV_00068,ASV_00381,0.5,pos,Farm,IT2
ASV_00068,ASV_00393,0.5333333333333333,pos,Farm,IT2
ASV_00068,ASV_00397,0.5460992907801419,pos,Farm,IT2
ASV_00068,ASV_00406,0.4859154929577465,pos,Farm,IT2
ASV_00068,ASV_00415,0.5352112676056338,pos,Farm,IT2
ASV_00068,ASV_00426,0.5704697986577181,pos,Farm,IT2
ASV_00068,ASV_00428,0.5328467153284672,pos,Farm,IT2
ASV_00068,ASV_00441,0.5285714285714286,pos,Farm,IT2
ASV_00068,ASV_00447,0.5379310344827586,pos,Farm,IT2
ASV_00068,ASV_00453,0.5384615384615384,pos,Farm,IT2
ASV_00068,ASV_00458,0.49645390070921985,pos,Farm,IT2
ASV_00068,ASV_00476,0.4965034965034965,pos,Farm,IT2
ASV_00068,ASV_00482,0.5629139072847682,pos,Farm,IT2
ASV_00068,ASV_00485,0.5241379310344828,pos,Farm,IT2
ASV_00068,ASV_00488,0.5586206896551724,pos,Farm,IT2
ASV_00068,ASV_00490,0.5578231292517006,pos,Farm,IT2
ASV_00068,ASV_00493,0.5517241379310345,pos,Farm,IT2
ASV_00068,ASV_00495,0.5107913669064749,pos,Farm,IT2
ASV_00068,ASV_00498,0.5333333333333333,pos,Farm,IT2
ASV_00068,ASV_00501,0.5103448275862069,pos,Farm,IT2
ASV_00068,ASV_00503,0.5069444444444444,pos,Farm,IT2
ASV_00068,ASV_00504,0.5405405405405406,pos,Farm,IT2
ASV_00068,ASV_00508,0.5070422535211268,pos,Farm,IT2
ASV_00068,ASV_00512,0.5655172413793104,pos,Farm,IT2
ASV_00068,ASV_00513,0.5390070921985816,pos,Farm,IT2
ASV_00068,ASV_00528,0.539568345323741,pos,Farm,IT2
ASV_00068,ASV_00530,0.5352112676056338,pos,Farm,IT2
ASV_00068,ASV_00533,0.5319148936170213,pos,Farm,IT2
ASV_00068,ASV_00542,0.54421768707483,pos,Farm,IT2
ASV_00068,ASV_00551,0.5172413793103449,pos,Farm,IT2
ASV_00068,ASV_00554,0.5347222222222222,pos,Farm,IT2
ASV_00068,ASV_00568,0.5379310344827586,pos,Farm,IT2
ASV_00068,ASV_00570,0.5289855072463768,pos,Farm,IT2
ASV_00068,ASV_00571,0.5563380281690141,pos,Farm,IT2
ASV_00068,ASV_00574,0.5815602836879432,pos,Farm,IT2
ASV_00068,ASV_00581,0.4785714285714286,pos,Farm,IT2
ASV_00068,ASV_00587,0.4965034965034965,pos,Farm,IT2
ASV_00068,ASV_00592,0.5138888888888888,pos,Farm,IT2
ASV_00068,ASV_00594,0.5460992907801419,pos,Farm,IT2
ASV_00068,ASV_00615,0.5,pos,Farm,IT2
ASV_00068,ASV_00620,0.5416666666666666,pos,Farm,IT2
ASV_00068,ASV_00638,0.5205479452054794,pos,Farm,IT2
ASV_00068,ASV_00643,0.5244755244755245,pos,Farm,IT2
ASV_00068,ASV_00651,0.5174825174825175,pos,Farm,IT2
ASV_00068,ASV_00656,0.5314685314685315,pos,Farm,IT2
ASV_00068,ASV_00673,0.5616438356164384,pos,Farm,IT2
ASV_00068,ASV_00697,0.5071428571428571,pos,Farm,IT2
ASV_00068,ASV_00714,0.4928571428571429,pos,Farm,IT2
ASV_00068,ASV_00718,0.48936170212765956,pos,Farm,IT2
ASV_00068,ASV_00721,0.5597014925373134,pos,Farm,IT2
ASV_00068,ASV_00727,0.5214285714285715,pos,Farm,IT2
ASV_00068,ASV_00755,0.5337837837837838,pos,Farm,IT2
ASV_00068,ASV_00760,0.5625,pos,Farm,IT2
ASV_00068,ASV_00769,0.5174825174825175,pos,Farm,IT2
ASV_00068,ASV_00807,0.5642857142857143,pos,Farm,IT2
ASV_00068,ASV_00808,0.5507246376811594,pos,Farm,IT2
ASV_00068,ASV_00809,0.5570469798657718,pos,Farm,IT2
ASV_00068,ASV_00811,0.5524475524475524,pos,Farm,IT2
ASV_00068,ASV_00817,0.527027027027027,pos,Farm,IT2
ASV_00068,ASV_00821,0.5384615384615384,pos,Farm,IT2
ASV_00068,ASV_00829,0.5,pos,Farm,IT2
ASV_00068,ASV_00842,0.4859154929577465,pos,Farm,IT2
ASV_00068,ASV_00865,0.5103448275862069,pos,Farm,IT2
ASV_00068,ASV_00875,0.54421768707483,pos,Farm,IT2
ASV_00068,ASV_00931,0.5620437956204379,pos,Farm,IT2
ASV_00068,ASV_00935,0.5352112676056338,pos,Farm,IT2
ASV_00068,ASV_00959,0.5244755244755245,pos,Farm,IT2
ASV_00068,ASV_00984,0.5208333333333334,pos,Farm,IT2
ASV_00068,ASV_01018,0.5070422535211268,pos,Farm,IT2
ASV_00068,ASV_01092,0.5547945205479452,pos,Farm,IT2
ASV_00068,ASV_01101,0.5347222222222222,pos,Farm,IT2
ASV_00068,ASV_01119,0.5655172413793104,pos,Farm,IT2
ASV_00068,ASV_01152,0.5,pos,Farm,IT2
ASV_00068,ASV_01153,0.5106382978723404,pos,Farm,IT2
ASV_00068,ASV_01179,0.5703703703703704,pos,Farm,IT2
ASV_00068,ASV_01288,0.5136986301369864,pos,Farm,IT2
ASV_00068,ASV_01368,0.5138888888888888,pos,Farm,IT2
ASV_00068,ASV_01426,0.49645390070921985,pos,Farm,IT2
ASV_00068,ASV_01458,0.5182481751824818,pos,Farm,IT2
ASV_00068,ASV_01541,0.5172413793103449,pos,Farm,IT2
ASV_00068,ASV_02149,0.5035460992907801,pos,Farm,IT2
ASV_00069,ASV_00076,0.4857142857142857,pos,Farm,IT2
ASV_00069,ASV_00078,0.5037593984962406,pos,Farm,IT2
ASV_00069,ASV_00079,0.4857142857142857,pos,Farm,IT2
ASV_00069,ASV_00080,0.5289855072463768,pos,Farm,IT2
ASV_00069,ASV_00087,0.4676258992805755,pos,Farm,IT2
ASV_00069,ASV_00090,0.5,pos,Farm,IT2
ASV_00069,ASV_00091,0.4748201438848921,pos,Farm,IT2
ASV_00069,ASV_00097,0.45925925925925926,pos,Farm,IT2
ASV_00069,ASV_00098,0.4748201438848921,pos,Farm,IT2
ASV_00069,ASV_00103,0.4859154929577465,pos,Farm,IT2
ASV_00069,ASV_00108,0.44274809160305345,pos,Farm,IT2
ASV_00069,ASV_00118,0.4928571428571429,pos,Farm,IT2
ASV_00069,ASV_00125,0.49624060150375937,pos,Farm,IT2
ASV_00069,ASV_00127,0.5407407407407407,pos,Farm,IT2
ASV_00069,ASV_00131,0.47101449275362317,pos,Farm,IT2
ASV_00069,ASV_00132,0.48148148148148145,pos,Farm,IT2
ASV_00069,ASV_00137,0.463768115942029,pos,Farm,IT2
ASV_00069,ASV_00140,0.5,pos,Farm,IT2
ASV_00069,ASV_00141,0.4888888888888889,pos,Farm,IT2
ASV_00069,ASV_00145,0.4748201438848921,pos,Farm,IT2
ASV_00069,ASV_00147,0.463768115942029,pos,Farm,IT2
ASV_00069,ASV_00148,0.5808823529411765,pos,Farm,IT2
ASV_00069,ASV_00156,0.5106382978723404,pos,Farm,IT2
ASV_00069,ASV_00159,0.5072463768115942,pos,Farm,IT2
ASV_00069,ASV_00160,0.47101449275362317,pos,Farm,IT2
ASV_00069,ASV_00162,0.4748201438848921,pos,Farm,IT2
ASV_00069,ASV_00165,0.47761194029850745,pos,Farm,IT2
ASV_00069,ASV_00166,0.4892086330935252,pos,Farm,IT2
ASV_00069,ASV_00170,0.5273972602739726,pos,Farm,IT2
ASV_00069,ASV_00182,0.5179856115107914,pos,Farm,IT2
ASV_00069,ASV_00183,0.49640287769784175,pos,Farm,IT2
ASV_00069,ASV_00193,0.5035971223021583,pos,Farm,IT2
ASV_00069,ASV_00200,0.47058823529411764,pos,Farm,IT2
ASV_00069,ASV_00216,0.48175182481751827,pos,Farm,IT2
ASV_00069,ASV_00230,0.5035971223021583,pos,Farm,IT2
ASV_00069,ASV_00232,0.4859154929577465,pos,Farm,IT2
ASV_00069,ASV_00242,0.4732824427480916,pos,Farm,IT2
ASV_00069,ASV_00247,0.4782608695652174,pos,Farm,IT2
ASV_00069,ASV_00251,0.48226950354609927,pos,Farm,IT2
ASV_00069,ASV_00253,0.5251798561151079,pos,Farm,IT2
ASV_00069,ASV_00259,0.4883720930232558,pos,Farm,IT2
ASV_00069,ASV_00265,0.4888888888888889,pos,Farm,IT2
ASV_00069,ASV_00267,0.4740740740740741,pos,Farm,IT2
ASV_00069,ASV_00269,0.5170068027210885,pos,Farm,IT2
ASV_00069,ASV_00271,0.44274809160305345,pos,Farm,IT2
ASV_00069,ASV_00274,0.496551724137931,pos,Farm,IT2
ASV_00069,ASV_00275,0.5140845070422535,pos,Farm,IT2
ASV_00069,ASV_00279,0.4485294117647059,pos,Farm,IT2
ASV_00069,ASV_00284,0.4632352941176471,pos,Farm,IT2
ASV_00069,ASV_00300,0.496551724137931,pos,Farm,IT2
ASV_00069,ASV_00307,0.47794117647058826,pos,Farm,IT2
ASV_00069,ASV_00312,0.4859154929577465,pos,Farm,IT2
ASV_00069,ASV_00315,0.4485294117647059,pos,Farm,IT2
ASV_00069,ASV_00318,0.5333333333333333,pos,Farm,IT2
ASV_00069,ASV_00325,0.4714285714285714,pos,Farm,IT2
ASV_00069,ASV_00327,0.4852941176470588,pos,Farm,IT2
ASV_00069,ASV_00332,0.48175182481751827,pos,Farm,IT2
ASV_00069,ASV_00335,0.4444444444444444,pos,Farm,IT2
ASV_00069,ASV_00340,0.5217391304347826,pos,Farm,IT2
ASV_00069,ASV_00343,0.49640287769784175,pos,Farm,IT2
ASV_00069,ASV_00347,0.5514705882352942,pos,Farm,IT2
ASV_00069,ASV_00384,0.49635036496350365,pos,Farm,IT2
ASV_00069,ASV_00397,0.4927536231884058,pos,Farm,IT2
ASV_00069,ASV_00402,0.44776119402985076,pos,Farm,IT2
ASV_00069,ASV_00410,0.4748201438848921,pos,Farm,IT2
ASV_00069,ASV_00421,0.4928571428571429,pos,Farm,IT2
ASV_00069,ASV_00425,0.4888888888888889,pos,Farm,IT2
ASV_00069,ASV_00441,0.463768115942029,pos,Farm,IT2
ASV_00069,ASV_00459,0.4857142857142857,pos,Farm,IT2
ASV_00069,ASV_00460,0.475177304964539,pos,Farm,IT2
ASV_00069,ASV_00463,0.5217391304347826,pos,Farm,IT2
ASV_00069,ASV_00468,0.42748091603053434,pos,Farm,IT2
ASV_00069,ASV_00488,0.4965034965034965,pos,Farm,IT2
ASV_00069,ASV_00490,0.528169014084507,pos,Farm,IT2
ASV_00069,ASV_00493,0.5106382978723404,pos,Farm,IT2
ASV_00069,ASV_00495,0.45588235294117646,pos,Farm,IT2
ASV_00069,ASV_00513,0.4748201438848921,pos,Farm,IT2
ASV_00069,ASV_00529,0.48120300751879697,pos,Farm,IT2
ASV_00069,ASV_00533,0.4782608695652174,pos,Farm,IT2
ASV_00069,ASV_00536,0.4965034965034965,pos,Farm,IT2
ASV_00069,ASV_00543,0.4928571428571429,pos,Farm,IT2
ASV_00069,ASV_00548,0.48120300751879697,pos,Farm,IT2
ASV_00069,ASV_00550,0.4859154929577465,pos,Farm,IT2
ASV_00069,ASV_00612,0.4788732394366197,pos,Farm,IT2
ASV_00069,ASV_00613,0.4444444444444444,pos,Farm,IT2
ASV_00069,ASV_00618,0.49635036496350365,pos,Farm,IT2
ASV_00069,ASV_00620,0.5,pos,Farm,IT2
ASV_00069,ASV_00635,0.5,pos,Farm,IT2
ASV_00069,ASV_00651,0.49635036496350365,pos,Farm,IT2
ASV_00069,ASV_00668,0.463768115942029,pos,Farm,IT2
ASV_00069,ASV_00671,0.4744525547445255,pos,Farm,IT2
ASV_00069,ASV_00721,0.4485294117647059,pos,Farm,IT2
ASV_00069,ASV_00769,0.4748201438848921,pos,Farm,IT2
ASV_00069,ASV_00772,0.48201438848920863,pos,Farm,IT2
ASV_00069,ASV_00782,0.4748201438848921,pos,Farm,IT2
ASV_00069,ASV_00793,0.4962962962962963,pos,Farm,IT2
ASV_00069,ASV_00801,0.48872180451127817,pos,Farm,IT2
ASV_00069,ASV_00809,0.5384615384615384,pos,Farm,IT2
ASV_00069,ASV_00843,0.4788732394366197,pos,Farm,IT2
ASV_00069,ASV_00848,0.4788732394366197,pos,Farm,IT2
ASV_00069,ASV_00952,0.5112781954887218,pos,Farm,IT2
ASV_00069,ASV_00959,0.5147058823529411,pos,Farm,IT2
ASV_00069,ASV_00984,0.5109489051094891,pos,Farm,IT2
ASV_00069,ASV_00987,0.4852941176470588,pos,Farm,IT2
ASV_00069,ASV_00989,0.46616541353383456,pos,Farm,IT2
ASV_00069,ASV_01018,0.4744525547445255,pos,Farm,IT2
ASV_00069,ASV_01071,0.47101449275362317,pos,Farm,IT2
ASV_00069,ASV_01119,0.5140845070422535,pos,Farm,IT2
ASV_00069,ASV_01124,0.48201438848920863,pos,Farm,IT2
ASV_00069,ASV_01249,0.463768115942029,pos,Farm,IT2
ASV_00069,ASV_01328,0.47101449275362317,pos,Farm,IT2
ASV_00069,ASV_01342,0.5174825174825175,pos,Farm,IT2
ASV_00069,ASV_01349,0.48201438848920863,pos,Farm,IT2
ASV_00070,ASV_00073,0.5241379310344828,pos,Farm,IT2
ASV_00070,ASV_00077,0.5785714285714286,pos,Farm,IT2
ASV_00070,ASV_00090,0.56,pos,Farm,IT2
ASV_00070,ASV_00097,0.5035460992907801,pos,Farm,IT2
ASV_00070,ASV_00099,0.5337837837837838,pos,Farm,IT2
ASV_00070,ASV_00101,0.5069444444444444,pos,Farm,IT2
ASV_00070,ASV_00105,0.5136986301369864,pos,Farm,IT2
ASV_00070,ASV_00142,0.5347222222222222,pos,Farm,IT2
ASV_00070,ASV_00154,0.55,pos,Farm,IT2
ASV_00070,ASV_00155,0.5140845070422535,pos,Farm,IT2
ASV_00070,ASV_00168,0.5369127516778524,pos,Farm,IT2
ASV_00070,ASV_00172,0.5524475524475524,pos,Farm,IT2
ASV_00070,ASV_00173,0.5675675675675675,pos,Farm,IT2
ASV_00070,ASV_00194,0.5369127516778524,pos,Farm,IT2
ASV_00070,ASV_00199,0.5401459854014599,pos,Farm,IT2
ASV_00070,ASV_00213,0.5540540540540541,pos,Farm,IT2
ASV_00070,ASV_00218,0.5347222222222222,pos,Farm,IT2
ASV_00070,ASV_00227,0.5241379310344828,pos,Farm,IT2
ASV_00070,ASV_00228,0.4965034965034965,pos,Farm,IT2
ASV_00070,ASV_00233,0.5,pos,Farm,IT2
ASV_00070,ASV_00237,0.5510204081632653,pos,Farm,IT2
ASV_00070,ASV_00242,0.5182481751824818,pos,Farm,IT2
ASV_00070,ASV_00247,0.5314685314685315,pos,Farm,IT2
ASV_00070,ASV_00252,0.5103448275862069,pos,Farm,IT2
ASV_00070,ASV_00254,0.5985915492957746,pos,Farm,IT2
ASV_00070,ASV_00273,0.5205479452054794,pos,Farm,IT2
ASV_00070,ASV_00277,0.5503355704697986,pos,Farm,IT2
ASV_00070,ASV_00278,0.5517241379310345,pos,Farm,IT2
ASV_00070,ASV_00290,0.5496688741721855,pos,Farm,IT2
ASV_00070,ASV_00292,0.5374149659863946,pos,Farm,IT2
ASV_00070,ASV_00299,0.55,pos,Farm,IT2
ASV_00070,ASV_00307,0.5,pos,Farm,IT2
ASV_00070,ASV_00324,0.5208333333333334,pos,Farm,IT2
ASV_00070,ASV_00335,0.48936170212765956,pos,Farm,IT2
ASV_00070,ASV_00337,0.564625850340136,pos,Farm,IT2
ASV_00070,ASV_00347,0.5374149659863946,pos,Farm,IT2
ASV_00070,ASV_00390,0.5608108108108109,pos,Farm,IT2
ASV_00070,ASV_00391,0.4965034965034965,pos,Farm,IT2
ASV_00070,ASV_00393,0.5328467153284672,pos,Farm,IT2
ASV_00070,ASV_00402,0.48226950354609927,pos,Farm,IT2
ASV_00070,ASV_00409,0.5034965034965035,pos,Farm,IT2
ASV_00070,ASV_00428,0.5106382978723404,pos,Farm,IT2
ASV_00070,ASV_00440,0.5,pos,Farm,IT2
ASV_00070,ASV_00451,0.5369127516778524,pos,Farm,IT2
ASV_00070,ASV_00465,0.5172413793103449,pos,Farm,IT2
ASV_00070,ASV_00498,0.48936170212765956,pos,Farm,IT2
ASV_00070,ASV_00507,0.5347222222222222,pos,Farm,IT2
ASV_00070,ASV_00512,0.5436241610738255,pos,Farm,IT2
ASV_00070,ASV_00517,0.5,pos,Farm,IT2
ASV_00070,ASV_00541,0.5172413793103449,pos,Farm,IT2
ASV_00070,ASV_00548,0.5035460992907801,pos,Farm,IT2
ASV_00070,ASV_00556,0.5310344827586206,pos,Farm,IT2
ASV_00070,ASV_00566,0.5172413793103449,pos,Farm,IT2
ASV_00070,ASV_00569,0.5,pos,Farm,IT2
ASV_00070,ASV_00570,0.5177304964539007,pos,Farm,IT2
ASV_00070,ASV_00571,0.5448275862068965,pos,Farm,IT2
ASV_00070,ASV_00572,0.5958904109589042,pos,Farm,IT2
ASV_00070,ASV_00574,0.5694444444444444,pos,Farm,IT2
ASV_00070,ASV_00615,0.48951048951048953,pos,Farm,IT2
ASV_00070,ASV_00633,0.5273972602739726,pos,Farm,IT2
ASV_00070,ASV_00638,0.541095890410959,pos,Farm,IT2
ASV_00070,ASV_00721,0.5035460992907801,pos,Farm,IT2
ASV_00070,ASV_00726,0.5342465753424658,pos,Farm,IT2
ASV_00070,ASV_00758,0.5379310344827586,pos,Farm,IT2
ASV_00070,ASV_00772,0.5136986301369864,pos,Farm,IT2
ASV_00070,ASV_00781,0.5172413793103449,pos,Farm,IT2
ASV_00070,ASV_00808,0.5174825174825175,pos,Farm,IT2
ASV_00070,ASV_00842,0.5070422535211268,pos,Farm,IT2
ASV_00070,ASV_00843,0.5517241379310345,pos,Farm,IT2
ASV_00070,ASV_00880,0.5104895104895105,pos,Farm,IT2
ASV_00070,ASV_00931,0.5174825174825175,pos,Farm,IT2
ASV_00070,ASV_00935,0.5136986301369864,pos,Farm,IT2
ASV_00070,ASV_00959,0.5136986301369864,pos,Farm,IT2
ASV_00070,ASV_01092,0.5436241610738255,pos,Farm,IT2
ASV_00070,ASV_01152,0.5103448275862069,pos,Farm,IT2
ASV_00070,ASV_01153,0.5104895104895105,pos,Farm,IT2
ASV_00070,ASV_01342,0.5466666666666666,pos,Farm,IT2
ASV_00070,ASV_01368,0.5136986301369864,pos,Farm,IT2
ASV_00070,ASV_01541,0.5379310344827586,pos,Farm,IT2
ASV_00071,ASV_00077,0.5179856115107914,pos,Farm,IT2
ASV_00071,ASV_00080,0.5,pos,Farm,IT2
ASV_00071,ASV_00081,0.47794117647058826,pos,Farm,IT2
ASV_00071,ASV_00087,0.4928571428571429,pos,Farm,IT2
ASV_00071,ASV_00089,0.5,pos,Farm,IT2
ASV_00071,ASV_00095,0.5,pos,Farm,IT2
ASV_00071,ASV_00101,0.4892086330935252,pos,Farm,IT2
ASV_00071,ASV_00110,0.5,pos,Farm,IT2
ASV_00071,ASV_00113,0.4748201438848921,pos,Farm,IT2
ASV_00071,ASV_00118,0.5070422535211268,pos,Farm,IT2
ASV_00071,ASV_00122,0.4892086330935252,pos,Farm,IT2
ASV_00071,ASV_00125,0.5111111111111111,pos,Farm,IT2
ASV_00071,ASV_00132,0.49635036496350365,pos,Farm,IT2
ASV_00071,ASV_00139,0.5,pos,Farm,IT2
ASV_00071,ASV_00141,0.4927536231884058,pos,Farm,IT2
ASV_00071,ASV_00144,0.4785714285714286,pos,Farm,IT2
ASV_00071,ASV_00150,0.4855072463768116,pos,Farm,IT2
ASV_00071,ASV_00161,0.5034965034965035,pos,Farm,IT2
ASV_00071,ASV_00166,0.49295774647887325,pos,Farm,IT2
ASV_00071,ASV_00170,0.5302013422818792,pos,Farm,IT2
ASV_00071,ASV_00178,0.4965034965034965,pos,Farm,IT2
ASV_00071,ASV_00181,0.5140845070422535,pos,Farm,IT2
ASV_00071,ASV_00185,0.4928571428571429,pos,Farm,IT2
ASV_00071,ASV_00186,0.5035460992907801,pos,Farm,IT2
ASV_00071,ASV_00187,0.48936170212765956,pos,Farm,IT2
ASV_00071,ASV_00192,0.5107913669064749,pos,Farm,IT2
ASV_00071,ASV_00197,0.49645390070921985,pos,Farm,IT2
ASV_00071,ASV_00198,0.5144927536231884,pos,Farm,IT2
ASV_00071,ASV_00200,0.49635036496350365,pos,Farm,IT2
ASV_00071,ASV_00211,0.4852941176470588,pos,Farm,IT2
ASV_00071,ASV_00212,0.4928571428571429,pos,Farm,IT2
ASV_00071,ASV_00213,0.5384615384615384,pos,Farm,IT2
ASV_00071,ASV_00230,0.5070422535211268,pos,Farm,IT2
ASV_00071,ASV_00231,0.48226950354609927,pos,Farm,IT2
ASV_00071,ASV_00232,0.5428571428571428,pos,Farm,IT2
ASV_00071,ASV_00233,0.5259259259259259,pos,Farm,IT2
ASV_00071,ASV_00237,0.5571428571428572,pos,Farm,IT2
ASV_00071,ASV_00244,0.4859154929577465,pos,Farm,IT2
ASV_00071,ASV_00254,0.5069444444444444,pos,Farm,IT2
ASV_00071,ASV_00259,0.5038167938931297,pos,Farm,IT2
ASV_00071,ASV_00267,0.5,pos,Farm,IT2
ASV_00071,ASV_00270,0.5238095238095238,pos,Farm,IT2
ASV_00071,ASV_00271,0.45864661654135336,pos,Farm,IT2
ASV_00071,ASV_00278,0.5034965034965035,pos,Farm,IT2
ASV_00071,ASV_00283,0.5104895104895105,pos,Farm,IT2
ASV_00071,ASV_00284,0.4782608695652174,pos,Farm,IT2
ASV_00071,ASV_00285,0.4892086330935252,pos,Farm,IT2
ASV_00071,ASV_00286,0.4859154929577465,pos,Farm,IT2
ASV_00071,ASV_00287,0.5220588235294118,pos,Farm,IT2
ASV_00071,ASV_00292,0.5211267605633803,pos,Farm,IT2
ASV_00071,ASV_00293,0.5273972602739726,pos,Farm,IT2
ASV_00071,ASV_00294,0.4965034965034965,pos,Farm,IT2
ASV_00071,ASV_00295,0.5323741007194245,pos,Farm,IT2
ASV_00071,ASV_00296,0.463768115942029,pos,Farm,IT2
ASV_00071,ASV_00297,0.48936170212765956,pos,Farm,IT2
ASV_00071,ASV_00312,0.5539568345323741,pos,Farm,IT2
ASV_00071,ASV_00318,0.49295774647887325,pos,Farm,IT2
ASV_00071,ASV_00325,0.5401459854014599,pos,Farm,IT2
ASV_00071,ASV_00335,0.47058823529411764,pos,Farm,IT2
ASV_00071,ASV_00337,0.5172413793103449,pos,Farm,IT2
ASV_00071,ASV_00339,0.48905109489051096,pos,Farm,IT2
ASV_00071,ASV_00345,0.5211267605633803,pos,Farm,IT2
ASV_00071,ASV_00346,0.5109489051094891,pos,Farm,IT2
ASV_00071,ASV_00356,0.5244755244755245,pos,Farm,IT2
ASV_00071,ASV_00357,0.4748201438848921,pos,Farm,IT2
ASV_00071,ASV_00359,0.463768115942029,pos,Farm,IT2
ASV_00071,ASV_00361,0.5,pos,Farm,IT2
ASV_00071,ASV_00377,0.48175182481751827,pos,Farm,IT2
ASV_00071,ASV_00382,0.5034965034965035,pos,Farm,IT2
ASV_00071,ASV_00387,0.5588235294117647,pos,Farm,IT2
ASV_00071,ASV_00412,0.4676258992805755,pos,Farm,IT2
ASV_00071,ASV_00421,0.5070422535211268,pos,Farm,IT2
ASV_00071,ASV_00425,0.4927536231884058,pos,Farm,IT2
ASV_00071,ASV_00441,0.5,pos,Farm,IT2
ASV_00071,ASV_00443,0.48201438848920863,pos,Farm,IT2
ASV_00071,ASV_00452,0.48201438848920863,pos,Farm,IT2
ASV_00071,ASV_00463,0.5034965034965035,pos,Farm,IT2
ASV_00071,ASV_00464,0.5,pos,Farm,IT2
ASV_00071,ASV_00465,0.5,pos,Farm,IT2
ASV_00071,ASV_00468,0.4883720930232558,pos,Farm,IT2
ASV_00071,ASV_00482,0.5472972972972973,pos,Farm,IT2
ASV_00071,ASV_00485,0.5070422535211268,pos,Farm,IT2
ASV_00071,ASV_00486,0.5347222222222222,pos,Farm,IT2
ASV_00071,ASV_00490,0.5205479452054794,pos,Farm,IT2
ASV_00071,ASV_00493,0.503448275862069,pos,Farm,IT2
ASV_00071,ASV_00498,0.45985401459854014,pos,Farm,IT2
ASV_00071,ASV_00503,0.5107913669064749,pos,Farm,IT2
ASV_00071,ASV_00504,0.5454545454545454,pos,Farm,IT2
ASV_00071,ASV_00507,0.5179856115107914,pos,Farm,IT2
ASV_00071,ASV_00513,0.48936170212765956,pos,Farm,IT2
ASV_00071,ASV_00520,0.5070422535211268,pos,Farm,IT2
ASV_00071,ASV_00559,0.48226950354609927,pos,Farm,IT2
ASV_00071,ASV_00570,0.4782608695652174,pos,Farm,IT2
ASV_00071,ASV_00576,0.5255474452554745,pos,Farm,IT2
ASV_00071,ASV_00587,0.4785714285714286,pos,Farm,IT2
ASV_00071,ASV_00595,0.5681818181818182,pos,Farm,IT2
ASV_00071,ASV_00612,0.5034965034965035,pos,Farm,IT2
ASV_00071,ASV_00615,0.48175182481751827,pos,Farm,IT2
ASV_00071,ASV_00633,0.5,pos,Farm,IT2
ASV_00071,ASV_00643,0.49645390070921985,pos,Farm,IT2
ASV_00071,ASV_00654,0.4676258992805755,pos,Farm,IT2
ASV_00071,ASV_00656,0.5251798561151079,pos,Farm,IT2
ASV_00071,ASV_00665,0.47101449275362317,pos,Farm,IT2
ASV_00071,ASV_00671,0.4892086330935252,pos,Farm,IT2
ASV_00071,ASV_00679,0.524822695035461,pos,Farm,IT2
ASV_00071,ASV_00686,0.5362318840579711,pos,Farm,IT2
ASV_00071,ASV_00687,0.5,pos,Farm,IT2
ASV_00071,ASV_00697,0.4782608695652174,pos,Farm,IT2
ASV_00071,ASV_00709,0.5217391304347826,pos,Farm,IT2
ASV_00071,ASV_00714,0.5074626865671642,pos,Farm,IT2
ASV_00071,ASV_00718,0.48175182481751827,pos,Farm,IT2
ASV_00071,ASV_00721,0.463768115942029,pos,Farm,IT2
ASV_00071,ASV_00726,0.5070422535211268,pos,Farm,IT2
ASV_00071,ASV_00757,0.4965034965034965,pos,Farm,IT2
ASV_00071,ASV_00772,0.5179856115107914,pos,Farm,IT2
ASV_00071,ASV_00801,0.48175182481751827,pos,Farm,IT2
ASV_00071,ASV_00802,0.5138888888888888,pos,Farm,IT2
ASV_00071,ASV_00807,0.5251798561151079,pos,Farm,IT2
ASV_00071,ASV_00809,0.5306122448979592,pos,Farm,IT2
ASV_00071,ASV_00815,0.527027027027027,pos,Farm,IT2
ASV_00071,ASV_00842,0.4676258992805755,pos,Farm,IT2
ASV_00071,ASV_00848,0.5140845070422535,pos,Farm,IT2
ASV_00071,ASV_00909,0.5109489051094891,pos,Farm,IT2
ASV_00071,ASV_00931,0.5220588235294118,pos,Farm,IT2
ASV_00071,ASV_00984,0.5035460992907801,pos,Farm,IT2
ASV_00071,ASV_01092,0.5172413793103449,pos,Farm,IT2
ASV_00071,ASV_01152,0.48226950354609927,pos,Farm,IT2
ASV_00071,ASV_01204,0.5138888888888888,pos,Farm,IT2
ASV_00071,ASV_01288,0.5620437956204379,pos,Farm,IT2
ASV_00071,ASV_01349,0.49645390070921985,pos,Farm,IT2
ASV_00071,ASV_01385,0.5144927536231884,pos,Farm,IT2
ASV_00071,ASV_01459,0.4857142857142857,pos,Farm,IT2
ASV_00071,ASV_01941,0.5070422535211268,pos,Farm,IT2
ASV_00072,ASV_00073,0.5724137931034483,pos,Farm,IT2
ASV_00072,ASV_00076,0.6197183098591549,pos,Farm,IT2
ASV_00072,ASV_00077,0.5510204081632653,pos,Farm,IT2
ASV_00072,ASV_00078,0.5416666666666666,pos,Farm,IT2
ASV_00072,ASV_00079,0.5862068965517241,pos,Farm,IT2
ASV_00072,ASV_00081,0.503448275862069,pos,Farm,IT2
ASV_00072,ASV_00088,0.5763888888888888,pos,Farm,IT2
ASV_00072,ASV_00089,0.5436241610738255,pos,Farm,IT2
ASV_00072,ASV_00093,0.564625850340136,pos,Farm,IT2
ASV_00072,ASV_00098,0.54421768707483,pos,Farm,IT2
ASV_00072,ASV_00099,0.5704697986577181,pos,Farm,IT2
ASV_00072,ASV_00103,0.5637583892617449,pos,Farm,IT2
ASV_00072,ASV_00104,0.5170068027210885,pos,Farm,IT2
ASV_00072,ASV_00108,0.49645390070921985,pos,Farm,IT2
ASV_00072,ASV_00111,0.528169014084507,pos,Farm,IT2
ASV_00072,ASV_00112,0.5337837837837838,pos,Farm,IT2
ASV_00072,ASV_00113,0.5633802816901409,pos,Farm,IT2
ASV_00072,ASV_00116,0.547945205479452,pos,Farm,IT2
ASV_00072,ASV_00122,0.5774647887323944,pos,Farm,IT2
ASV_00072,ASV_00125,0.5241379310344828,pos,Farm,IT2
ASV_00072,ASV_00127,0.5540540540540541,pos,Farm,IT2
ASV_00072,ASV_00129,0.5804195804195804,pos,Farm,IT2
ASV_00072,ASV_00133,0.5845070422535211,pos,Farm,IT2
ASV_00072,ASV_00136,0.5753424657534246,pos,Farm,IT2
ASV_00072,ASV_00138,0.5586206896551724,pos,Farm,IT2
ASV_00072,ASV_00140,0.5486111111111112,pos,Farm,IT2
ASV_00072,ASV_00146,0.5666666666666667,pos,Farm,IT2
ASV_00072,ASV_00151,0.5416666666666666,pos,Farm,IT2
ASV_00072,ASV_00152,0.6027397260273972,pos,Farm,IT2
ASV_00072,ASV_00154,0.5238095238095238,pos,Farm,IT2
ASV_00072,ASV_00155,0.5205479452054794,pos,Farm,IT2
ASV_00072,ASV_00157,0.5570469798657718,pos,Farm,IT2
ASV_00072,ASV_00160,0.541095890410959,pos,Farm,IT2
ASV_00072,ASV_00162,0.5655172413793104,pos,Farm,IT2
ASV_00072,ASV_00164,0.5170068027210885,pos,Farm,IT2
ASV_00072,ASV_00165,0.5492957746478874,pos,Farm,IT2
ASV_00072,ASV_00166,0.5369127516778524,pos,Farm,IT2
ASV_00072,ASV_00167,0.5503355704697986,pos,Farm,IT2
ASV_00072,ASV_00168,0.5838926174496645,pos,Farm,IT2
ASV_00072,ASV_00169,0.5436241610738255,pos,Farm,IT2
ASV_00072,ASV_00170,0.6118421052631579,pos,Farm,IT2
ASV_00072,ASV_00172,0.5369127516778524,pos,Farm,IT2
ASV_00072,ASV_00181,0.5782312925170068,pos,Farm,IT2
ASV_00072,ASV_00186,0.6013986013986014,pos,Farm,IT2
ASV_00072,ASV_00187,0.5655172413793104,pos,Farm,IT2
ASV_00072,ASV_00188,0.5533333333333333,pos,Farm,IT2
ASV_00072,ASV_00193,0.5714285714285714,pos,Farm,IT2
ASV_00072,ASV_00195,0.6083916083916084,pos,Farm,IT2
ASV_00072,ASV_00196,0.5068493150684932,pos,Farm,IT2
ASV_00072,ASV_00197,0.5616438356164384,pos,Farm,IT2
ASV_00072,ASV_00198,0.527027027027027,pos,Farm,IT2
ASV_00072,ASV_00199,0.5352112676056338,pos,Farm,IT2
ASV_00072,ASV_00200,0.5633802816901409,pos,Farm,IT2
ASV_00072,ASV_00208,0.5306122448979592,pos,Farm,IT2
ASV_00072,ASV_00211,0.5103448275862069,pos,Farm,IT2
ASV_00072,ASV_00212,0.547945205479452,pos,Farm,IT2
ASV_00072,ASV_00213,0.5695364238410596,pos,Farm,IT2
ASV_00072,ASV_00214,0.5547945205479452,pos,Farm,IT2
ASV_00072,ASV_00216,0.5625,pos,Farm,IT2
ASV_00072,ASV_00218,0.5833333333333334,pos,Farm,IT2
ASV_00072,ASV_00229,0.5763888888888888,pos,Farm,IT2
ASV_00072,ASV_00230,0.5821917808219178,pos,Farm,IT2
ASV_00072,ASV_00231,0.527027027027027,pos,Farm,IT2
ASV_00072,ASV_00233,0.5379310344827586,pos,Farm,IT2
ASV_00072,ASV_00235,0.5070422535211268,pos,Farm,IT2
ASV_00072,ASV_00237,0.5666666666666667,pos,Farm,IT2
ASV_00072,ASV_00238,0.5540540540540541,pos,Farm,IT2
ASV_00072,ASV_00240,0.5555555555555556,pos,Farm,IT2
ASV_00072,ASV_00243,0.5369127516778524,pos,Farm,IT2
ASV_00072,ASV_00247,0.5586206896551724,pos,Farm,IT2
ASV_00072,ASV_00252,0.5374149659863946,pos,Farm,IT2
ASV_00072,ASV_00262,0.5570469798657718,pos,Farm,IT2
ASV_00072,ASV_00263,0.56,pos,Farm,IT2
ASV_00072,ASV_00265,0.5273972602739726,pos,Farm,IT2
ASV_00072,ASV_00269,0.6118421052631579,pos,Farm,IT2
ASV_00072,ASV_00270,0.5960264900662252,pos,Farm,IT2
ASV_00072,ASV_00271,0.5289855072463768,pos,Farm,IT2
ASV_00072,ASV_00273,0.5369127516778524,pos,Farm,IT2
ASV_00072,ASV_00276,0.5637583892617449,pos,Farm,IT2
ASV_00072,ASV_00280,0.5238095238095238,pos,Farm,IT2
ASV_00072,ASV_00283,0.5533333333333333,pos,Farm,IT2
ASV_00072,ASV_00284,0.5241379310344828,pos,Farm,IT2
ASV_00072,ASV_00288,0.5704697986577181,pos,Farm,IT2
ASV_00072,ASV_00292,0.6180555555555556,pos,Farm,IT2
ASV_00072,ASV_00295,0.5862068965517241,pos,Farm,IT2
ASV_00072,ASV_00296,0.5314685314685315,pos,Farm,IT2
ASV_00072,ASV_00299,0.5238095238095238,pos,Farm,IT2
ASV_00072,ASV_00309,0.593103448275862,pos,Farm,IT2
ASV_00072,ASV_00312,0.5850340136054422,pos,Farm,IT2
ASV_00072,ASV_00315,0.5103448275862069,pos,Farm,IT2
ASV_00072,ASV_00318,0.5578231292517006,pos,Farm,IT2
ASV_00072,ASV_00320,0.5347222222222222,pos,Farm,IT2
ASV_00072,ASV_00321,0.5973154362416108,pos,Farm,IT2
ASV_00072,ASV_00323,0.5405405405405406,pos,Farm,IT2
ASV_00072,ASV_00326,0.5486111111111112,pos,Farm,IT2
ASV_00072,ASV_00335,0.528169014084507,pos,Farm,IT2
ASV_00072,ASV_00337,0.58,pos,Farm,IT2
ASV_00072,ASV_00339,0.5136986301369864,pos,Farm,IT2
ASV_00072,ASV_00340,0.5570469798657718,pos,Farm,IT2
ASV_00072,ASV_00342,0.54421768707483,pos,Farm,IT2
ASV_00072,ASV_00343,0.5753424657534246,pos,Farm,IT2
ASV_00072,ASV_00345,0.5637583892617449,pos,Farm,IT2
ASV_00072,ASV_00350,0.4965034965034965,pos,Farm,IT2
ASV_00072,ASV_00356,0.5562913907284768,pos,Farm,IT2
ASV_00072,ASV_00359,0.5314685314685315,pos,Farm,IT2
ASV_00072,ASV_00361,0.5850340136054422,pos,Farm,IT2
ASV_00072,ASV_00367,0.5379310344827586,pos,Farm,IT2
ASV_00072,ASV_00368,0.527027027027027,pos,Farm,IT2
ASV_00072,ASV_00369,0.5793103448275863,pos,Farm,IT2
ASV_00072,ASV_00377,0.5068493150684932,pos,Farm,IT2
ASV_00072,ASV_00378,0.5771812080536913,pos,Farm,IT2
ASV_00072,ASV_00403,0.5675675675675675,pos,Farm,IT2
ASV_00072,ASV_00404,0.5241379310344828,pos,Farm,IT2
ASV_00072,ASV_00406,0.5241379310344828,pos,Farm,IT2
ASV_00072,ASV_00407,0.5306122448979592,pos,Farm,IT2
ASV_00072,ASV_00411,0.5578231292517006,pos,Farm,IT2
ASV_00072,ASV_00415,0.5510204081632653,pos,Farm,IT2
ASV_00072,ASV_00423,0.5637583892617449,pos,Farm,IT2
ASV_00072,ASV_00425,0.5486111111111112,pos,Farm,IT2
ASV_00072,ASV_00438,0.54421768707483,pos,Farm,IT2
ASV_00072,ASV_00441,0.5342465753424658,pos,Farm,IT2
ASV_00072,ASV_00442,0.56,pos,Farm,IT2
ASV_00072,ASV_00443,0.5170068027210885,pos,Farm,IT2
ASV_00072,ASV_00447,0.5743243243243243,pos,Farm,IT2
ASV_00072,ASV_00452,0.5486111111111112,pos,Farm,IT2
ASV_00072,ASV_00455,0.5342465753424658,pos,Farm,IT2
ASV_00072,ASV_00458,0.5241379310344828,pos,Farm,IT2
ASV_00072,ASV_00459,0.5753424657534246,pos,Farm,IT2
ASV_00072,ASV_00460,0.5753424657534246,pos,Farm,IT2
ASV_00072,ASV_00465,0.5337837837837838,pos,Farm,IT2
ASV_00072,ASV_00485,0.5608108108108109,pos,Farm,IT2
ASV_00072,ASV_00490,0.5827814569536424,pos,Farm,IT2
ASV_00072,ASV_00493,0.5562913907284768,pos,Farm,IT2
ASV_00072,ASV_00494,0.5616438356164384,pos,Farm,IT2
ASV_00072,ASV_00498,0.5390070921985816,pos,Farm,IT2
ASV_00072,ASV_00508,0.5555555555555556,pos,Farm,IT2
ASV_00072,ASV_00513,0.5655172413793104,pos,Farm,IT2
ASV_00072,ASV_00514,0.609271523178808,pos,Farm,IT2
ASV_00072,ASV_00518,0.6122448979591837,pos,Farm,IT2
ASV_00072,ASV_00528,0.5238095238095238,pos,Farm,IT2
ASV_00072,ASV_00530,0.5510204081632653,pos,Farm,IT2
ASV_00072,ASV_00534,0.5723684210526315,pos,Farm,IT2
ASV_00072,ASV_00536,0.5629139072847682,pos,Farm,IT2
ASV_00072,ASV_00541,0.5763888888888888,pos,Farm,IT2
ASV_00072,ASV_00542,0.6013513513513513,pos,Farm,IT2
ASV_00072,ASV_00544,0.547945205479452,pos,Farm,IT2
ASV_00072,ASV_00548,0.5314685314685315,pos,Farm,IT2
ASV_00072,ASV_00550,0.5637583892617449,pos,Farm,IT2
ASV_00072,ASV_00555,0.6041666666666666,pos,Farm,IT2
ASV_00072,ASV_00569,0.5273972602739726,pos,Farm,IT2
ASV_00072,ASV_00571,0.5608108108108109,pos,Farm,IT2
ASV_00072,ASV_00574,0.5743243243243243,pos,Farm,IT2
ASV_00072,ASV_00592,0.5405405405405406,pos,Farm,IT2
ASV_00072,ASV_00618,0.54421768707483,pos,Farm,IT2
ASV_00072,ASV_00622,0.55,pos,Farm,IT2
ASV_00072,ASV_00628,0.5306122448979592,pos,Farm,IT2
ASV_00072,ASV_00635,0.5562913907284768,pos,Farm,IT2
ASV_00072,ASV_00636,0.5921052631578947,pos,Farm,IT2
ASV_00072,ASV_00641,0.5666666666666667,pos,Farm,IT2
ASV_00072,ASV_00651,0.54421768707483,pos,Farm,IT2
ASV_00072,ASV_00656,0.5684931506849316,pos,Farm,IT2
ASV_00072,ASV_00668,0.5238095238095238,pos,Farm,IT2
ASV_00072,ASV_00671,0.5238095238095238,pos,Farm,IT2
ASV_00072,ASV_00673,0.5657894736842105,pos,Farm,IT2
ASV_00072,ASV_00676,0.5733333333333334,pos,Farm,IT2
ASV_00072,ASV_00679,0.5466666666666666,pos,Farm,IT2
ASV_00072,ASV_00687,0.54421768707483,pos,Farm,IT2
ASV_00072,ASV_00721,0.5422535211267606,pos,Farm,IT2
ASV_00072,ASV_00724,0.5238095238095238,pos,Farm,IT2
ASV_00072,ASV_00758,0.5753424657534246,pos,Farm,IT2
ASV_00072,ASV_00798,0.5743243243243243,pos,Farm,IT2
ASV_00072,ASV_00801,0.5068493150684932,pos,Farm,IT2
ASV_00072,ASV_00807,0.5369127516778524,pos,Farm,IT2
ASV_00072,ASV_00808,0.5448275862068965,pos,Farm,IT2
ASV_00072,ASV_00809,0.5816993464052288,pos,Farm,IT2
ASV_00072,ASV_00811,0.589041095890411,pos,Farm,IT2
ASV_00072,ASV_00817,0.5733333333333334,pos,Farm,IT2
ASV_00072,ASV_00821,0.5753424657534246,pos,Farm,IT2
ASV_00072,ASV_00843,0.5570469798657718,pos,Farm,IT2
ASV_00072,ASV_00848,0.589041095890411,pos,Farm,IT2
ASV_00072,ASV_00865,0.5369127516778524,pos,Farm,IT2
ASV_00072,ASV_00873,0.5277777777777778,pos,Farm,IT2
ASV_00072,ASV_00875,0.5906040268456376,pos,Farm,IT2
ASV_00072,ASV_00890,0.5436241610738255,pos,Farm,IT2
ASV_00072,ASV_00891,0.5751633986928104,pos,Farm,IT2
ASV_00072,ASV_00924,0.5539568345323741,pos,Farm,IT2
ASV_00072,ASV_00929,0.5637583892617449,pos,Farm,IT2
ASV_00072,ASV_00931,0.5886524822695035,pos,Farm,IT2
ASV_00072,ASV_00935,0.5510204081632653,pos,Farm,IT2
ASV_00072,ASV_00984,0.5472972972972973,pos,Farm,IT2
ASV_00072,ASV_01018,0.5238095238095238,pos,Farm,IT2
ASV_00072,ASV_01071,0.541095890410959,pos,Farm,IT2
ASV_00072,ASV_01087,0.5436241610738255,pos,Farm,IT2
ASV_00072,ASV_01092,0.5906040268456376,pos,Farm,IT2
ASV_00072,ASV_01119,0.5906040268456376,pos,Farm,IT2
ASV_00072,ASV_01124,0.5405405405405406,pos,Farm,IT2
ASV_00072,ASV_01153,0.5170068027210885,pos,Farm,IT2
ASV_00072,ASV_01179,0.5416666666666666,pos,Farm,IT2
ASV_00072,ASV_01223,0.539568345323741,pos,Farm,IT2
ASV_00072,ASV_01249,0.5448275862068965,pos,Farm,IT2
ASV_00072,ASV_01250,0.5838926174496645,pos,Farm,IT2
ASV_00072,ASV_01288,0.5714285714285714,pos,Farm,IT2
ASV_00072,ASV_01385,0.527027027027027,pos,Farm,IT2
ASV_00072,ASV_01491,0.5655172413793104,pos,Farm,IT2
ASV_00072,ASV_01578,0.5369127516778524,pos,Farm,IT2
ASV_00072,ASV_01941,0.5503355704697986,pos,Farm,IT2
ASV_00072,ASV_02149,0.5205479452054794,pos,Farm,IT2
ASV_00073,ASV_00077,0.5244755244755245,pos,Farm,IT2
ASV_00073,ASV_00079,0.5277777777777778,pos,Farm,IT2
ASV_00073,ASV_00081,0.5294117647058824,pos,Farm,IT2
ASV_00073,ASV_00087,0.5104895104895105,pos,Farm,IT2
ASV_00073,ASV_00093,0.5492957746478874,pos,Farm,IT2
ASV_00073,ASV_00097,0.48226950354609927,pos,Farm,IT2
ASV_00073,ASV_00100,0.5,pos,Farm,IT2
ASV_00073,ASV_00104,0.5106382978723404,pos,Farm,IT2
ASV_00073,ASV_00105,0.5138888888888888,pos,Farm,IT2
ASV_00073,ASV_00108,0.47794117647058826,pos,Farm,IT2
ASV_00073,ASV_00110,0.5486111111111112,pos,Farm,IT2
ASV_00073,ASV_00111,0.4892086330935252,pos,Farm,IT2
ASV_00073,ASV_00112,0.5174825174825175,pos,Farm,IT2
ASV_00073,ASV_00116,0.5,pos,Farm,IT2
ASV_00073,ASV_00125,0.49645390070921985,pos,Farm,IT2
ASV_00073,ASV_00127,0.5384615384615384,pos,Farm,IT2
ASV_00073,ASV_00128,0.5510204081632653,pos,Farm,IT2
ASV_00073,ASV_00131,0.5140845070422535,pos,Farm,IT2
ASV_00073,ASV_00133,0.5140845070422535,pos,Farm,IT2
ASV_00073,ASV_00137,0.4965034965034965,pos,Farm,IT2
ASV_00073,ASV_00148,0.5547945205479452,pos,Farm,IT2
ASV_00073,ASV_00152,0.5448275862068965,pos,Farm,IT2
ASV_00073,ASV_00155,0.49295774647887325,pos,Farm,IT2
ASV_00073,ASV_00159,0.5277777777777778,pos,Farm,IT2
ASV_00073,ASV_00184,0.5034965034965035,pos,Farm,IT2
ASV_00073,ASV_00192,0.5390070921985816,pos,Farm,IT2
ASV_00073,ASV_00197,0.5244755244755245,pos,Farm,IT2
ASV_00073,ASV_00200,0.5142857142857142,pos,Farm,IT2
ASV_00073,ASV_00202,0.4857142857142857,pos,Farm,IT2
ASV_00073,ASV_00210,0.5337837837837838,pos,Farm,IT2
ASV_00073,ASV_00216,0.5357142857142857,pos,Farm,IT2
ASV_00073,ASV_00229,0.5174825174825175,pos,Farm,IT2
ASV_00073,ASV_00230,0.5136986301369864,pos,Farm,IT2
ASV_00073,ASV_00233,0.5214285714285715,pos,Farm,IT2
ASV_00073,ASV_00240,0.5620437956204379,pos,Farm,IT2
ASV_00073,ASV_00242,0.49635036496350365,pos,Farm,IT2
ASV_00073,ASV_00247,0.5,pos,Farm,IT2
ASV_00073,ASV_00252,0.5104895104895105,pos,Farm,IT2
ASV_00073,ASV_00254,0.5238095238095238,pos,Farm,IT2
ASV_00073,ASV_00262,0.5524475524475524,pos,Farm,IT2
ASV_00073,ASV_00264,0.49295774647887325,pos,Farm,IT2
ASV_00073,ASV_00266,0.5899280575539568,pos,Farm,IT2
ASV_00073,ASV_00267,0.49645390070921985,pos,Farm,IT2
ASV_00073,ASV_00270,0.5608108108108109,pos,Farm,IT2
ASV_00073,ASV_00271,0.45652173913043476,pos,Farm,IT2
ASV_00073,ASV_00277,0.5405405405405406,pos,Farm,IT2
ASV_00073,ASV_00282,0.5140845070422535,pos,Farm,IT2
ASV_00073,ASV_00284,0.49645390070921985,pos,Farm,IT2
ASV_00073,ASV_00290,0.54,pos,Farm,IT2
ASV_00073,ASV_00295,0.5172413793103449,pos,Farm,IT2
ASV_00073,ASV_00299,0.5070422535211268,pos,Farm,IT2
ASV_00073,ASV_00304,0.5472972972972973,pos,Farm,IT2
ASV_00073,ASV_00308,0.5507246376811594,pos,Farm,IT2
ASV_00073,ASV_00309,0.5136986301369864,pos,Farm,IT2
ASV_00073,ASV_00315,0.5035971223021583,pos,Farm,IT2
ASV_00073,ASV_00317,0.5539568345323741,pos,Farm,IT2
ASV_00073,ASV_00318,0.5531914893617021,pos,Farm,IT2
ASV_00073,ASV_00320,0.5071428571428571,pos,Farm,IT2
ASV_00073,ASV_00321,0.5405405405405406,pos,Farm,IT2
ASV_00073,ASV_00324,0.5,pos,Farm,IT2
ASV_00073,ASV_00340,0.5416666666666666,pos,Farm,IT2
ASV_00073,ASV_00345,0.5273972602739726,pos,Farm,IT2
ASV_00073,ASV_00350,0.4676258992805755,pos,Farm,IT2
ASV_00073,ASV_00353,0.5034965034965035,pos,Farm,IT2
ASV_00073,ASV_00365,0.528169014084507,pos,Farm,IT2
ASV_00073,ASV_00367,0.5,pos,Farm,IT2
ASV_00073,ASV_00391,0.4859154929577465,pos,Farm,IT2
ASV_00073,ASV_00393,0.4892086330935252,pos,Farm,IT2
ASV_00073,ASV_00402,0.48201438848920863,pos,Farm,IT2
ASV_00073,ASV_00409,0.49295774647887325,pos,Farm,IT2
ASV_00073,ASV_00442,0.5238095238095238,pos,Farm,IT2
ASV_00073,ASV_00443,0.5,pos,Farm,IT2
ASV_00073,ASV_00453,0.5172413793103449,pos,Farm,IT2
ASV_00073,ASV_00454,0.5448275862068965,pos,Farm,IT2
ASV_00073,ASV_00459,0.5384615384615384,pos,Farm,IT2
ASV_00073,ASV_00465,0.5069444444444444,pos,Farm,IT2
ASV_00073,ASV_00468,0.4632352941176471,pos,Farm,IT2
ASV_00073,ASV_00490,0.5472972972972973,pos,Farm,IT2
ASV_00073,ASV_00496,0.5314685314685315,pos,Farm,IT2
ASV_00073,ASV_00507,0.5138888888888888,pos,Farm,IT2
ASV_00073,ASV_00508,0.4965034965034965,pos,Farm,IT2
ASV_00073,ASV_00518,0.5874125874125874,pos,Farm,IT2
ASV_00073,ASV_00524,0.5142857142857142,pos,Farm,IT2
ASV_00073,ASV_00528,0.5285714285714286,pos,Farm,IT2
ASV_00073,ASV_00536,0.547945205479452,pos,Farm,IT2
ASV_00073,ASV_00542,0.5337837837837838,pos,Farm,IT2
ASV_00073,ASV_00548,0.4928571428571429,pos,Farm,IT2
ASV_00073,ASV_00550,0.5486111111111112,pos,Farm,IT2
ASV_00073,ASV_00569,0.5214285714285715,pos,Farm,IT2
ASV_00073,ASV_00594,0.5244755244755245,pos,Farm,IT2
ASV_00073,ASV_00612,0.5416666666666666,pos,Farm,IT2
ASV_00073,ASV_00613,0.5,pos,Farm,IT2
ASV_00073,ASV_00630,0.4928571428571429,pos,Farm,IT2
ASV_00073,ASV_00641,0.5306122448979592,pos,Farm,IT2
ASV_00073,ASV_00645,0.5107913669064749,pos,Farm,IT2
ASV_00073,ASV_00662,0.5661764705882353,pos,Farm,IT2
ASV_00073,ASV_00679,0.5205479452054794,pos,Farm,IT2
ASV_00073,ASV_00687,0.528169014084507,pos,Farm,IT2
ASV_00073,ASV_00728,0.49640287769784175,pos,Farm,IT2
ASV_00073,ASV_00758,0.5172413793103449,pos,Farm,IT2
ASV_00073,ASV_00772,0.5138888888888888,pos,Farm,IT2
ASV_00073,ASV_00793,0.5070422535211268,pos,Farm,IT2
ASV_00073,ASV_00801,0.5,pos,Farm,IT2
ASV_00073,ASV_00802,0.541095890410959,pos,Farm,IT2
ASV_00073,ASV_00811,0.5205479452054794,pos,Farm,IT2
ASV_00073,ASV_00817,0.5374149659863946,pos,Farm,IT2
ASV_00073,ASV_00842,0.5071428571428571,pos,Farm,IT2
ASV_00073,ASV_00843,0.5310344827586206,pos,Farm,IT2
ASV_00073,ASV_00848,0.5205479452054794,pos,Farm,IT2
ASV_00073,ASV_00869,0.5306122448979592,pos,Farm,IT2
ASV_00073,ASV_00873,0.48936170212765956,pos,Farm,IT2
ASV_00073,ASV_00891,0.5714285714285714,pos,Farm,IT2
ASV_00073,ASV_00912,0.4892086330935252,pos,Farm,IT2
ASV_00073,ASV_00924,0.4714285714285714,pos,Farm,IT2
ASV_00073,ASV_00989,0.4892086330935252,pos,Farm,IT2
ASV_00073,ASV_01119,0.5337837837837838,pos,Farm,IT2
ASV_00073,ASV_01288,0.5347222222222222,pos,Farm,IT2
ASV_00073,ASV_01342,0.5369127516778524,pos,Farm,IT2
ASV_00073,ASV_01417,0.5174825174825175,pos,Farm,IT2
ASV_00073,ASV_01508,0.5342465753424658,pos,Farm,IT2
ASV_00073,ASV_01512,0.48226950354609927,pos,Farm,IT2
ASV_00073,ASV_01541,0.5172413793103449,pos,Farm,IT2
ASV_00074,ASV_00094,0.5205479452054794,pos,Farm,IT2
ASV_00074,ASV_00098,0.5347222222222222,pos,Farm,IT2
ASV_00074,ASV_00105,0.5310344827586206,pos,Farm,IT2
ASV_00074,ASV_00117,0.48951048951048953,pos,Farm,IT2
ASV_00074,ASV_00119,0.5347222222222222,pos,Farm,IT2
ASV_00074,ASV_00132,0.5104895104895105,pos,Farm,IT2
ASV_00074,ASV_00140,0.5069444444444444,pos,Farm,IT2
ASV_00074,ASV_00158,0.5241379310344828,pos,Farm,IT2
ASV_00074,ASV_00160,0.5103448275862069,pos,Farm,IT2
ASV_00074,ASV_00168,0.5753424657534246,pos,Farm,IT2
ASV_00074,ASV_00202,0.5035460992907801,pos,Farm,IT2
ASV_00074,ASV_00237,0.5369127516778524,pos,Farm,IT2
ASV_00074,ASV_00266,0.5306122448979592,pos,Farm,IT2
ASV_00074,ASV_00276,0.5337837837837838,pos,Farm,IT2
ASV_00074,ASV_00282,0.5208333333333334,pos,Farm,IT2
ASV_00074,ASV_00299,0.5138888888888888,pos,Farm,IT2
ASV_00074,ASV_00303,0.5214285714285715,pos,Farm,IT2
ASV_00074,ASV_00347,0.5337837837837838,pos,Farm,IT2
ASV_00074,ASV_00352,0.5103448275862069,pos,Farm,IT2
ASV_00074,ASV_00353,0.5208333333333334,pos,Farm,IT2
ASV_00074,ASV_00373,0.5104895104895105,pos,Farm,IT2
ASV_00074,ASV_00415,0.5310344827586206,pos,Farm,IT2
ASV_00074,ASV_00438,0.5454545454545454,pos,Farm,IT2
ASV_00074,ASV_00444,0.5310344827586206,pos,Farm,IT2
ASV_00074,ASV_00450,0.5448275862068965,pos,Farm,IT2
ASV_00074,ASV_00451,0.5753424657534246,pos,Farm,IT2
ASV_00074,ASV_00460,0.5342465753424658,pos,Farm,IT2
ASV_00074,ASV_00464,0.5337837837837838,pos,Farm,IT2
ASV_00074,ASV_00493,0.5369127516778524,pos,Farm,IT2
ASV_00074,ASV_00501,0.5379310344827586,pos,Farm,IT2
ASV_00074,ASV_00503,0.5136986301369864,pos,Farm,IT2
ASV_00074,ASV_00521,0.5472972972972973,pos,Farm,IT2
ASV_00074,ASV_00533,0.5172413793103449,pos,Farm,IT2
ASV_00074,ASV_00559,0.5277777777777778,pos,Farm,IT2
ASV_00074,ASV_00566,0.5673758865248227,pos,Farm,IT2
ASV_00074,ASV_00594,0.5205479452054794,pos,Farm,IT2
ASV_00074,ASV_00615,0.4965034965034965,pos,Farm,IT2
ASV_00074,ASV_00724,0.5138888888888888,pos,Farm,IT2
ASV_00074,ASV_00726,0.541095890410959,pos,Farm,IT2
ASV_00074,ASV_00760,0.5369127516778524,pos,Farm,IT2
ASV_00074,ASV_00781,0.5136986301369864,pos,Farm,IT2
ASV_00074,ASV_00845,0.5,pos,Farm,IT2
ASV_00074,ASV_00906,0.5637583892617449,pos,Farm,IT2
ASV_00074,ASV_01023,0.5369127516778524,pos,Farm,IT2
ASV_00074,ASV_01417,0.5136986301369864,pos,Farm,IT2
ASV_00074,ASV_01508,0.5405405405405406,pos,Farm,IT2
ASV_00074,ASV_01840,0.5347222222222222,pos,Farm,IT2
ASV_00074,ASV_01941,0.5306122448979592,pos,Farm,IT2
ASV_00075,ASV_00076,0.49640287769784175,pos,Farm,IT2
ASV_00075,ASV_00077,0.4927536231884058,pos,Farm,IT2
ASV_00075,ASV_00078,0.45985401459854014,pos,Farm,IT2
ASV_00075,ASV_00083,0.4852941176470588,pos,Farm,IT2
ASV_00075,ASV_00087,0.4782608695652174,pos,Farm,IT2
ASV_00075,ASV_00089,0.4857142857142857,pos,Farm,IT2
ASV_00075,ASV_00098,0.49635036496350365,pos,Farm,IT2
ASV_00075,ASV_00103,0.49645390070921985,pos,Farm,IT2
ASV_00075,ASV_00105,0.4927536231884058,pos,Farm,IT2
ASV_00075,ASV_00116,0.4782608695652174,pos,Farm,IT2
ASV_00075,ASV_00119,0.4748201438848921,pos,Farm,IT2
ASV_00075,ASV_00122,0.463768115942029,pos,Farm,IT2
ASV_00075,ASV_00129,0.48905109489051096,pos,Farm,IT2
ASV_00075,ASV_00132,0.48148148148148145,pos,Farm,IT2
ASV_00075,ASV_00133,0.47101449275362317,pos,Farm,IT2
ASV_00075,ASV_00139,0.44029850746268656,pos,Farm,IT2
ASV_00075,ASV_00140,0.47794117647058826,pos,Farm,IT2
ASV_00075,ASV_00148,0.5034965034965035,pos,Farm,IT2
ASV_00075,ASV_00160,0.49264705882352944,pos,Farm,IT2
ASV_00075,ASV_00165,0.45588235294117646,pos,Farm,IT2
ASV_00075,ASV_00168,0.4965034965034965,pos,Farm,IT2
ASV_00075,ASV_00173,0.5069444444444444,pos,Farm,IT2
ASV_00075,ASV_00181,0.5,pos,Farm,IT2
ASV_00075,ASV_00182,0.49645390070921985,pos,Farm,IT2
ASV_00075,ASV_00184,0.48175182481751827,pos,Farm,IT2
ASV_00075,ASV_00186,0.4892086330935252,pos,Farm,IT2
ASV_00075,ASV_00187,0.49635036496350365,pos,Farm,IT2
ASV_00075,ASV_00193,0.48226950354609927,pos,Farm,IT2
ASV_00075,ASV_00195,0.475177304964539,pos,Farm,IT2
ASV_00075,ASV_00200,0.4925373134328358,pos,Farm,IT2
ASV_00075,ASV_00218,0.4714285714285714,pos,Farm,IT2
ASV_00075,ASV_00219,0.5034965034965035,pos,Farm,IT2
ASV_00075,ASV_00221,0.5037037037037037,pos,Farm,IT2
ASV_00075,ASV_00231,0.5,pos,Farm,IT2
ASV_00075,ASV_00242,0.544,pos,Farm,IT2
ASV_00075,ASV_00264,0.47058823529411764,pos,Farm,IT2
ASV_00075,ASV_00265,0.46715328467153283,pos,Farm,IT2
ASV_00075,ASV_00266,0.4928571428571429,pos,Farm,IT2
ASV_00075,ASV_00269,0.5486111111111112,pos,Farm,IT2
ASV_00075,ASV_00270,0.5208333333333334,pos,Farm,IT2
ASV_00075,ASV_00285,0.463768115942029,pos,Farm,IT2
ASV_00075,ASV_00292,0.49645390070921985,pos,Farm,IT2
ASV_00075,ASV_00293,0.503448275862069,pos,Farm,IT2
ASV_00075,ASV_00296,0.4485294117647059,pos,Farm,IT2
ASV_00075,ASV_00297,0.4748201438848921,pos,Farm,IT2
ASV_00075,ASV_00304,0.496551724137931,pos,Farm,IT2
ASV_00075,ASV_00311,0.5177304964539007,pos,Farm,IT2
ASV_00075,ASV_00315,0.4485294117647059,pos,Farm,IT2
ASV_00075,ASV_00326,0.46715328467153283,pos,Farm,IT2
ASV_00075,ASV_00328,0.5035971223021583,pos,Farm,IT2
ASV_00075,ASV_00339,0.49624060150375937,pos,Farm,IT2
ASV_00075,ASV_00343,0.5182481751824818,pos,Farm,IT2
ASV_00075,ASV_00346,0.4852941176470588,pos,Farm,IT2
ASV_00075,ASV_00347,0.5179856115107914,pos,Farm,IT2
ASV_00075,ASV_00356,0.5106382978723404,pos,Farm,IT2
ASV_00075,ASV_00369,0.4892086330935252,pos,Farm,IT2
ASV_00075,ASV_00377,0.45588235294117646,pos,Farm,IT2
ASV_00075,ASV_00380,0.46715328467153283,pos,Farm,IT2
ASV_00075,ASV_00384,0.4748201438848921,pos,Farm,IT2
ASV_00075,ASV_00389,0.5,pos,Farm,IT2
ASV_00075,ASV_00398,0.48226950354609927,pos,Farm,IT2
ASV_00075,ASV_00409,0.47058823529411764,pos,Farm,IT2
ASV_00075,ASV_00416,0.4748201438848921,pos,Farm,IT2
ASV_00075,ASV_00438,0.5891472868217055,pos,Farm,IT2
ASV_00075,ASV_00441,0.4744525547445255,pos,Farm,IT2
ASV_00075,ASV_00443,0.4888888888888889,pos,Farm,IT2
ASV_00075,ASV_00444,0.5036496350364964,pos,Farm,IT2
ASV_00075,ASV_00445,0.4748201438848921,pos,Farm,IT2
ASV_00075,ASV_00447,0.5179856115107914,pos,Farm,IT2
ASV_00075,ASV_00452,0.47794117647058826,pos,Farm,IT2
ASV_00075,ASV_00453,0.5407407407407407,pos,Farm,IT2
ASV_00075,ASV_00459,0.5072463768115942,pos,Farm,IT2
ASV_00075,ASV_00465,0.4748201438848921,pos,Farm,IT2
ASV_00075,ASV_00468,0.43846153846153846,pos,Farm,IT2
ASV_00075,ASV_00488,0.4965034965034965,pos,Farm,IT2
ASV_00075,ASV_00490,0.496551724137931,pos,Farm,IT2
ASV_00075,ASV_00494,0.5373134328358209,pos,Farm,IT2
ASV_00075,ASV_00495,0.4666666666666667,pos,Farm,IT2
ASV_00075,ASV_00501,0.4892086330935252,pos,Farm,IT2
ASV_00075,ASV_00506,0.47058823529411764,pos,Farm,IT2
ASV_00075,ASV_00507,0.4714285714285714,pos,Farm,IT2
ASV_00075,ASV_00508,0.463768115942029,pos,Farm,IT2
ASV_00075,ASV_00511,0.45185185185185184,pos,Farm,IT2
ASV_00075,ASV_00517,0.47794117647058826,pos,Farm,IT2
ASV_00075,ASV_00518,0.5579710144927537,pos,Farm,IT2
ASV_00075,ASV_00524,0.48148148148148145,pos,Farm,IT2
ASV_00075,ASV_00533,0.5,pos,Farm,IT2
ASV_00075,ASV_00536,0.4965034965034965,pos,Farm,IT2
ASV_00075,ASV_00542,0.4930555555555556,pos,Farm,IT2
ASV_00075,ASV_00548,0.45925925925925926,pos,Farm,IT2
ASV_00075,ASV_00550,0.4859154929577465,pos,Farm,IT2
ASV_00075,ASV_00555,0.48226950354609927,pos,Farm,IT2
ASV_00075,ASV_00566,0.4855072463768116,pos,Farm,IT2
ASV_00075,ASV_00568,0.49645390070921985,pos,Farm,IT2
ASV_00075,ASV_00570,0.4632352941176471,pos,Farm,IT2
ASV_00075,ASV_00592,0.5036496350364964,pos,Farm,IT2
ASV_00075,ASV_00594,0.48201438848920863,pos,Farm,IT2
ASV_00075,ASV_00613,0.4552238805970149,pos,Farm,IT2
ASV_00075,ASV_00620,0.4788732394366197,pos,Farm,IT2
ASV_00075,ASV_00622,0.4444444444444444,pos,Farm,IT2
ASV_00075,ASV_00628,0.5037037037037037,pos,Farm,IT2
ASV_00075,ASV_00638,0.4788732394366197,pos,Farm,IT2
ASV_00075,ASV_00668,0.4852941176470588,pos,Farm,IT2
ASV_00075,ASV_00671,0.463768115942029,pos,Farm,IT2
ASV_00075,ASV_00687,0.49635036496350365,pos,Farm,IT2
ASV_00075,ASV_00709,0.4748201438848921,pos,Farm,IT2
ASV_00075,ASV_00718,0.47761194029850745,pos,Farm,IT2
ASV_00075,ASV_00724,0.5303030303030303,pos,Farm,IT2
ASV_00075,ASV_00727,0.46715328467153283,pos,Farm,IT2
ASV_00075,ASV_00758,0.4857142857142857,pos,Farm,IT2
ASV_00075,ASV_00769,0.5073529411764706,pos,Farm,IT2
ASV_00075,ASV_00781,0.5298507462686567,pos,Farm,IT2
ASV_00075,ASV_00789,0.4892086330935252,pos,Farm,IT2
ASV_00075,ASV_00802,0.48951048951048953,pos,Farm,IT2
ASV_00075,ASV_00806,0.5142857142857142,pos,Farm,IT2
ASV_00075,ASV_00808,0.463768115942029,pos,Farm,IT2
ASV_00075,ASV_00809,0.5277777777777778,pos,Farm,IT2
ASV_00075,ASV_00822,0.4892086330935252,pos,Farm,IT2
ASV_00075,ASV_00829,0.4782608695652174,pos,Farm,IT2
ASV_00075,ASV_00848,0.5217391304347826,pos,Farm,IT2
ASV_00075,ASV_00865,0.5,pos,Farm,IT2
ASV_00075,ASV_00875,0.5140845070422535,pos,Farm,IT2
ASV_00075,ASV_00890,0.5072463768115942,pos,Farm,IT2
ASV_00075,ASV_00906,0.5390070921985816,pos,Farm,IT2
ASV_00075,ASV_00959,0.4714285714285714,pos,Farm,IT2
ASV_00075,ASV_00966,0.4552238805970149,pos,Farm,IT2
ASV_00075,ASV_01018,0.5074626865671642,pos,Farm,IT2
ASV_00075,ASV_01023,0.48951048951048953,pos,Farm,IT2
ASV_00075,ASV_01152,0.4676258992805755,pos,Farm,IT2
ASV_00075,ASV_01249,0.4852941176470588,pos,Farm,IT2
ASV_00075,ASV_01250,0.5177304964539007,pos,Farm,IT2
ASV_00075,ASV_01253,0.4714285714285714,pos,Farm,IT2
ASV_00075,ASV_01385,0.4676258992805755,pos,Farm,IT2
ASV_00075,ASV_01426,0.4632352941176471,pos,Farm,IT2
ASV_00075,ASV_01503,0.475177304964539,pos,Farm,IT2
ASV_00075,ASV_01541,0.49640287769784175,pos,Farm,IT2
ASV_00075,ASV_01578,0.5333333333333333,pos,Farm,IT2
ASV_00075,ASV_02149,0.47058823529411764,pos,Farm,IT2
ASV_00076,ASV_00077,0.5277777777777778,pos,Farm,IT2
ASV_00076,ASV_00078,0.5285714285714286,pos,Farm,IT2
ASV_00076,ASV_00079,0.5416666666666666,pos,Farm,IT2
ASV_00076,ASV_00080,0.541095890410959,pos,Farm,IT2
ASV_00076,ASV_00083,0.5104895104895105,pos,Farm,IT2
ASV_00076,ASV_00085,0.5136986301369864,pos,Farm,IT2
ASV_00076,ASV_00088,0.5422535211267606,pos,Farm,IT2
ASV_00076,ASV_00089,0.574468085106383,pos,Farm,IT2
ASV_00076,ASV_00093,0.5416666666666666,pos,Farm,IT2
ASV_00076,ASV_00098,0.5422535211267606,pos,Farm,IT2
ASV_00076,ASV_00099,0.547945205479452,pos,Farm,IT2
ASV_00076,ASV_00101,0.5104895104895105,pos,Farm,IT2
ASV_00076,ASV_00102,0.5369127516778524,pos,Farm,IT2
ASV_00076,ASV_00103,0.5625,pos,Farm,IT2
ASV_00076,ASV_00104,0.5034965034965035,pos,Farm,IT2
ASV_00076,ASV_00106,0.5205479452054794,pos,Farm,IT2
ASV_00076,ASV_00113,0.4965034965034965,pos,Farm,IT2
ASV_00076,ASV_00118,0.5486111111111112,pos,Farm,IT2
ASV_00076,ASV_00119,0.5208333333333334,pos,Farm,IT2
ASV_00076,ASV_00122,0.5,pos,Farm,IT2
ASV_00076,ASV_00127,0.5524475524475524,pos,Farm,IT2
ASV_00076,ASV_00129,0.5244755244755245,pos,Farm,IT2
ASV_00076,ASV_00133,0.528169014084507,pos,Farm,IT2
ASV_00076,ASV_00138,0.5352112676056338,pos,Farm,IT2
ASV_00076,ASV_00139,0.4892086330935252,pos,Farm,IT2
ASV_00076,ASV_00140,0.5140845070422535,pos,Farm,IT2
ASV_00076,ASV_00141,0.5357142857142857,pos,Farm,IT2
ASV_00076,ASV_00145,0.5103448275862069,pos,Farm,IT2
ASV_00076,ASV_00148,0.5472972972972973,pos,Farm,IT2
ASV_00076,ASV_00151,0.5070422535211268,pos,Farm,IT2
ASV_00076,ASV_00155,0.5177304964539007,pos,Farm,IT2
ASV_00076,ASV_00156,0.54421768707483,pos,Farm,IT2
ASV_00076,ASV_00157,0.5342465753424658,pos,Farm,IT2
ASV_00076,ASV_00163,0.4965034965034965,pos,Farm,IT2
ASV_00076,ASV_00164,0.5034965034965035,pos,Farm,IT2
ASV_00076,ASV_00165,0.5035460992907801,pos,Farm,IT2
ASV_00076,ASV_00167,0.5273972602739726,pos,Farm,IT2
ASV_00076,ASV_00168,0.5405405405405406,pos,Farm,IT2
ASV_00076,ASV_00169,0.5205479452054794,pos,Farm,IT2
ASV_00076,ASV_00171,0.5555555555555556,pos,Farm,IT2
ASV_00076,ASV_00172,0.5347222222222222,pos,Farm,IT2
ASV_00076,ASV_00181,0.5238095238095238,pos,Farm,IT2
ASV_00076,ASV_00186,0.5454545454545454,pos,Farm,IT2
ASV_00076,ASV_00193,0.5594405594405595,pos,Farm,IT2
ASV_00076,ASV_00195,0.5205479452054794,pos,Farm,IT2
ASV_00076,ASV_00198,0.5352112676056338,pos,Farm,IT2
ASV_00076,ASV_00199,0.5328467153284672,pos,Farm,IT2
ASV_00076,ASV_00202,0.5,pos,Farm,IT2
ASV_00076,ASV_00205,0.5436241610738255,pos,Farm,IT2
ASV_00076,ASV_00208,0.5069444444444444,pos,Farm,IT2
ASV_00076,ASV_00210,0.5472972972972973,pos,Farm,IT2
ASV_00076,ASV_00211,0.49645390070921985,pos,Farm,IT2
ASV_00076,ASV_00213,0.5472972972972973,pos,Farm,IT2
ASV_00076,ASV_00216,0.5069444444444444,pos,Farm,IT2
ASV_00076,ASV_00221,0.5390070921985816,pos,Farm,IT2
ASV_00076,ASV_00231,0.5352112676056338,pos,Farm,IT2
ASV_00076,ASV_00232,0.5306122448979592,pos,Farm,IT2
ASV_00076,ASV_00233,0.524822695035461,pos,Farm,IT2
ASV_00076,ASV_00238,0.5310344827586206,pos,Farm,IT2
ASV_00076,ASV_00240,0.5652173913043478,pos,Farm,IT2
ASV_00076,ASV_00247,0.5244755244755245,pos,Farm,IT2
ASV_00076,ASV_00259,0.4927536231884058,pos,Farm,IT2
ASV_00076,ASV_00262,0.5555555555555556,pos,Farm,IT2
ASV_00076,ASV_00264,0.539568345323741,pos,Farm,IT2
ASV_00076,ASV_00266,0.5273972602739726,pos,Farm,IT2
ASV_00076,ASV_00269,0.5695364238410596,pos,Farm,IT2
ASV_00076,ASV_00271,0.48175182481751827,pos,Farm,IT2
ASV_00076,ASV_00273,0.5785714285714286,pos,Farm,IT2
ASV_00076,ASV_00286,0.5277777777777778,pos,Farm,IT2
ASV_00076,ASV_00291,0.49645390070921985,pos,Farm,IT2
ASV_00076,ASV_00292,0.5625,pos,Farm,IT2
ASV_00076,ASV_00293,0.5570469798657718,pos,Farm,IT2
ASV_00076,ASV_00295,0.5310344827586206,pos,Farm,IT2
ASV_00076,ASV_00296,0.5401459854014599,pos,Farm,IT2
ASV_00076,ASV_00299,0.5539568345323741,pos,Farm,IT2
ASV_00076,ASV_00303,0.5071428571428571,pos,Farm,IT2
ASV_00076,ASV_00305,0.5337837837837838,pos,Farm,IT2
ASV_00076,ASV_00307,0.5140845070422535,pos,Farm,IT2
ASV_00076,ASV_00313,0.574468085106383,pos,Farm,IT2
ASV_00076,ASV_00315,0.5071428571428571,pos,Farm,IT2
ASV_00076,ASV_00320,0.5661764705882353,pos,Farm,IT2
ASV_00076,ASV_00324,0.5244755244755245,pos,Farm,IT2
ASV_00076,ASV_00328,0.5486111111111112,pos,Farm,IT2
ASV_00076,ASV_00332,0.528169014084507,pos,Farm,IT2
ASV_00076,ASV_00339,0.5214285714285715,pos,Farm,IT2
ASV_00076,ASV_00346,0.5319148936170213,pos,Farm,IT2
ASV_00076,ASV_00347,0.5306122448979592,pos,Farm,IT2
ASV_00076,ASV_00354,0.528169014084507,pos,Farm,IT2
ASV_00076,ASV_00361,0.5517241379310345,pos,Farm,IT2
ASV_00076,ASV_00376,0.541095890410959,pos,Farm,IT2
ASV_00076,ASV_00377,0.49295774647887325,pos,Farm,IT2
ASV_00076,ASV_00384,0.5103448275862069,pos,Farm,IT2
ASV_00076,ASV_00390,0.5862068965517241,pos,Farm,IT2
ASV_00076,ASV_00399,0.5594405594405595,pos,Farm,IT2
ASV_00076,ASV_00407,0.5069444444444444,pos,Farm,IT2
ASV_00076,ASV_00410,0.5103448275862069,pos,Farm,IT2
ASV_00076,ASV_00412,0.5323741007194245,pos,Farm,IT2
ASV_00076,ASV_00415,0.5172413793103449,pos,Farm,IT2
ASV_00076,ASV_00425,0.524822695035461,pos,Farm,IT2
ASV_00076,ASV_00438,0.5208333333333334,pos,Farm,IT2
ASV_00076,ASV_00441,0.5,pos,Farm,IT2
ASV_00076,ASV_00443,0.5357142857142857,pos,Farm,IT2
ASV_00076,ASV_00447,0.541095890410959,pos,Farm,IT2
ASV_00076,ASV_00451,0.5405405405405406,pos,Farm,IT2
ASV_00076,ASV_00452,0.5140845070422535,pos,Farm,IT2
ASV_00076,ASV_00455,0.5,pos,Farm,IT2
ASV_00076,ASV_00459,0.5633802816901409,pos,Farm,IT2
ASV_00076,ASV_00464,0.5517241379310345,pos,Farm,IT2
ASV_00076,ASV_00467,0.5503355704697986,pos,Farm,IT2
ASV_00076,ASV_00486,0.5862068965517241,pos,Farm,IT2
ASV_00076,ASV_00488,0.5724137931034483,pos,Farm,IT2
ASV_00076,ASV_00490,0.5608108108108109,pos,Farm,IT2
ASV_00076,ASV_00494,0.5714285714285714,pos,Farm,IT2
ASV_00076,ASV_00498,0.5255474452554745,pos,Farm,IT2
ASV_00076,ASV_00501,0.5241379310344828,pos,Farm,IT2
ASV_00076,ASV_00504,0.5436241610738255,pos,Farm,IT2
ASV_00076,ASV_00513,0.5103448275862069,pos,Farm,IT2
ASV_00076,ASV_00528,0.5,pos,Farm,IT2
ASV_00076,ASV_00534,0.5714285714285714,pos,Farm,IT2
ASV_00076,ASV_00542,0.5369127516778524,pos,Farm,IT2
ASV_00076,ASV_00544,0.5138888888888888,pos,Farm,IT2
ASV_00076,ASV_00548,0.5071428571428571,pos,Farm,IT2
ASV_00076,ASV_00550,0.5517241379310345,pos,Farm,IT2
ASV_00076,ASV_00554,0.5273972602739726,pos,Farm,IT2
ASV_00076,ASV_00559,0.5797101449275363,pos,Farm,IT2
ASV_00076,ASV_00569,0.5034965034965035,pos,Farm,IT2
ASV_00076,ASV_00571,0.5704225352112676,pos,Farm,IT2
ASV_00076,ASV_00595,0.5104895104895105,pos,Farm,IT2
ASV_00076,ASV_00628,0.5390070921985816,pos,Farm,IT2
ASV_00076,ASV_00635,0.5547945205479452,pos,Farm,IT2
ASV_00076,ASV_00636,0.5704697986577181,pos,Farm,IT2
ASV_00076,ASV_00641,0.54421768707483,pos,Farm,IT2
ASV_00076,ASV_00665,0.5035460992907801,pos,Farm,IT2
ASV_00076,ASV_00666,0.547945205479452,pos,Farm,IT2
ASV_00076,ASV_00668,0.5,pos,Farm,IT2
ASV_00076,ASV_00671,0.5882352941176471,pos,Farm,IT2
ASV_00076,ASV_00673,0.5540540540540541,pos,Farm,IT2
ASV_00076,ASV_00709,0.5314685314685315,pos,Farm,IT2
ASV_00076,ASV_00732,0.5069444444444444,pos,Farm,IT2
ASV_00076,ASV_00760,0.5655172413793104,pos,Farm,IT2
ASV_00076,ASV_00769,0.5208333333333334,pos,Farm,IT2
ASV_00076,ASV_00772,0.5384615384615384,pos,Farm,IT2
ASV_00076,ASV_00793,0.5428571428571428,pos,Farm,IT2
ASV_00076,ASV_00798,0.5517241379310345,pos,Farm,IT2
ASV_00076,ASV_00806,0.5586206896551724,pos,Farm,IT2
ASV_00076,ASV_00807,0.5136986301369864,pos,Farm,IT2
ASV_00076,ASV_00809,0.5496688741721855,pos,Farm,IT2
ASV_00076,ASV_00815,0.5562913907284768,pos,Farm,IT2
ASV_00076,ASV_00821,0.5205479452054794,pos,Farm,IT2
ASV_00076,ASV_00843,0.5342465753424658,pos,Farm,IT2
ASV_00076,ASV_00848,0.5238095238095238,pos,Farm,IT2
ASV_00076,ASV_00865,0.5136986301369864,pos,Farm,IT2
ASV_00076,ASV_00869,0.5547945205479452,pos,Farm,IT2
ASV_00076,ASV_00873,0.5035460992907801,pos,Farm,IT2
ASV_00076,ASV_00890,0.5205479452054794,pos,Farm,IT2
ASV_00076,ASV_00931,0.5211267605633803,pos,Farm,IT2
ASV_00076,ASV_00935,0.5277777777777778,pos,Farm,IT2
ASV_00076,ASV_00952,0.5034965034965035,pos,Farm,IT2
ASV_00076,ASV_00984,0.5347222222222222,pos,Farm,IT2
ASV_00076,ASV_01018,0.5882352941176471,pos,Farm,IT2
ASV_00076,ASV_01023,0.54421768707483,pos,Farm,IT2
ASV_00076,ASV_01092,0.5578231292517006,pos,Farm,IT2
ASV_00076,ASV_01119,0.5684931506849316,pos,Farm,IT2
ASV_00076,ASV_01153,0.5034965034965035,pos,Farm,IT2
ASV_00076,ASV_01249,0.5319148936170213,pos,Farm,IT2
ASV_00076,ASV_01250,0.5724137931034483,pos,Farm,IT2
ASV_00076,ASV_01253,0.5172413793103449,pos,Farm,IT2
ASV_00076,ASV_01417,0.5103448275862069,pos,Farm,IT2
ASV_00076,ASV_01491,0.5103448275862069,pos,Farm,IT2
ASV_00076,ASV_01578,0.5136986301369864,pos,Farm,IT2
ASV_00076,ASV_01840,0.5103448275862069,pos,Farm,IT2
ASV_00077,ASV_00080,0.5486111111111112,pos,Farm,IT2
ASV_00077,ASV_00081,0.5294117647058824,pos,Farm,IT2
ASV_00077,ASV_00085,0.5422535211267606,pos,Farm,IT2
ASV_00077,ASV_00089,0.5172413793103449,pos,Farm,IT2
ASV_00077,ASV_00095,0.5277777777777778,pos,Farm,IT2
ASV_00077,ASV_00097,0.5144927536231884,pos,Farm,IT2
ASV_00077,ASV_00103,0.5379310344827586,pos,Farm,IT2
ASV_00077,ASV_00104,0.5,pos,Farm,IT2
ASV_00077,ASV_00108,0.47794117647058826,pos,Farm,IT2
ASV_00077,ASV_00109,0.5241379310344828,pos,Farm,IT2
ASV_00077,ASV_00111,0.5,pos,Farm,IT2
ASV_00077,ASV_00113,0.5142857142857142,pos,Farm,IT2
ASV_00077,ASV_00117,0.48226950354609927,pos,Farm,IT2
ASV_00077,ASV_00118,0.5136986301369864,pos,Farm,IT2
ASV_00077,ASV_00119,0.528169014084507,pos,Farm,IT2
ASV_00077,ASV_00122,0.5070422535211268,pos,Farm,IT2
ASV_00077,ASV_00125,0.49645390070921985,pos,Farm,IT2
ASV_00077,ASV_00127,0.5384615384615384,pos,Farm,IT2
ASV_00077,ASV_00131,0.5357142857142857,pos,Farm,IT2
ASV_00077,ASV_00133,0.5140845070422535,pos,Farm,IT2
ASV_00077,ASV_00136,0.5172413793103449,pos,Farm,IT2
ASV_00077,ASV_00140,0.5214285714285715,pos,Farm,IT2
ASV_00077,ASV_00142,0.5352112676056338,pos,Farm,IT2
ASV_00077,ASV_00150,0.49295774647887325,pos,Farm,IT2
ASV_00077,ASV_00155,0.5035460992907801,pos,Farm,IT2
ASV_00077,ASV_00158,0.5174825174825175,pos,Farm,IT2
ASV_00077,ASV_00159,0.5172413793103449,pos,Farm,IT2
ASV_00077,ASV_00160,0.524822695035461,pos,Farm,IT2
ASV_00077,ASV_00161,0.574468085106383,pos,Farm,IT2
ASV_00077,ASV_00167,0.5136986301369864,pos,Farm,IT2
ASV_00077,ASV_00168,0.527027027027027,pos,Farm,IT2
ASV_00077,ASV_00169,0.5277777777777778,pos,Farm,IT2
ASV_00077,ASV_00172,0.5208333333333334,pos,Farm,IT2
ASV_00077,ASV_00173,0.6013986013986014,pos,Farm,IT2
ASV_00077,ASV_00181,0.5205479452054794,pos,Farm,IT2
ASV_00077,ASV_00182,0.5273972602739726,pos,Farm,IT2
ASV_00077,ASV_00183,0.5172413793103449,pos,Farm,IT2
ASV_00077,ASV_00186,0.5314685314685315,pos,Farm,IT2
ASV_00077,ASV_00192,0.528169014084507,pos,Farm,IT2
ASV_00077,ASV_00194,0.547945205479452,pos,Farm,IT2
ASV_00077,ASV_00198,0.5319148936170213,pos,Farm,IT2
ASV_00077,ASV_00210,0.5337837837837838,pos,Farm,IT2
ASV_00077,ASV_00211,0.5367647058823529,pos,Farm,IT2
ASV_00077,ASV_00212,0.5211267605633803,pos,Farm,IT2
ASV_00077,ASV_00213,0.54421768707483,pos,Farm,IT2
ASV_00077,ASV_00229,0.5069444444444444,pos,Farm,IT2
ASV_00077,ASV_00231,0.5211267605633803,pos,Farm,IT2
ASV_00077,ASV_00232,0.5379310344827586,pos,Farm,IT2
ASV_00077,ASV_00233,0.5777777777777777,pos,Farm,IT2
ASV_00077,ASV_00238,0.5714285714285714,pos,Farm,IT2
ASV_00077,ASV_00240,0.4965034965034965,pos,Farm,IT2
ASV_00077,ASV_00242,0.4748201438848921,pos,Farm,IT2
ASV_00077,ASV_00246,0.5205479452054794,pos,Farm,IT2
ASV_00077,ASV_00247,0.5211267605633803,pos,Farm,IT2
ASV_00077,ASV_00251,0.5563380281690141,pos,Farm,IT2
ASV_00077,ASV_00252,0.5,pos,Farm,IT2
ASV_00077,ASV_00269,0.5666666666666667,pos,Farm,IT2
ASV_00077,ASV_00274,0.5369127516778524,pos,Farm,IT2
ASV_00077,ASV_00275,0.5337837837837838,pos,Farm,IT2
ASV_00077,ASV_00279,0.5035971223021583,pos,Farm,IT2
ASV_00077,ASV_00295,0.5277777777777778,pos,Farm,IT2
ASV_00077,ASV_00296,0.48226950354609927,pos,Farm,IT2
ASV_00077,ASV_00297,0.55,pos,Farm,IT2
ASV_00077,ASV_00299,0.539568345323741,pos,Farm,IT2
ASV_00077,ASV_00303,0.5255474452554745,pos,Farm,IT2
ASV_00077,ASV_00305,0.5306122448979592,pos,Farm,IT2
ASV_00077,ASV_00307,0.5106382978723404,pos,Farm,IT2
ASV_00077,ASV_00308,0.5177304964539007,pos,Farm,IT2
ASV_00077,ASV_00311,0.527027027027027,pos,Farm,IT2
ASV_00077,ASV_00312,0.5379310344827586,pos,Farm,IT2
ASV_00077,ASV_00315,0.48226950354609927,pos,Farm,IT2
ASV_00077,ASV_00320,0.4859154929577465,pos,Farm,IT2
ASV_00077,ASV_00321,0.5510204081632653,pos,Farm,IT2
ASV_00077,ASV_00324,0.5319148936170213,pos,Farm,IT2
ASV_00077,ASV_00332,0.5034965034965035,pos,Farm,IT2
ASV_00077,ASV_00339,0.5071428571428571,pos,Farm,IT2
ASV_00077,ASV_00346,0.5285714285714286,pos,Farm,IT2
ASV_00077,ASV_00347,0.5379310344827586,pos,Farm,IT2
ASV_00077,ASV_00350,0.4676258992805755,pos,Farm,IT2
ASV_00077,ASV_00353,0.5034965034965035,pos,Farm,IT2
ASV_00077,ASV_00359,0.48226950354609927,pos,Farm,IT2
ASV_00077,ASV_00361,0.5379310344827586,pos,Farm,IT2
ASV_00077,ASV_00365,0.528169014084507,pos,Farm,IT2
ASV_00077,ASV_00369,0.5314685314685315,pos,Farm,IT2
ASV_00077,ASV_00381,0.5,pos,Farm,IT2
ASV_00077,ASV_00389,0.5208333333333334,pos,Farm,IT2
ASV_00077,ASV_00390,0.5405405405405406,pos,Farm,IT2
ASV_00077,ASV_00393,0.4892086330935252,pos,Farm,IT2
ASV_00077,ASV_00395,0.5547445255474452,pos,Farm,IT2
ASV_00077,ASV_00409,0.5142857142857142,pos,Farm,IT2
ASV_00077,ASV_00421,0.5241379310344828,pos,Farm,IT2
ASV_00077,ASV_00441,0.5285714285714286,pos,Farm,IT2
ASV_00077,ASV_00458,0.49645390070921985,pos,Farm,IT2
ASV_00077,ASV_00477,0.5172413793103449,pos,Farm,IT2
ASV_00077,ASV_00482,0.5526315789473685,pos,Farm,IT2
ASV_00077,ASV_00490,0.5472972972972973,pos,Farm,IT2
ASV_00077,ASV_00496,0.5208333333333334,pos,Farm,IT2
ASV_00077,ASV_00498,0.5,pos,Farm,IT2
ASV_00077,ASV_00514,0.5637583892617449,pos,Farm,IT2
ASV_00077,ASV_00518,0.54421768707483,pos,Farm,IT2
ASV_00077,ASV_00533,0.5,pos,Farm,IT2
ASV_00077,ASV_00534,0.5369127516778524,pos,Farm,IT2
ASV_00077,ASV_00536,0.5694444444444444,pos,Farm,IT2
ASV_00077,ASV_00542,0.6099290780141844,pos,Farm,IT2
ASV_00077,ASV_00543,0.5136986301369864,pos,Farm,IT2
ASV_00077,ASV_00544,0.5104895104895105,pos,Farm,IT2
ASV_00077,ASV_00551,0.5277777777777778,pos,Farm,IT2
ASV_00077,ASV_00554,0.5241379310344828,pos,Farm,IT2
ASV_00077,ASV_00556,0.5103448275862069,pos,Farm,IT2
ASV_00077,ASV_00571,0.5347222222222222,pos,Farm,IT2
ASV_00077,ASV_00572,0.5540540540540541,pos,Farm,IT2
ASV_00077,ASV_00576,0.5211267605633803,pos,Farm,IT2
ASV_00077,ASV_00587,0.4965034965034965,pos,Farm,IT2
ASV_00077,ASV_00595,0.5177304964539007,pos,Farm,IT2
ASV_00077,ASV_00628,0.5034965034965035,pos,Farm,IT2
ASV_00077,ASV_00635,0.5517241379310345,pos,Farm,IT2
ASV_00077,ASV_00645,0.48936170212765956,pos,Farm,IT2
ASV_00077,ASV_00668,0.4965034965034965,pos,Farm,IT2
ASV_00077,ASV_00671,0.5620437956204379,pos,Farm,IT2
ASV_00077,ASV_00679,0.5205479452054794,pos,Farm,IT2
ASV_00077,ASV_00687,0.5069444444444444,pos,Farm,IT2
ASV_00077,ASV_00709,0.528169014084507,pos,Farm,IT2
ASV_00077,ASV_00718,0.48936170212765956,pos,Farm,IT2
ASV_00077,ASV_00724,0.4965034965034965,pos,Farm,IT2
ASV_00077,ASV_00757,0.5347222222222222,pos,Farm,IT2
ASV_00077,ASV_00772,0.5138888888888888,pos,Farm,IT2
ASV_00077,ASV_00789,0.5314685314685315,pos,Farm,IT2
ASV_00077,ASV_00802,0.5306122448979592,pos,Farm,IT2
ASV_00077,ASV_00809,0.5675675675675675,pos,Farm,IT2
ASV_00077,ASV_00815,0.5533333333333333,pos,Farm,IT2
ASV_00077,ASV_00821,0.5277777777777778,pos,Farm,IT2
ASV_00077,ASV_00829,0.5104895104895105,pos,Farm,IT2
ASV_00077,ASV_00843,0.5310344827586206,pos,Farm,IT2
ASV_00077,ASV_00875,0.54421768707483,pos,Farm,IT2
ASV_00077,ASV_00891,0.5608108108108109,pos,Farm,IT2
ASV_00077,ASV_00906,0.5472972972972973,pos,Farm,IT2
ASV_00077,ASV_00912,0.5,pos,Farm,IT2
ASV_00077,ASV_00924,0.4927536231884058,pos,Farm,IT2
ASV_00077,ASV_01018,0.5070422535211268,pos,Farm,IT2
ASV_00077,ASV_01023,0.5306122448979592,pos,Farm,IT2
ASV_00077,ASV_01092,0.5547945205479452,pos,Farm,IT2
ASV_00077,ASV_01152,0.5211267605633803,pos,Farm,IT2
ASV_00077,ASV_01204,0.5306122448979592,pos,Farm,IT2
ASV_00077,ASV_01249,0.5070422535211268,pos,Farm,IT2
ASV_00077,ASV_01253,0.5352112676056338,pos,Farm,IT2
ASV_00077,ASV_01276,0.49645390070921985,pos,Farm,IT2
ASV_00077,ASV_01288,0.5454545454545454,pos,Farm,IT2
ASV_00077,ASV_01342,0.5369127516778524,pos,Farm,IT2
ASV_00077,ASV_01385,0.5,pos,Farm,IT2
ASV_00077,ASV_01426,0.49645390070921985,pos,Farm,IT2
ASV_00077,ASV_01459,0.5357142857142857,pos,Farm,IT2
ASV_00077,ASV_01491,0.5390070921985816,pos,Farm,IT2
ASV_00077,ASV_01541,0.5827338129496403,pos,Farm,IT2
ASV_00077,ASV_01840,0.5069444444444444,pos,Farm,IT2
ASV_00077,ASV_01941,0.5347222222222222,pos,Farm,IT2
ASV_00077,ASV_02332,0.5273972602739726,pos,Farm,IT2
ASV_00078,ASV_00079,0.5177304964539007,pos,Farm,IT2
ASV_00078,ASV_00080,0.5390070921985816,pos,Farm,IT2
ASV_00078,ASV_00093,0.5177304964539007,pos,Farm,IT2
ASV_00078,ASV_00095,0.5070422535211268,pos,Farm,IT2
ASV_00078,ASV_00097,0.5037037037037037,pos,Farm,IT2
ASV_00078,ASV_00103,0.5174825174825175,pos,Farm,IT2
ASV_00078,ASV_00106,0.4965034965034965,pos,Farm,IT2
ASV_00078,ASV_00108,0.4444444444444444,pos,Farm,IT2
ASV_00078,ASV_00113,0.48201438848920863,pos,Farm,IT2
ASV_00078,ASV_00115,0.48148148148148145,pos,Farm,IT2
ASV_00078,ASV_00118,0.524822695035461,pos,Farm,IT2
ASV_00078,ASV_00122,0.5072463768115942,pos,Farm,IT2
ASV_00078,ASV_00127,0.4965034965034965,pos,Farm,IT2
ASV_00078,ASV_00133,0.5367647058823529,pos,Farm,IT2
ASV_00078,ASV_00137,0.5072463768115942,pos,Farm,IT2
ASV_00078,ASV_00140,0.5,pos,Farm,IT2
ASV_00078,ASV_00146,0.5208333333333334,pos,Farm,IT2
ASV_00078,ASV_00164,0.4785714285714286,pos,Farm,IT2
ASV_00078,ASV_00166,0.5106382978723404,pos,Farm,IT2
ASV_00078,ASV_00170,0.5578231292517006,pos,Farm,IT2
ASV_00078,ASV_00171,0.5,pos,Farm,IT2
ASV_00078,ASV_00172,0.5,pos,Farm,IT2
ASV_00078,ASV_00173,0.5170068027210885,pos,Farm,IT2
ASV_00078,ASV_00177,0.5036496350364964,pos,Farm,IT2
ASV_00078,ASV_00179,0.547945205479452,pos,Farm,IT2
ASV_00078,ASV_00182,0.5174825174825175,pos,Farm,IT2
ASV_00078,ASV_00186,0.5323741007194245,pos,Farm,IT2
ASV_00078,ASV_00193,0.5467625899280576,pos,Farm,IT2
ASV_00078,ASV_00195,0.5285714285714286,pos,Farm,IT2
ASV_00078,ASV_00200,0.5147058823529411,pos,Farm,IT2
ASV_00078,ASV_00202,0.5074626865671642,pos,Farm,IT2
ASV_00078,ASV_00203,0.49295774647887325,pos,Farm,IT2
ASV_00078,ASV_00216,0.5035971223021583,pos,Farm,IT2
ASV_00078,ASV_00219,0.5347222222222222,pos,Farm,IT2
ASV_00078,ASV_00230,0.5925925925925926,pos,Farm,IT2
ASV_00078,ASV_00233,0.4785714285714286,pos,Farm,IT2
ASV_00078,ASV_00235,0.5,pos,Farm,IT2
ASV_00078,ASV_00240,0.5182481751824818,pos,Farm,IT2
ASV_00078,ASV_00249,0.5328467153284672,pos,Farm,IT2
ASV_00078,ASV_00259,0.5,pos,Farm,IT2
ASV_00078,ASV_00264,0.48201438848920863,pos,Farm,IT2
ASV_00078,ASV_00265,0.4785714285714286,pos,Farm,IT2
ASV_00078,ASV_00269,0.5578231292517006,pos,Farm,IT2
ASV_00078,ASV_00270,0.5306122448979592,pos,Farm,IT2
ASV_00078,ASV_00275,0.5136986301369864,pos,Farm,IT2
ASV_00078,ASV_00279,0.47101449275362317,pos,Farm,IT2
ASV_00078,ASV_00280,0.4857142857142857,pos,Farm,IT2
ASV_00078,ASV_00283,0.5174825174825175,pos,Farm,IT2
ASV_00078,ASV_00291,0.47101449275362317,pos,Farm,IT2
ASV_00078,ASV_00292,0.5174825174825175,pos,Farm,IT2
ASV_00078,ASV_00293,0.5342465753424658,pos,Farm,IT2
ASV_00078,ASV_00296,0.48175182481751827,pos,Farm,IT2
ASV_00078,ASV_00299,0.5072463768115942,pos,Farm,IT2
ASV_00078,ASV_00308,0.4857142857142857,pos,Farm,IT2
ASV_00078,ASV_00315,0.5037037037037037,pos,Farm,IT2
ASV_00078,ASV_00321,0.5205479452054794,pos,Farm,IT2
ASV_00078,ASV_00324,0.48936170212765956,pos,Farm,IT2
ASV_00078,ASV_00331,0.5234899328859061,pos,Farm,IT2
ASV_00078,ASV_00332,0.48226950354609927,pos,Farm,IT2
ASV_00078,ASV_00334,0.5428571428571428,pos,Farm,IT2
ASV_00078,ASV_00340,0.5,pos,Farm,IT2
ASV_00078,ASV_00343,0.5177304964539007,pos,Farm,IT2
ASV_00078,ASV_00346,0.4857142857142857,pos,Farm,IT2
ASV_00078,ASV_00347,0.5069444444444444,pos,Farm,IT2
ASV_00078,ASV_00350,0.45588235294117646,pos,Farm,IT2
ASV_00078,ASV_00352,0.5255474452554745,pos,Farm,IT2
ASV_00078,ASV_00353,0.48226950354609927,pos,Farm,IT2
ASV_00078,ASV_00355,0.5177304964539007,pos,Farm,IT2
ASV_00078,ASV_00356,0.5314685314685315,pos,Farm,IT2
ASV_00078,ASV_00373,0.48201438848920863,pos,Farm,IT2
ASV_00078,ASV_00378,0.5103448275862069,pos,Farm,IT2
ASV_00078,ASV_00381,0.4785714285714286,pos,Farm,IT2
ASV_00078,ASV_00390,0.5310344827586206,pos,Farm,IT2
ASV_00078,ASV_00404,0.4748201438848921,pos,Farm,IT2
ASV_00078,ASV_00409,0.4927536231884058,pos,Farm,IT2
ASV_00078,ASV_00410,0.49645390070921985,pos,Farm,IT2
ASV_00078,ASV_00411,0.5,pos,Farm,IT2
ASV_00078,ASV_00423,0.5611510791366906,pos,Farm,IT2
ASV_00078,ASV_00440,0.4892086330935252,pos,Farm,IT2
ASV_00078,ASV_00443,0.5109489051094891,pos,Farm,IT2
ASV_00078,ASV_00451,0.5277777777777778,pos,Farm,IT2
ASV_00078,ASV_00452,0.4785714285714286,pos,Farm,IT2
ASV_00078,ASV_00453,0.5070422535211268,pos,Farm,IT2
ASV_00078,ASV_00459,0.5070422535211268,pos,Farm,IT2
ASV_00078,ASV_00460,0.5070422535211268,pos,Farm,IT2
ASV_00078,ASV_00485,0.5140845070422535,pos,Farm,IT2
ASV_00078,ASV_00495,0.5,pos,Farm,IT2
ASV_00078,ASV_00498,0.46715328467153283,pos,Farm,IT2
ASV_00078,ASV_00506,0.48201438848920863,pos,Farm,IT2
ASV_00078,ASV_00511,0.4962962962962963,pos,Farm,IT2
ASV_00078,ASV_00521,0.5208333333333334,pos,Farm,IT2
ASV_00078,ASV_00528,0.5072463768115942,pos,Farm,IT2
ASV_00078,ASV_00530,0.49295774647887325,pos,Farm,IT2
ASV_00078,ASV_00554,0.5357142857142857,pos,Farm,IT2
ASV_00078,ASV_00556,0.5106382978723404,pos,Farm,IT2
ASV_00078,ASV_00570,0.4748201438848921,pos,Farm,IT2
ASV_00078,ASV_00592,0.49295774647887325,pos,Farm,IT2
ASV_00078,ASV_00595,0.5072463768115942,pos,Farm,IT2
ASV_00078,ASV_00620,0.5428571428571428,pos,Farm,IT2
ASV_00078,ASV_00643,0.5035460992907801,pos,Farm,IT2
ASV_00078,ASV_00645,0.48905109489051096,pos,Farm,IT2
ASV_00078,ASV_00651,0.4859154929577465,pos,Farm,IT2
ASV_00078,ASV_00654,0.4748201438848921,pos,Farm,IT2
ASV_00078,ASV_00665,0.4676258992805755,pos,Farm,IT2
ASV_00078,ASV_00687,0.4859154929577465,pos,Farm,IT2
ASV_00078,ASV_00718,0.5111111111111111,pos,Farm,IT2
ASV_00078,ASV_00728,0.4744525547445255,pos,Farm,IT2
ASV_00078,ASV_00758,0.5070422535211268,pos,Farm,IT2
ASV_00078,ASV_00781,0.4859154929577465,pos,Farm,IT2
ASV_00078,ASV_00782,0.5071428571428571,pos,Farm,IT2
ASV_00078,ASV_00793,0.49640287769784175,pos,Farm,IT2
ASV_00078,ASV_00798,0.528169014084507,pos,Farm,IT2
ASV_00078,ASV_00807,0.5,pos,Farm,IT2
ASV_00078,ASV_00809,0.527027027027027,pos,Farm,IT2
ASV_00078,ASV_00811,0.5,pos,Farm,IT2
ASV_00078,ASV_00815,0.5763888888888888,pos,Farm,IT2
ASV_00078,ASV_00821,0.5285714285714286,pos,Farm,IT2
ASV_00078,ASV_00829,0.48936170212765956,pos,Farm,IT2
ASV_00078,ASV_00843,0.5104895104895105,pos,Farm,IT2
ASV_00078,ASV_00880,0.4892086330935252,pos,Farm,IT2
ASV_00078,ASV_00890,0.5070422535211268,pos,Farm,IT2
ASV_00078,ASV_00906,0.5379310344827586,pos,Farm,IT2
ASV_00078,ASV_00924,0.48148148148148145,pos,Farm,IT2
ASV_00078,ASV_00929,0.5069444444444444,pos,Farm,IT2
ASV_00078,ASV_00931,0.5294117647058824,pos,Farm,IT2
ASV_00078,ASV_00959,0.5362318840579711,pos,Farm,IT2
ASV_00078,ASV_01048,0.48936170212765956,pos,Farm,IT2
ASV_00078,ASV_01090,0.503448275862069,pos,Farm,IT2
ASV_00078,ASV_01204,0.5531914893617021,pos,Farm,IT2
ASV_00078,ASV_01250,0.5172413793103449,pos,Farm,IT2
ASV_00078,ASV_01267,0.48936170212765956,pos,Farm,IT2
ASV_00078,ASV_01288,0.524822695035461,pos,Farm,IT2
ASV_00078,ASV_01426,0.4855072463768116,pos,Farm,IT2
ASV_00078,ASV_01459,0.4928571428571429,pos,Farm,IT2
ASV_00078,ASV_02149,0.4927536231884058,pos,Farm,IT2
ASV_00079,ASV_00084,0.5510204081632653,pos,Farm,IT2
ASV_00079,ASV_00087,0.5244755244755245,pos,Farm,IT2
ASV_00079,ASV_00089,0.5205479452054794,pos,Farm,IT2
ASV_00079,ASV_00093,0.5524475524475524,pos,Farm,IT2
ASV_00079,ASV_00094,0.5384615384615384,pos,Farm,IT2
ASV_00079,ASV_00098,0.5103448275862069,pos,Farm,IT2
ASV_00079,ASV_00101,0.5,pos,Farm,IT2
ASV_00079,ASV_00106,0.5205479452054794,pos,Farm,IT2
ASV_00079,ASV_00115,0.475177304964539,pos,Farm,IT2
ASV_00079,ASV_00122,0.5104895104895105,pos,Farm,IT2
ASV_00079,ASV_00127,0.5524475524475524,pos,Farm,IT2
ASV_00079,ASV_00128,0.5540540540540541,pos,Farm,IT2
ASV_00079,ASV_00136,0.5205479452054794,pos,Farm,IT2
ASV_00079,ASV_00141,0.524822695035461,pos,Farm,IT2
ASV_00079,ASV_00145,0.5103448275862069,pos,Farm,IT2
ASV_00079,ASV_00146,0.5547945205479452,pos,Farm,IT2
ASV_00079,ASV_00151,0.5285714285714286,pos,Farm,IT2
ASV_00079,ASV_00154,0.5211267605633803,pos,Farm,IT2
ASV_00079,ASV_00159,0.5310344827586206,pos,Farm,IT2
ASV_00079,ASV_00160,0.5069444444444444,pos,Farm,IT2
ASV_00079,ASV_00164,0.5140845070422535,pos,Farm,IT2
ASV_00079,ASV_00165,0.49295774647887325,pos,Farm,IT2
ASV_00079,ASV_00170,0.5592105263157895,pos,Farm,IT2
ASV_00079,ASV_00171,0.5774647887323944,pos,Farm,IT2
ASV_00079,ASV_00176,0.4928571428571429,pos,Farm,IT2
ASV_00079,ASV_00179,0.5496688741721855,pos,Farm,IT2
ASV_00079,ASV_00184,0.5174825174825175,pos,Farm,IT2
ASV_00079,ASV_00186,0.5347222222222222,pos,Farm,IT2
ASV_00079,ASV_00189,0.5104895104895105,pos,Farm,IT2
ASV_00079,ASV_00198,0.5244755244755245,pos,Farm,IT2
ASV_00079,ASV_00200,0.5070422535211268,pos,Farm,IT2
ASV_00079,ASV_00212,0.5138888888888888,pos,Farm,IT2
ASV_00079,ASV_00218,0.5384615384615384,pos,Farm,IT2
ASV_00079,ASV_00226,0.5174825174825175,pos,Farm,IT2
ASV_00079,ASV_00230,0.5594405594405595,pos,Farm,IT2
ASV_00079,ASV_00232,0.5517241379310345,pos,Farm,IT2
ASV_00079,ASV_00233,0.5034965034965035,pos,Farm,IT2
ASV_00079,ASV_00235,0.5036496350364964,pos,Farm,IT2
ASV_00079,ASV_00267,0.5,pos,Farm,IT2
ASV_00079,ASV_00274,0.5608108108108109,pos,Farm,IT2
ASV_00079,ASV_00295,0.5416666666666666,pos,Farm,IT2
ASV_00079,ASV_00296,0.5071428571428571,pos,Farm,IT2
ASV_00079,ASV_00315,0.5071428571428571,pos,Farm,IT2
ASV_00079,ASV_00318,0.5454545454545454,pos,Farm,IT2
ASV_00079,ASV_00324,0.5352112676056338,pos,Farm,IT2
ASV_00079,ASV_00327,0.5,pos,Farm,IT2
ASV_00079,ASV_00335,0.5367647058823529,pos,Farm,IT2
ASV_00079,ASV_00345,0.5625,pos,Farm,IT2
ASV_00079,ASV_00361,0.5734265734265734,pos,Farm,IT2
ASV_00079,ASV_00369,0.5136986301369864,pos,Farm,IT2
ASV_00079,ASV_00373,0.5070422535211268,pos,Farm,IT2
ASV_00079,ASV_00384,0.5103448275862069,pos,Farm,IT2
ASV_00079,ASV_00389,0.5136986301369864,pos,Farm,IT2
ASV_00079,ASV_00398,0.5379310344827586,pos,Farm,IT2
ASV_00079,ASV_00409,0.5070422535211268,pos,Farm,IT2
ASV_00079,ASV_00412,0.5323741007194245,pos,Farm,IT2
ASV_00079,ASV_00421,0.5379310344827586,pos,Farm,IT2
ASV_00079,ASV_00428,0.5142857142857142,pos,Farm,IT2
ASV_00079,ASV_00438,0.5422535211267606,pos,Farm,IT2
ASV_00079,ASV_00440,0.5034965034965035,pos,Farm,IT2
ASV_00079,ASV_00441,0.5104895104895105,pos,Farm,IT2
ASV_00079,ASV_00445,0.5103448275862069,pos,Farm,IT2
ASV_00079,ASV_00452,0.5467625899280576,pos,Farm,IT2
ASV_00079,ASV_00455,0.5,pos,Farm,IT2
ASV_00079,ASV_00459,0.5205479452054794,pos,Farm,IT2
ASV_00079,ASV_00477,0.5310344827586206,pos,Farm,IT2
ASV_00079,ASV_00486,0.5540540540540541,pos,Farm,IT2
ASV_00079,ASV_00490,0.5608108108108109,pos,Farm,IT2
ASV_00079,ASV_00493,0.54421768707483,pos,Farm,IT2
ASV_00079,ASV_00495,0.5251798561151079,pos,Farm,IT2
ASV_00079,ASV_00503,0.5208333333333334,pos,Farm,IT2
ASV_00079,ASV_00511,0.5328467153284672,pos,Farm,IT2
ASV_00079,ASV_00517,0.5357142857142857,pos,Farm,IT2
ASV_00079,ASV_00518,0.5472972972972973,pos,Farm,IT2
ASV_00079,ASV_00521,0.5337837837837838,pos,Farm,IT2
ASV_00079,ASV_00529,0.4859154929577465,pos,Farm,IT2
ASV_00079,ASV_00541,0.5103448275862069,pos,Farm,IT2
ASV_00079,ASV_00542,0.5472972972972973,pos,Farm,IT2
ASV_00079,ASV_00550,0.5306122448979592,pos,Farm,IT2
ASV_00079,ASV_00556,0.5563380281690141,pos,Farm,IT2
ASV_00079,ASV_00568,0.541095890410959,pos,Farm,IT2
ASV_00079,ASV_00572,0.5466666666666666,pos,Farm,IT2
ASV_00079,ASV_00615,0.49295774647887325,pos,Farm,IT2
ASV_00079,ASV_00618,0.5314685314685315,pos,Farm,IT2
ASV_00079,ASV_00668,0.5,pos,Farm,IT2
ASV_00079,ASV_00686,0.5136986301369864,pos,Farm,IT2
ASV_00079,ASV_00758,0.5524475524475524,pos,Farm,IT2
ASV_00079,ASV_00781,0.5314685314685315,pos,Farm,IT2
ASV_00079,ASV_00793,0.5104895104895105,pos,Farm,IT2
ASV_00079,ASV_00798,0.541095890410959,pos,Farm,IT2
ASV_00079,ASV_00802,0.5337837837837838,pos,Farm,IT2
ASV_00079,ASV_00809,0.5496688741721855,pos,Farm,IT2
ASV_00079,ASV_00815,0.5878378378378378,pos,Farm,IT2
ASV_00079,ASV_00829,0.5352112676056338,pos,Farm,IT2
ASV_00079,ASV_00865,0.5785714285714286,pos,Farm,IT2
ASV_00079,ASV_00873,0.5142857142857142,pos,Farm,IT2
ASV_00079,ASV_00909,0.5,pos,Farm,IT2
ASV_00079,ASV_00929,0.5734265734265734,pos,Farm,IT2
ASV_00079,ASV_00952,0.524822695035461,pos,Farm,IT2
ASV_00079,ASV_00984,0.5241379310344828,pos,Farm,IT2
ASV_00079,ASV_00989,0.5035971223021583,pos,Farm,IT2
ASV_00079,ASV_01048,0.5138888888888888,pos,Farm,IT2
ASV_00079,ASV_01065,0.5214285714285715,pos,Farm,IT2
ASV_00079,ASV_01119,0.5793103448275863,pos,Farm,IT2
ASV_00079,ASV_01152,0.5244755244755245,pos,Farm,IT2
ASV_00079,ASV_01153,0.5140845070422535,pos,Farm,IT2
ASV_00079,ASV_01204,0.5547945205479452,pos,Farm,IT2
ASV_00079,ASV_01223,0.4927536231884058,pos,Farm,IT2
ASV_00079,ASV_01288,0.5379310344827586,pos,Farm,IT2
ASV_00079,ASV_01426,0.5,pos,Farm,IT2
ASV_00079,ASV_01491,0.5103448275862069,pos,Farm,IT2
ASV_00079,ASV_01941,0.5273972602739726,pos,Farm,IT2
ASV_00080,ASV_00083,0.5103448275862069,pos,Farm,IT2
ASV_00080,ASV_00084,0.5608108108108109,pos,Farm,IT2
ASV_00080,ASV_00089,0.5845070422535211,pos,Farm,IT2
ASV_00080,ASV_00091,0.5310344827586206,pos,Farm,IT2
ASV_00080,ASV_00093,0.5306122448979592,pos,Farm,IT2
ASV_00080,ASV_00096,0.5342465753424658,pos,Farm,IT2
ASV_00080,ASV_00101,0.5103448275862069,pos,Farm,IT2
ASV_00080,ASV_00103,0.5510204081632653,pos,Farm,IT2
ASV_00080,ASV_00106,0.541095890410959,pos,Farm,IT2
ASV_00080,ASV_00108,0.5259259259259259,pos,Farm,IT2
ASV_00080,ASV_00111,0.5142857142857142,pos,Farm,IT2
ASV_00080,ASV_00112,0.5633802816901409,pos,Farm,IT2
ASV_00080,ASV_00113,0.5069444444444444,pos,Farm,IT2
ASV_00080,ASV_00119,0.5205479452054794,pos,Farm,IT2
ASV_00080,ASV_00122,0.5208333333333334,pos,Farm,IT2
ASV_00080,ASV_00127,0.5845070422535211,pos,Farm,IT2
ASV_00080,ASV_00130,0.5238095238095238,pos,Farm,IT2
ASV_00080,ASV_00132,0.5174825174825175,pos,Farm,IT2
ASV_00080,ASV_00133,0.5384615384615384,pos,Farm,IT2
ASV_00080,ASV_00137,0.5422535211267606,pos,Farm,IT2
ASV_00080,ASV_00139,0.5107913669064749,pos,Farm,IT2
ASV_00080,ASV_00140,0.5244755244755245,pos,Farm,IT2
ASV_00080,ASV_00141,0.5244755244755245,pos,Farm,IT2
ASV_00080,ASV_00144,0.5103448275862069,pos,Farm,IT2
ASV_00080,ASV_00145,0.5205479452054794,pos,Farm,IT2
ASV_00080,ASV_00146,0.5540540540540541,pos,Farm,IT2
ASV_00080,ASV_00147,0.5103448275862069,pos,Farm,IT2
ASV_00080,ASV_00148,0.5570469798657718,pos,Farm,IT2
ASV_00080,ASV_00151,0.528169014084507,pos,Farm,IT2
ASV_00080,ASV_00153,0.5277777777777778,pos,Farm,IT2
ASV_00080,ASV_00154,0.5103448275862069,pos,Farm,IT2
ASV_00080,ASV_00156,0.5753424657534246,pos,Farm,IT2
ASV_00080,ASV_00157,0.5547945205479452,pos,Farm,IT2
ASV_00080,ASV_00159,0.5517241379310345,pos,Farm,IT2
ASV_00080,ASV_00162,0.5416666666666666,pos,Farm,IT2
ASV_00080,ASV_00166,0.5342465753424658,pos,Farm,IT2
ASV_00080,ASV_00168,0.5821917808219178,pos,Farm,IT2
ASV_00080,ASV_00171,0.5874125874125874,pos,Farm,IT2
ASV_00080,ASV_00172,0.5238095238095238,pos,Farm,IT2
ASV_00080,ASV_00173,0.56,pos,Farm,IT2
ASV_00080,ASV_00176,0.5035460992907801,pos,Farm,IT2
ASV_00080,ASV_00177,0.5069444444444444,pos,Farm,IT2
ASV_00080,ASV_00179,0.5695364238410596,pos,Farm,IT2
ASV_00080,ASV_00181,0.5337837837837838,pos,Farm,IT2
ASV_00080,ASV_00186,0.5342465753424658,pos,Farm,IT2
ASV_00080,ASV_00189,0.5314685314685315,pos,Farm,IT2
ASV_00080,ASV_00192,0.5416666666666666,pos,Farm,IT2
ASV_00080,ASV_00193,0.5804195804195804,pos,Farm,IT2
ASV_00080,ASV_00194,0.5821917808219178,pos,Farm,IT2
ASV_00080,ASV_00195,0.5625,pos,Farm,IT2
ASV_00080,ASV_00199,0.5214285714285715,pos,Farm,IT2
ASV_00080,ASV_00200,0.528169014084507,pos,Farm,IT2
ASV_00080,ASV_00205,0.5637583892617449,pos,Farm,IT2
ASV_00080,ASV_00208,0.5602836879432624,pos,Farm,IT2
ASV_00080,ASV_00221,0.5172413793103449,pos,Farm,IT2
ASV_00080,ASV_00231,0.5136986301369864,pos,Farm,IT2
ASV_00080,ASV_00233,0.5797101449275363,pos,Farm,IT2
ASV_00080,ASV_00242,0.5107913669064749,pos,Farm,IT2
ASV_00080,ASV_00247,0.5454545454545454,pos,Farm,IT2
ASV_00080,ASV_00249,0.5454545454545454,pos,Farm,IT2
ASV_00080,ASV_00250,0.547945205479452,pos,Farm,IT2
ASV_00080,ASV_00254,0.5369127516778524,pos,Farm,IT2
ASV_00080,ASV_00259,0.4928571428571429,pos,Farm,IT2
ASV_00080,ASV_00263,0.5793103448275863,pos,Farm,IT2
ASV_00080,ASV_00264,0.5174825174825175,pos,Farm,IT2
ASV_00080,ASV_00265,0.503448275862069,pos,Farm,IT2
ASV_00080,ASV_00269,0.5789473684210527,pos,Farm,IT2
ASV_00080,ASV_00270,0.5629139072847682,pos,Farm,IT2
ASV_00080,ASV_00271,0.4927536231884058,pos,Farm,IT2
ASV_00080,ASV_00273,0.5238095238095238,pos,Farm,IT2
ASV_00080,ASV_00275,0.5466666666666666,pos,Farm,IT2
ASV_00080,ASV_00278,0.54421768707483,pos,Farm,IT2
ASV_00080,ASV_00282,0.5384615384615384,pos,Farm,IT2
ASV_00080,ASV_00283,0.5724137931034483,pos,Farm,IT2
ASV_00080,ASV_00286,0.5273972602739726,pos,Farm,IT2
ASV_00080,ASV_00291,0.5070422535211268,pos,Farm,IT2
ASV_00080,ASV_00292,0.5616438356164384,pos,Farm,IT2
ASV_00080,ASV_00294,0.547945205479452,pos,Farm,IT2
ASV_00080,ASV_00297,0.5633802816901409,pos,Farm,IT2
ASV_00080,ASV_00298,0.5142857142857142,pos,Farm,IT2
ASV_00080,ASV_00299,0.5208333333333334,pos,Farm,IT2
ASV_00080,ASV_00305,0.5436241610738255,pos,Farm,IT2
ASV_00080,ASV_00313,0.5306122448979592,pos,Farm,IT2
ASV_00080,ASV_00315,0.4965034965034965,pos,Farm,IT2
ASV_00080,ASV_00325,0.5486111111111112,pos,Farm,IT2
ASV_00080,ASV_00326,0.503448275862069,pos,Farm,IT2
ASV_00080,ASV_00333,0.5586206896551724,pos,Farm,IT2
ASV_00080,ASV_00335,0.5142857142857142,pos,Farm,IT2
ASV_00080,ASV_00336,0.5416666666666666,pos,Farm,IT2
ASV_00080,ASV_00343,0.541095890410959,pos,Farm,IT2
ASV_00080,ASV_00345,0.5724137931034483,pos,Farm,IT2
ASV_00080,ASV_00346,0.5642857142857143,pos,Farm,IT2
ASV_00080,ASV_00347,0.5405405405405406,pos,Farm,IT2
ASV_00080,ASV_00352,0.5277777777777778,pos,Farm,IT2
ASV_00080,ASV_00353,0.5602836879432624,pos,Farm,IT2
ASV_00080,ASV_00355,0.5306122448979592,pos,Farm,IT2
ASV_00080,ASV_00356,0.5753424657534246,pos,Farm,IT2
ASV_00080,ASV_00361,0.6056338028169014,pos,Farm,IT2
ASV_00080,ASV_00369,0.5555555555555556,pos,Farm,IT2
ASV_00080,ASV_00376,0.5724137931034483,pos,Farm,IT2
ASV_00080,ASV_00381,0.503448275862069,pos,Farm,IT2
ASV_00080,ASV_00382,0.5763888888888888,pos,Farm,IT2
ASV_00080,ASV_00391,0.5104895104895105,pos,Farm,IT2
ASV_00080,ASV_00397,0.5273972602739726,pos,Farm,IT2
ASV_00080,ASV_00406,0.5211267605633803,pos,Farm,IT2
ASV_00080,ASV_00421,0.5586206896551724,pos,Farm,IT2
ASV_00080,ASV_00425,0.5138888888888888,pos,Farm,IT2
ASV_00080,ASV_00437,0.5374149659863946,pos,Farm,IT2
ASV_00080,ASV_00440,0.5352112676056338,pos,Farm,IT2
ASV_00080,ASV_00441,0.5422535211267606,pos,Farm,IT2
ASV_00080,ASV_00445,0.5205479452054794,pos,Farm,IT2
ASV_00080,ASV_00451,0.5503355704697986,pos,Farm,IT2
ASV_00080,ASV_00459,0.5517241379310345,pos,Farm,IT2
ASV_00080,ASV_00460,0.5517241379310345,pos,Farm,IT2
ASV_00080,ASV_00463,0.54421768707483,pos,Farm,IT2
ASV_00080,ASV_00465,0.5205479452054794,pos,Farm,IT2
ASV_00080,ASV_00467,0.56,pos,Farm,IT2
ASV_00080,ASV_00468,0.4676258992805755,pos,Farm,IT2
ASV_00080,ASV_00485,0.5915492957746479,pos,Farm,IT2
ASV_00080,ASV_00495,0.5357142857142857,pos,Farm,IT2
ASV_00080,ASV_00498,0.49295774647887325,pos,Farm,IT2
ASV_00080,ASV_00504,0.5743243243243243,pos,Farm,IT2
ASV_00080,ASV_00507,0.5273972602739726,pos,Farm,IT2
ASV_00080,ASV_00512,0.5466666666666666,pos,Farm,IT2
ASV_00080,ASV_00533,0.5136986301369864,pos,Farm,IT2
ASV_00080,ASV_00534,0.6027397260273972,pos,Farm,IT2
ASV_00080,ASV_00536,0.5608108108108109,pos,Farm,IT2
ASV_00080,ASV_00542,0.589041095890411,pos,Farm,IT2
ASV_00080,ASV_00548,0.5285714285714286,pos,Farm,IT2
ASV_00080,ASV_00554,0.5374149659863946,pos,Farm,IT2
ASV_00080,ASV_00556,0.5342465753424658,pos,Farm,IT2
ASV_00080,ASV_00559,0.5347222222222222,pos,Farm,IT2
ASV_00080,ASV_00566,0.5310344827586206,pos,Farm,IT2
ASV_00080,ASV_00572,0.5771812080536913,pos,Farm,IT2
ASV_00080,ASV_00581,0.5035460992907801,pos,Farm,IT2
ASV_00080,ASV_00587,0.5208333333333334,pos,Farm,IT2
ASV_00080,ASV_00595,0.5755395683453237,pos,Farm,IT2
ASV_00080,ASV_00611,0.5374149659863946,pos,Farm,IT2
ASV_00080,ASV_00620,0.5763888888888888,pos,Farm,IT2
ASV_00080,ASV_00622,0.5142857142857142,pos,Farm,IT2
ASV_00080,ASV_00630,0.4965034965034965,pos,Farm,IT2
ASV_00080,ASV_00633,0.541095890410959,pos,Farm,IT2
ASV_00080,ASV_00635,0.5540540540540541,pos,Farm,IT2
ASV_00080,ASV_00636,0.6122448979591837,pos,Farm,IT2
ASV_00080,ASV_00643,0.5486111111111112,pos,Farm,IT2
ASV_00080,ASV_00645,0.5467625899280576,pos,Farm,IT2
ASV_00080,ASV_00651,0.5205479452054794,pos,Farm,IT2
ASV_00080,ASV_00654,0.5211267605633803,pos,Farm,IT2
ASV_00080,ASV_00665,0.5579710144927537,pos,Farm,IT2
ASV_00080,ASV_00666,0.5369127516778524,pos,Farm,IT2
ASV_00080,ASV_00668,0.5103448275862069,pos,Farm,IT2
ASV_00080,ASV_00671,0.5422535211267606,pos,Farm,IT2
ASV_00080,ASV_00673,0.5637583892617449,pos,Farm,IT2
ASV_00080,ASV_00676,0.5503355704697986,pos,Farm,IT2
ASV_00080,ASV_00687,0.5416666666666666,pos,Farm,IT2
ASV_00080,ASV_00697,0.5211267605633803,pos,Farm,IT2
ASV_00080,ASV_00709,0.5310344827586206,pos,Farm,IT2
ASV_00080,ASV_00718,0.5034965034965035,pos,Farm,IT2
ASV_00080,ASV_00724,0.5103448275862069,pos,Farm,IT2
ASV_00080,ASV_00732,0.5277777777777778,pos,Farm,IT2
ASV_00080,ASV_00734,0.5694444444444444,pos,Farm,IT2
ASV_00080,ASV_00758,0.541095890410959,pos,Farm,IT2
ASV_00080,ASV_00760,0.6083916083916084,pos,Farm,IT2
ASV_00080,ASV_00769,0.5524475524475524,pos,Farm,IT2
ASV_00080,ASV_00772,0.5594405594405595,pos,Farm,IT2
ASV_00080,ASV_00778,0.48936170212765956,pos,Farm,IT2
ASV_00080,ASV_00782,0.5205479452054794,pos,Farm,IT2
ASV_00080,ASV_00789,0.5555555555555556,pos,Farm,IT2
ASV_00080,ASV_00793,0.5103448275862069,pos,Farm,IT2
ASV_00080,ASV_00798,0.5405405405405406,pos,Farm,IT2
ASV_00080,ASV_00806,0.5472972972972973,pos,Farm,IT2
ASV_00080,ASV_00809,0.6122448979591837,pos,Farm,IT2
ASV_00080,ASV_00811,0.5337837837837838,pos,Farm,IT2
ASV_00080,ASV_00817,0.5608108108108109,pos,Farm,IT2
ASV_00080,ASV_00842,0.5428571428571428,pos,Farm,IT2
ASV_00080,ASV_00843,0.5337837837837838,pos,Farm,IT2
ASV_00080,ASV_00848,0.5337837837837838,pos,Farm,IT2
ASV_00080,ASV_00869,0.5540540540540541,pos,Farm,IT2
ASV_00080,ASV_00880,0.5138888888888888,pos,Farm,IT2
ASV_00080,ASV_00890,0.541095890410959,pos,Farm,IT2
ASV_00080,ASV_00912,0.5142857142857142,pos,Farm,IT2
ASV_00080,ASV_00959,0.5486111111111112,pos,Farm,IT2
ASV_00080,ASV_01071,0.6058394160583942,pos,Farm,IT2
ASV_00080,ASV_01092,0.5570469798657718,pos,Farm,IT2
ASV_00080,ASV_01101,0.5374149659863946,pos,Farm,IT2
ASV_00080,ASV_01119,0.5466666666666666,pos,Farm,IT2
ASV_00080,ASV_01124,0.5273972602739726,pos,Farm,IT2
ASV_00080,ASV_01249,0.5531914893617021,pos,Farm,IT2
ASV_00080,ASV_01253,0.5486111111111112,pos,Farm,IT2
ASV_00080,ASV_01267,0.5563380281690141,pos,Farm,IT2
ASV_00080,ASV_01328,0.5172413793103449,pos,Farm,IT2
ASV_00080,ASV_01342,0.581081081081081,pos,Farm,IT2
ASV_00080,ASV_01385,0.5241379310344828,pos,Farm,IT2
ASV_00080,ASV_01417,0.5205479452054794,pos,Farm,IT2
ASV_00080,ASV_01491,0.5524475524475524,pos,Farm,IT2
ASV_00080,ASV_01941,0.5804195804195804,pos,Farm,IT2
ASV_00080,ASV_02020,0.5136986301369864,pos,Farm,IT2
ASV_00080,ASV_02332,0.6056338028169014,pos,Farm,IT2
ASV_00081,ASV_00087,0.5036496350364964,pos,Farm,IT2
ASV_00081,ASV_00099,0.4965034965034965,pos,Farm,IT2
ASV_00081,ASV_00100,0.48201438848920863,pos,Farm,IT2
ASV_00081,ASV_00109,0.49645390070921985,pos,Farm,IT2
ASV_00081,ASV_00111,0.48120300751879697,pos,Farm,IT2
ASV_00081,ASV_00116,0.5036496350364964,pos,Farm,IT2
ASV_00081,ASV_00117,0.4632352941176471,pos,Farm,IT2
ASV_00081,ASV_00119,0.4892086330935252,pos,Farm,IT2
ASV_00081,ASV_00125,0.5,pos,Farm,IT2
ASV_00081,ASV_00128,0.5244755244755245,pos,Farm,IT2
ASV_00081,ASV_00129,0.48201438848920863,pos,Farm,IT2
ASV_00081,ASV_00131,0.49635036496350365,pos,Farm,IT2
ASV_00081,ASV_00132,0.463768115942029,pos,Farm,IT2
ASV_00081,ASV_00137,0.4676258992805755,pos,Farm,IT2
ASV_00081,ASV_00140,0.47101449275362317,pos,Farm,IT2
ASV_00081,ASV_00142,0.4857142857142857,pos,Farm,IT2
ASV_00081,ASV_00144,0.4782608695652174,pos,Farm,IT2
ASV_00081,ASV_00155,0.463768115942029,pos,Farm,IT2
ASV_00081,ASV_00162,0.5,pos,Farm,IT2
ASV_00081,ASV_00167,0.5289855072463768,pos,Farm,IT2
ASV_00081,ASV_00172,0.5035971223021583,pos,Farm,IT2
ASV_00081,ASV_00179,0.5310344827586206,pos,Farm,IT2
ASV_00081,ASV_00182,0.48951048951048953,pos,Farm,IT2
ASV_00081,ASV_00184,0.4855072463768116,pos,Farm,IT2
ASV_00081,ASV_00186,0.48226950354609927,pos,Farm,IT2
ASV_00081,ASV_00192,0.4785714285714286,pos,Farm,IT2
ASV_00081,ASV_00200,0.4744525547445255,pos,Farm,IT2
ASV_00081,ASV_00210,0.528169014084507,pos,Farm,IT2
ASV_00081,ASV_00229,0.4892086330935252,pos,Farm,IT2
ASV_00081,ASV_00231,0.4714285714285714,pos,Farm,IT2
ASV_00081,ASV_00233,0.48175182481751827,pos,Farm,IT2
ASV_00081,ASV_00242,0.4772727272727273,pos,Farm,IT2
ASV_00081,ASV_00250,0.4859154929577465,pos,Farm,IT2
ASV_00081,ASV_00252,0.4714285714285714,pos,Farm,IT2
ASV_00081,ASV_00262,0.5142857142857142,pos,Farm,IT2
ASV_00081,ASV_00263,0.5177304964539007,pos,Farm,IT2
ASV_00081,ASV_00270,0.5241379310344828,pos,Farm,IT2
ASV_00081,ASV_00271,0.44696969696969696,pos,Farm,IT2
ASV_00081,ASV_00275,0.5069444444444444,pos,Farm,IT2
ASV_00081,ASV_00277,0.503448275862069,pos,Farm,IT2
ASV_00081,ASV_00282,0.4855072463768116,pos,Farm,IT2
ASV_00081,ASV_00288,0.5177304964539007,pos,Farm,IT2
ASV_00081,ASV_00291,0.5075757575757576,pos,Farm,IT2
ASV_00081,ASV_00292,0.5,pos,Farm,IT2
ASV_00081,ASV_00299,0.48905109489051096,pos,Farm,IT2
ASV_00081,ASV_00303,0.48507462686567165,pos,Farm,IT2
ASV_00081,ASV_00304,0.5103448275862069,pos,Farm,IT2
ASV_00081,ASV_00305,0.5034965034965035,pos,Farm,IT2
ASV_00081,ASV_00308,0.4782608695652174,pos,Farm,IT2
ASV_00081,ASV_00312,0.5323741007194245,pos,Farm,IT2
ASV_00081,ASV_00317,0.5036496350364964,pos,Farm,IT2
ASV_00081,ASV_00318,0.5255474452554745,pos,Farm,IT2
ASV_00081,ASV_00320,0.46715328467153283,pos,Farm,IT2
ASV_00081,ASV_00340,0.5362318840579711,pos,Farm,IT2
ASV_00081,ASV_00347,0.5,pos,Farm,IT2
ASV_00081,ASV_00356,0.5140845070422535,pos,Farm,IT2
ASV_00081,ASV_00357,0.4852941176470588,pos,Farm,IT2
ASV_00081,ASV_00359,0.5075757575757576,pos,Farm,IT2
ASV_00081,ASV_00361,0.48951048951048953,pos,Farm,IT2
ASV_00081,ASV_00365,0.5,pos,Farm,IT2
ASV_00081,ASV_00369,0.48226950354609927,pos,Farm,IT2
ASV_00081,ASV_00373,0.4744525547445255,pos,Farm,IT2
ASV_00081,ASV_00384,0.5,pos,Farm,IT2
ASV_00081,ASV_00403,0.49295774647887325,pos,Farm,IT2
ASV_00081,ASV_00410,0.4785714285714286,pos,Farm,IT2
ASV_00081,ASV_00421,0.4859154929577465,pos,Farm,IT2
ASV_00081,ASV_00442,0.5851851851851851,pos,Farm,IT2
ASV_00081,ASV_00443,0.47101449275362317,pos,Farm,IT2
ASV_00081,ASV_00444,0.49640287769784175,pos,Farm,IT2
ASV_00081,ASV_00459,0.5107913669064749,pos,Farm,IT2
ASV_00081,ASV_00464,0.5323741007194245,pos,Farm,IT2
ASV_00081,ASV_00467,0.5314685314685315,pos,Farm,IT2
ASV_00081,ASV_00468,0.4318181818181818,pos,Farm,IT2
ASV_00081,ASV_00488,0.5539568345323741,pos,Farm,IT2
ASV_00081,ASV_00490,0.5314685314685315,pos,Farm,IT2
ASV_00081,ASV_00507,0.4857142857142857,pos,Farm,IT2
ASV_00081,ASV_00513,0.4892086330935252,pos,Farm,IT2
ASV_00081,ASV_00514,0.5170068027210885,pos,Farm,IT2
ASV_00081,ASV_00520,0.49645390070921985,pos,Farm,IT2
ASV_00081,ASV_00530,0.4857142857142857,pos,Farm,IT2
ASV_00081,ASV_00544,0.5036496350364964,pos,Farm,IT2
ASV_00081,ASV_00548,0.4632352941176471,pos,Farm,IT2
ASV_00081,ASV_00563,0.5071428571428571,pos,Farm,IT2
ASV_00081,ASV_00587,0.5111111111111111,pos,Farm,IT2
ASV_00081,ASV_00592,0.49640287769784175,pos,Farm,IT2
ASV_00081,ASV_00594,0.5182481751824818,pos,Farm,IT2
ASV_00081,ASV_00595,0.4676258992805755,pos,Farm,IT2
ASV_00081,ASV_00615,0.4925373134328358,pos,Farm,IT2
ASV_00081,ASV_00630,0.4740740740740741,pos,Farm,IT2
ASV_00081,ASV_00633,0.5107913669064749,pos,Farm,IT2
ASV_00081,ASV_00635,0.4930555555555556,pos,Farm,IT2
ASV_00081,ASV_00636,0.5310344827586206,pos,Farm,IT2
ASV_00081,ASV_00643,0.5407407407407407,pos,Farm,IT2
ASV_00081,ASV_00656,0.4928571428571429,pos,Farm,IT2
ASV_00081,ASV_00671,0.5,pos,Farm,IT2
ASV_00081,ASV_00757,0.49645390070921985,pos,Farm,IT2
ASV_00081,ASV_00758,0.48936170212765956,pos,Farm,IT2
ASV_00081,ASV_00769,0.4785714285714286,pos,Farm,IT2
ASV_00081,ASV_00801,0.48148148148148145,pos,Farm,IT2
ASV_00081,ASV_00802,0.5140845070422535,pos,Farm,IT2
ASV_00081,ASV_00807,0.48226950354609927,pos,Farm,IT2
ASV_00081,ASV_00845,0.48507462686567165,pos,Farm,IT2
ASV_00081,ASV_00848,0.5142857142857142,pos,Farm,IT2
ASV_00081,ASV_00869,0.5140845070422535,pos,Farm,IT2
ASV_00081,ASV_00880,0.5037037037037037,pos,Farm,IT2
ASV_00081,ASV_00909,0.4676258992805755,pos,Farm,IT2
ASV_00081,ASV_00924,0.47368421052631576,pos,Farm,IT2
ASV_00081,ASV_00931,0.4676258992805755,pos,Farm,IT2
ASV_00081,ASV_00935,0.5182481751824818,pos,Farm,IT2
ASV_00081,ASV_00984,0.48226950354609927,pos,Farm,IT2
ASV_00081,ASV_00989,0.45925925925925926,pos,Farm,IT2
ASV_00081,ASV_01018,0.4676258992805755,pos,Farm,IT2
ASV_00081,ASV_01023,0.4930555555555556,pos,Farm,IT2
ASV_00081,ASV_01048,0.4927536231884058,pos,Farm,IT2
ASV_00081,ASV_01087,0.48936170212765956,pos,Farm,IT2
ASV_00081,ASV_01092,0.496551724137931,pos,Farm,IT2
ASV_00081,ASV_01119,0.496551724137931,pos,Farm,IT2
ASV_00081,ASV_01179,0.463768115942029,pos,Farm,IT2
ASV_00081,ASV_01204,0.4930555555555556,pos,Farm,IT2
ASV_00081,ASV_01223,0.44776119402985076,pos,Farm,IT2
ASV_00081,ASV_01426,0.46715328467153283,pos,Farm,IT2
ASV_00081,ASV_01459,0.4748201438848921,pos,Farm,IT2
ASV_00081,ASV_01503,0.5217391304347826,pos,Farm,IT2
ASV_00081,ASV_01541,0.48936170212765956,pos,Farm,IT2
ASV_00081,ASV_01941,0.5071428571428571,pos,Farm,IT2
ASV_00083,ASV_00092,0.5035460992907801,pos,Farm,IT2
ASV_00083,ASV_00094,0.539568345323741,pos,Farm,IT2
ASV_00083,ASV_00095,0.5,pos,Farm,IT2
ASV_00083,ASV_00101,0.48936170212765956,pos,Farm,IT2
ASV_00083,ASV_00105,0.539568345323741,pos,Farm,IT2
ASV_00083,ASV_00111,0.48175182481751827,pos,Farm,IT2
ASV_00083,ASV_00117,0.4748201438848921,pos,Farm,IT2
ASV_00083,ASV_00137,0.5107913669064749,pos,Farm,IT2
ASV_00083,ASV_00139,0.46715328467153283,pos,Farm,IT2
ASV_00083,ASV_00146,0.5136986301369864,pos,Farm,IT2
ASV_00083,ASV_00152,0.5602836879432624,pos,Farm,IT2
ASV_00083,ASV_00156,0.5347222222222222,pos,Farm,IT2
ASV_00083,ASV_00159,0.5211267605633803,pos,Farm,IT2
ASV_00083,ASV_00166,0.5140845070422535,pos,Farm,IT2
ASV_00083,ASV_00168,0.5205479452054794,pos,Farm,IT2
ASV_00083,ASV_00176,0.47101449275362317,pos,Farm,IT2
ASV_00083,ASV_00181,0.5571428571428572,pos,Farm,IT2
ASV_00083,ASV_00191,0.49645390070921985,pos,Farm,IT2
ASV_00083,ASV_00193,0.5174825174825175,pos,Farm,IT2
ASV_00083,ASV_00196,0.48201438848920863,pos,Farm,IT2
ASV_00083,ASV_00199,0.4676258992805755,pos,Farm,IT2
ASV_00083,ASV_00205,0.5238095238095238,pos,Farm,IT2
ASV_00083,ASV_00211,0.5073529411764706,pos,Farm,IT2
ASV_00083,ASV_00221,0.5514705882352942,pos,Farm,IT2
ASV_00083,ASV_00232,0.5103448275862069,pos,Farm,IT2
ASV_00083,ASV_00240,0.48936170212765956,pos,Farm,IT2
ASV_00083,ASV_00242,0.5,pos,Farm,IT2
ASV_00083,ASV_00244,0.5285714285714286,pos,Farm,IT2
ASV_00083,ASV_00249,0.5035460992907801,pos,Farm,IT2
ASV_00083,ASV_00265,0.5035971223021583,pos,Farm,IT2
ASV_00083,ASV_00269,0.5714285714285714,pos,Farm,IT2
ASV_00083,ASV_00283,0.5208333333333334,pos,Farm,IT2
ASV_00083,ASV_00291,0.4855072463768116,pos,Farm,IT2
ASV_00083,ASV_00292,0.5103448275862069,pos,Farm,IT2
ASV_00083,ASV_00297,0.5106382978723404,pos,Farm,IT2
ASV_00083,ASV_00299,0.5,pos,Farm,IT2
ASV_00083,ASV_00304,0.5306122448979592,pos,Farm,IT2
ASV_00083,ASV_00313,0.5,pos,Farm,IT2
ASV_00083,ASV_00320,0.5,pos,Farm,IT2
ASV_00083,ASV_00324,0.5035460992907801,pos,Farm,IT2
ASV_00083,ASV_00326,0.48226950354609927,pos,Farm,IT2
ASV_00083,ASV_00328,0.5390070921985816,pos,Farm,IT2
ASV_00083,ASV_00330,0.48936170212765956,pos,Farm,IT2
ASV_00083,ASV_00339,0.4785714285714286,pos,Farm,IT2
ASV_00083,ASV_00346,0.5107913669064749,pos,Farm,IT2
ASV_00083,ASV_00354,0.49645390070921985,pos,Farm,IT2
ASV_00083,ASV_00367,0.5144927536231884,pos,Farm,IT2
ASV_00083,ASV_00404,0.4785714285714286,pos,Farm,IT2
ASV_00083,ASV_00415,0.5070422535211268,pos,Farm,IT2
ASV_00083,ASV_00421,0.528169014084507,pos,Farm,IT2
ASV_00083,ASV_00429,0.48148148148148145,pos,Farm,IT2
ASV_00083,ASV_00438,0.5,pos,Farm,IT2
ASV_00083,ASV_00445,0.5,pos,Farm,IT2
ASV_00083,ASV_00447,0.5314685314685315,pos,Farm,IT2
ASV_00083,ASV_00453,0.5319148936170213,pos,Farm,IT2
ASV_00083,ASV_00468,0.4444444444444444,pos,Farm,IT2
ASV_00083,ASV_00486,0.5342465753424658,pos,Farm,IT2
ASV_00083,ASV_00506,0.5072463768115942,pos,Farm,IT2
ASV_00083,ASV_00518,0.5170068027210885,pos,Farm,IT2
ASV_00083,ASV_00541,0.5106382978723404,pos,Farm,IT2
ASV_00083,ASV_00543,0.5174825174825175,pos,Farm,IT2
ASV_00083,ASV_00550,0.5314685314685315,pos,Farm,IT2
ASV_00083,ASV_00581,0.48175182481751827,pos,Farm,IT2
ASV_00083,ASV_00596,0.47101449275362317,pos,Farm,IT2
ASV_00083,ASV_00612,0.5352112676056338,pos,Farm,IT2
ASV_00083,ASV_00633,0.5,pos,Farm,IT2
ASV_00083,ASV_00636,0.5302013422818792,pos,Farm,IT2
ASV_00083,ASV_00654,0.4785714285714286,pos,Farm,IT2
ASV_00083,ASV_00724,0.5,pos,Farm,IT2
ASV_00083,ASV_00727,0.5144927536231884,pos,Farm,IT2
ASV_00083,ASV_00732,0.49645390070921985,pos,Farm,IT2
ASV_00083,ASV_00760,0.5241379310344828,pos,Farm,IT2
ASV_00083,ASV_00806,0.5384615384615384,pos,Farm,IT2
ASV_00083,ASV_00807,0.524822695035461,pos,Farm,IT2
ASV_00083,ASV_00809,0.5302013422818792,pos,Farm,IT2
ASV_00083,ASV_00815,0.5793103448275863,pos,Farm,IT2
ASV_00083,ASV_00845,0.4748201438848921,pos,Farm,IT2
ASV_00083,ASV_00891,0.54421768707483,pos,Farm,IT2
ASV_00083,ASV_00931,0.5,pos,Farm,IT2
ASV_00083,ASV_00984,0.5140845070422535,pos,Farm,IT2
ASV_00083,ASV_01152,0.49295774647887325,pos,Farm,IT2
ASV_00083,ASV_01250,0.5310344827586206,pos,Farm,IT2
ASV_00083,ASV_01426,0.4785714285714286,pos,Farm,IT2
ASV_00083,ASV_01491,0.5106382978723404,pos,Farm,IT2
ASV_00083,ASV_01503,0.5,pos,Farm,IT2
ASV_00083,ASV_01578,0.524822695035461,pos,Farm,IT2
ASV_00083,ASV_02332,0.5314685314685315,pos,Farm,IT2
ASV_00084,ASV_00096,0.5547945205479452,pos,Farm,IT2
ASV_00084,ASV_00106,0.5616438356164384,pos,Farm,IT2
ASV_00084,ASV_00117,0.5069444444444444,pos,Farm,IT2
ASV_00084,ASV_00147,0.5205479452054794,pos,Farm,IT2
ASV_00084,ASV_00160,0.5273972602739726,pos,Farm,IT2
ASV_00084,ASV_00164,0.5241379310344828,pos,Farm,IT2
ASV_00084,ASV_00171,0.5436241610738255,pos,Farm,IT2
ASV_00084,ASV_00172,0.5337837837837838,pos,Farm,IT2
ASV_00084,ASV_00212,0.5342465753424658,pos,Farm,IT2
ASV_00084,ASV_00231,0.5448275862068965,pos,Farm,IT2
ASV_00084,ASV_00233,0.5136986301369864,pos,Farm,IT2
ASV_00084,ASV_00238,0.5510204081632653,pos,Farm,IT2
ASV_00084,ASV_00274,0.58,pos,Farm,IT2
ASV_00084,ASV_00298,0.4930555555555556,pos,Farm,IT2
ASV_00084,ASV_00307,0.5136986301369864,pos,Farm,IT2
ASV_00084,ASV_00324,0.5238095238095238,pos,Farm,IT2
ASV_00084,ASV_00332,0.5273972602739726,pos,Farm,IT2
ASV_00084,ASV_00369,0.5337837837837838,pos,Farm,IT2
ASV_00084,ASV_00376,0.5821917808219178,pos,Farm,IT2
ASV_00084,ASV_00384,0.541095890410959,pos,Farm,IT2
ASV_00084,ASV_00387,0.5337837837837838,pos,Farm,IT2
ASV_00084,ASV_00406,0.5208333333333334,pos,Farm,IT2
ASV_00084,ASV_00407,0.5273972602739726,pos,Farm,IT2
ASV_00084,ASV_00422,0.5517241379310345,pos,Farm,IT2
ASV_00084,ASV_00445,0.5306122448979592,pos,Farm,IT2
ASV_00084,ASV_00468,0.4785714285714286,pos,Farm,IT2
ASV_00084,ASV_00485,0.5369127516778524,pos,Farm,IT2
ASV_00084,ASV_00490,0.5906040268456376,pos,Farm,IT2
ASV_00084,ASV_00571,0.5369127516778524,pos,Farm,IT2
ASV_00084,ASV_00595,0.5205479452054794,pos,Farm,IT2
ASV_00084,ASV_00984,0.5337837837837838,pos,Farm,IT2
ASV_00084,ASV_01065,0.5642857142857143,pos,Farm,IT2
ASV_00084,ASV_01342,0.58,pos,Farm,IT2
ASV_00085,ASV_00087,0.5069444444444444,pos,Farm,IT2
ASV_00085,ASV_00103,0.5342465753424658,pos,Farm,IT2
ASV_00085,ASV_00104,0.5285714285714286,pos,Farm,IT2
ASV_00085,ASV_00113,0.5214285714285715,pos,Farm,IT2
ASV_00085,ASV_00118,0.5310344827586206,pos,Farm,IT2
ASV_00085,ASV_00123,0.4785714285714286,pos,Farm,IT2
ASV_00085,ASV_00130,0.5384615384615384,pos,Farm,IT2
ASV_00085,ASV_00131,0.5211267605633803,pos,Farm,IT2
ASV_00085,ASV_00133,0.5104895104895105,pos,Farm,IT2
ASV_00085,ASV_00136,0.5136986301369864,pos,Farm,IT2
ASV_00085,ASV_00140,0.4965034965034965,pos,Farm,IT2
ASV_00085,ASV_00142,0.5208333333333334,pos,Farm,IT2
ASV_00085,ASV_00146,0.547945205479452,pos,Farm,IT2
ASV_00085,ASV_00147,0.5357142857142857,pos,Farm,IT2
ASV_00085,ASV_00158,0.5244755244755245,pos,Farm,IT2
ASV_00085,ASV_00161,0.5273972602739726,pos,Farm,IT2
ASV_00085,ASV_00169,0.5136986301369864,pos,Farm,IT2
ASV_00085,ASV_00176,0.49640287769784175,pos,Farm,IT2
ASV_00085,ASV_00183,0.5136986301369864,pos,Farm,IT2
ASV_00085,ASV_00186,0.5172413793103449,pos,Farm,IT2
ASV_00085,ASV_00188,0.5238095238095238,pos,Farm,IT2
ASV_00085,ASV_00191,0.5,pos,Farm,IT2
ASV_00085,ASV_00192,0.5244755244755245,pos,Farm,IT2
ASV_00085,ASV_00193,0.5416666666666666,pos,Farm,IT2
ASV_00085,ASV_00198,0.5174825174825175,pos,Farm,IT2
ASV_00085,ASV_00199,0.4928571428571429,pos,Farm,IT2
ASV_00085,ASV_00203,0.5422535211267606,pos,Farm,IT2
ASV_00085,ASV_00205,0.5369127516778524,pos,Farm,IT2
ASV_00085,ASV_00210,0.5405405405405406,pos,Farm,IT2
ASV_00085,ASV_00211,0.5107913669064749,pos,Farm,IT2
ASV_00085,ASV_00218,0.5103448275862069,pos,Farm,IT2
ASV_00085,ASV_00238,0.5241379310344828,pos,Farm,IT2
ASV_00085,ASV_00239,0.5211267605633803,pos,Farm,IT2
ASV_00085,ASV_00244,0.5531914893617021,pos,Farm,IT2
ASV_00085,ASV_00251,0.574468085106383,pos,Farm,IT2
ASV_00085,ASV_00265,0.5177304964539007,pos,Farm,IT2
ASV_00085,ASV_00280,0.5034965034965035,pos,Farm,IT2
ASV_00085,ASV_00286,0.5422535211267606,pos,Farm,IT2
ASV_00085,ASV_00290,0.5782312925170068,pos,Farm,IT2
ASV_00085,ASV_00295,0.5136986301369864,pos,Farm,IT2
ASV_00085,ASV_00299,0.5034965034965035,pos,Farm,IT2
ASV_00085,ASV_00300,0.5436241610738255,pos,Farm,IT2
ASV_00085,ASV_00303,0.5107913669064749,pos,Farm,IT2
ASV_00085,ASV_00305,0.5694444444444444,pos,Farm,IT2
ASV_00085,ASV_00312,0.5238095238095238,pos,Farm,IT2
ASV_00085,ASV_00320,0.49295774647887325,pos,Farm,IT2
ASV_00085,ASV_00324,0.5174825174825175,pos,Farm,IT2
ASV_00085,ASV_00328,0.5205479452054794,pos,Farm,IT2
ASV_00085,ASV_00331,0.5704697986577181,pos,Farm,IT2
ASV_00085,ASV_00332,0.5104895104895105,pos,Farm,IT2
ASV_00085,ASV_00334,0.5379310344827586,pos,Farm,IT2
ASV_00085,ASV_00336,0.5138888888888888,pos,Farm,IT2
ASV_00085,ASV_00346,0.5034965034965035,pos,Farm,IT2
ASV_00085,ASV_00347,0.5238095238095238,pos,Farm,IT2
ASV_00085,ASV_00353,0.5,pos,Farm,IT2
ASV_00085,ASV_00354,0.5104895104895105,pos,Farm,IT2
ASV_00085,ASV_00373,0.5106382978723404,pos,Farm,IT2
ASV_00085,ASV_00378,0.5586206896551724,pos,Farm,IT2
ASV_00085,ASV_00391,0.5035460992907801,pos,Farm,IT2
ASV_00085,ASV_00451,0.5337837837837838,pos,Farm,IT2
ASV_00085,ASV_00471,0.5277777777777778,pos,Farm,IT2
ASV_00085,ASV_00477,0.5136986301369864,pos,Farm,IT2
ASV_00085,ASV_00486,0.5578231292517006,pos,Farm,IT2
ASV_00085,ASV_00494,0.5103448275862069,pos,Farm,IT2
ASV_00085,ASV_00498,0.5182481751824818,pos,Farm,IT2
ASV_00085,ASV_00504,0.5369127516778524,pos,Farm,IT2
ASV_00085,ASV_00534,0.5862068965517241,pos,Farm,IT2
ASV_00085,ASV_00550,0.5238095238095238,pos,Farm,IT2
ASV_00085,ASV_00556,0.5384615384615384,pos,Farm,IT2
ASV_00085,ASV_00563,0.5310344827586206,pos,Farm,IT2
ASV_00085,ASV_00568,0.5238095238095238,pos,Farm,IT2
ASV_00085,ASV_00572,0.5608108108108109,pos,Farm,IT2
ASV_00085,ASV_00615,0.4859154929577465,pos,Farm,IT2
ASV_00085,ASV_00620,0.5594405594405595,pos,Farm,IT2
ASV_00085,ASV_00628,0.5,pos,Farm,IT2
ASV_00085,ASV_00636,0.5533333333333333,pos,Farm,IT2
ASV_00085,ASV_00638,0.5273972602739726,pos,Farm,IT2
ASV_00085,ASV_00643,0.5208333333333334,pos,Farm,IT2
ASV_00085,ASV_00651,0.5460992907801419,pos,Farm,IT2
ASV_00085,ASV_00665,0.4859154929577465,pos,Farm,IT2
ASV_00085,ASV_00676,0.5547945205479452,pos,Farm,IT2
ASV_00085,ASV_00697,0.5035460992907801,pos,Farm,IT2
ASV_00085,ASV_00718,0.4859154929577465,pos,Farm,IT2
ASV_00085,ASV_00732,0.5,pos,Farm,IT2
ASV_00085,ASV_00778,0.48201438848920863,pos,Farm,IT2
ASV_00085,ASV_00808,0.5034965034965035,pos,Farm,IT2
ASV_00085,ASV_00809,0.5743243243243243,pos,Farm,IT2
ASV_00085,ASV_00821,0.5454545454545454,pos,Farm,IT2
ASV_00085,ASV_00829,0.5174825174825175,pos,Farm,IT2
ASV_00085,ASV_00880,0.4965034965034965,pos,Farm,IT2
ASV_00085,ASV_00890,0.5347222222222222,pos,Farm,IT2
ASV_00085,ASV_00912,0.5182481751824818,pos,Farm,IT2
ASV_00085,ASV_00935,0.5103448275862069,pos,Farm,IT2
ASV_00085,ASV_00966,0.5072463768115942,pos,Farm,IT2
ASV_00085,ASV_00984,0.5384615384615384,pos,Farm,IT2
ASV_00085,ASV_01101,0.5205479452054794,pos,Farm,IT2
ASV_00085,ASV_01152,0.5611510791366906,pos,Farm,IT2
ASV_00085,ASV_01328,0.5428571428571428,pos,Farm,IT2
ASV_00085,ASV_01491,0.5244755244755245,pos,Farm,IT2
ASV_00085,ASV_01541,0.5785714285714286,pos,Farm,IT2
ASV_00085,ASV_02020,0.528169014084507,pos,Farm,IT2
ASV_00086,ASV_00090,0.5743243243243243,pos,Farm,IT2
ASV_00086,ASV_00092,0.5138888888888888,pos,Farm,IT2
ASV_00086,ASV_00094,0.5172413793103449,pos,Farm,IT2
ASV_00086,ASV_00098,0.5103448275862069,pos,Farm,IT2
ASV_00086,ASV_00100,0.5244755244755245,pos,Farm,IT2
ASV_00086,ASV_00101,0.5428571428571428,pos,Farm,IT2
ASV_00086,ASV_00102,0.5472972972972973,pos,Farm,IT2
ASV_00086,ASV_00107,0.5069444444444444,pos,Farm,IT2
ASV_00086,ASV_00113,0.4965034965034965,pos,Farm,IT2
ASV_00086,ASV_00115,0.49640287769784175,pos,Farm,IT2
ASV_00086,ASV_00118,0.5704225352112676,pos,Farm,IT2
ASV_00086,ASV_00125,0.5106382978723404,pos,Farm,IT2
ASV_00086,ASV_00132,0.5177304964539007,pos,Farm,IT2
ASV_00086,ASV_00165,0.5362318840579711,pos,Farm,IT2
ASV_00086,ASV_00172,0.5454545454545454,pos,Farm,IT2
ASV_00086,ASV_00177,0.4965034965034965,pos,Farm,IT2
ASV_00086,ASV_00181,0.5555555555555556,pos,Farm,IT2
ASV_00086,ASV_00182,0.5306122448979592,pos,Farm,IT2
ASV_00086,ASV_00197,0.5172413793103449,pos,Farm,IT2
ASV_00086,ASV_00198,0.5138888888888888,pos,Farm,IT2
ASV_00086,ASV_00216,0.5174825174825175,pos,Farm,IT2
ASV_00086,ASV_00240,0.5,pos,Farm,IT2
ASV_00086,ASV_00244,0.5277777777777778,pos,Farm,IT2
ASV_00086,ASV_00246,0.5448275862068965,pos,Farm,IT2
ASV_00086,ASV_00247,0.5352112676056338,pos,Farm,IT2
ASV_00086,ASV_00262,0.5555555555555556,pos,Farm,IT2
ASV_00086,ASV_00266,0.5815602836879432,pos,Farm,IT2
ASV_00086,ASV_00269,0.5695364238410596,pos,Farm,IT2
ASV_00086,ASV_00274,0.593103448275862,pos,Farm,IT2
ASV_00086,ASV_00282,0.5174825174825175,pos,Farm,IT2
ASV_00086,ASV_00305,0.5337837837837838,pos,Farm,IT2
ASV_00086,ASV_00315,0.49645390070921985,pos,Farm,IT2
ASV_00086,ASV_00320,0.5106382978723404,pos,Farm,IT2
ASV_00086,ASV_00327,0.5104895104895105,pos,Farm,IT2
ASV_00086,ASV_00328,0.5486111111111112,pos,Farm,IT2
ASV_00086,ASV_00331,0.5666666666666667,pos,Farm,IT2
ASV_00086,ASV_00333,0.5273972602739726,pos,Farm,IT2
ASV_00086,ASV_00346,0.5104895104895105,pos,Farm,IT2
ASV_00086,ASV_00373,0.4965034965034965,pos,Farm,IT2
ASV_00086,ASV_00382,0.5342465753424658,pos,Farm,IT2
ASV_00086,ASV_00393,0.4928571428571429,pos,Farm,IT2
ASV_00086,ASV_00403,0.5664335664335665,pos,Farm,IT2
ASV_00086,ASV_00407,0.5390070921985816,pos,Farm,IT2
ASV_00086,ASV_00415,0.5172413793103449,pos,Farm,IT2
ASV_00086,ASV_00425,0.5034965034965035,pos,Farm,IT2
ASV_00086,ASV_00441,0.5428571428571428,pos,Farm,IT2
ASV_00086,ASV_00443,0.5034965034965035,pos,Farm,IT2
ASV_00086,ASV_00445,0.5314685314685315,pos,Farm,IT2
ASV_00086,ASV_00511,0.48936170212765956,pos,Farm,IT2
ASV_00086,ASV_00512,0.5472972972972973,pos,Farm,IT2
ASV_00086,ASV_00534,0.5714285714285714,pos,Farm,IT2
ASV_00086,ASV_00550,0.541095890410959,pos,Farm,IT2
ASV_00086,ASV_00554,0.5379310344827586,pos,Farm,IT2
ASV_00086,ASV_00570,0.5,pos,Farm,IT2
ASV_00086,ASV_00576,0.5244755244755245,pos,Farm,IT2
ASV_00086,ASV_00687,0.5422535211267606,pos,Farm,IT2
ASV_00086,ASV_00714,0.5401459854014599,pos,Farm,IT2
ASV_00086,ASV_00760,0.54421768707483,pos,Farm,IT2
ASV_00086,ASV_00772,0.5172413793103449,pos,Farm,IT2
ASV_00086,ASV_00781,0.5103448275862069,pos,Farm,IT2
ASV_00086,ASV_00806,0.5374149659863946,pos,Farm,IT2
ASV_00086,ASV_00807,0.5454545454545454,pos,Farm,IT2
ASV_00086,ASV_00808,0.5,pos,Farm,IT2
ASV_00086,ASV_00821,0.5416666666666666,pos,Farm,IT2
ASV_00086,ASV_00829,0.5460992907801419,pos,Farm,IT2
ASV_00086,ASV_00873,0.49295774647887325,pos,Farm,IT2
ASV_00086,ASV_00891,0.5533333333333333,pos,Farm,IT2
ASV_00086,ASV_00931,0.5428571428571428,pos,Farm,IT2
ASV_00086,ASV_00984,0.5241379310344828,pos,Farm,IT2
ASV_00086,ASV_02332,0.5306122448979592,pos,Farm,IT2
ASV_00087,ASV_00091,0.5140845070422535,pos,Farm,IT2
ASV_00087,ASV_00093,0.5138888888888888,pos,Farm,IT2
ASV_00087,ASV_00097,0.5109489051094891,pos,Farm,IT2
ASV_00087,ASV_00099,0.5205479452054794,pos,Farm,IT2
ASV_00087,ASV_00103,0.5136986301369864,pos,Farm,IT2
ASV_00087,ASV_00129,0.4965034965034965,pos,Farm,IT2
ASV_00087,ASV_00132,0.48936170212765956,pos,Farm,IT2
ASV_00087,ASV_00147,0.5142857142857142,pos,Farm,IT2
ASV_00087,ASV_00154,0.5035460992907801,pos,Farm,IT2
ASV_00087,ASV_00155,0.48936170212765956,pos,Farm,IT2
ASV_00087,ASV_00158,0.5034965034965035,pos,Farm,IT2
ASV_00087,ASV_00168,0.5342465753424658,pos,Farm,IT2
ASV_00087,ASV_00169,0.5138888888888888,pos,Farm,IT2
ASV_00087,ASV_00176,0.4748201438848921,pos,Farm,IT2
ASV_00087,ASV_00183,0.5138888888888888,pos,Farm,IT2
ASV_00087,ASV_00186,0.55,pos,Farm,IT2
ASV_00087,ASV_00187,0.524822695035461,pos,Farm,IT2
ASV_00087,ASV_00189,0.5035460992907801,pos,Farm,IT2
ASV_00087,ASV_00199,0.4714285714285714,pos,Farm,IT2
ASV_00087,ASV_00210,0.5517241379310345,pos,Farm,IT2
ASV_00087,ASV_00218,0.5,pos,Farm,IT2
ASV_00087,ASV_00250,0.5103448275862069,pos,Farm,IT2
ASV_00087,ASV_00262,0.5172413793103449,pos,Farm,IT2
ASV_00087,ASV_00269,0.5533333333333333,pos,Farm,IT2
ASV_00087,ASV_00277,0.547945205479452,pos,Farm,IT2
ASV_00087,ASV_00283,0.5136986301369864,pos,Farm,IT2
ASV_00087,ASV_00288,0.5310344827586206,pos,Farm,IT2
ASV_00087,ASV_00292,0.5241379310344828,pos,Farm,IT2
ASV_00087,ASV_00300,0.5874125874125874,pos,Farm,IT2
ASV_00087,ASV_00318,0.5069444444444444,pos,Farm,IT2
ASV_00087,ASV_00325,0.5104895104895105,pos,Farm,IT2
ASV_00087,ASV_00328,0.5314685314685315,pos,Farm,IT2
ASV_00087,ASV_00343,0.5138888888888888,pos,Farm,IT2
ASV_00087,ASV_00347,0.5563380281690141,pos,Farm,IT2
ASV_00087,ASV_00357,0.5,pos,Farm,IT2
ASV_00087,ASV_00367,0.4859154929577465,pos,Farm,IT2
ASV_00087,ASV_00368,0.4965034965034965,pos,Farm,IT2
ASV_00087,ASV_00373,0.5,pos,Farm,IT2
ASV_00087,ASV_00382,0.5277777777777778,pos,Farm,IT2
ASV_00087,ASV_00384,0.5140845070422535,pos,Farm,IT2
ASV_00087,ASV_00402,0.4782608695652174,pos,Farm,IT2
ASV_00087,ASV_00418,0.5,pos,Farm,IT2
ASV_00087,ASV_00438,0.5140845070422535,pos,Farm,IT2
ASV_00087,ASV_00440,0.5071428571428571,pos,Farm,IT2
ASV_00087,ASV_00444,0.5,pos,Farm,IT2
ASV_00087,ASV_00455,0.5035460992907801,pos,Farm,IT2
ASV_00087,ASV_00459,0.5138888888888888,pos,Farm,IT2
ASV_00087,ASV_00463,0.5602836879432624,pos,Farm,IT2
ASV_00087,ASV_00465,0.524822695035461,pos,Farm,IT2
ASV_00087,ASV_00467,0.5655172413793104,pos,Farm,IT2
ASV_00087,ASV_00468,0.48120300751879697,pos,Farm,IT2
ASV_00087,ASV_00490,0.54421768707483,pos,Farm,IT2
ASV_00087,ASV_00507,0.5,pos,Farm,IT2
ASV_00087,ASV_00521,0.5273972602739726,pos,Farm,IT2
ASV_00087,ASV_00528,0.49295774647887325,pos,Farm,IT2
ASV_00087,ASV_00534,0.54421768707483,pos,Farm,IT2
ASV_00087,ASV_00543,0.5103448275862069,pos,Farm,IT2
ASV_00087,ASV_00548,0.4785714285714286,pos,Farm,IT2
ASV_00087,ASV_00555,0.5103448275862069,pos,Farm,IT2
ASV_00087,ASV_00556,0.5174825174825175,pos,Farm,IT2
ASV_00087,ASV_00561,0.56,pos,Farm,IT2
ASV_00087,ASV_00568,0.5241379310344828,pos,Farm,IT2
ASV_00087,ASV_00611,0.5103448275862069,pos,Farm,IT2
ASV_00087,ASV_00612,0.5492957746478874,pos,Farm,IT2
ASV_00087,ASV_00615,0.49640287769784175,pos,Farm,IT2
ASV_00087,ASV_00630,0.5,pos,Farm,IT2
ASV_00087,ASV_00636,0.5540540540540541,pos,Farm,IT2
ASV_00087,ASV_00641,0.5594405594405595,pos,Farm,IT2
ASV_00087,ASV_00651,0.5467625899280576,pos,Farm,IT2
ASV_00087,ASV_00656,0.5069444444444444,pos,Farm,IT2
ASV_00087,ASV_00665,0.4857142857142857,pos,Farm,IT2
ASV_00087,ASV_00686,0.5390070921985816,pos,Farm,IT2
ASV_00087,ASV_00721,0.4892086330935252,pos,Farm,IT2
ASV_00087,ASV_00769,0.524822695035461,pos,Farm,IT2
ASV_00087,ASV_00793,0.5035460992907801,pos,Farm,IT2
ASV_00087,ASV_00806,0.5310344827586206,pos,Farm,IT2
ASV_00087,ASV_00807,0.5174825174825175,pos,Farm,IT2
ASV_00087,ASV_00808,0.49295774647887325,pos,Farm,IT2
ASV_00087,ASV_00809,0.5862068965517241,pos,Farm,IT2
ASV_00087,ASV_00817,0.5238095238095238,pos,Farm,IT2
ASV_00087,ASV_00848,0.5172413793103449,pos,Farm,IT2
ASV_00087,ASV_00906,0.5337837837837838,pos,Farm,IT2
ASV_00087,ASV_00935,0.5,pos,Farm,IT2
ASV_00087,ASV_01090,0.5310344827586206,pos,Farm,IT2
ASV_00087,ASV_01092,0.5306122448979592,pos,Farm,IT2
ASV_00087,ASV_01119,0.5306122448979592,pos,Farm,IT2
ASV_00087,ASV_01578,0.5069444444444444,pos,Farm,IT2
ASV_00087,ASV_02020,0.4965034965034965,pos,Farm,IT2
ASV_00088,ASV_00093,0.5103448275862069,pos,Farm,IT2
ASV_00088,ASV_00096,0.5138888888888888,pos,Farm,IT2
ASV_00088,ASV_00111,0.4714285714285714,pos,Farm,IT2
ASV_00088,ASV_00113,0.49645390070921985,pos,Farm,IT2
ASV_00088,ASV_00116,0.5140845070422535,pos,Farm,IT2
ASV_00088,ASV_00125,0.5107913669064749,pos,Farm,IT2
ASV_00088,ASV_00127,0.5208333333333334,pos,Farm,IT2
ASV_00088,ASV_00129,0.5034965034965035,pos,Farm,IT2
ASV_00088,ASV_00133,0.5285714285714286,pos,Farm,IT2
ASV_00088,ASV_00145,0.5,pos,Farm,IT2
ASV_00088,ASV_00152,0.5594405594405595,pos,Farm,IT2
ASV_00088,ASV_00155,0.4859154929577465,pos,Farm,IT2
ASV_00088,ASV_00160,0.4965034965034965,pos,Farm,IT2
ASV_00088,ASV_00161,0.5347222222222222,pos,Farm,IT2
ASV_00088,ASV_00165,0.48226950354609927,pos,Farm,IT2
ASV_00088,ASV_00169,0.5103448275862069,pos,Farm,IT2
ASV_00088,ASV_00178,0.5172413793103449,pos,Farm,IT2
ASV_00088,ASV_00185,0.5034965034965035,pos,Farm,IT2
ASV_00088,ASV_00186,0.5352112676056338,pos,Farm,IT2
ASV_00088,ASV_00187,0.5,pos,Farm,IT2
ASV_00088,ASV_00191,0.5070422535211268,pos,Farm,IT2
ASV_00088,ASV_00193,0.5172413793103449,pos,Farm,IT2
ASV_00088,ASV_00198,0.5034965034965035,pos,Farm,IT2
ASV_00088,ASV_00200,0.4859154929577465,pos,Farm,IT2
ASV_00088,ASV_00206,0.5407407407407407,pos,Farm,IT2
ASV_00088,ASV_00213,0.527027027027027,pos,Farm,IT2
ASV_00088,ASV_00216,0.4965034965034965,pos,Farm,IT2
ASV_00088,ASV_00230,0.5277777777777778,pos,Farm,IT2
ASV_00088,ASV_00231,0.5140845070422535,pos,Farm,IT2
ASV_00088,ASV_00233,0.5035460992907801,pos,Farm,IT2
ASV_00088,ASV_00288,0.5379310344827586,pos,Farm,IT2
ASV_00088,ASV_00298,0.4714285714285714,pos,Farm,IT2
ASV_00088,ASV_00303,0.4857142857142857,pos,Farm,IT2
ASV_00088,ASV_00305,0.5448275862068965,pos,Farm,IT2
ASV_00088,ASV_00307,0.5035460992907801,pos,Farm,IT2
ASV_00088,ASV_00320,0.48936170212765956,pos,Farm,IT2
ASV_00088,ASV_00326,0.49295774647887325,pos,Farm,IT2
ASV_00088,ASV_00339,0.5,pos,Farm,IT2
ASV_00088,ASV_00343,0.5103448275862069,pos,Farm,IT2
ASV_00088,ASV_00353,0.5070422535211268,pos,Farm,IT2
ASV_00088,ASV_00355,0.5103448275862069,pos,Farm,IT2
ASV_00088,ASV_00356,0.5238095238095238,pos,Farm,IT2
ASV_00088,ASV_00368,0.524822695035461,pos,Farm,IT2
ASV_00088,ASV_00369,0.5460992907801419,pos,Farm,IT2
ASV_00088,ASV_00376,0.5205479452054794,pos,Farm,IT2
ASV_00088,ASV_00397,0.5069444444444444,pos,Farm,IT2
ASV_00088,ASV_00399,0.5172413793103449,pos,Farm,IT2
ASV_00088,ASV_00406,0.5,pos,Farm,IT2
ASV_00088,ASV_00410,0.5104895104895105,pos,Farm,IT2
ASV_00088,ASV_00412,0.5,pos,Farm,IT2
ASV_00088,ASV_00438,0.5104895104895105,pos,Farm,IT2
ASV_00088,ASV_00443,0.49295774647887325,pos,Farm,IT2
ASV_00088,ASV_00467,0.5724137931034483,pos,Farm,IT2
ASV_00088,ASV_00476,0.5,pos,Farm,IT2
ASV_00088,ASV_00486,0.5655172413793104,pos,Farm,IT2
ASV_00088,ASV_00488,0.541095890410959,pos,Farm,IT2
ASV_00088,ASV_00496,0.5352112676056338,pos,Farm,IT2
ASV_00088,ASV_00498,0.5036496350364964,pos,Farm,IT2
ASV_00088,ASV_00514,0.6,pos,Farm,IT2
ASV_00088,ASV_00541,0.5539568345323741,pos,Farm,IT2
ASV_00088,ASV_00542,0.547945205479452,pos,Farm,IT2
ASV_00088,ASV_00548,0.49640287769784175,pos,Farm,IT2
ASV_00088,ASV_00568,0.5205479452054794,pos,Farm,IT2
ASV_00088,ASV_00628,0.5507246376811594,pos,Farm,IT2
ASV_00088,ASV_00651,0.5,pos,Farm,IT2
ASV_00088,ASV_00665,0.48226950354609927,pos,Farm,IT2
ASV_00088,ASV_00760,0.5774647887323944,pos,Farm,IT2
ASV_00088,ASV_00769,0.5,pos,Farm,IT2
ASV_00088,ASV_00798,0.5310344827586206,pos,Farm,IT2
ASV_00088,ASV_00806,0.5273972602739726,pos,Farm,IT2
ASV_00088,ASV_00811,0.5136986301369864,pos,Farm,IT2
ASV_00088,ASV_00817,0.5306122448979592,pos,Farm,IT2
ASV_00088,ASV_00848,0.5241379310344828,pos,Farm,IT2
ASV_00088,ASV_00880,0.49295774647887325,pos,Farm,IT2
ASV_00088,ASV_00912,0.4714285714285714,pos,Farm,IT2
ASV_00088,ASV_00924,0.49635036496350365,pos,Farm,IT2
ASV_00088,ASV_00929,0.5205479452054794,pos,Farm,IT2
ASV_00088,ASV_00931,0.5106382978723404,pos,Farm,IT2
ASV_00088,ASV_00984,0.5138888888888888,pos,Farm,IT2
ASV_00088,ASV_01090,0.5273972602739726,pos,Farm,IT2
ASV_00088,ASV_01092,0.527027027027027,pos,Farm,IT2
ASV_00088,ASV_01223,0.47101449275362317,pos,Farm,IT2
ASV_00088,ASV_01250,0.541095890410959,pos,Farm,IT2
ASV_00088,ASV_01253,0.5069444444444444,pos,Farm,IT2
ASV_00088,ASV_01267,0.524822695035461,pos,Farm,IT2
ASV_00089,ASV_00091,0.5103448275862069,pos,Farm,IT2
ASV_00089,ASV_00093,0.5205479452054794,pos,Farm,IT2
ASV_00089,ASV_00095,0.5205479452054794,pos,Farm,IT2
ASV_00089,ASV_00099,0.5374149659863946,pos,Farm,IT2
ASV_00089,ASV_00108,0.48175182481751827,pos,Farm,IT2
ASV_00089,ASV_00123,0.49640287769784175,pos,Farm,IT2
ASV_00089,ASV_00127,0.5310344827586206,pos,Farm,IT2
ASV_00089,ASV_00130,0.5454545454545454,pos,Farm,IT2
ASV_00089,ASV_00131,0.55,pos,Farm,IT2
ASV_00089,ASV_00132,0.539568345323741,pos,Farm,IT2
ASV_00089,ASV_00133,0.5174825174825175,pos,Farm,IT2
ASV_00089,ASV_00136,0.5416666666666666,pos,Farm,IT2
ASV_00089,ASV_00141,0.524822695035461,pos,Farm,IT2
ASV_00089,ASV_00145,0.5869565217391305,pos,Farm,IT2
ASV_00089,ASV_00146,0.5337837837837838,pos,Farm,IT2
ASV_00089,ASV_00148,0.5472972972972973,pos,Farm,IT2
ASV_00089,ASV_00154,0.5,pos,Farm,IT2
ASV_00089,ASV_00157,0.5342465753424658,pos,Farm,IT2
ASV_00089,ASV_00163,0.4965034965034965,pos,Farm,IT2
ASV_00089,ASV_00166,0.5454545454545454,pos,Farm,IT2
ASV_00089,ASV_00168,0.5724137931034483,pos,Farm,IT2
ASV_00089,ASV_00169,0.5205479452054794,pos,Farm,IT2
ASV_00089,ASV_00170,0.5592105263157895,pos,Farm,IT2
ASV_00089,ASV_00171,0.5238095238095238,pos,Farm,IT2
ASV_00089,ASV_00173,0.5714285714285714,pos,Farm,IT2
ASV_00089,ASV_00176,0.4928571428571429,pos,Farm,IT2
ASV_00089,ASV_00177,0.4965034965034965,pos,Farm,IT2
ASV_00089,ASV_00179,0.56,pos,Farm,IT2
ASV_00089,ASV_00183,0.5205479452054794,pos,Farm,IT2
ASV_00089,ASV_00186,0.5241379310344828,pos,Farm,IT2
ASV_00089,ASV_00189,0.5104895104895105,pos,Farm,IT2
ASV_00089,ASV_00191,0.5069444444444444,pos,Farm,IT2
ASV_00089,ASV_00194,0.5405405405405406,pos,Farm,IT2
ASV_00089,ASV_00198,0.5138888888888888,pos,Farm,IT2
ASV_00089,ASV_00199,0.5441176470588235,pos,Farm,IT2
ASV_00089,ASV_00200,0.539568345323741,pos,Farm,IT2
ASV_00089,ASV_00205,0.5540540540540541,pos,Farm,IT2
ASV_00089,ASV_00213,0.5369127516778524,pos,Farm,IT2
ASV_00089,ASV_00218,0.5277777777777778,pos,Farm,IT2
ASV_00089,ASV_00219,0.5578231292517006,pos,Farm,IT2
ASV_00089,ASV_00230,0.5486111111111112,pos,Farm,IT2
ASV_00089,ASV_00232,0.5734265734265734,pos,Farm,IT2
ASV_00089,ASV_00238,0.5205479452054794,pos,Farm,IT2
ASV_00089,ASV_00246,0.5448275862068965,pos,Farm,IT2
ASV_00089,ASV_00249,0.5352112676056338,pos,Farm,IT2
ASV_00089,ASV_00254,0.547945205479452,pos,Farm,IT2
ASV_00089,ASV_00271,0.460431654676259,pos,Farm,IT2
ASV_00089,ASV_00276,0.5306122448979592,pos,Farm,IT2
ASV_00089,ASV_00282,0.528169014084507,pos,Farm,IT2
ASV_00089,ASV_00285,0.5211267605633803,pos,Farm,IT2
ASV_00089,ASV_00286,0.5277777777777778,pos,Farm,IT2
ASV_00089,ASV_00287,0.5,pos,Farm,IT2
ASV_00089,ASV_00288,0.5374149659863946,pos,Farm,IT2
ASV_00089,ASV_00293,0.589041095890411,pos,Farm,IT2
ASV_00089,ASV_00300,0.5503355704697986,pos,Farm,IT2
ASV_00089,ASV_00303,0.49645390070921985,pos,Farm,IT2
ASV_00089,ASV_00308,0.5104895104895105,pos,Farm,IT2
ASV_00089,ASV_00315,0.5071428571428571,pos,Farm,IT2
ASV_00089,ASV_00328,0.5486111111111112,pos,Farm,IT2
ASV_00089,ASV_00330,0.5211267605633803,pos,Farm,IT2
ASV_00089,ASV_00333,0.5594405594405595,pos,Farm,IT2
ASV_00089,ASV_00335,0.5035971223021583,pos,Farm,IT2
ASV_00089,ASV_00339,0.5106382978723404,pos,Farm,IT2
ASV_00089,ASV_00340,0.5448275862068965,pos,Farm,IT2
ASV_00089,ASV_00345,0.541095890410959,pos,Farm,IT2
ASV_00089,ASV_00346,0.5,pos,Farm,IT2
ASV_00089,ASV_00355,0.5310344827586206,pos,Farm,IT2
ASV_00089,ASV_00359,0.5401459854014599,pos,Farm,IT2
ASV_00089,ASV_00361,0.6071428571428571,pos,Farm,IT2
ASV_00089,ASV_00376,0.5517241379310345,pos,Farm,IT2
ASV_00089,ASV_00390,0.564625850340136,pos,Farm,IT2
ASV_00089,ASV_00391,0.5106382978723404,pos,Farm,IT2
ASV_00089,ASV_00395,0.5140845070422535,pos,Farm,IT2
ASV_00089,ASV_00398,0.5273972602739726,pos,Farm,IT2
ASV_00089,ASV_00409,0.539568345323741,pos,Farm,IT2
ASV_00089,ASV_00412,0.5,pos,Farm,IT2
ASV_00089,ASV_00416,0.5755395683453237,pos,Farm,IT2
ASV_00089,ASV_00425,0.5140845070422535,pos,Farm,IT2
ASV_00089,ASV_00444,0.5277777777777778,pos,Farm,IT2
ASV_00089,ASV_00445,0.5314685314685315,pos,Farm,IT2
ASV_00089,ASV_00451,0.5405405405405406,pos,Farm,IT2
ASV_00089,ASV_00453,0.5524475524475524,pos,Farm,IT2
ASV_00089,ASV_00458,0.5,pos,Farm,IT2
ASV_00089,ASV_00459,0.5205479452054794,pos,Farm,IT2
ASV_00089,ASV_00482,0.5973154362416108,pos,Farm,IT2
ASV_00089,ASV_00485,0.5379310344827586,pos,Farm,IT2
ASV_00089,ASV_00493,0.5655172413793104,pos,Farm,IT2
ASV_00089,ASV_00498,0.5144927536231884,pos,Farm,IT2
ASV_00089,ASV_00501,0.5136986301369864,pos,Farm,IT2
ASV_00089,ASV_00503,0.5208333333333334,pos,Farm,IT2
ASV_00089,ASV_00506,0.4965034965034965,pos,Farm,IT2
ASV_00089,ASV_00507,0.5602836879432624,pos,Farm,IT2
ASV_00089,ASV_00518,0.5793103448275863,pos,Farm,IT2
ASV_00089,ASV_00528,0.5211267605633803,pos,Farm,IT2
ASV_00089,ASV_00529,0.4859154929577465,pos,Farm,IT2
ASV_00089,ASV_00536,0.5405405405405406,pos,Farm,IT2
ASV_00089,ASV_00541,0.5103448275862069,pos,Farm,IT2
ASV_00089,ASV_00542,0.5472972972972973,pos,Farm,IT2
ASV_00089,ASV_00555,0.5379310344827586,pos,Farm,IT2
ASV_00089,ASV_00556,0.5136986301369864,pos,Farm,IT2
ASV_00089,ASV_00559,0.5352112676056338,pos,Farm,IT2
ASV_00089,ASV_00566,0.5869565217391305,pos,Farm,IT2
ASV_00089,ASV_00568,0.5625,pos,Farm,IT2
ASV_00089,ASV_00571,0.5273972602739726,pos,Farm,IT2
ASV_00089,ASV_00572,0.5466666666666666,pos,Farm,IT2
ASV_00089,ASV_00592,0.5277777777777778,pos,Farm,IT2
ASV_00089,ASV_00595,0.5319148936170213,pos,Farm,IT2
ASV_00089,ASV_00596,0.4928571428571429,pos,Farm,IT2
ASV_00089,ASV_00620,0.5238095238095238,pos,Farm,IT2
ASV_00089,ASV_00630,0.5071428571428571,pos,Farm,IT2
ASV_00089,ASV_00635,0.5655172413793104,pos,Farm,IT2
ASV_00089,ASV_00636,0.56,pos,Farm,IT2
ASV_00089,ASV_00645,0.5035460992907801,pos,Farm,IT2
ASV_00089,ASV_00656,0.5136986301369864,pos,Farm,IT2
ASV_00089,ASV_00668,0.5104895104895105,pos,Farm,IT2
ASV_00089,ASV_00709,0.5422535211267606,pos,Farm,IT2
ASV_00089,ASV_00718,0.5035460992907801,pos,Farm,IT2
ASV_00089,ASV_00732,0.5069444444444444,pos,Farm,IT2
ASV_00089,ASV_00760,0.5547945205479452,pos,Farm,IT2
ASV_00089,ASV_00769,0.5208333333333334,pos,Farm,IT2
ASV_00089,ASV_00772,0.5172413793103449,pos,Farm,IT2
ASV_00089,ASV_00781,0.5103448275862069,pos,Farm,IT2
ASV_00089,ASV_00789,0.5136986301369864,pos,Farm,IT2
ASV_00089,ASV_00798,0.5734265734265734,pos,Farm,IT2
ASV_00089,ASV_00808,0.5652173913043478,pos,Farm,IT2
ASV_00089,ASV_00809,0.6027397260273972,pos,Farm,IT2
ASV_00089,ASV_00817,0.5405405405405406,pos,Farm,IT2
ASV_00089,ASV_00829,0.5138888888888888,pos,Farm,IT2
ASV_00089,ASV_00848,0.5238095238095238,pos,Farm,IT2
ASV_00089,ASV_00865,0.5241379310344828,pos,Farm,IT2
ASV_00089,ASV_00875,0.6126760563380281,pos,Farm,IT2
ASV_00089,ASV_00890,0.5205479452054794,pos,Farm,IT2
ASV_00089,ASV_00931,0.5104895104895105,pos,Farm,IT2
ASV_00089,ASV_00959,0.5384615384615384,pos,Farm,IT2
ASV_00089,ASV_00984,0.5136986301369864,pos,Farm,IT2
ASV_00089,ASV_01018,0.5211267605633803,pos,Farm,IT2
ASV_00089,ASV_01071,0.5174825174825175,pos,Farm,IT2
ASV_00089,ASV_01092,0.5472972972972973,pos,Farm,IT2
ASV_00089,ASV_01119,0.5578231292517006,pos,Farm,IT2
ASV_00089,ASV_01179,0.4965034965034965,pos,Farm,IT2
ASV_00089,ASV_01249,0.5104895104895105,pos,Farm,IT2
ASV_00089,ASV_01491,0.5314685314685315,pos,Farm,IT2
ASV_00089,ASV_01578,0.5454545454545454,pos,Farm,IT2
ASV_00089,ASV_01941,0.5379310344827586,pos,Farm,IT2
ASV_00089,ASV_02020,0.5460992907801419,pos,Farm,IT2
ASV_00090,ASV_00092,0.5472972972972973,pos,Farm,IT2
ASV_00090,ASV_00094,0.54,pos,Farm,IT2
ASV_00090,ASV_00097,0.5205479452054794,pos,Farm,IT2
ASV_00090,ASV_00100,0.5472972972972973,pos,Farm,IT2
ASV_00090,ASV_00101,0.5337837837837838,pos,Farm,IT2
ASV_00090,ASV_00108,0.4861111111111111,pos,Farm,IT2
ASV_00090,ASV_00113,0.5202702702702703,pos,Farm,IT2
ASV_00090,ASV_00115,0.5,pos,Farm,IT2
ASV_00090,ASV_00118,0.56,pos,Farm,IT2
ASV_00090,ASV_00119,0.5436241610738255,pos,Farm,IT2
ASV_00090,ASV_00123,0.5,pos,Farm,IT2
ASV_00090,ASV_00136,0.5533333333333333,pos,Farm,IT2
ASV_00090,ASV_00142,0.54,pos,Farm,IT2
ASV_00090,ASV_00144,0.5655172413793104,pos,Farm,IT2
ASV_00090,ASV_00146,0.5657894736842105,pos,Farm,IT2
ASV_00090,ASV_00150,0.541095890410959,pos,Farm,IT2
ASV_00090,ASV_00152,0.58,pos,Farm,IT2
ASV_00090,ASV_00182,0.5945945945945946,pos,Farm,IT2
ASV_00090,ASV_00186,0.5570469798657718,pos,Farm,IT2
ASV_00090,ASV_00189,0.5337837837837838,pos,Farm,IT2
ASV_00090,ASV_00196,0.5170068027210885,pos,Farm,IT2
ASV_00090,ASV_00197,0.54,pos,Farm,IT2
ASV_00090,ASV_00216,0.5302013422818792,pos,Farm,IT2
ASV_00090,ASV_00228,0.5238095238095238,pos,Farm,IT2
ASV_00090,ASV_00232,0.6388888888888888,pos,Farm,IT2
ASV_00090,ASV_00237,0.6081081081081081,pos,Farm,IT2
ASV_00090,ASV_00244,0.5608108108108109,pos,Farm,IT2
ASV_00090,ASV_00252,0.5472972972972973,pos,Farm,IT2
ASV_00090,ASV_00259,0.496551724137931,pos,Farm,IT2
ASV_00090,ASV_00262,0.5562913907284768,pos,Farm,IT2
ASV_00090,ASV_00274,0.6241610738255033,pos,Farm,IT2
ASV_00090,ASV_00279,0.5102040816326531,pos,Farm,IT2
ASV_00090,ASV_00290,0.5947712418300654,pos,Farm,IT2
ASV_00090,ASV_00292,0.5733333333333334,pos,Farm,IT2
ASV_00090,ASV_00300,0.5921052631578947,pos,Farm,IT2
ASV_00090,ASV_00304,0.5816993464052288,pos,Farm,IT2
ASV_00090,ASV_00305,0.6301369863013698,pos,Farm,IT2
ASV_00090,ASV_00315,0.5102040816326531,pos,Farm,IT2
ASV_00090,ASV_00320,0.5238095238095238,pos,Farm,IT2
ASV_00090,ASV_00334,0.5666666666666667,pos,Farm,IT2
ASV_00090,ASV_00343,0.5533333333333333,pos,Farm,IT2
ASV_00090,ASV_00354,0.5510204081632653,pos,Farm,IT2
ASV_00090,ASV_00373,0.5202702702702703,pos,Farm,IT2
ASV_00090,ASV_00377,0.5379310344827586,pos,Farm,IT2
ASV_00090,ASV_00389,0.6111111111111112,pos,Farm,IT2
ASV_00090,ASV_00393,0.5068493150684932,pos,Farm,IT2
ASV_00090,ASV_00407,0.5405405405405406,pos,Farm,IT2
ASV_00090,ASV_00415,0.5608108108108109,pos,Farm,IT2
ASV_00090,ASV_00416,0.5436241610738255,pos,Farm,IT2
ASV_00090,ASV_00441,0.6099290780141844,pos,Farm,IT2
ASV_00090,ASV_00453,0.5637583892617449,pos,Farm,IT2
ASV_00090,ASV_00468,0.4825174825174825,pos,Farm,IT2
ASV_00090,ASV_00498,0.5068493150684932,pos,Farm,IT2
ASV_00090,ASV_00501,0.5675675675675675,pos,Farm,IT2
ASV_00090,ASV_00512,0.6,pos,Farm,IT2
ASV_00090,ASV_00513,0.5540540540540541,pos,Farm,IT2
ASV_00090,ASV_00533,0.5369127516778524,pos,Farm,IT2
ASV_00090,ASV_00550,0.5838926174496645,pos,Farm,IT2
ASV_00090,ASV_00554,0.56,pos,Farm,IT2
ASV_00090,ASV_00665,0.5170068027210885,pos,Farm,IT2
ASV_00090,ASV_00714,0.5416666666666666,pos,Farm,IT2
ASV_00090,ASV_00726,0.5496688741721855,pos,Farm,IT2
ASV_00090,ASV_00769,0.564625850340136,pos,Farm,IT2
ASV_00090,ASV_00772,0.54,pos,Farm,IT2
ASV_00090,ASV_00811,0.5562913907284768,pos,Farm,IT2
ASV_00090,ASV_00829,0.5472972972972973,pos,Farm,IT2
ASV_00090,ASV_00873,0.5594405594405595,pos,Farm,IT2
ASV_00090,ASV_00952,0.5374149659863946,pos,Farm,IT2
ASV_00090,ASV_00959,0.54,pos,Farm,IT2
ASV_00090,ASV_01267,0.5472972972972973,pos,Farm,IT2
ASV_00090,ASV_01349,0.54,pos,Farm,IT2
ASV_00090,ASV_01385,0.5578231292517006,pos,Farm,IT2
ASV_00090,ASV_01503,0.5533333333333333,pos,Farm,IT2
ASV_00091,ASV_00101,0.5106382978723404,pos,Farm,IT2
ASV_00091,ASV_00104,0.49295774647887325,pos,Farm,IT2
ASV_00091,ASV_00105,0.5069444444444444,pos,Farm,IT2
ASV_00091,ASV_00108,0.45985401459854014,pos,Farm,IT2
ASV_00091,ASV_00110,0.5416666666666666,pos,Farm,IT2
ASV_00091,ASV_00116,0.5140845070422535,pos,Farm,IT2
ASV_00091,ASV_00128,0.54421768707483,pos,Farm,IT2
ASV_00091,ASV_00129,0.524822695035461,pos,Farm,IT2
ASV_00091,ASV_00137,0.5,pos,Farm,IT2
ASV_00091,ASV_00138,0.524822695035461,pos,Farm,IT2
ASV_00091,ASV_00141,0.5142857142857142,pos,Farm,IT2
ASV_00091,ASV_00157,0.5136986301369864,pos,Farm,IT2
ASV_00091,ASV_00159,0.5314685314685315,pos,Farm,IT2
ASV_00091,ASV_00160,0.4965034965034965,pos,Farm,IT2
ASV_00091,ASV_00162,0.5211267605633803,pos,Farm,IT2
ASV_00091,ASV_00164,0.49295774647887325,pos,Farm,IT2
ASV_00091,ASV_00170,0.5496688741721855,pos,Farm,IT2
ASV_00091,ASV_00171,0.5454545454545454,pos,Farm,IT2
ASV_00091,ASV_00184,0.4965034965034965,pos,Farm,IT2
ASV_00091,ASV_00195,0.5103448275862069,pos,Farm,IT2
ASV_00091,ASV_00200,0.4859154929577465,pos,Farm,IT2
ASV_00091,ASV_00212,0.524822695035461,pos,Farm,IT2
ASV_00091,ASV_00213,0.527027027027027,pos,Farm,IT2
ASV_00091,ASV_00233,0.5142857142857142,pos,Farm,IT2
ASV_00091,ASV_00249,0.5034965034965035,pos,Farm,IT2
ASV_00091,ASV_00263,0.5379310344827586,pos,Farm,IT2
ASV_00091,ASV_00267,0.48936170212765956,pos,Farm,IT2
ASV_00091,ASV_00277,0.5655172413793104,pos,Farm,IT2
ASV_00091,ASV_00282,0.5070422535211268,pos,Farm,IT2
ASV_00091,ASV_00290,0.5540540540540541,pos,Farm,IT2
ASV_00091,ASV_00300,0.5405405405405406,pos,Farm,IT2
ASV_00091,ASV_00347,0.5416666666666666,pos,Farm,IT2
ASV_00091,ASV_00357,0.4859154929577465,pos,Farm,IT2
ASV_00091,ASV_00368,0.524822695035461,pos,Farm,IT2
ASV_00091,ASV_00369,0.5352112676056338,pos,Farm,IT2
ASV_00091,ASV_00373,0.49645390070921985,pos,Farm,IT2
ASV_00091,ASV_00384,0.5,pos,Farm,IT2
ASV_00091,ASV_00397,0.5069444444444444,pos,Farm,IT2
ASV_00091,ASV_00403,0.5241379310344828,pos,Farm,IT2
ASV_00091,ASV_00422,0.5211267605633803,pos,Farm,IT2
ASV_00091,ASV_00425,0.5035460992907801,pos,Farm,IT2
ASV_00091,ASV_00437,0.5172413793103449,pos,Farm,IT2
ASV_00091,ASV_00444,0.5069444444444444,pos,Farm,IT2
ASV_00091,ASV_00445,0.5104895104895105,pos,Farm,IT2
ASV_00091,ASV_00455,0.5106382978723404,pos,Farm,IT2
ASV_00091,ASV_00459,0.5422535211267606,pos,Farm,IT2
ASV_00091,ASV_00474,0.5277777777777778,pos,Farm,IT2
ASV_00091,ASV_00482,0.5666666666666667,pos,Farm,IT2
ASV_00091,ASV_00490,0.5405405405405406,pos,Farm,IT2
ASV_00091,ASV_00493,0.5238095238095238,pos,Farm,IT2
ASV_00091,ASV_00513,0.5,pos,Farm,IT2
ASV_00091,ASV_00548,0.5182481751824818,pos,Farm,IT2
ASV_00091,ASV_00556,0.5352112676056338,pos,Farm,IT2
ASV_00091,ASV_00572,0.5369127516778524,pos,Farm,IT2
ASV_00091,ASV_00611,0.5384615384615384,pos,Farm,IT2
ASV_00091,ASV_00612,0.5136986301369864,pos,Farm,IT2
ASV_00091,ASV_00630,0.4857142857142857,pos,Farm,IT2
ASV_00091,ASV_00633,0.5103448275862069,pos,Farm,IT2
ASV_00091,ASV_00728,0.4785714285714286,pos,Farm,IT2
ASV_00091,ASV_00757,0.5277777777777778,pos,Farm,IT2
ASV_00091,ASV_00801,0.48226950354609927,pos,Farm,IT2
ASV_00091,ASV_00802,0.5342465753424658,pos,Farm,IT2
ASV_00091,ASV_00806,0.5273972602739726,pos,Farm,IT2
ASV_00091,ASV_00821,0.5103448275862069,pos,Farm,IT2
ASV_00091,ASV_00890,0.5531914893617021,pos,Farm,IT2
ASV_00091,ASV_00909,0.5,pos,Farm,IT2
ASV_00091,ASV_00959,0.5174825174825175,pos,Farm,IT2
ASV_00091,ASV_00984,0.5138888888888888,pos,Farm,IT2
ASV_00091,ASV_00989,0.4927536231884058,pos,Farm,IT2
ASV_00091,ASV_01071,0.4965034965034965,pos,Farm,IT2
ASV_00091,ASV_01092,0.547945205479452,pos,Farm,IT2
ASV_00091,ASV_01119,0.5586206896551724,pos,Farm,IT2
ASV_00091,ASV_01253,0.5069444444444444,pos,Farm,IT2
ASV_00091,ASV_01276,0.5,pos,Farm,IT2
ASV_00091,ASV_01503,0.5103448275862069,pos,Farm,IT2
ASV_00091,ASV_02020,0.5034965034965035,pos,Farm,IT2
ASV_00091,ASV_02149,0.5071428571428571,pos,Farm,IT2
ASV_00092,ASV_00100,0.4965034965034965,pos,Farm,IT2
ASV_00092,ASV_00104,0.4859154929577465,pos,Farm,IT2
ASV_00092,ASV_00107,0.5106382978723404,pos,Farm,IT2
ASV_00092,ASV_00113,0.48936170212765956,pos,Farm,IT2
ASV_00092,ASV_00115,0.48905109489051096,pos,Farm,IT2
ASV_00092,ASV_00118,0.5103448275862069,pos,Farm,IT2
ASV_00092,ASV_00127,0.5138888888888888,pos,Farm,IT2
ASV_00092,ASV_00138,0.4965034965034965,pos,Farm,IT2
ASV_00092,ASV_00152,0.5416666666666666,pos,Farm,IT2
ASV_00092,ASV_00159,0.5244755244755245,pos,Farm,IT2
ASV_00092,ASV_00172,0.528169014084507,pos,Farm,IT2
ASV_00092,ASV_00177,0.48936170212765956,pos,Farm,IT2
ASV_00092,ASV_00188,0.5454545454545454,pos,Farm,IT2
ASV_00092,ASV_00194,0.5342465753424658,pos,Farm,IT2
ASV_00092,ASV_00196,0.4857142857142857,pos,Farm,IT2
ASV_00092,ASV_00203,0.5,pos,Farm,IT2
ASV_00092,ASV_00205,0.5374149659863946,pos,Farm,IT2
ASV_00092,ASV_00210,0.5306122448979592,pos,Farm,IT2
ASV_00092,ASV_00218,0.5104895104895105,pos,Farm,IT2
ASV_00092,ASV_00232,0.5347222222222222,pos,Farm,IT2
ASV_00092,ASV_00244,0.5319148936170213,pos,Farm,IT2
ASV_00092,ASV_00279,0.4892086330935252,pos,Farm,IT2
ASV_00092,ASV_00290,0.5578231292517006,pos,Farm,IT2
ASV_00092,ASV_00292,0.5241379310344828,pos,Farm,IT2
ASV_00092,ASV_00304,0.5337837837837838,pos,Farm,IT2
ASV_00092,ASV_00305,0.5379310344827586,pos,Farm,IT2
ASV_00092,ASV_00309,0.5103448275862069,pos,Farm,IT2
ASV_00092,ASV_00324,0.5070422535211268,pos,Farm,IT2
ASV_00092,ASV_00342,0.524822695035461,pos,Farm,IT2
ASV_00092,ASV_00347,0.5454545454545454,pos,Farm,IT2
ASV_00092,ASV_00372,0.4785714285714286,pos,Farm,IT2
ASV_00092,ASV_00397,0.5,pos,Farm,IT2
ASV_00092,ASV_00400,0.5492957746478874,pos,Farm,IT2
ASV_00092,ASV_00423,0.5241379310344828,pos,Farm,IT2
ASV_00092,ASV_00440,0.49645390070921985,pos,Farm,IT2
ASV_00092,ASV_00474,0.5103448275862069,pos,Farm,IT2
ASV_00092,ASV_00496,0.5069444444444444,pos,Farm,IT2
ASV_00092,ASV_00542,0.541095890410959,pos,Farm,IT2
ASV_00092,ASV_00544,0.4965034965034965,pos,Farm,IT2
ASV_00092,ASV_00550,0.5241379310344828,pos,Farm,IT2
ASV_00092,ASV_00574,0.5136986301369864,pos,Farm,IT2
ASV_00092,ASV_00596,0.4748201438848921,pos,Farm,IT2
ASV_00092,ASV_00676,0.5238095238095238,pos,Farm,IT2
ASV_00092,ASV_00697,0.48226950354609927,pos,Farm,IT2
ASV_00092,ASV_00757,0.5103448275862069,pos,Farm,IT2
ASV_00092,ASV_00806,0.5310344827586206,pos,Farm,IT2
ASV_00092,ASV_00807,0.5390070921985816,pos,Farm,IT2
ASV_00092,ASV_00829,0.5285714285714286,pos,Farm,IT2
ASV_00092,ASV_00873,0.4857142857142857,pos,Farm,IT2
ASV_00092,ASV_00891,0.5793103448275863,pos,Farm,IT2
ASV_00092,ASV_00931,0.5035460992907801,pos,Farm,IT2
ASV_00092,ASV_00959,0.5,pos,Farm,IT2
ASV_00092,ASV_00984,0.5174825174825175,pos,Farm,IT2
ASV_00092,ASV_00987,0.5035460992907801,pos,Farm,IT2
ASV_00092,ASV_01065,0.4928571428571429,pos,Farm,IT2
ASV_00092,ASV_01087,0.5138888888888888,pos,Farm,IT2
ASV_00092,ASV_01101,0.5103448275862069,pos,Farm,IT2
ASV_00092,ASV_01349,0.5104895104895105,pos,Farm,IT2
ASV_00092,ASV_02332,0.5241379310344828,pos,Farm,IT2
ASV_00093,ASV_00094,0.5172413793103449,pos,Farm,IT2
ASV_00093,ASV_00097,0.4859154929577465,pos,Farm,IT2
ASV_00093,ASV_00102,0.5578231292517006,pos,Farm,IT2
ASV_00093,ASV_00103,0.6071428571428571,pos,Farm,IT2
ASV_00093,ASV_00106,0.574468085106383,pos,Farm,IT2
ASV_00093,ASV_00113,0.5285714285714286,pos,Farm,IT2
ASV_00093,ASV_00115,0.475177304964539,pos,Farm,IT2
ASV_00093,ASV_00117,0.4859154929577465,pos,Farm,IT2
ASV_00093,ASV_00125,0.5,pos,Farm,IT2
ASV_00093,ASV_00127,0.5524475524475524,pos,Farm,IT2
ASV_00093,ASV_00129,0.5571428571428572,pos,Farm,IT2
ASV_00093,ASV_00131,0.5390070921985816,pos,Farm,IT2
ASV_00093,ASV_00136,0.5524475524475524,pos,Farm,IT2
ASV_00093,ASV_00137,0.5319148936170213,pos,Farm,IT2
ASV_00093,ASV_00138,0.5352112676056338,pos,Farm,IT2
ASV_00093,ASV_00144,0.5211267605633803,pos,Farm,IT2
ASV_00093,ASV_00146,0.5337837837837838,pos,Farm,IT2
ASV_00093,ASV_00148,0.5902777777777778,pos,Farm,IT2
ASV_00093,ASV_00152,0.5374149659863946,pos,Farm,IT2
ASV_00093,ASV_00155,0.5070422535211268,pos,Farm,IT2
ASV_00093,ASV_00156,0.5655172413793104,pos,Farm,IT2
ASV_00093,ASV_00157,0.5238095238095238,pos,Farm,IT2
ASV_00093,ASV_00164,0.5140845070422535,pos,Farm,IT2
ASV_00093,ASV_00169,0.5310344827586206,pos,Farm,IT2
ASV_00093,ASV_00173,0.5608108108108109,pos,Farm,IT2
ASV_00093,ASV_00176,0.4928571428571429,pos,Farm,IT2
ASV_00093,ASV_00179,0.56,pos,Farm,IT2
ASV_00093,ASV_00181,0.5238095238095238,pos,Farm,IT2
ASV_00093,ASV_00186,0.5454545454545454,pos,Farm,IT2
ASV_00093,ASV_00187,0.5103448275862069,pos,Farm,IT2
ASV_00093,ASV_00191,0.5174825174825175,pos,Farm,IT2
ASV_00093,ASV_00193,0.5379310344827586,pos,Farm,IT2
ASV_00093,ASV_00196,0.49295774647887325,pos,Farm,IT2
ASV_00093,ASV_00199,0.5217391304347826,pos,Farm,IT2
ASV_00093,ASV_00200,0.5070422535211268,pos,Farm,IT2
ASV_00093,ASV_00208,0.5390070921985816,pos,Farm,IT2
ASV_00093,ASV_00213,0.5472972972972973,pos,Farm,IT2
ASV_00093,ASV_00216,0.5174825174825175,pos,Farm,IT2
ASV_00093,ASV_00226,0.5069444444444444,pos,Farm,IT2
ASV_00093,ASV_00229,0.5422535211267606,pos,Farm,IT2
ASV_00093,ASV_00235,0.5036496350364964,pos,Farm,IT2
ASV_00093,ASV_00240,0.5104895104895105,pos,Farm,IT2
ASV_00093,ASV_00247,0.5244755244755245,pos,Farm,IT2
ASV_00093,ASV_00251,0.5379310344827586,pos,Farm,IT2
ASV_00093,ASV_00252,0.5244755244755245,pos,Farm,IT2
ASV_00093,ASV_00259,0.4927536231884058,pos,Farm,IT2
ASV_00093,ASV_00262,0.5886524822695035,pos,Farm,IT2
ASV_00093,ASV_00266,0.5273972602739726,pos,Farm,IT2
ASV_00093,ASV_00272,0.5208333333333334,pos,Farm,IT2
ASV_00093,ASV_00277,0.5540540540540541,pos,Farm,IT2
ASV_00093,ASV_00280,0.5,pos,Farm,IT2
ASV_00093,ASV_00292,0.541095890410959,pos,Farm,IT2
ASV_00093,ASV_00294,0.5273972602739726,pos,Farm,IT2
ASV_00093,ASV_00295,0.574468085106383,pos,Farm,IT2
ASV_00093,ASV_00296,0.5071428571428571,pos,Farm,IT2
ASV_00093,ASV_00307,0.5357142857142857,pos,Farm,IT2
ASV_00093,ASV_00308,0.5104895104895105,pos,Farm,IT2
ASV_00093,ASV_00309,0.5273972602739726,pos,Farm,IT2
ASV_00093,ASV_00315,0.5179856115107914,pos,Farm,IT2
ASV_00093,ASV_00320,0.5,pos,Farm,IT2
ASV_00093,ASV_00324,0.5683453237410072,pos,Farm,IT2
ASV_00093,ASV_00330,0.5652173913043478,pos,Farm,IT2
ASV_00093,ASV_00332,0.528169014084507,pos,Farm,IT2
ASV_00093,ASV_00337,0.5472972972972973,pos,Farm,IT2
ASV_00093,ASV_00339,0.5106382978723404,pos,Farm,IT2
ASV_00093,ASV_00342,0.5103448275862069,pos,Farm,IT2
ASV_00093,ASV_00345,0.5306122448979592,pos,Farm,IT2
ASV_00093,ASV_00359,0.5071428571428571,pos,Farm,IT2
ASV_00093,ASV_00361,0.5957446808510638,pos,Farm,IT2
ASV_00093,ASV_00367,0.5034965034965035,pos,Farm,IT2
ASV_00093,ASV_00368,0.5352112676056338,pos,Farm,IT2
ASV_00093,ASV_00369,0.5136986301369864,pos,Farm,IT2
ASV_00093,ASV_00376,0.5625,pos,Farm,IT2
ASV_00093,ASV_00390,0.5436241610738255,pos,Farm,IT2
ASV_00093,ASV_00402,0.49640287769784175,pos,Farm,IT2
ASV_00093,ASV_00409,0.4965034965034965,pos,Farm,IT2
ASV_00093,ASV_00411,0.5136986301369864,pos,Farm,IT2
ASV_00093,ASV_00412,0.5,pos,Farm,IT2
ASV_00093,ASV_00421,0.5379310344827586,pos,Farm,IT2
ASV_00093,ASV_00443,0.5034965034965035,pos,Farm,IT2
ASV_00093,ASV_00444,0.5384615384615384,pos,Farm,IT2
ASV_00093,ASV_00447,0.541095890410959,pos,Farm,IT2
ASV_00093,ASV_00452,0.5140845070422535,pos,Farm,IT2
ASV_00093,ASV_00455,0.5104895104895105,pos,Farm,IT2
ASV_00093,ASV_00458,0.5214285714285715,pos,Farm,IT2
ASV_00093,ASV_00460,0.5310344827586206,pos,Farm,IT2
ASV_00093,ASV_00465,0.5103448275862069,pos,Farm,IT2
ASV_00093,ASV_00467,0.5608108108108109,pos,Farm,IT2
ASV_00093,ASV_00477,0.5205479452054794,pos,Farm,IT2
ASV_00093,ASV_00479,0.5306122448979592,pos,Farm,IT2
ASV_00093,ASV_00486,0.5436241610738255,pos,Farm,IT2
ASV_00093,ASV_00493,0.5547945205479452,pos,Farm,IT2
ASV_00093,ASV_00495,0.5142857142857142,pos,Farm,IT2
ASV_00093,ASV_00496,0.5241379310344828,pos,Farm,IT2
ASV_00093,ASV_00501,0.5673758865248227,pos,Farm,IT2
ASV_00093,ASV_00508,0.5,pos,Farm,IT2
ASV_00093,ASV_00513,0.5103448275862069,pos,Farm,IT2
ASV_00093,ASV_00514,0.5986394557823129,pos,Farm,IT2
ASV_00093,ASV_00524,0.5177304964539007,pos,Farm,IT2
ASV_00093,ASV_00533,0.5244755244755245,pos,Farm,IT2
ASV_00093,ASV_00550,0.5517241379310345,pos,Farm,IT2
ASV_00093,ASV_00551,0.5205479452054794,pos,Farm,IT2
ASV_00093,ASV_00554,0.5486111111111112,pos,Farm,IT2
ASV_00093,ASV_00559,0.5244755244755245,pos,Farm,IT2
ASV_00093,ASV_00563,0.5486111111111112,pos,Farm,IT2
ASV_00093,ASV_00566,0.5103448275862069,pos,Farm,IT2
ASV_00093,ASV_00571,0.5486111111111112,pos,Farm,IT2
ASV_00093,ASV_00572,0.5466666666666666,pos,Farm,IT2
ASV_00093,ASV_00581,0.4928571428571429,pos,Farm,IT2
ASV_00093,ASV_00594,0.5714285714285714,pos,Farm,IT2
ASV_00093,ASV_00596,0.48226950354609927,pos,Farm,IT2
ASV_00093,ASV_00628,0.528169014084507,pos,Farm,IT2
ASV_00093,ASV_00633,0.5205479452054794,pos,Farm,IT2
ASV_00093,ASV_00636,0.5496688741721855,pos,Farm,IT2
ASV_00093,ASV_00643,0.5384615384615384,pos,Farm,IT2
ASV_00093,ASV_00656,0.5347222222222222,pos,Farm,IT2
ASV_00093,ASV_00668,0.5211267605633803,pos,Farm,IT2
ASV_00093,ASV_00671,0.5104895104895105,pos,Farm,IT2
ASV_00093,ASV_00679,0.5448275862068965,pos,Farm,IT2
ASV_00093,ASV_00686,0.5454545454545454,pos,Farm,IT2
ASV_00093,ASV_00687,0.5103448275862069,pos,Farm,IT2
ASV_00093,ASV_00727,0.5034965034965035,pos,Farm,IT2
ASV_00093,ASV_00734,0.5379310344827586,pos,Farm,IT2
ASV_00093,ASV_00758,0.5524475524475524,pos,Farm,IT2
ASV_00093,ASV_00772,0.5172413793103449,pos,Farm,IT2
ASV_00093,ASV_00781,0.5314685314685315,pos,Farm,IT2
ASV_00093,ASV_00789,0.5136986301369864,pos,Farm,IT2
ASV_00093,ASV_00793,0.5,pos,Farm,IT2
ASV_00093,ASV_00798,0.5306122448979592,pos,Farm,IT2
ASV_00093,ASV_00809,0.5918367346938775,pos,Farm,IT2
ASV_00093,ASV_00811,0.5555555555555556,pos,Farm,IT2
ASV_00093,ASV_00815,0.5562913907284768,pos,Farm,IT2
ASV_00093,ASV_00865,0.5136986301369864,pos,Farm,IT2
ASV_00093,ASV_00869,0.5547945205479452,pos,Farm,IT2
ASV_00093,ASV_00873,0.5251798561151079,pos,Farm,IT2
ASV_00093,ASV_00890,0.5310344827586206,pos,Farm,IT2
ASV_00093,ASV_00912,0.4928571428571429,pos,Farm,IT2
ASV_00093,ASV_00931,0.5,pos,Farm,IT2
ASV_00093,ASV_00958,0.5314685314685315,pos,Farm,IT2
ASV_00093,ASV_00984,0.5136986301369864,pos,Farm,IT2
ASV_00093,ASV_00987,0.5,pos,Farm,IT2
ASV_00093,ASV_00989,0.5035971223021583,pos,Farm,IT2
ASV_00093,ASV_01018,0.5,pos,Farm,IT2
ASV_00093,ASV_01065,0.5547445255474452,pos,Farm,IT2
ASV_00093,ASV_01071,0.583941605839416,pos,Farm,IT2
ASV_00093,ASV_01101,0.5379310344827586,pos,Farm,IT2
ASV_00093,ASV_01119,0.5369127516778524,pos,Farm,IT2
ASV_00093,ASV_01124,0.5277777777777778,pos,Farm,IT2
ASV_00093,ASV_01179,0.5177304964539007,pos,Farm,IT2
ASV_00093,ASV_01250,0.5405405405405406,pos,Farm,IT2
ASV_00093,ASV_01288,0.5486111111111112,pos,Farm,IT2
ASV_00093,ASV_01368,0.5277777777777778,pos,Farm,IT2
ASV_00093,ASV_01385,0.5352112676056338,pos,Farm,IT2
ASV_00093,ASV_01417,0.5208333333333334,pos,Farm,IT2
ASV_00093,ASV_01503,0.5310344827586206,pos,Farm,IT2
ASV_00094,ASV_00100,0.5104895104895105,pos,Farm,IT2
ASV_00094,ASV_00101,0.5070422535211268,pos,Farm,IT2
ASV_00094,ASV_00122,0.4965034965034965,pos,Farm,IT2
ASV_00094,ASV_00145,0.5390070921985816,pos,Farm,IT2
ASV_00094,ASV_00146,0.5625,pos,Farm,IT2
ASV_00094,ASV_00148,0.5337837837837838,pos,Farm,IT2
ASV_00094,ASV_00151,0.49295774647887325,pos,Farm,IT2
ASV_00094,ASV_00152,0.5238095238095238,pos,Farm,IT2
ASV_00094,ASV_00157,0.5310344827586206,pos,Farm,IT2
ASV_00094,ASV_00159,0.5172413793103449,pos,Farm,IT2
ASV_00094,ASV_00160,0.5034965034965035,pos,Farm,IT2
ASV_00094,ASV_00162,0.5611510791366906,pos,Farm,IT2
ASV_00094,ASV_00171,0.5205479452054794,pos,Farm,IT2
ASV_00094,ASV_00173,0.5369127516778524,pos,Farm,IT2
ASV_00094,ASV_00176,0.4892086330935252,pos,Farm,IT2
ASV_00094,ASV_00181,0.5416666666666666,pos,Farm,IT2
ASV_00094,ASV_00186,0.5103448275862069,pos,Farm,IT2
ASV_00094,ASV_00219,0.5337837837837838,pos,Farm,IT2
ASV_00094,ASV_00231,0.5,pos,Farm,IT2
ASV_00094,ASV_00233,0.5,pos,Farm,IT2
ASV_00094,ASV_00235,0.5,pos,Farm,IT2
ASV_00094,ASV_00238,0.5172413793103449,pos,Farm,IT2
ASV_00094,ASV_00242,0.4855072463768116,pos,Farm,IT2
ASV_00094,ASV_00244,0.5352112676056338,pos,Farm,IT2
ASV_00094,ASV_00249,0.5211267605633803,pos,Farm,IT2
ASV_00094,ASV_00262,0.5205479452054794,pos,Farm,IT2
ASV_00094,ASV_00266,0.5563380281690141,pos,Farm,IT2
ASV_00094,ASV_00276,0.5273972602739726,pos,Farm,IT2
ASV_00094,ASV_00282,0.5140845070422535,pos,Farm,IT2
ASV_00094,ASV_00290,0.5608108108108109,pos,Farm,IT2
ASV_00094,ASV_00292,0.5379310344827586,pos,Farm,IT2
ASV_00094,ASV_00307,0.5106382978723404,pos,Farm,IT2
ASV_00094,ASV_00312,0.5273972602739726,pos,Farm,IT2
ASV_00094,ASV_00315,0.5144927536231884,pos,Farm,IT2
ASV_00094,ASV_00317,0.5211267605633803,pos,Farm,IT2
ASV_00094,ASV_00318,0.5422535211267606,pos,Farm,IT2
ASV_00094,ASV_00320,0.49645390070921985,pos,Farm,IT2
ASV_00094,ASV_00324,0.5428571428571428,pos,Farm,IT2
ASV_00094,ASV_00327,0.539568345323741,pos,Farm,IT2
ASV_00094,ASV_00345,0.5379310344827586,pos,Farm,IT2
ASV_00094,ASV_00353,0.524822695035461,pos,Farm,IT2
ASV_00094,ASV_00361,0.5273972602739726,pos,Farm,IT2
ASV_00094,ASV_00373,0.5474452554744526,pos,Farm,IT2
ASV_00094,ASV_00376,0.5379310344827586,pos,Farm,IT2
ASV_00094,ASV_00387,0.5103448275862069,pos,Farm,IT2
ASV_00094,ASV_00391,0.4859154929577465,pos,Farm,IT2
ASV_00094,ASV_00398,0.5136986301369864,pos,Farm,IT2
ASV_00094,ASV_00403,0.5205479452054794,pos,Farm,IT2
ASV_00094,ASV_00409,0.49295774647887325,pos,Farm,IT2
ASV_00094,ASV_00415,0.5138888888888888,pos,Farm,IT2
ASV_00094,ASV_00421,0.5136986301369864,pos,Farm,IT2
ASV_00094,ASV_00422,0.5069444444444444,pos,Farm,IT2
ASV_00094,ASV_00440,0.5106382978723404,pos,Farm,IT2
ASV_00094,ASV_00442,0.5238095238095238,pos,Farm,IT2
ASV_00094,ASV_00468,0.4632352941176471,pos,Farm,IT2
ASV_00094,ASV_00482,0.5526315789473685,pos,Farm,IT2
ASV_00094,ASV_00488,0.527027027027027,pos,Farm,IT2
ASV_00094,ASV_00511,0.5294117647058824,pos,Farm,IT2
ASV_00094,ASV_00512,0.5547945205479452,pos,Farm,IT2
ASV_00094,ASV_00517,0.5323741007194245,pos,Farm,IT2
ASV_00094,ASV_00529,0.48226950354609927,pos,Farm,IT2
ASV_00094,ASV_00533,0.5319148936170213,pos,Farm,IT2
ASV_00094,ASV_00543,0.5136986301369864,pos,Farm,IT2
ASV_00094,ASV_00555,0.5136986301369864,pos,Farm,IT2
ASV_00094,ASV_00563,0.5241379310344828,pos,Farm,IT2
ASV_00094,ASV_00566,0.5069444444444444,pos,Farm,IT2
ASV_00094,ASV_00568,0.5704225352112676,pos,Farm,IT2
ASV_00094,ASV_00569,0.5,pos,Farm,IT2
ASV_00094,ASV_00596,0.4785714285714286,pos,Farm,IT2
ASV_00094,ASV_00612,0.5416666666666666,pos,Farm,IT2
ASV_00094,ASV_00665,0.5,pos,Farm,IT2
ASV_00094,ASV_00687,0.528169014084507,pos,Farm,IT2
ASV_00094,ASV_00755,0.5337837837837838,pos,Farm,IT2
ASV_00094,ASV_00758,0.5172413793103449,pos,Farm,IT2
ASV_00094,ASV_00781,0.5174825174825175,pos,Farm,IT2
ASV_00094,ASV_00801,0.5,pos,Farm,IT2
ASV_00094,ASV_00829,0.5104895104895105,pos,Farm,IT2
ASV_00094,ASV_00842,0.4859154929577465,pos,Farm,IT2
ASV_00094,ASV_00845,0.4928571428571429,pos,Farm,IT2
ASV_00094,ASV_00880,0.5434782608695652,pos,Farm,IT2
ASV_00094,ASV_00929,0.5273972602739726,pos,Farm,IT2
ASV_00094,ASV_00952,0.5,pos,Farm,IT2
ASV_00094,ASV_00984,0.5208333333333334,pos,Farm,IT2
ASV_00094,ASV_01119,0.54421768707483,pos,Farm,IT2
ASV_00094,ASV_01152,0.5,pos,Farm,IT2
ASV_00094,ASV_01249,0.5070422535211268,pos,Farm,IT2
ASV_00094,ASV_01276,0.4859154929577465,pos,Farm,IT2
ASV_00094,ASV_01417,0.5390070921985816,pos,Farm,IT2
ASV_00095,ASV_00097,0.49645390070921985,pos,Farm,IT2
ASV_00095,ASV_00101,0.5,pos,Farm,IT2
ASV_00095,ASV_00115,0.4857142857142857,pos,Farm,IT2
ASV_00095,ASV_00122,0.5319148936170213,pos,Farm,IT2
ASV_00095,ASV_00127,0.5205479452054794,pos,Farm,IT2
ASV_00095,ASV_00132,0.5070422535211268,pos,Farm,IT2
ASV_00095,ASV_00136,0.5416666666666666,pos,Farm,IT2
ASV_00095,ASV_00145,0.5208333333333334,pos,Farm,IT2
ASV_00095,ASV_00146,0.54421768707483,pos,Farm,IT2
ASV_00095,ASV_00147,0.5,pos,Farm,IT2
ASV_00095,ASV_00148,0.5369127516778524,pos,Farm,IT2
ASV_00095,ASV_00150,0.5070422535211268,pos,Farm,IT2
ASV_00095,ASV_00162,0.5103448275862069,pos,Farm,IT2
ASV_00095,ASV_00164,0.524822695035461,pos,Farm,IT2
ASV_00095,ASV_00165,0.49295774647887325,pos,Farm,IT2
ASV_00095,ASV_00166,0.5241379310344828,pos,Farm,IT2
ASV_00095,ASV_00168,0.5405405405405406,pos,Farm,IT2
ASV_00095,ASV_00171,0.5342465753424658,pos,Farm,IT2
ASV_00095,ASV_00186,0.5347222222222222,pos,Farm,IT2
ASV_00095,ASV_00187,0.5314685314685315,pos,Farm,IT2
ASV_00095,ASV_00192,0.5208333333333334,pos,Farm,IT2
ASV_00095,ASV_00205,0.6083916083916084,pos,Farm,IT2
ASV_00095,ASV_00219,0.5369127516778524,pos,Farm,IT2
ASV_00095,ASV_00232,0.5517241379310345,pos,Farm,IT2
ASV_00095,ASV_00238,0.5205479452054794,pos,Farm,IT2
ASV_00095,ASV_00240,0.5104895104895105,pos,Farm,IT2
ASV_00095,ASV_00269,0.5906040268456376,pos,Farm,IT2
ASV_00095,ASV_00272,0.5208333333333334,pos,Farm,IT2
ASV_00095,ASV_00284,0.5,pos,Farm,IT2
ASV_00095,ASV_00287,0.5,pos,Farm,IT2
ASV_00095,ASV_00291,0.5179856115107914,pos,Farm,IT2
ASV_00095,ASV_00292,0.5306122448979592,pos,Farm,IT2
ASV_00095,ASV_00293,0.5466666666666666,pos,Farm,IT2
ASV_00095,ASV_00294,0.5379310344827586,pos,Farm,IT2
ASV_00095,ASV_00296,0.49645390070921985,pos,Farm,IT2
ASV_00095,ASV_00308,0.5211267605633803,pos,Farm,IT2
ASV_00095,ASV_00309,0.5379310344827586,pos,Farm,IT2
ASV_00095,ASV_00312,0.5517241379310345,pos,Farm,IT2
ASV_00095,ASV_00327,0.5211267605633803,pos,Farm,IT2
ASV_00095,ASV_00331,0.5666666666666667,pos,Farm,IT2
ASV_00095,ASV_00339,0.5434782608695652,pos,Farm,IT2
ASV_00095,ASV_00345,0.541095890410959,pos,Farm,IT2
ASV_00095,ASV_00377,0.5142857142857142,pos,Farm,IT2
ASV_00095,ASV_00378,0.5337837837837838,pos,Farm,IT2
ASV_00095,ASV_00382,0.5238095238095238,pos,Farm,IT2
ASV_00095,ASV_00390,0.5436241610738255,pos,Farm,IT2
ASV_00095,ASV_00395,0.524822695035461,pos,Farm,IT2
ASV_00095,ASV_00409,0.4965034965034965,pos,Farm,IT2
ASV_00095,ASV_00411,0.5563380281690141,pos,Farm,IT2
ASV_00095,ASV_00421,0.5379310344827586,pos,Farm,IT2
ASV_00095,ASV_00426,0.5629139072847682,pos,Farm,IT2
ASV_00095,ASV_00443,0.5034965034965035,pos,Farm,IT2
ASV_00095,ASV_00445,0.5314685314685315,pos,Farm,IT2
ASV_00095,ASV_00447,0.5306122448979592,pos,Farm,IT2
ASV_00095,ASV_00451,0.5510204081632653,pos,Farm,IT2
ASV_00095,ASV_00454,0.547945205479452,pos,Farm,IT2
ASV_00095,ASV_00458,0.5106382978723404,pos,Farm,IT2
ASV_00095,ASV_00468,0.47794117647058826,pos,Farm,IT2
ASV_00095,ASV_00490,0.5608108108108109,pos,Farm,IT2
ASV_00095,ASV_00498,0.5255474452554745,pos,Farm,IT2
ASV_00095,ASV_00503,0.5103448275862069,pos,Farm,IT2
ASV_00095,ASV_00512,0.5369127516778524,pos,Farm,IT2
ASV_00095,ASV_00528,0.5104895104895105,pos,Farm,IT2
ASV_00095,ASV_00533,0.5138888888888888,pos,Farm,IT2
ASV_00095,ASV_00536,0.5510204081632653,pos,Farm,IT2
ASV_00095,ASV_00569,0.5357142857142857,pos,Farm,IT2
ASV_00095,ASV_00572,0.5466666666666666,pos,Farm,IT2
ASV_00095,ASV_00576,0.5138888888888888,pos,Farm,IT2
ASV_00095,ASV_00581,0.48226950354609927,pos,Farm,IT2
ASV_00095,ASV_00587,0.5,pos,Farm,IT2
ASV_00095,ASV_00595,0.5211267605633803,pos,Farm,IT2
ASV_00095,ASV_00611,0.5486111111111112,pos,Farm,IT2
ASV_00095,ASV_00615,0.5251798561151079,pos,Farm,IT2
ASV_00095,ASV_00620,0.5342465753424658,pos,Farm,IT2
ASV_00095,ASV_00635,0.54421768707483,pos,Farm,IT2
ASV_00095,ASV_00671,0.5104895104895105,pos,Farm,IT2
ASV_00095,ASV_00679,0.5238095238095238,pos,Farm,IT2
ASV_00095,ASV_00709,0.5422535211267606,pos,Farm,IT2
ASV_00095,ASV_00721,0.4859154929577465,pos,Farm,IT2
ASV_00095,ASV_00726,0.5379310344827586,pos,Farm,IT2
ASV_00095,ASV_00727,0.5140845070422535,pos,Farm,IT2
ASV_00095,ASV_00732,0.5174825174825175,pos,Farm,IT2
ASV_00095,ASV_00760,0.54421768707483,pos,Farm,IT2
ASV_00095,ASV_00772,0.5492957746478874,pos,Farm,IT2
ASV_00095,ASV_00778,0.4785714285714286,pos,Farm,IT2
ASV_00095,ASV_00782,0.5208333333333334,pos,Farm,IT2
ASV_00095,ASV_00789,0.5136986301369864,pos,Farm,IT2
ASV_00095,ASV_00798,0.5306122448979592,pos,Farm,IT2
ASV_00095,ASV_00807,0.5241379310344828,pos,Farm,IT2
ASV_00095,ASV_00817,0.5405405405405406,pos,Farm,IT2
ASV_00095,ASV_00865,0.5136986301369864,pos,Farm,IT2
ASV_00095,ASV_00875,0.5902777777777778,pos,Farm,IT2
ASV_00095,ASV_00958,0.5103448275862069,pos,Farm,IT2
ASV_00095,ASV_00959,0.5277777777777778,pos,Farm,IT2
ASV_00095,ASV_01023,0.5655172413793104,pos,Farm,IT2
ASV_00095,ASV_01119,0.5369127516778524,pos,Farm,IT2
ASV_00095,ASV_01288,0.5379310344827586,pos,Farm,IT2
ASV_00095,ASV_01349,0.5172413793103449,pos,Farm,IT2
ASV_00095,ASV_01459,0.5174825174825175,pos,Farm,IT2
ASV_00095,ASV_01491,0.5208333333333334,pos,Farm,IT2
ASV_00095,ASV_01512,0.4859154929577465,pos,Farm,IT2
ASV_00096,ASV_00109,0.5310344827586206,pos,Farm,IT2
ASV_00096,ASV_00127,0.5241379310344828,pos,Farm,IT2
ASV_00096,ASV_00131,0.5,pos,Farm,IT2
ASV_00096,ASV_00133,0.5,pos,Farm,IT2
ASV_00096,ASV_00139,0.48201438848920863,pos,Farm,IT2
ASV_00096,ASV_00152,0.5306122448979592,pos,Farm,IT2
ASV_00096,ASV_00156,0.547945205479452,pos,Farm,IT2
ASV_00096,ASV_00171,0.5273972602739726,pos,Farm,IT2
ASV_00096,ASV_00173,0.564625850340136,pos,Farm,IT2
ASV_00096,ASV_00177,0.5214285714285715,pos,Farm,IT2
ASV_00096,ASV_00186,0.5172413793103449,pos,Farm,IT2
ASV_00096,ASV_00196,0.49645390070921985,pos,Farm,IT2
ASV_00096,ASV_00208,0.5766423357664233,pos,Farm,IT2
ASV_00096,ASV_00243,0.5172413793103449,pos,Farm,IT2
ASV_00096,ASV_00263,0.541095890410959,pos,Farm,IT2
ASV_00096,ASV_00272,0.5352112676056338,pos,Farm,IT2
ASV_00096,ASV_00288,0.541095890410959,pos,Farm,IT2
ASV_00096,ASV_00291,0.5107913669064749,pos,Farm,IT2
ASV_00096,ASV_00292,0.5238095238095238,pos,Farm,IT2
ASV_00096,ASV_00295,0.5347222222222222,pos,Farm,IT2
ASV_00096,ASV_00296,0.48936170212765956,pos,Farm,IT2
ASV_00096,ASV_00303,0.5107913669064749,pos,Farm,IT2
ASV_00096,ASV_00307,0.4965034965034965,pos,Farm,IT2
ASV_00096,ASV_00309,0.5310344827586206,pos,Farm,IT2
ASV_00096,ASV_00313,0.5241379310344828,pos,Farm,IT2
ASV_00096,ASV_00323,0.5422535211267606,pos,Farm,IT2
ASV_00096,ASV_00325,0.5103448275862069,pos,Farm,IT2
ASV_00096,ASV_00332,0.5428571428571428,pos,Farm,IT2
ASV_00096,ASV_00339,0.5362318840579711,pos,Farm,IT2
ASV_00096,ASV_00343,0.5136986301369864,pos,Farm,IT2
ASV_00096,ASV_00346,0.5034965034965035,pos,Farm,IT2
ASV_00096,ASV_00347,0.5238095238095238,pos,Farm,IT2
ASV_00096,ASV_00350,0.4748201438848921,pos,Farm,IT2
ASV_00096,ASV_00361,0.5555555555555556,pos,Farm,IT2
ASV_00096,ASV_00384,0.5244755244755245,pos,Farm,IT2
ASV_00096,ASV_00409,0.5,pos,Farm,IT2
ASV_00096,ASV_00416,0.5244755244755245,pos,Farm,IT2
ASV_00096,ASV_00422,0.5460992907801419,pos,Farm,IT2
ASV_00096,ASV_00423,0.5238095238095238,pos,Farm,IT2
ASV_00096,ASV_00438,0.5244755244755245,pos,Farm,IT2
ASV_00096,ASV_00451,0.54421768707483,pos,Farm,IT2
ASV_00096,ASV_00483,0.5337837837837838,pos,Farm,IT2
ASV_00096,ASV_00485,0.5633802816901409,pos,Farm,IT2
ASV_00096,ASV_00486,0.5684931506849316,pos,Farm,IT2
ASV_00096,ASV_00488,0.5874125874125874,pos,Farm,IT2
ASV_00096,ASV_00503,0.5138888888888888,pos,Farm,IT2
ASV_00096,ASV_00507,0.5103448275862069,pos,Farm,IT2
ASV_00096,ASV_00514,0.5496688741721855,pos,Farm,IT2
ASV_00096,ASV_00521,0.5374149659863946,pos,Farm,IT2
ASV_00096,ASV_00534,0.5436241610738255,pos,Farm,IT2
ASV_00096,ASV_00536,0.5337837837837838,pos,Farm,IT2
ASV_00096,ASV_00543,0.5310344827586206,pos,Farm,IT2
ASV_00096,ASV_00551,0.5241379310344828,pos,Farm,IT2
ASV_00096,ASV_00568,0.5238095238095238,pos,Farm,IT2
ASV_00096,ASV_00587,0.5140845070422535,pos,Farm,IT2
ASV_00096,ASV_00595,0.524822695035461,pos,Farm,IT2
ASV_00096,ASV_00611,0.5310344827586206,pos,Farm,IT2
ASV_00096,ASV_00666,0.5625,pos,Farm,IT2
ASV_00096,ASV_00673,0.5793103448275863,pos,Farm,IT2
ASV_00096,ASV_00718,0.4859154929577465,pos,Farm,IT2
ASV_00096,ASV_00734,0.5524475524475524,pos,Farm,IT2
ASV_00096,ASV_00760,0.5586206896551724,pos,Farm,IT2
ASV_00096,ASV_00778,0.4714285714285714,pos,Farm,IT2
ASV_00096,ASV_00781,0.5138888888888888,pos,Farm,IT2
ASV_00096,ASV_00821,0.5136986301369864,pos,Farm,IT2
ASV_00096,ASV_00906,0.5436241610738255,pos,Farm,IT2
ASV_00096,ASV_00912,0.5294117647058824,pos,Farm,IT2
ASV_00096,ASV_00959,0.5314685314685315,pos,Farm,IT2
ASV_00096,ASV_00984,0.5172413793103449,pos,Farm,IT2
ASV_00096,ASV_01101,0.5416666666666666,pos,Farm,IT2
ASV_00096,ASV_01152,0.5069444444444444,pos,Farm,IT2
ASV_00096,ASV_01204,0.5374149659863946,pos,Farm,IT2
ASV_00096,ASV_01223,0.49635036496350365,pos,Farm,IT2
ASV_00096,ASV_01249,0.5034965034965035,pos,Farm,IT2
ASV_00096,ASV_01288,0.5416666666666666,pos,Farm,IT2
ASV_00096,ASV_01458,0.5035971223021583,pos,Farm,IT2
ASV_00096,ASV_01459,0.5,pos,Farm,IT2
ASV_00096,ASV_01941,0.5416666666666666,pos,Farm,IT2
ASV_00096,ASV_02332,0.5238095238095238,pos,Farm,IT2
ASV_00097,ASV_00099,0.5034965034965035,pos,Farm,IT2
ASV_00097,ASV_00103,0.5070422535211268,pos,Farm,IT2
ASV_00097,ASV_00108,0.44360902255639095,pos,Farm,IT2
ASV_00097,ASV_00125,0.4744525547445255,pos,Farm,IT2
ASV_00097,ASV_00141,0.4676258992805755,pos,Farm,IT2
ASV_00097,ASV_00148,0.5138888888888888,pos,Farm,IT2
ASV_00097,ASV_00154,0.49635036496350365,pos,Farm,IT2
ASV_00097,ASV_00160,0.48201438848920863,pos,Farm,IT2
ASV_00097,ASV_00162,0.4857142857142857,pos,Farm,IT2
ASV_00097,ASV_00166,0.48936170212765956,pos,Farm,IT2
ASV_00097,ASV_00167,0.5035460992907801,pos,Farm,IT2
ASV_00097,ASV_00168,0.5069444444444444,pos,Farm,IT2
ASV_00097,ASV_00171,0.48951048951048953,pos,Farm,IT2
ASV_00097,ASV_00172,0.5107913669064749,pos,Farm,IT2
ASV_00097,ASV_00177,0.47101449275362317,pos,Farm,IT2
ASV_00097,ASV_00182,0.5070422535211268,pos,Farm,IT2
ASV_00097,ASV_00183,0.5071428571428571,pos,Farm,IT2
ASV_00097,ASV_00193,0.5142857142857142,pos,Farm,IT2
ASV_00097,ASV_00195,0.4859154929577465,pos,Farm,IT2
ASV_00097,ASV_00196,0.5,pos,Farm,IT2
ASV_00097,ASV_00208,0.5147058823529411,pos,Farm,IT2
ASV_00097,ASV_00210,0.503448275862069,pos,Farm,IT2
ASV_00097,ASV_00213,0.5244755244755245,pos,Farm,IT2
ASV_00097,ASV_00227,0.4928571428571429,pos,Farm,IT2
ASV_00097,ASV_00228,0.463768115942029,pos,Farm,IT2
ASV_00097,ASV_00231,0.4785714285714286,pos,Farm,IT2
ASV_00097,ASV_00233,0.5,pos,Farm,IT2
ASV_00097,ASV_00240,0.4748201438848921,pos,Farm,IT2
ASV_00097,ASV_00242,0.45185185185185184,pos,Farm,IT2
ASV_00097,ASV_00244,0.5255474452554745,pos,Farm,IT2
ASV_00097,ASV_00247,0.5220588235294118,pos,Farm,IT2
ASV_00097,ASV_00251,0.5035460992907801,pos,Farm,IT2
ASV_00097,ASV_00252,0.4892086330935252,pos,Farm,IT2
ASV_00097,ASV_00259,0.5116279069767442,pos,Farm,IT2
ASV_00097,ASV_00263,0.4930555555555556,pos,Farm,IT2
ASV_00097,ASV_00269,0.5167785234899329,pos,Farm,IT2
ASV_00097,ASV_00275,0.503448275862069,pos,Farm,IT2
ASV_00097,ASV_00278,0.5323741007194245,pos,Farm,IT2
ASV_00097,ASV_00288,0.5034965034965035,pos,Farm,IT2
ASV_00097,ASV_00297,0.4857142857142857,pos,Farm,IT2
ASV_00097,ASV_00311,0.5174825174825175,pos,Farm,IT2
ASV_00097,ASV_00317,0.5,pos,Farm,IT2
ASV_00097,ASV_00324,0.5220588235294118,pos,Farm,IT2
ASV_00097,ASV_00327,0.4748201438848921,pos,Farm,IT2
ASV_00097,ASV_00333,0.5142857142857142,pos,Farm,IT2
ASV_00097,ASV_00334,0.5,pos,Farm,IT2
ASV_00097,ASV_00339,0.5074626865671642,pos,Farm,IT2
ASV_00097,ASV_00340,0.5434782608695652,pos,Farm,IT2
ASV_00097,ASV_00361,0.4965034965034965,pos,Farm,IT2
ASV_00097,ASV_00389,0.5217391304347826,pos,Farm,IT2
ASV_00097,ASV_00391,0.4852941176470588,pos,Farm,IT2
ASV_00097,ASV_00395,0.48905109489051096,pos,Farm,IT2
ASV_00097,ASV_00402,0.4485294117647059,pos,Farm,IT2
ASV_00097,ASV_00404,0.463768115942029,pos,Farm,IT2
ASV_00097,ASV_00411,0.48936170212765956,pos,Farm,IT2
ASV_00097,ASV_00423,0.4965034965034965,pos,Farm,IT2
ASV_00097,ASV_00429,0.4444444444444444,pos,Farm,IT2
ASV_00097,ASV_00451,0.5069444444444444,pos,Farm,IT2
ASV_00097,ASV_00453,0.49645390070921985,pos,Farm,IT2
ASV_00097,ASV_00454,0.4930555555555556,pos,Farm,IT2
ASV_00097,ASV_00468,0.4393939393939394,pos,Farm,IT2
ASV_00097,ASV_00498,0.47761194029850745,pos,Farm,IT2
ASV_00097,ASV_00512,0.5244755244755245,pos,Farm,IT2
ASV_00097,ASV_00517,0.4676258992805755,pos,Farm,IT2
ASV_00097,ASV_00529,0.45985401459854014,pos,Farm,IT2
ASV_00097,ASV_00534,0.5068493150684932,pos,Farm,IT2
ASV_00097,ASV_00536,0.5174825174825175,pos,Farm,IT2
ASV_00097,ASV_00551,0.4859154929577465,pos,Farm,IT2
ASV_00097,ASV_00561,0.5234899328859061,pos,Farm,IT2
ASV_00097,ASV_00569,0.4782608695652174,pos,Farm,IT2
ASV_00097,ASV_00572,0.5347222222222222,pos,Farm,IT2
ASV_00097,ASV_00581,0.5114503816793893,pos,Farm,IT2
ASV_00097,ASV_00596,0.45588235294117646,pos,Farm,IT2
ASV_00097,ASV_00615,0.46715328467153283,pos,Farm,IT2
ASV_00097,ASV_00622,0.45588235294117646,pos,Farm,IT2
ASV_00097,ASV_00633,0.49645390070921985,pos,Farm,IT2
ASV_00097,ASV_00638,0.5106382978723404,pos,Farm,IT2
ASV_00097,ASV_00643,0.5144927536231884,pos,Farm,IT2
ASV_00097,ASV_00651,0.5294117647058824,pos,Farm,IT2
ASV_00097,ASV_00654,0.4744525547445255,pos,Farm,IT2
ASV_00097,ASV_00665,0.47794117647058826,pos,Farm,IT2
ASV_00097,ASV_00666,0.5140845070422535,pos,Farm,IT2
ASV_00097,ASV_00679,0.48951048951048953,pos,Farm,IT2
ASV_00097,ASV_00687,0.4857142857142857,pos,Farm,IT2
ASV_00097,ASV_00714,0.47058823529411764,pos,Farm,IT2
ASV_00097,ASV_00727,0.4676258992805755,pos,Farm,IT2
ASV_00097,ASV_00809,0.5379310344827586,pos,Farm,IT2
ASV_00097,ASV_00815,0.5664335664335665,pos,Farm,IT2
ASV_00097,ASV_00821,0.4859154929577465,pos,Farm,IT2
ASV_00097,ASV_00848,0.5106382978723404,pos,Farm,IT2
ASV_00097,ASV_00891,0.5310344827586206,pos,Farm,IT2
ASV_00097,ASV_00912,0.4666666666666667,pos,Farm,IT2
ASV_00097,ASV_00952,0.5,pos,Farm,IT2
ASV_00097,ASV_00966,0.45588235294117646,pos,Farm,IT2
ASV_00097,ASV_01018,0.4748201438848921,pos,Farm,IT2
ASV_00097,ASV_01092,0.5352112676056338,pos,Farm,IT2
ASV_00097,ASV_01124,0.5035971223021583,pos,Farm,IT2
ASV_00097,ASV_01288,0.5035460992907801,pos,Farm,IT2
ASV_00097,ASV_01508,0.4930555555555556,pos,Farm,IT2
ASV_00098,ASV_00100,0.5140845070422535,pos,Farm,IT2
ASV_00098,ASV_00102,0.547945205479452,pos,Farm,IT2
ASV_00098,ASV_00104,0.49295774647887325,pos,Farm,IT2
ASV_00098,ASV_00105,0.528169014084507,pos,Farm,IT2
ASV_00098,ASV_00109,0.5172413793103449,pos,Farm,IT2
ASV_00098,ASV_00113,0.4859154929577465,pos,Farm,IT2
ASV_00098,ASV_00118,0.5492957746478874,pos,Farm,IT2
ASV_00098,ASV_00127,0.5755395683453237,pos,Farm,IT2
ASV_00098,ASV_00129,0.5140845070422535,pos,Farm,IT2
ASV_00098,ASV_00131,0.5177304964539007,pos,Farm,IT2
ASV_00098,ASV_00132,0.5289855072463768,pos,Farm,IT2
ASV_00098,ASV_00138,0.5140845070422535,pos,Farm,IT2
ASV_00098,ASV_00139,0.4676258992805755,pos,Farm,IT2
ASV_00098,ASV_00140,0.49295774647887325,pos,Farm,IT2
ASV_00098,ASV_00141,0.5035460992907801,pos,Farm,IT2
ASV_00098,ASV_00155,0.4859154929577465,pos,Farm,IT2
ASV_00098,ASV_00160,0.5070422535211268,pos,Farm,IT2
ASV_00098,ASV_00161,0.5136986301369864,pos,Farm,IT2
ASV_00098,ASV_00170,0.56,pos,Farm,IT2
ASV_00098,ASV_00172,0.5244755244755245,pos,Farm,IT2
ASV_00098,ASV_00173,0.5510204081632653,pos,Farm,IT2
ASV_00098,ASV_00176,0.4714285714285714,pos,Farm,IT2
ASV_00098,ASV_00184,0.5285714285714286,pos,Farm,IT2
ASV_00098,ASV_00189,0.5106382978723404,pos,Farm,IT2
ASV_00098,ASV_00195,0.5103448275862069,pos,Farm,IT2
ASV_00098,ASV_00199,0.4785714285714286,pos,Farm,IT2
ASV_00098,ASV_00200,0.49645390070921985,pos,Farm,IT2
ASV_00098,ASV_00202,0.4892086330935252,pos,Farm,IT2
ASV_00098,ASV_00205,0.5547945205479452,pos,Farm,IT2
ASV_00098,ASV_00208,0.4965034965034965,pos,Farm,IT2
ASV_00098,ASV_00212,0.5467625899280576,pos,Farm,IT2
ASV_00098,ASV_00218,0.5069444444444444,pos,Farm,IT2
ASV_00098,ASV_00221,0.5070422535211268,pos,Farm,IT2
ASV_00098,ASV_00231,0.524822695035461,pos,Farm,IT2
ASV_00098,ASV_00232,0.5310344827586206,pos,Farm,IT2
ASV_00098,ASV_00235,0.47101449275362317,pos,Farm,IT2
ASV_00098,ASV_00237,0.5342465753424658,pos,Farm,IT2
ASV_00098,ASV_00244,0.5174825174825175,pos,Farm,IT2
ASV_00098,ASV_00247,0.5357142857142857,pos,Farm,IT2
ASV_00098,ASV_00249,0.5357142857142857,pos,Farm,IT2
ASV_00098,ASV_00251,0.5492957746478874,pos,Farm,IT2
ASV_00098,ASV_00252,0.5357142857142857,pos,Farm,IT2
ASV_00098,ASV_00262,0.5454545454545454,pos,Farm,IT2
ASV_00098,ASV_00264,0.4859154929577465,pos,Farm,IT2
ASV_00098,ASV_00266,0.5172413793103449,pos,Farm,IT2
ASV_00098,ASV_00267,0.5,pos,Farm,IT2
ASV_00098,ASV_00273,0.5352112676056338,pos,Farm,IT2
ASV_00098,ASV_00283,0.5416666666666666,pos,Farm,IT2
ASV_00098,ASV_00284,0.5107913669064749,pos,Farm,IT2
ASV_00098,ASV_00285,0.5,pos,Farm,IT2
ASV_00098,ASV_00286,0.5069444444444444,pos,Farm,IT2
ASV_00098,ASV_00288,0.5273972602739726,pos,Farm,IT2
ASV_00098,ASV_00290,0.564625850340136,pos,Farm,IT2
ASV_00098,ASV_00292,0.5416666666666666,pos,Farm,IT2
ASV_00098,ASV_00295,0.5103448275862069,pos,Farm,IT2
ASV_00098,ASV_00300,0.5510204081632653,pos,Farm,IT2
ASV_00098,ASV_00304,0.5510204081632653,pos,Farm,IT2
ASV_00098,ASV_00305,0.5238095238095238,pos,Farm,IT2
ASV_00098,ASV_00307,0.49295774647887325,pos,Farm,IT2
ASV_00098,ASV_00312,0.5416666666666666,pos,Farm,IT2
ASV_00098,ASV_00318,0.5352112676056338,pos,Farm,IT2
ASV_00098,ASV_00320,0.5,pos,Farm,IT2
ASV_00098,ASV_00324,0.5034965034965035,pos,Farm,IT2
ASV_00098,ASV_00325,0.5069444444444444,pos,Farm,IT2
ASV_00098,ASV_00327,0.5323741007194245,pos,Farm,IT2
ASV_00098,ASV_00331,0.5466666666666666,pos,Farm,IT2
ASV_00098,ASV_00335,0.48201438848920863,pos,Farm,IT2
ASV_00098,ASV_00336,0.5104895104895105,pos,Farm,IT2
ASV_00098,ASV_00337,0.527027027027027,pos,Farm,IT2
ASV_00098,ASV_00339,0.48936170212765956,pos,Farm,IT2
ASV_00098,ASV_00343,0.5314685314685315,pos,Farm,IT2
ASV_00098,ASV_00347,0.5310344827586206,pos,Farm,IT2
ASV_00098,ASV_00353,0.4965034965034965,pos,Farm,IT2
ASV_00098,ASV_00354,0.5177304964539007,pos,Farm,IT2
ASV_00098,ASV_00355,0.5208333333333334,pos,Farm,IT2
ASV_00098,ASV_00356,0.5238095238095238,pos,Farm,IT2
ASV_00098,ASV_00373,0.49645390070921985,pos,Farm,IT2
ASV_00098,ASV_00377,0.48226950354609927,pos,Farm,IT2
ASV_00098,ASV_00378,0.5238095238095238,pos,Farm,IT2
ASV_00098,ASV_00391,0.48936170212765956,pos,Farm,IT2
ASV_00098,ASV_00395,0.49295774647887325,pos,Farm,IT2
ASV_00098,ASV_00398,0.5172413793103449,pos,Farm,IT2
ASV_00098,ASV_00402,0.4748201438848921,pos,Farm,IT2
ASV_00098,ASV_00407,0.5507246376811594,pos,Farm,IT2
ASV_00098,ASV_00409,0.4859154929577465,pos,Farm,IT2
ASV_00098,ASV_00416,0.5,pos,Farm,IT2
ASV_00098,ASV_00425,0.5251798561151079,pos,Farm,IT2
ASV_00098,ASV_00426,0.5533333333333333,pos,Farm,IT2
ASV_00098,ASV_00441,0.5661764705882353,pos,Farm,IT2
ASV_00098,ASV_00443,0.5474452554744526,pos,Farm,IT2
ASV_00098,ASV_00444,0.5069444444444444,pos,Farm,IT2
ASV_00098,ASV_00447,0.5205479452054794,pos,Farm,IT2
ASV_00098,ASV_00451,0.541095890410959,pos,Farm,IT2
ASV_00098,ASV_00452,0.5588235294117647,pos,Farm,IT2
ASV_00098,ASV_00455,0.5,pos,Farm,IT2
ASV_00098,ASV_00477,0.5314685314685315,pos,Farm,IT2
ASV_00098,ASV_00486,0.5337837837837838,pos,Farm,IT2
ASV_00098,ASV_00488,0.541095890410959,pos,Farm,IT2
ASV_00098,ASV_00490,0.5510204081632653,pos,Farm,IT2
ASV_00098,ASV_00493,0.5448275862068965,pos,Farm,IT2
ASV_00098,ASV_00494,0.5069444444444444,pos,Farm,IT2
ASV_00098,ASV_00504,0.5655172413793104,pos,Farm,IT2
ASV_00098,ASV_00512,0.527027027027027,pos,Farm,IT2
ASV_00098,ASV_00513,0.5,pos,Farm,IT2
ASV_00098,ASV_00521,0.5238095238095238,pos,Farm,IT2
ASV_00098,ASV_00529,0.5407407407407407,pos,Farm,IT2
ASV_00098,ASV_00534,0.5724137931034483,pos,Farm,IT2
ASV_00098,ASV_00536,0.5517241379310345,pos,Farm,IT2
ASV_00098,ASV_00542,0.5374149659863946,pos,Farm,IT2
ASV_00098,ASV_00544,0.524822695035461,pos,Farm,IT2
ASV_00098,ASV_00548,0.4857142857142857,pos,Farm,IT2
ASV_00098,ASV_00550,0.5205479452054794,pos,Farm,IT2
ASV_00098,ASV_00551,0.5422535211267606,pos,Farm,IT2
ASV_00098,ASV_00555,0.5384615384615384,pos,Farm,IT2
ASV_00098,ASV_00566,0.5428571428571428,pos,Farm,IT2
ASV_00098,ASV_00570,0.5107913669064749,pos,Farm,IT2
ASV_00098,ASV_00571,0.5384615384615384,pos,Farm,IT2
ASV_00098,ASV_00572,0.5369127516778524,pos,Farm,IT2
ASV_00098,ASV_00587,0.5,pos,Farm,IT2
ASV_00098,ASV_00594,0.5069444444444444,pos,Farm,IT2
ASV_00098,ASV_00613,0.48201438848920863,pos,Farm,IT2
ASV_00098,ASV_00615,0.48226950354609927,pos,Farm,IT2
ASV_00098,ASV_00620,0.5241379310344828,pos,Farm,IT2
ASV_00098,ASV_00622,0.48201438848920863,pos,Farm,IT2
ASV_00098,ASV_00628,0.5070422535211268,pos,Farm,IT2
ASV_00098,ASV_00641,0.5238095238095238,pos,Farm,IT2
ASV_00098,ASV_00643,0.5069444444444444,pos,Farm,IT2
ASV_00098,ASV_00651,0.5104895104895105,pos,Farm,IT2
ASV_00098,ASV_00656,0.5138888888888888,pos,Farm,IT2
ASV_00098,ASV_00662,0.5035460992907801,pos,Farm,IT2
ASV_00098,ASV_00665,0.4928571428571429,pos,Farm,IT2
ASV_00098,ASV_00676,0.541095890410959,pos,Farm,IT2
ASV_00098,ASV_00697,0.5555555555555556,pos,Farm,IT2
ASV_00098,ASV_00718,0.5144927536231884,pos,Farm,IT2
ASV_00098,ASV_00721,0.4857142857142857,pos,Farm,IT2
ASV_00098,ASV_00726,0.5277777777777778,pos,Farm,IT2
ASV_00098,ASV_00758,0.5755395683453237,pos,Farm,IT2
ASV_00098,ASV_00760,0.5238095238095238,pos,Farm,IT2
ASV_00098,ASV_00769,0.5104895104895105,pos,Farm,IT2
ASV_00098,ASV_00772,0.528169014084507,pos,Farm,IT2
ASV_00098,ASV_00806,0.5379310344827586,pos,Farm,IT2
ASV_00098,ASV_00807,0.5460992907801419,pos,Farm,IT2
ASV_00098,ASV_00808,0.5214285714285715,pos,Farm,IT2
ASV_00098,ASV_00842,0.5441176470588235,pos,Farm,IT2
ASV_00098,ASV_00873,0.5035971223021583,pos,Farm,IT2
ASV_00098,ASV_00880,0.5035460992907801,pos,Farm,IT2
ASV_00098,ASV_00890,0.5422535211267606,pos,Farm,IT2
ASV_00098,ASV_00891,0.564625850340136,pos,Farm,IT2
ASV_00098,ASV_00931,0.5214285714285715,pos,Farm,IT2
ASV_00098,ASV_00959,0.5069444444444444,pos,Farm,IT2
ASV_00098,ASV_01018,0.5,pos,Farm,IT2
ASV_00098,ASV_01023,0.5664335664335665,pos,Farm,IT2
ASV_00098,ASV_01048,0.5140845070422535,pos,Farm,IT2
ASV_00098,ASV_01087,0.5208333333333334,pos,Farm,IT2
ASV_00098,ASV_01253,0.5069444444444444,pos,Farm,IT2
ASV_00098,ASV_01417,0.5539568345323741,pos,Farm,IT2
ASV_00098,ASV_01426,0.5,pos,Farm,IT2
ASV_00098,ASV_01541,0.5208333333333334,pos,Farm,IT2
ASV_00098,ASV_01941,0.5384615384615384,pos,Farm,IT2
ASV_00098,ASV_02149,0.4859154929577465,pos,Farm,IT2
ASV_00099,ASV_00100,0.5205479452054794,pos,Farm,IT2
ASV_00099,ASV_00103,0.5472972972972973,pos,Farm,IT2
ASV_00099,ASV_00106,0.547945205479452,pos,Farm,IT2
ASV_00099,ASV_00109,0.54421768707483,pos,Farm,IT2
ASV_00099,ASV_00110,0.5578231292517006,pos,Farm,IT2
ASV_00099,ASV_00111,0.5106382978723404,pos,Farm,IT2
ASV_00099,ASV_00117,0.5034965034965035,pos,Farm,IT2
ASV_00099,ASV_00119,0.5273972602739726,pos,Farm,IT2
ASV_00099,ASV_00129,0.5416666666666666,pos,Farm,IT2
ASV_00099,ASV_00155,0.5797101449275363,pos,Farm,IT2
ASV_00099,ASV_00162,0.5594405594405595,pos,Farm,IT2
ASV_00099,ASV_00170,0.5855263157894737,pos,Farm,IT2
ASV_00099,ASV_00177,0.5460992907801419,pos,Farm,IT2
ASV_00099,ASV_00179,0.5761589403973509,pos,Farm,IT2
ASV_00099,ASV_00184,0.5563380281690141,pos,Farm,IT2
ASV_00099,ASV_00186,0.5306122448979592,pos,Farm,IT2
ASV_00099,ASV_00189,0.5714285714285714,pos,Farm,IT2
ASV_00099,ASV_00198,0.5310344827586206,pos,Farm,IT2
ASV_00099,ASV_00199,0.5177304964539007,pos,Farm,IT2
ASV_00099,ASV_00208,0.5136986301369864,pos,Farm,IT2
ASV_00099,ASV_00210,0.5533333333333333,pos,Farm,IT2
ASV_00099,ASV_00218,0.5448275862068965,pos,Farm,IT2
ASV_00099,ASV_00221,0.5241379310344828,pos,Farm,IT2
ASV_00099,ASV_00228,0.5174825174825175,pos,Farm,IT2
ASV_00099,ASV_00229,0.5273972602739726,pos,Farm,IT2
ASV_00099,ASV_00230,0.5337837837837838,pos,Farm,IT2
ASV_00099,ASV_00231,0.5205479452054794,pos,Farm,IT2
ASV_00099,ASV_00233,0.5531914893617021,pos,Farm,IT2
ASV_00099,ASV_00242,0.5401459854014599,pos,Farm,IT2
ASV_00099,ASV_00247,0.5524475524475524,pos,Farm,IT2
ASV_00099,ASV_00249,0.5205479452054794,pos,Farm,IT2
ASV_00099,ASV_00254,0.564625850340136,pos,Farm,IT2
ASV_00099,ASV_00263,0.5540540540540541,pos,Farm,IT2
ASV_00099,ASV_00267,0.5174825174825175,pos,Farm,IT2
ASV_00099,ASV_00272,0.5273972602739726,pos,Farm,IT2
ASV_00099,ASV_00290,0.5906040268456376,pos,Farm,IT2
ASV_00099,ASV_00292,0.5369127516778524,pos,Farm,IT2
ASV_00099,ASV_00299,0.5172413793103449,pos,Farm,IT2
ASV_00099,ASV_00300,0.5562913907284768,pos,Farm,IT2
ASV_00099,ASV_00303,0.524822695035461,pos,Farm,IT2
ASV_00099,ASV_00312,0.5684931506849316,pos,Farm,IT2
ASV_00099,ASV_00317,0.5310344827586206,pos,Farm,IT2
ASV_00099,ASV_00323,0.5448275862068965,pos,Farm,IT2
ASV_00099,ASV_00326,0.5208333333333334,pos,Farm,IT2
ASV_00099,ASV_00328,0.5337837837837838,pos,Farm,IT2
ASV_00099,ASV_00333,0.5337837837837838,pos,Farm,IT2
ASV_00099,ASV_00353,0.5136986301369864,pos,Farm,IT2
ASV_00099,ASV_00359,0.5140845070422535,pos,Farm,IT2
ASV_00099,ASV_00361,0.5472972972972973,pos,Farm,IT2
ASV_00099,ASV_00372,0.4930555555555556,pos,Farm,IT2
ASV_00099,ASV_00380,0.5642857142857143,pos,Farm,IT2
ASV_00099,ASV_00389,0.541095890410959,pos,Farm,IT2
ASV_00099,ASV_00395,0.5208333333333334,pos,Farm,IT2
ASV_00099,ASV_00406,0.5069444444444444,pos,Farm,IT2
ASV_00099,ASV_00407,0.5136986301369864,pos,Farm,IT2
ASV_00099,ASV_00410,0.5379310344827586,pos,Farm,IT2
ASV_00099,ASV_00425,0.5531914893617021,pos,Farm,IT2
ASV_00099,ASV_00426,0.6216216216216216,pos,Farm,IT2
ASV_00099,ASV_00441,0.5172413793103449,pos,Farm,IT2
ASV_00099,ASV_00444,0.5448275862068965,pos,Farm,IT2
ASV_00099,ASV_00447,0.5369127516778524,pos,Farm,IT2
ASV_00099,ASV_00467,0.5771812080536913,pos,Farm,IT2
ASV_00099,ASV_00482,0.6241610738255033,pos,Farm,IT2
ASV_00099,ASV_00485,0.54421768707483,pos,Farm,IT2
ASV_00099,ASV_00490,0.5666666666666667,pos,Farm,IT2
ASV_00099,ASV_00494,0.5238095238095238,pos,Farm,IT2
ASV_00099,ASV_00520,0.5655172413793104,pos,Farm,IT2
ASV_00099,ASV_00524,0.5244755244755245,pos,Farm,IT2
ASV_00099,ASV_00548,0.5034965034965035,pos,Farm,IT2
ASV_00099,ASV_00554,0.5337837837837838,pos,Farm,IT2
ASV_00099,ASV_00566,0.5379310344827586,pos,Farm,IT2
ASV_00099,ASV_00569,0.5103448275862069,pos,Farm,IT2
ASV_00099,ASV_00570,0.5069444444444444,pos,Farm,IT2
ASV_00099,ASV_00592,0.5342465753424658,pos,Farm,IT2
ASV_00099,ASV_00596,0.48951048951048953,pos,Farm,IT2
ASV_00099,ASV_00622,0.5,pos,Farm,IT2
ASV_00099,ASV_00628,0.5563380281690141,pos,Farm,IT2
ASV_00099,ASV_00643,0.5886524822695035,pos,Farm,IT2
ASV_00099,ASV_00662,0.5314685314685315,pos,Farm,IT2
ASV_00099,ASV_00666,0.5436241610738255,pos,Farm,IT2
ASV_00099,ASV_00671,0.5277777777777778,pos,Farm,IT2
ASV_00099,ASV_00757,0.5337837837837838,pos,Farm,IT2
ASV_00099,ASV_00772,0.5342465753424658,pos,Farm,IT2
ASV_00099,ASV_00789,0.5306122448979592,pos,Farm,IT2
ASV_00099,ASV_00801,0.5211267605633803,pos,Farm,IT2
ASV_00099,ASV_00808,0.5602836879432624,pos,Farm,IT2
ASV_00099,ASV_00811,0.5405405405405406,pos,Farm,IT2
ASV_00099,ASV_00815,0.6040268456375839,pos,Farm,IT2
ASV_00099,ASV_00817,0.5466666666666666,pos,Farm,IT2
ASV_00099,ASV_00822,0.5517241379310345,pos,Farm,IT2
ASV_00099,ASV_00842,0.5174825174825175,pos,Farm,IT2
ASV_00099,ASV_00845,0.4930555555555556,pos,Farm,IT2
ASV_00099,ASV_00865,0.5517241379310345,pos,Farm,IT2
ASV_00099,ASV_00906,0.5666666666666667,pos,Farm,IT2
ASV_00099,ASV_00924,0.49295774647887325,pos,Farm,IT2
ASV_00099,ASV_00931,0.5602836879432624,pos,Farm,IT2
ASV_00099,ASV_01018,0.5384615384615384,pos,Farm,IT2
ASV_00099,ASV_01071,0.5241379310344828,pos,Farm,IT2
ASV_00099,ASV_01090,0.5436241610738255,pos,Farm,IT2
ASV_00099,ASV_01092,0.5743243243243243,pos,Farm,IT2
ASV_00099,ASV_01153,0.5422535211267606,pos,Farm,IT2
ASV_00099,ASV_01204,0.5503355704697986,pos,Farm,IT2
ASV_00099,ASV_01249,0.5172413793103449,pos,Farm,IT2
ASV_00099,ASV_01288,0.5337837837837838,pos,Farm,IT2
ASV_00099,ASV_01459,0.5136986301369864,pos,Farm,IT2
ASV_00099,ASV_01941,0.54421768707483,pos,Farm,IT2
ASV_00100,ASV_00104,0.4859154929577465,pos,Farm,IT2
ASV_00100,ASV_00110,0.5136986301369864,pos,Farm,IT2
ASV_00100,ASV_00111,0.4855072463768116,pos,Farm,IT2
ASV_00100,ASV_00116,0.5070422535211268,pos,Farm,IT2
ASV_00100,ASV_00123,0.48905109489051096,pos,Farm,IT2
ASV_00100,ASV_00132,0.48936170212765956,pos,Farm,IT2
ASV_00100,ASV_00150,0.48936170212765956,pos,Farm,IT2
ASV_00100,ASV_00151,0.48936170212765956,pos,Farm,IT2
ASV_00100,ASV_00155,0.48936170212765956,pos,Farm,IT2
ASV_00100,ASV_00162,0.5140845070422535,pos,Farm,IT2
ASV_00100,ASV_00173,0.5655172413793104,pos,Farm,IT2
ASV_00100,ASV_00176,0.5073529411764706,pos,Farm,IT2
ASV_00100,ASV_00182,0.5241379310344828,pos,Farm,IT2
ASV_00100,ASV_00185,0.5177304964539007,pos,Farm,IT2
ASV_00100,ASV_00189,0.5035460992907801,pos,Farm,IT2
ASV_00100,ASV_00192,0.5034965034965035,pos,Farm,IT2
ASV_00100,ASV_00203,0.5104895104895105,pos,Farm,IT2
ASV_00100,ASV_00205,0.547945205479452,pos,Farm,IT2
ASV_00100,ASV_00216,0.5,pos,Farm,IT2
ASV_00100,ASV_00218,0.5,pos,Farm,IT2
ASV_00100,ASV_00219,0.5306122448979592,pos,Farm,IT2
ASV_00100,ASV_00235,0.4744525547445255,pos,Farm,IT2
ASV_00100,ASV_00244,0.5211267605633803,pos,Farm,IT2
ASV_00100,ASV_00246,0.5172413793103449,pos,Farm,IT2
ASV_00100,ASV_00250,0.5208333333333334,pos,Farm,IT2
ASV_00100,ASV_00252,0.5177304964539007,pos,Farm,IT2
ASV_00100,ASV_00262,0.5384615384615384,pos,Farm,IT2
ASV_00100,ASV_00265,0.4859154929577465,pos,Farm,IT2
ASV_00100,ASV_00266,0.5314685314685315,pos,Farm,IT2
ASV_00100,ASV_00267,0.48226950354609927,pos,Farm,IT2
ASV_00100,ASV_00269,0.5637583892617449,pos,Farm,IT2
ASV_00100,ASV_00270,0.5369127516778524,pos,Farm,IT2
ASV_00100,ASV_00279,0.4892086330935252,pos,Farm,IT2
ASV_00100,ASV_00290,0.5578231292517006,pos,Farm,IT2
ASV_00100,ASV_00293,0.5405405405405406,pos,Farm,IT2
ASV_00100,ASV_00304,0.5337837837837838,pos,Farm,IT2
ASV_00100,ASV_00315,0.4892086330935252,pos,Farm,IT2
ASV_00100,ASV_00318,0.5390070921985816,pos,Farm,IT2
ASV_00100,ASV_00325,0.5,pos,Farm,IT2
ASV_00100,ASV_00326,0.5071428571428571,pos,Farm,IT2
ASV_00100,ASV_00327,0.5588235294117647,pos,Farm,IT2
ASV_00100,ASV_00328,0.5103448275862069,pos,Farm,IT2
ASV_00100,ASV_00346,0.49295774647887325,pos,Farm,IT2
ASV_00100,ASV_00347,0.5136986301369864,pos,Farm,IT2
ASV_00100,ASV_00361,0.5136986301369864,pos,Farm,IT2
ASV_00100,ASV_00400,0.5172413793103449,pos,Farm,IT2
ASV_00100,ASV_00406,0.5367647058823529,pos,Farm,IT2
ASV_00100,ASV_00407,0.5,pos,Farm,IT2
ASV_00100,ASV_00425,0.4859154929577465,pos,Farm,IT2
ASV_00100,ASV_00443,0.4859154929577465,pos,Farm,IT2
ASV_00100,ASV_00458,0.48226950354609927,pos,Farm,IT2
ASV_00100,ASV_00477,0.5352112676056338,pos,Farm,IT2
ASV_00100,ASV_00485,0.5208333333333334,pos,Farm,IT2
ASV_00100,ASV_00488,0.5342465753424658,pos,Farm,IT2
ASV_00100,ASV_00513,0.5140845070422535,pos,Farm,IT2
ASV_00100,ASV_00514,0.5608108108108109,pos,Farm,IT2
ASV_00100,ASV_00528,0.49295774647887325,pos,Farm,IT2
ASV_00100,ASV_00530,0.5104895104895105,pos,Farm,IT2
ASV_00100,ASV_00533,0.4965034965034965,pos,Farm,IT2
ASV_00100,ASV_00536,0.5555555555555556,pos,Farm,IT2
ASV_00100,ASV_00544,0.4965034965034965,pos,Farm,IT2
ASV_00100,ASV_00550,0.5347222222222222,pos,Farm,IT2
ASV_00100,ASV_00554,0.5208333333333334,pos,Farm,IT2
ASV_00100,ASV_00563,0.5103448275862069,pos,Farm,IT2
ASV_00100,ASV_00570,0.4928571428571429,pos,Farm,IT2
ASV_00100,ASV_00581,0.4855072463768116,pos,Farm,IT2
ASV_00100,ASV_00587,0.5035460992907801,pos,Farm,IT2
ASV_00100,ASV_00594,0.5,pos,Farm,IT2
ASV_00100,ASV_00613,0.4748201438848921,pos,Farm,IT2
ASV_00100,ASV_00618,0.5034965034965035,pos,Farm,IT2
ASV_00100,ASV_00620,0.5277777777777778,pos,Farm,IT2
ASV_00100,ASV_00636,0.5436241610738255,pos,Farm,IT2
ASV_00100,ASV_00651,0.524822695035461,pos,Farm,IT2
ASV_00100,ASV_00662,0.5071428571428571,pos,Farm,IT2
ASV_00100,ASV_00721,0.5109489051094891,pos,Farm,IT2
ASV_00100,ASV_00772,0.5319148936170213,pos,Farm,IT2
ASV_00100,ASV_00808,0.5703703703703704,pos,Farm,IT2
ASV_00100,ASV_00815,0.5608108108108109,pos,Farm,IT2
ASV_00100,ASV_00845,0.4892086330935252,pos,Farm,IT2
ASV_00100,ASV_00875,0.541095890410959,pos,Farm,IT2
ASV_00100,ASV_00880,0.4859154929577465,pos,Farm,IT2
ASV_00100,ASV_00909,0.5251798561151079,pos,Farm,IT2
ASV_00100,ASV_00952,0.5514705882352942,pos,Farm,IT2
ASV_00100,ASV_01101,0.5103448275862069,pos,Farm,IT2
ASV_00100,ASV_01267,0.4965034965034965,pos,Farm,IT2
ASV_00100,ASV_01328,0.5,pos,Farm,IT2
ASV_00100,ASV_01342,0.5547945205479452,pos,Farm,IT2
ASV_00100,ASV_01459,0.5214285714285715,pos,Farm,IT2
ASV_00100,ASV_01491,0.524822695035461,pos,Farm,IT2
ASV_00100,ASV_01503,0.5138888888888888,pos,Farm,IT2
ASV_00100,ASV_01578,0.5069444444444444,pos,Farm,IT2
ASV_00100,ASV_02332,0.5136986301369864,pos,Farm,IT2
ASV_00101,ASV_00108,0.5271317829457365,pos,Farm,IT2
ASV_00101,ASV_00118,0.5174825174825175,pos,Farm,IT2
ASV_00101,ASV_00127,0.5211267605633803,pos,Farm,IT2
ASV_00101,ASV_00132,0.4857142857142857,pos,Farm,IT2
ASV_00101,ASV_00136,0.5104895104895105,pos,Farm,IT2
ASV_00101,ASV_00140,0.4928571428571429,pos,Farm,IT2
ASV_00101,ASV_00141,0.5367647058823529,pos,Farm,IT2
ASV_00101,ASV_00156,0.5241379310344828,pos,Farm,IT2
ASV_00101,ASV_00163,0.4857142857142857,pos,Farm,IT2
ASV_00101,ASV_00164,0.4928571428571429,pos,Farm,IT2
ASV_00101,ASV_00171,0.5352112676056338,pos,Farm,IT2
ASV_00101,ASV_00172,0.5140845070422535,pos,Farm,IT2
ASV_00101,ASV_00176,0.49264705882352944,pos,Farm,IT2
ASV_00101,ASV_00198,0.5142857142857142,pos,Farm,IT2
ASV_00101,ASV_00205,0.5238095238095238,pos,Farm,IT2
ASV_00101,ASV_00213,0.5486111111111112,pos,Farm,IT2
ASV_00101,ASV_00218,0.5285714285714286,pos,Farm,IT2
ASV_00101,ASV_00232,0.5208333333333334,pos,Farm,IT2
ASV_00101,ASV_00237,0.5136986301369864,pos,Farm,IT2
ASV_00101,ASV_00238,0.5,pos,Farm,IT2
ASV_00101,ASV_00244,0.5177304964539007,pos,Farm,IT2
ASV_00101,ASV_00247,0.5035460992907801,pos,Farm,IT2
ASV_00101,ASV_00249,0.49295774647887325,pos,Farm,IT2
ASV_00101,ASV_00252,0.49295774647887325,pos,Farm,IT2
ASV_00101,ASV_00257,0.5069444444444444,pos,Farm,IT2
ASV_00101,ASV_00265,0.48226950354609927,pos,Farm,IT2
ASV_00101,ASV_00274,0.5306122448979592,pos,Farm,IT2
ASV_00101,ASV_00278,0.5352112676056338,pos,Farm,IT2
ASV_00101,ASV_00286,0.5070422535211268,pos,Farm,IT2
ASV_00101,ASV_00287,0.48936170212765956,pos,Farm,IT2
ASV_00101,ASV_00292,0.5314685314685315,pos,Farm,IT2
ASV_00101,ASV_00293,0.547945205479452,pos,Farm,IT2
ASV_00101,ASV_00294,0.5069444444444444,pos,Farm,IT2
ASV_00101,ASV_00296,0.4855072463768116,pos,Farm,IT2
ASV_00101,ASV_00305,0.5563380281690141,pos,Farm,IT2
ASV_00101,ASV_00312,0.5103448275862069,pos,Farm,IT2
ASV_00101,ASV_00320,0.5,pos,Farm,IT2
ASV_00101,ASV_00328,0.5174825174825175,pos,Farm,IT2
ASV_00101,ASV_00335,0.5378787878787878,pos,Farm,IT2
ASV_00101,ASV_00336,0.5106382978723404,pos,Farm,IT2
ASV_00101,ASV_00337,0.5273972602739726,pos,Farm,IT2
ASV_00101,ASV_00347,0.5314685314685315,pos,Farm,IT2
ASV_00101,ASV_00352,0.49645390070921985,pos,Farm,IT2
ASV_00101,ASV_00354,0.5071428571428571,pos,Farm,IT2
ASV_00101,ASV_00382,0.5244755244755245,pos,Farm,IT2
ASV_00101,ASV_00407,0.5179856115107914,pos,Farm,IT2
ASV_00101,ASV_00425,0.48226950354609927,pos,Farm,IT2
ASV_00101,ASV_00437,0.5069444444444444,pos,Farm,IT2
ASV_00101,ASV_00455,0.5,pos,Farm,IT2
ASV_00101,ASV_00493,0.5241379310344828,pos,Farm,IT2
ASV_00101,ASV_00501,0.5579710144927537,pos,Farm,IT2
ASV_00101,ASV_00504,0.5555555555555556,pos,Farm,IT2
ASV_00101,ASV_00511,0.48905109489051096,pos,Farm,IT2
ASV_00101,ASV_00513,0.5,pos,Farm,IT2
ASV_00101,ASV_00541,0.5106382978723404,pos,Farm,IT2
ASV_00101,ASV_00550,0.5314685314685315,pos,Farm,IT2
ASV_00101,ASV_00576,0.5251798561151079,pos,Farm,IT2
ASV_00101,ASV_00612,0.5244755244755245,pos,Farm,IT2
ASV_00101,ASV_00622,0.48175182481751827,pos,Farm,IT2
ASV_00101,ASV_00671,0.5,pos,Farm,IT2
ASV_00101,ASV_00714,0.4748201438848921,pos,Farm,IT2
ASV_00101,ASV_00755,0.5170068027210885,pos,Farm,IT2
ASV_00101,ASV_00760,0.5136986301369864,pos,Farm,IT2
ASV_00101,ASV_00772,0.5285714285714286,pos,Farm,IT2
ASV_00101,ASV_00789,0.5034965034965035,pos,Farm,IT2
ASV_00101,ASV_00806,0.5602836879432624,pos,Farm,IT2
ASV_00101,ASV_00807,0.5357142857142857,pos,Farm,IT2
ASV_00101,ASV_00821,0.5319148936170213,pos,Farm,IT2
ASV_00101,ASV_00845,0.5073529411764706,pos,Farm,IT2
ASV_00101,ASV_00865,0.5140845070422535,pos,Farm,IT2
ASV_00101,ASV_00873,0.48201438848920863,pos,Farm,IT2
ASV_00101,ASV_00935,0.5070422535211268,pos,Farm,IT2
ASV_00101,ASV_00984,0.5034965034965035,pos,Farm,IT2
ASV_00101,ASV_01065,0.4785714285714286,pos,Farm,IT2
ASV_00101,ASV_01071,0.49645390070921985,pos,Farm,IT2
ASV_00101,ASV_01253,0.5177304964539007,pos,Farm,IT2
ASV_00101,ASV_01426,0.4785714285714286,pos,Farm,IT2
ASV_00101,ASV_01941,0.5174825174825175,pos,Farm,IT2
ASV_00102,ASV_00112,0.547945205479452,pos,Farm,IT2
ASV_00102,ASV_00117,0.5138888888888888,pos,Farm,IT2
ASV_00102,ASV_00125,0.5277777777777778,pos,Farm,IT2
ASV_00102,ASV_00129,0.5517241379310345,pos,Farm,IT2
ASV_00102,ASV_00132,0.5241379310344828,pos,Farm,IT2
ASV_00102,ASV_00133,0.5238095238095238,pos,Farm,IT2
ASV_00102,ASV_00144,0.5273972602739726,pos,Farm,IT2
ASV_00102,ASV_00145,0.5374149659863946,pos,Farm,IT2
ASV_00102,ASV_00159,0.5472972972972973,pos,Farm,IT2
ASV_00102,ASV_00165,0.5103448275862069,pos,Farm,IT2
ASV_00102,ASV_00169,0.5472972972972973,pos,Farm,IT2
ASV_00102,ASV_00173,0.5657894736842105,pos,Farm,IT2
ASV_00102,ASV_00176,0.5,pos,Farm,IT2
ASV_00102,ASV_00185,0.5306122448979592,pos,Farm,IT2
ASV_00102,ASV_00189,0.5170068027210885,pos,Farm,IT2
ASV_00102,ASV_00192,0.5374149659863946,pos,Farm,IT2
ASV_00102,ASV_00206,0.5138888888888888,pos,Farm,IT2
ASV_00102,ASV_00213,0.5629139072847682,pos,Farm,IT2
ASV_00102,ASV_00218,0.5337837837837838,pos,Farm,IT2
ASV_00102,ASV_00229,0.527027027027027,pos,Farm,IT2
ASV_00102,ASV_00232,0.5466666666666666,pos,Farm,IT2
ASV_00102,ASV_00237,0.5704697986577181,pos,Farm,IT2
ASV_00102,ASV_00244,0.5337837837837838,pos,Farm,IT2
ASV_00102,ASV_00250,0.5436241610738255,pos,Farm,IT2
ASV_00102,ASV_00259,0.5,pos,Farm,IT2
ASV_00102,ASV_00262,0.6153846153846154,pos,Farm,IT2
ASV_00102,ASV_00266,0.5540540540540541,pos,Farm,IT2
ASV_00102,ASV_00274,0.5657894736842105,pos,Farm,IT2
ASV_00102,ASV_00284,0.5277777777777778,pos,Farm,IT2
ASV_00102,ASV_00285,0.5815602836879432,pos,Farm,IT2
ASV_00102,ASV_00286,0.5337837837837838,pos,Farm,IT2
ASV_00102,ASV_00292,0.5675675675675675,pos,Farm,IT2
ASV_00102,ASV_00296,0.5460992907801419,pos,Farm,IT2
ASV_00102,ASV_00300,0.5866666666666667,pos,Farm,IT2
ASV_00102,ASV_00304,0.5657894736842105,pos,Farm,IT2
ASV_00102,ASV_00307,0.574468085106383,pos,Farm,IT2
ASV_00102,ASV_00309,0.5436241610738255,pos,Farm,IT2
ASV_00102,ASV_00320,0.5172413793103449,pos,Farm,IT2
ASV_00102,ASV_00330,0.5273972602739726,pos,Farm,IT2
ASV_00102,ASV_00334,0.5503355704697986,pos,Farm,IT2
ASV_00102,ASV_00340,0.5503355704697986,pos,Farm,IT2
ASV_00102,ASV_00345,0.589041095890411,pos,Farm,IT2
ASV_00102,ASV_00347,0.5466666666666666,pos,Farm,IT2
ASV_00102,ASV_00353,0.5238095238095238,pos,Farm,IT2
ASV_00102,ASV_00361,0.5570469798657718,pos,Farm,IT2
ASV_00102,ASV_00377,0.5208333333333334,pos,Farm,IT2
ASV_00102,ASV_00400,0.5503355704697986,pos,Farm,IT2
ASV_00102,ASV_00407,0.5448275862068965,pos,Farm,IT2
ASV_00102,ASV_00421,0.5540540540540541,pos,Farm,IT2
ASV_00102,ASV_00425,0.5416666666666666,pos,Farm,IT2
ASV_00102,ASV_00426,0.5986842105263158,pos,Farm,IT2
ASV_00102,ASV_00438,0.527027027027027,pos,Farm,IT2
ASV_00102,ASV_00445,0.527027027027027,pos,Farm,IT2
ASV_00102,ASV_00450,0.5369127516778524,pos,Farm,IT2
ASV_00102,ASV_00452,0.5416666666666666,pos,Farm,IT2
ASV_00102,ASV_00455,0.5170068027210885,pos,Farm,IT2
ASV_00102,ASV_00463,0.5608108108108109,pos,Farm,IT2
ASV_00102,ASV_00464,0.5570469798657718,pos,Farm,IT2
ASV_00102,ASV_00467,0.5657894736842105,pos,Farm,IT2
ASV_00102,ASV_00468,0.4647887323943662,pos,Farm,IT2
ASV_00102,ASV_00504,0.5695364238410596,pos,Farm,IT2
ASV_00102,ASV_00508,0.5170068027210885,pos,Farm,IT2
ASV_00102,ASV_00518,0.5838926174496645,pos,Farm,IT2
ASV_00102,ASV_00533,0.541095890410959,pos,Farm,IT2
ASV_00102,ASV_00541,0.547945205479452,pos,Farm,IT2
ASV_00102,ASV_00554,0.5540540540540541,pos,Farm,IT2
ASV_00102,ASV_00566,0.527027027027027,pos,Farm,IT2
ASV_00102,ASV_00571,0.564625850340136,pos,Farm,IT2
ASV_00102,ASV_00596,0.5428571428571428,pos,Farm,IT2
ASV_00102,ASV_00620,0.5503355704697986,pos,Farm,IT2
ASV_00102,ASV_00628,0.5555555555555556,pos,Farm,IT2
ASV_00102,ASV_00643,0.54421768707483,pos,Farm,IT2
ASV_00102,ASV_00668,0.5273972602739726,pos,Farm,IT2
ASV_00102,ASV_00686,0.5510204081632653,pos,Farm,IT2
ASV_00102,ASV_00721,0.503448275862069,pos,Farm,IT2
ASV_00102,ASV_00726,0.564625850340136,pos,Farm,IT2
ASV_00102,ASV_00760,0.56,pos,Farm,IT2
ASV_00102,ASV_00772,0.5337837837837838,pos,Farm,IT2
ASV_00102,ASV_00806,0.5637583892617449,pos,Farm,IT2
ASV_00102,ASV_00807,0.5510204081632653,pos,Farm,IT2
ASV_00102,ASV_00842,0.5068493150684932,pos,Farm,IT2
ASV_00102,ASV_00843,0.5503355704697986,pos,Farm,IT2
ASV_00102,ASV_00891,0.5894039735099338,pos,Farm,IT2
ASV_00102,ASV_00952,0.5205479452054794,pos,Farm,IT2
ASV_00102,ASV_00984,0.5510204081632653,pos,Farm,IT2
ASV_00102,ASV_00987,0.5379310344827586,pos,Farm,IT2
ASV_00102,ASV_01087,0.5578231292517006,pos,Farm,IT2
ASV_00102,ASV_01090,0.5533333333333333,pos,Farm,IT2
ASV_00102,ASV_01368,0.54421768707483,pos,Farm,IT2
ASV_00102,ASV_01385,0.5517241379310345,pos,Farm,IT2
ASV_00102,ASV_01941,0.5436241610738255,pos,Farm,IT2
ASV_00103,ASV_00105,0.5594405594405595,pos,Farm,IT2
ASV_00103,ASV_00109,0.547945205479452,pos,Farm,IT2
ASV_00103,ASV_00110,0.5405405405405406,pos,Farm,IT2
ASV_00103,ASV_00118,0.5694444444444444,pos,Farm,IT2
ASV_00103,ASV_00129,0.5563380281690141,pos,Farm,IT2
ASV_00103,ASV_00130,0.5448275862068965,pos,Farm,IT2
ASV_00103,ASV_00131,0.5384615384615384,pos,Farm,IT2
ASV_00103,ASV_00133,0.5172413793103449,pos,Farm,IT2
ASV_00103,ASV_00137,0.5314685314685315,pos,Farm,IT2
ASV_00103,ASV_00138,0.5454545454545454,pos,Farm,IT2
ASV_00103,ASV_00140,0.503448275862069,pos,Farm,IT2
ASV_00103,ASV_00147,0.5208333333333334,pos,Farm,IT2
ASV_00103,ASV_00148,0.5782312925170068,pos,Farm,IT2
ASV_00103,ASV_00150,0.5069444444444444,pos,Farm,IT2
ASV_00103,ASV_00151,0.55,pos,Farm,IT2
ASV_00103,ASV_00156,0.5862068965517241,pos,Farm,IT2
ASV_00103,ASV_00163,0.5069444444444444,pos,Farm,IT2
ASV_00103,ASV_00165,0.5034965034965035,pos,Farm,IT2
ASV_00103,ASV_00172,0.5342465753424658,pos,Farm,IT2
ASV_00103,ASV_00176,0.5035460992907801,pos,Farm,IT2
ASV_00103,ASV_00179,0.58,pos,Farm,IT2
ASV_00103,ASV_00182,0.5405405405405406,pos,Farm,IT2
ASV_00103,ASV_00186,0.5555555555555556,pos,Farm,IT2
ASV_00103,ASV_00187,0.5310344827586206,pos,Farm,IT2
ASV_00103,ASV_00188,0.5510204081632653,pos,Farm,IT2
ASV_00103,ASV_00195,0.541095890410959,pos,Farm,IT2
ASV_00103,ASV_00196,0.5357142857142857,pos,Farm,IT2
ASV_00103,ASV_00198,0.5454545454545454,pos,Farm,IT2
ASV_00103,ASV_00199,0.5214285714285715,pos,Farm,IT2
ASV_00103,ASV_00200,0.5069444444444444,pos,Farm,IT2
ASV_00103,ASV_00203,0.5273972602739726,pos,Farm,IT2
ASV_00103,ASV_00208,0.5492957746478874,pos,Farm,IT2
ASV_00103,ASV_00219,0.5466666666666666,pos,Farm,IT2
ASV_00103,ASV_00221,0.5277777777777778,pos,Farm,IT2
ASV_00103,ASV_00227,0.5379310344827586,pos,Farm,IT2
ASV_00103,ASV_00229,0.5205479452054794,pos,Farm,IT2
ASV_00103,ASV_00231,0.5454545454545454,pos,Farm,IT2
ASV_00103,ASV_00233,0.5244755244755245,pos,Farm,IT2
ASV_00103,ASV_00235,0.48226950354609927,pos,Farm,IT2
ASV_00103,ASV_00239,0.5277777777777778,pos,Farm,IT2
ASV_00103,ASV_00242,0.48936170212765956,pos,Farm,IT2
ASV_00103,ASV_00254,0.5578231292517006,pos,Farm,IT2
ASV_00103,ASV_00259,0.5035971223021583,pos,Farm,IT2
ASV_00103,ASV_00263,0.5793103448275863,pos,Farm,IT2
ASV_00103,ASV_00264,0.5069444444444444,pos,Farm,IT2
ASV_00103,ASV_00266,0.547945205479452,pos,Farm,IT2
ASV_00103,ASV_00269,0.6,pos,Farm,IT2
ASV_00103,ASV_00273,0.5238095238095238,pos,Farm,IT2
ASV_00103,ASV_00274,0.56,pos,Farm,IT2
ASV_00103,ASV_00275,0.5466666666666666,pos,Farm,IT2
ASV_00103,ASV_00284,0.5539568345323741,pos,Farm,IT2
ASV_00103,ASV_00286,0.5379310344827586,pos,Farm,IT2
ASV_00103,ASV_00292,0.5724137931034483,pos,Farm,IT2
ASV_00103,ASV_00293,0.5562913907284768,pos,Farm,IT2
ASV_00103,ASV_00294,0.5586206896551724,pos,Farm,IT2
ASV_00103,ASV_00295,0.5734265734265734,pos,Farm,IT2
ASV_00103,ASV_00299,0.5103448275862069,pos,Farm,IT2
ASV_00103,ASV_00300,0.56,pos,Farm,IT2
ASV_00103,ASV_00303,0.4965034965034965,pos,Farm,IT2
ASV_00103,ASV_00305,0.5753424657534246,pos,Farm,IT2
ASV_00103,ASV_00312,0.5405405405405406,pos,Farm,IT2
ASV_00103,ASV_00313,0.5625,pos,Farm,IT2
ASV_00103,ASV_00315,0.5735294117647058,pos,Farm,IT2
ASV_00103,ASV_00317,0.5454545454545454,pos,Farm,IT2
ASV_00103,ASV_00320,0.5,pos,Farm,IT2
ASV_00103,ASV_00324,0.5136986301369864,pos,Farm,IT2
ASV_00103,ASV_00327,0.5314685314685315,pos,Farm,IT2
ASV_00103,ASV_00332,0.5492957746478874,pos,Farm,IT2
ASV_00103,ASV_00334,0.5337837837837838,pos,Farm,IT2
ASV_00103,ASV_00336,0.5857142857142857,pos,Farm,IT2
ASV_00103,ASV_00342,0.5310344827586206,pos,Farm,IT2
ASV_00103,ASV_00346,0.5642857142857143,pos,Farm,IT2
ASV_00103,ASV_00347,0.5405405405405406,pos,Farm,IT2
ASV_00103,ASV_00350,0.5255474452554745,pos,Farm,IT2
ASV_00103,ASV_00352,0.5384615384615384,pos,Farm,IT2
ASV_00103,ASV_00377,0.5140845070422535,pos,Farm,IT2
ASV_00103,ASV_00382,0.5337837837837838,pos,Farm,IT2
ASV_00103,ASV_00389,0.5238095238095238,pos,Farm,IT2
ASV_00103,ASV_00390,0.5533333333333333,pos,Farm,IT2
ASV_00103,ASV_00391,0.5104895104895105,pos,Farm,IT2
ASV_00103,ASV_00393,0.5035460992907801,pos,Farm,IT2
ASV_00103,ASV_00402,0.49645390070921985,pos,Farm,IT2
ASV_00103,ASV_00403,0.5763888888888888,pos,Farm,IT2
ASV_00103,ASV_00407,0.5277777777777778,pos,Farm,IT2
ASV_00103,ASV_00409,0.5069444444444444,pos,Farm,IT2
ASV_00103,ASV_00410,0.5205479452054794,pos,Farm,IT2
ASV_00103,ASV_00412,0.5104895104895105,pos,Farm,IT2
ASV_00103,ASV_00416,0.5205479452054794,pos,Farm,IT2
ASV_00103,ASV_00421,0.5694444444444444,pos,Farm,IT2
ASV_00103,ASV_00425,0.5138888888888888,pos,Farm,IT2
ASV_00103,ASV_00452,0.5138888888888888,pos,Farm,IT2
ASV_00103,ASV_00463,0.5655172413793104,pos,Farm,IT2
ASV_00103,ASV_00465,0.5205479452054794,pos,Farm,IT2
ASV_00103,ASV_00468,0.5,pos,Farm,IT2
ASV_00103,ASV_00471,0.5238095238095238,pos,Farm,IT2
ASV_00103,ASV_00477,0.5306122448979592,pos,Farm,IT2
ASV_00103,ASV_00490,0.56,pos,Farm,IT2
ASV_00103,ASV_00494,0.5273972602739726,pos,Farm,IT2
ASV_00103,ASV_00501,0.5555555555555556,pos,Farm,IT2
ASV_00103,ASV_00507,0.5273972602739726,pos,Farm,IT2
ASV_00103,ASV_00513,0.5310344827586206,pos,Farm,IT2
ASV_00103,ASV_00514,0.5761589403973509,pos,Farm,IT2
ASV_00103,ASV_00518,0.589041095890411,pos,Farm,IT2
ASV_00103,ASV_00520,0.5374149659863946,pos,Farm,IT2
ASV_00103,ASV_00524,0.528169014084507,pos,Farm,IT2
ASV_00103,ASV_00533,0.5241379310344828,pos,Farm,IT2
ASV_00103,ASV_00534,0.581081081081081,pos,Farm,IT2
ASV_00103,ASV_00536,0.5503355704697986,pos,Farm,IT2
ASV_00103,ASV_00544,0.5347222222222222,pos,Farm,IT2
ASV_00103,ASV_00548,0.5070422535211268,pos,Farm,IT2
ASV_00103,ASV_00559,0.5454545454545454,pos,Farm,IT2
ASV_00103,ASV_00563,0.5374149659863946,pos,Farm,IT2
ASV_00103,ASV_00566,0.5416666666666666,pos,Farm,IT2
ASV_00103,ASV_00572,0.5771812080536913,pos,Farm,IT2
ASV_00103,ASV_00581,0.49295774647887325,pos,Farm,IT2
ASV_00103,ASV_00587,0.5422535211267606,pos,Farm,IT2
ASV_00103,ASV_00592,0.5273972602739726,pos,Farm,IT2
ASV_00103,ASV_00595,0.5103448275862069,pos,Farm,IT2
ASV_00103,ASV_00611,0.5374149659863946,pos,Farm,IT2
ASV_00103,ASV_00615,0.5140845070422535,pos,Farm,IT2
ASV_00103,ASV_00618,0.5416666666666666,pos,Farm,IT2
ASV_00103,ASV_00620,0.5547945205479452,pos,Farm,IT2
ASV_00103,ASV_00628,0.5277777777777778,pos,Farm,IT2
ASV_00103,ASV_00636,0.5695364238410596,pos,Farm,IT2
ASV_00103,ASV_00643,0.5273972602739726,pos,Farm,IT2
ASV_00103,ASV_00645,0.5034965034965035,pos,Farm,IT2
ASV_00103,ASV_00651,0.5310344827586206,pos,Farm,IT2
ASV_00103,ASV_00656,0.5555555555555556,pos,Farm,IT2
ASV_00103,ASV_00662,0.5138888888888888,pos,Farm,IT2
ASV_00103,ASV_00666,0.5472972972972973,pos,Farm,IT2
ASV_00103,ASV_00671,0.5314685314685315,pos,Farm,IT2
ASV_00103,ASV_00673,0.5533333333333333,pos,Farm,IT2
ASV_00103,ASV_00679,0.5655172413793104,pos,Farm,IT2
ASV_00103,ASV_00686,0.5238095238095238,pos,Farm,IT2
ASV_00103,ASV_00687,0.5205479452054794,pos,Farm,IT2
ASV_00103,ASV_00709,0.5633802816901409,pos,Farm,IT2
ASV_00103,ASV_00718,0.524822695035461,pos,Farm,IT2
ASV_00103,ASV_00734,0.547945205479452,pos,Farm,IT2
ASV_00103,ASV_00772,0.5704225352112676,pos,Farm,IT2
ASV_00103,ASV_00778,0.4788732394366197,pos,Farm,IT2
ASV_00103,ASV_00789,0.5238095238095238,pos,Farm,IT2
ASV_00103,ASV_00793,0.5103448275862069,pos,Farm,IT2
ASV_00103,ASV_00801,0.524822695035461,pos,Farm,IT2
ASV_00103,ASV_00807,0.5774647887323944,pos,Farm,IT2
ASV_00103,ASV_00809,0.6013513513513513,pos,Farm,IT2
ASV_00103,ASV_00811,0.54421768707483,pos,Farm,IT2
ASV_00103,ASV_00815,0.5761589403973509,pos,Farm,IT2
ASV_00103,ASV_00821,0.5306122448979592,pos,Farm,IT2
ASV_00103,ASV_00843,0.54421768707483,pos,Farm,IT2
ASV_00103,ASV_00848,0.5547945205479452,pos,Farm,IT2
ASV_00103,ASV_00873,0.524822695035461,pos,Farm,IT2
ASV_00103,ASV_00875,0.5570469798657718,pos,Farm,IT2
ASV_00103,ASV_00890,0.5517241379310345,pos,Farm,IT2
ASV_00103,ASV_00891,0.5629139072847682,pos,Farm,IT2
ASV_00103,ASV_00912,0.5142857142857142,pos,Farm,IT2
ASV_00103,ASV_00924,0.5071428571428571,pos,Farm,IT2
ASV_00103,ASV_00931,0.5314685314685315,pos,Farm,IT2
ASV_00103,ASV_00935,0.5379310344827586,pos,Farm,IT2
ASV_00103,ASV_00987,0.5314685314685315,pos,Farm,IT2
ASV_00103,ASV_01023,0.5753424657534246,pos,Farm,IT2
ASV_00103,ASV_01087,0.541095890410959,pos,Farm,IT2
ASV_00103,ASV_01090,0.5472972972972973,pos,Farm,IT2
ASV_00103,ASV_01092,0.5675675675675675,pos,Farm,IT2
ASV_00103,ASV_01101,0.547945205479452,pos,Farm,IT2
ASV_00103,ASV_01124,0.5594405594405595,pos,Farm,IT2
ASV_00103,ASV_01152,0.5241379310344828,pos,Farm,IT2
ASV_00103,ASV_01179,0.5069444444444444,pos,Farm,IT2
ASV_00103,ASV_01276,0.5,pos,Farm,IT2
ASV_00103,ASV_01426,0.5104895104895105,pos,Farm,IT2
ASV_00103,ASV_01491,0.5205479452054794,pos,Farm,IT2
ASV_00103,ASV_01503,0.5306122448979592,pos,Farm,IT2
ASV_00103,ASV_01578,0.5238095238095238,pos,Farm,IT2
ASV_00103,ASV_01941,0.5586206896551724,pos,Farm,IT2
ASV_00104,ASV_00105,0.5106382978723404,pos,Farm,IT2
ASV_00104,ASV_00106,0.5140845070422535,pos,Farm,IT2
ASV_00104,ASV_00108,0.47368421052631576,pos,Farm,IT2
ASV_00104,ASV_00110,0.5352112676056338,pos,Farm,IT2
ASV_00104,ASV_00111,0.463768115942029,pos,Farm,IT2
ASV_00104,ASV_00113,0.5,pos,Farm,IT2
ASV_00104,ASV_00117,0.5,pos,Farm,IT2
ASV_00104,ASV_00123,0.46715328467153283,pos,Farm,IT2
ASV_00104,ASV_00125,0.4927536231884058,pos,Farm,IT2
ASV_00104,ASV_00128,0.5273972602739726,pos,Farm,IT2
ASV_00104,ASV_00129,0.49645390070921985,pos,Farm,IT2
ASV_00104,ASV_00136,0.5140845070422535,pos,Farm,IT2
ASV_00104,ASV_00139,0.45985401459854014,pos,Farm,IT2
ASV_00104,ASV_00141,0.5182481751824818,pos,Farm,IT2
ASV_00104,ASV_00142,0.5,pos,Farm,IT2
ASV_00104,ASV_00151,0.5109489051094891,pos,Farm,IT2
ASV_00104,ASV_00155,0.4785714285714286,pos,Farm,IT2
ASV_00104,ASV_00162,0.49295774647887325,pos,Farm,IT2
ASV_00104,ASV_00164,0.4857142857142857,pos,Farm,IT2
ASV_00104,ASV_00167,0.5211267605633803,pos,Farm,IT2
ASV_00104,ASV_00169,0.5034965034965035,pos,Farm,IT2
ASV_00104,ASV_00172,0.5070422535211268,pos,Farm,IT2
ASV_00104,ASV_00173,0.5238095238095238,pos,Farm,IT2
ASV_00104,ASV_00177,0.5333333333333333,pos,Farm,IT2
ASV_00104,ASV_00181,0.5069444444444444,pos,Farm,IT2
ASV_00104,ASV_00184,0.5107913669064749,pos,Farm,IT2
ASV_00104,ASV_00192,0.49295774647887325,pos,Farm,IT2
ASV_00104,ASV_00197,0.5434782608695652,pos,Farm,IT2
ASV_00104,ASV_00205,0.5273972602739726,pos,Farm,IT2
ASV_00104,ASV_00208,0.48936170212765956,pos,Farm,IT2
ASV_00104,ASV_00210,0.5205479452054794,pos,Farm,IT2
ASV_00104,ASV_00213,0.5416666666666666,pos,Farm,IT2
ASV_00104,ASV_00226,0.48936170212765956,pos,Farm,IT2
ASV_00104,ASV_00240,0.5144927536231884,pos,Farm,IT2
ASV_00104,ASV_00244,0.5,pos,Farm,IT2
ASV_00104,ASV_00249,0.5071428571428571,pos,Farm,IT2
ASV_00104,ASV_00251,0.5,pos,Farm,IT2
ASV_00104,ASV_00252,0.5289855072463768,pos,Farm,IT2
ASV_00104,ASV_00253,0.5208333333333334,pos,Farm,IT2
ASV_00104,ASV_00263,0.5103448275862069,pos,Farm,IT2
ASV_00104,ASV_00267,0.48201438848920863,pos,Farm,IT2
ASV_00104,ASV_00270,0.527027027027027,pos,Farm,IT2
ASV_00104,ASV_00275,0.5310344827586206,pos,Farm,IT2
ASV_00104,ASV_00279,0.5,pos,Farm,IT2
ASV_00104,ASV_00290,0.6142857142857143,pos,Farm,IT2
ASV_00104,ASV_00292,0.5460992907801419,pos,Farm,IT2
ASV_00104,ASV_00296,0.48905109489051096,pos,Farm,IT2
ASV_00104,ASV_00297,0.5251798561151079,pos,Farm,IT2
ASV_00104,ASV_00298,0.4744525547445255,pos,Farm,IT2
ASV_00104,ASV_00299,0.4928571428571429,pos,Farm,IT2
ASV_00104,ASV_00303,0.5111111111111111,pos,Farm,IT2
ASV_00104,ASV_00304,0.5555555555555556,pos,Farm,IT2
ASV_00104,ASV_00308,0.4928571428571429,pos,Farm,IT2
ASV_00104,ASV_00309,0.5104895104895105,pos,Farm,IT2
ASV_00104,ASV_00312,0.503448275862069,pos,Farm,IT2
ASV_00104,ASV_00313,0.5140845070422535,pos,Farm,IT2
ASV_00104,ASV_00324,0.49645390070921985,pos,Farm,IT2
ASV_00104,ASV_00331,0.5302013422818792,pos,Farm,IT2
ASV_00104,ASV_00336,0.5035460992907801,pos,Farm,IT2
ASV_00104,ASV_00339,0.5036496350364964,pos,Farm,IT2
ASV_00104,ASV_00345,0.503448275862069,pos,Farm,IT2
ASV_00104,ASV_00346,0.5367647058823529,pos,Farm,IT2
ASV_00104,ASV_00347,0.5138888888888888,pos,Farm,IT2
ASV_00104,ASV_00350,0.4632352941176471,pos,Farm,IT2
ASV_00104,ASV_00359,0.4676258992805755,pos,Farm,IT2
ASV_00104,ASV_00369,0.5070422535211268,pos,Farm,IT2
ASV_00104,ASV_00378,0.5384615384615384,pos,Farm,IT2
ASV_00104,ASV_00382,0.5069444444444444,pos,Farm,IT2
ASV_00104,ASV_00391,0.4927536231884058,pos,Farm,IT2
ASV_00104,ASV_00397,0.5214285714285715,pos,Farm,IT2
ASV_00104,ASV_00403,0.5069444444444444,pos,Farm,IT2
ASV_00104,ASV_00422,0.5035460992907801,pos,Farm,IT2
ASV_00104,ASV_00425,0.5407407407407407,pos,Farm,IT2
ASV_00104,ASV_00444,0.5,pos,Farm,IT2
ASV_00104,ASV_00447,0.5244755244755245,pos,Farm,IT2
ASV_00104,ASV_00452,0.49640287769784175,pos,Farm,IT2
ASV_00104,ASV_00454,0.5103448275862069,pos,Farm,IT2
ASV_00104,ASV_00460,0.5034965034965035,pos,Farm,IT2
ASV_00104,ASV_00468,0.44776119402985076,pos,Farm,IT2
ASV_00104,ASV_00490,0.5555555555555556,pos,Farm,IT2
ASV_00104,ASV_00494,0.5,pos,Farm,IT2
ASV_00104,ASV_00495,0.4855072463768116,pos,Farm,IT2
ASV_00104,ASV_00513,0.49295774647887325,pos,Farm,IT2
ASV_00104,ASV_00518,0.5310344827586206,pos,Farm,IT2
ASV_00104,ASV_00521,0.5384615384615384,pos,Farm,IT2
ASV_00104,ASV_00524,0.5,pos,Farm,IT2
ASV_00104,ASV_00528,0.48226950354609927,pos,Farm,IT2
ASV_00104,ASV_00529,0.4782608695652174,pos,Farm,IT2
ASV_00104,ASV_00533,0.5071428571428571,pos,Farm,IT2
ASV_00104,ASV_00534,0.5342465753424658,pos,Farm,IT2
ASV_00104,ASV_00542,0.5524475524475524,pos,Farm,IT2
ASV_00104,ASV_00544,0.4859154929577465,pos,Farm,IT2
ASV_00104,ASV_00548,0.48905109489051096,pos,Farm,IT2
ASV_00104,ASV_00554,0.5211267605633803,pos,Farm,IT2
ASV_00104,ASV_00568,0.503448275862069,pos,Farm,IT2
ASV_00104,ASV_00594,0.5,pos,Farm,IT2
ASV_00104,ASV_00636,0.5547945205479452,pos,Farm,IT2
ASV_00104,ASV_00643,0.5106382978723404,pos,Farm,IT2
ASV_00104,ASV_00651,0.49295774647887325,pos,Farm,IT2
ASV_00104,ASV_00662,0.4857142857142857,pos,Farm,IT2
ASV_00104,ASV_00666,0.5103448275862069,pos,Farm,IT2
ASV_00104,ASV_00668,0.48226950354609927,pos,Farm,IT2
ASV_00104,ASV_00676,0.5563380281690141,pos,Farm,IT2
ASV_00104,ASV_00679,0.5174825174825175,pos,Farm,IT2
ASV_00104,ASV_00687,0.49295774647887325,pos,Farm,IT2
ASV_00104,ASV_00728,0.47101449275362317,pos,Farm,IT2
ASV_00104,ASV_00734,0.5,pos,Farm,IT2
ASV_00104,ASV_00757,0.5,pos,Farm,IT2
ASV_00104,ASV_00760,0.5172413793103449,pos,Farm,IT2
ASV_00104,ASV_00769,0.5142857142857142,pos,Farm,IT2
ASV_00104,ASV_00772,0.5434782608695652,pos,Farm,IT2
ASV_00104,ASV_00801,0.49635036496350365,pos,Farm,IT2
ASV_00104,ASV_00806,0.5314685314685315,pos,Farm,IT2
ASV_00104,ASV_00817,0.5454545454545454,pos,Farm,IT2
ASV_00104,ASV_00821,0.5357142857142857,pos,Farm,IT2
ASV_00104,ASV_00822,0.5177304964539007,pos,Farm,IT2
ASV_00104,ASV_00829,0.5071428571428571,pos,Farm,IT2
ASV_00104,ASV_00842,0.4927536231884058,pos,Farm,IT2
ASV_00104,ASV_00865,0.5070422535211268,pos,Farm,IT2
ASV_00104,ASV_00873,0.5185185185185185,pos,Farm,IT2
ASV_00104,ASV_00880,0.5182481751824818,pos,Farm,IT2
ASV_00104,ASV_00891,0.527027027027027,pos,Farm,IT2
ASV_00104,ASV_00929,0.503448275862069,pos,Farm,IT2
ASV_00104,ASV_00984,0.5070422535211268,pos,Farm,IT2
ASV_00104,ASV_01018,0.48226950354609927,pos,Farm,IT2
ASV_00104,ASV_01023,0.5384615384615384,pos,Farm,IT2
ASV_00104,ASV_01065,0.5036496350364964,pos,Farm,IT2
ASV_00104,ASV_01087,0.5140845070422535,pos,Farm,IT2
ASV_00104,ASV_01092,0.5205479452054794,pos,Farm,IT2
ASV_00104,ASV_01119,0.5205479452054794,pos,Farm,IT2
ASV_00104,ASV_01249,0.5144927536231884,pos,Farm,IT2
ASV_00104,ASV_01426,0.5147058823529411,pos,Farm,IT2
ASV_00104,ASV_01458,0.5037037037037037,pos,Farm,IT2
ASV_00104,ASV_01459,0.48936170212765956,pos,Farm,IT2
ASV_00104,ASV_01512,0.48905109489051096,pos,Farm,IT2
ASV_00104,ASV_01541,0.5140845070422535,pos,Farm,IT2
ASV_00104,ASV_01578,0.5285714285714286,pos,Farm,IT2
ASV_00104,ASV_01941,0.5104895104895105,pos,Farm,IT2
ASV_00104,ASV_02332,0.5352112676056338,pos,Farm,IT2
ASV_00105,ASV_00108,0.47794117647058826,pos,Farm,IT2
ASV_00105,ASV_00109,0.5136986301369864,pos,Farm,IT2
ASV_00105,ASV_00110,0.5273972602739726,pos,Farm,IT2
ASV_00105,ASV_00116,0.5211267605633803,pos,Farm,IT2
ASV_00105,ASV_00117,0.48226950354609927,pos,Farm,IT2
ASV_00105,ASV_00120,0.5531914893617021,pos,Farm,IT2
ASV_00105,ASV_00122,0.5070422535211268,pos,Farm,IT2
ASV_00105,ASV_00125,0.4859154929577465,pos,Farm,IT2
ASV_00105,ASV_00129,0.5319148936170213,pos,Farm,IT2
ASV_00105,ASV_00131,0.5034965034965035,pos,Farm,IT2
ASV_00105,ASV_00132,0.49295774647887325,pos,Farm,IT2
ASV_00105,ASV_00141,0.5,pos,Farm,IT2
ASV_00105,ASV_00142,0.5244755244755245,pos,Farm,IT2
ASV_00105,ASV_00146,0.5306122448979592,pos,Farm,IT2
ASV_00105,ASV_00155,0.5251798561151079,pos,Farm,IT2
ASV_00105,ASV_00156,0.5625,pos,Farm,IT2
ASV_00105,ASV_00160,0.5357142857142857,pos,Farm,IT2
ASV_00105,ASV_00167,0.5136986301369864,pos,Farm,IT2
ASV_00105,ASV_00168,0.5694444444444444,pos,Farm,IT2
ASV_00105,ASV_00169,0.5714285714285714,pos,Farm,IT2
ASV_00105,ASV_00170,0.5771812080536913,pos,Farm,IT2
ASV_00105,ASV_00172,0.5103448275862069,pos,Farm,IT2
ASV_00105,ASV_00181,0.5310344827586206,pos,Farm,IT2
ASV_00105,ASV_00183,0.5384615384615384,pos,Farm,IT2
ASV_00105,ASV_00184,0.5034965034965035,pos,Farm,IT2
ASV_00105,ASV_00199,0.5182481751824818,pos,Farm,IT2
ASV_00105,ASV_00200,0.5142857142857142,pos,Farm,IT2
ASV_00105,ASV_00210,0.54421768707483,pos,Farm,IT2
ASV_00105,ASV_00212,0.5,pos,Farm,IT2
ASV_00105,ASV_00213,0.54421768707483,pos,Farm,IT2
ASV_00105,ASV_00221,0.5140845070422535,pos,Farm,IT2
ASV_00105,ASV_00228,0.4859154929577465,pos,Farm,IT2
ASV_00105,ASV_00233,0.5,pos,Farm,IT2
ASV_00105,ASV_00237,0.5306122448979592,pos,Farm,IT2
ASV_00105,ASV_00240,0.4965034965034965,pos,Farm,IT2
ASV_00105,ASV_00242,0.4855072463768116,pos,Farm,IT2
ASV_00105,ASV_00243,0.5208333333333334,pos,Farm,IT2
ASV_00105,ASV_00247,0.5211267605633803,pos,Farm,IT2
ASV_00105,ASV_00264,0.5035460992907801,pos,Farm,IT2
ASV_00105,ASV_00270,0.5608108108108109,pos,Farm,IT2
ASV_00105,ASV_00272,0.5069444444444444,pos,Farm,IT2
ASV_00105,ASV_00273,0.5422535211267606,pos,Farm,IT2
ASV_00105,ASV_00275,0.5337837837837838,pos,Farm,IT2
ASV_00105,ASV_00282,0.524822695035461,pos,Farm,IT2
ASV_00105,ASV_00283,0.5273972602739726,pos,Farm,IT2
ASV_00105,ASV_00288,0.5664335664335665,pos,Farm,IT2
ASV_00105,ASV_00292,0.5594405594405595,pos,Farm,IT2
ASV_00105,ASV_00295,0.5277777777777778,pos,Farm,IT2
ASV_00105,ASV_00296,0.5035971223021583,pos,Farm,IT2
ASV_00105,ASV_00299,0.5285714285714286,pos,Farm,IT2
ASV_00105,ASV_00300,0.5793103448275863,pos,Farm,IT2
ASV_00105,ASV_00304,0.5902777777777778,pos,Farm,IT2
ASV_00105,ASV_00305,0.5625,pos,Farm,IT2
ASV_00105,ASV_00307,0.5,pos,Farm,IT2
ASV_00105,ASV_00312,0.5486111111111112,pos,Farm,IT2
ASV_00105,ASV_00313,0.5277777777777778,pos,Farm,IT2
ASV_00105,ASV_00317,0.5104895104895105,pos,Farm,IT2
ASV_00105,ASV_00323,0.5138888888888888,pos,Farm,IT2
ASV_00105,ASV_00331,0.5533333333333333,pos,Farm,IT2
ASV_00105,ASV_00335,0.4785714285714286,pos,Farm,IT2
ASV_00105,ASV_00336,0.5174825174825175,pos,Farm,IT2
ASV_00105,ASV_00339,0.49645390070921985,pos,Farm,IT2
ASV_00105,ASV_00345,0.5273972602739726,pos,Farm,IT2
ASV_00105,ASV_00346,0.5285714285714286,pos,Farm,IT2
ASV_00105,ASV_00350,0.48905109489051096,pos,Farm,IT2
ASV_00105,ASV_00354,0.5140845070422535,pos,Farm,IT2
ASV_00105,ASV_00356,0.541095890410959,pos,Farm,IT2
ASV_00105,ASV_00368,0.5,pos,Farm,IT2
ASV_00105,ASV_00380,0.5,pos,Farm,IT2
ASV_00105,ASV_00389,0.5314685314685315,pos,Farm,IT2
ASV_00105,ASV_00391,0.49645390070921985,pos,Farm,IT2
ASV_00105,ASV_00395,0.5,pos,Farm,IT2
ASV_00105,ASV_00402,0.5147058823529411,pos,Farm,IT2
ASV_00105,ASV_00403,0.5205479452054794,pos,Farm,IT2
ASV_00105,ASV_00407,0.5034965034965035,pos,Farm,IT2
ASV_00105,ASV_00411,0.5314685314685315,pos,Farm,IT2
ASV_00105,ASV_00421,0.5136986301369864,pos,Farm,IT2
ASV_00105,ASV_00426,0.5496688741721855,pos,Farm,IT2
ASV_00105,ASV_00428,0.5217391304347826,pos,Farm,IT2
ASV_00105,ASV_00429,0.4782608695652174,pos,Farm,IT2
ASV_00105,ASV_00437,0.5241379310344828,pos,Farm,IT2
ASV_00105,ASV_00438,0.5390070921985816,pos,Farm,IT2
ASV_00105,ASV_00442,0.5342465753424658,pos,Farm,IT2
ASV_00105,ASV_00443,0.5323741007194245,pos,Farm,IT2
ASV_00105,ASV_00444,0.5244755244755245,pos,Farm,IT2
ASV_00105,ASV_00453,0.5277777777777778,pos,Farm,IT2
ASV_00105,ASV_00459,0.5277777777777778,pos,Farm,IT2
ASV_00105,ASV_00460,0.5384615384615384,pos,Farm,IT2
ASV_00105,ASV_00463,0.5205479452054794,pos,Farm,IT2
ASV_00105,ASV_00465,0.528169014084507,pos,Farm,IT2
ASV_00105,ASV_00468,0.4632352941176471,pos,Farm,IT2
ASV_00105,ASV_00479,0.5273972602739726,pos,Farm,IT2
ASV_00105,ASV_00485,0.5136986301369864,pos,Farm,IT2
ASV_00105,ASV_00490,0.5793103448275863,pos,Farm,IT2
ASV_00105,ASV_00494,0.5138888888888888,pos,Farm,IT2
ASV_00105,ASV_00498,0.5,pos,Farm,IT2
ASV_00105,ASV_00506,0.5362318840579711,pos,Farm,IT2
ASV_00105,ASV_00508,0.5285714285714286,pos,Farm,IT2
ASV_00105,ASV_00518,0.5547945205479452,pos,Farm,IT2
ASV_00105,ASV_00524,0.49295774647887325,pos,Farm,IT2
ASV_00105,ASV_00528,0.4965034965034965,pos,Farm,IT2
ASV_00105,ASV_00534,0.5793103448275863,pos,Farm,IT2
ASV_00105,ASV_00541,0.5174825174825175,pos,Farm,IT2
ASV_00105,ASV_00543,0.5454545454545454,pos,Farm,IT2
ASV_00105,ASV_00548,0.48226950354609927,pos,Farm,IT2
ASV_00105,ASV_00550,0.5273972602739726,pos,Farm,IT2
ASV_00105,ASV_00554,0.5347222222222222,pos,Farm,IT2
ASV_00105,ASV_00555,0.5241379310344828,pos,Farm,IT2
ASV_00105,ASV_00561,0.5733333333333334,pos,Farm,IT2
ASV_00105,ASV_00566,0.5390070921985816,pos,Farm,IT2
ASV_00105,ASV_00570,0.5179856115107914,pos,Farm,IT2
ASV_00105,ASV_00571,0.5785714285714286,pos,Farm,IT2
ASV_00105,ASV_00594,0.5244755244755245,pos,Farm,IT2
ASV_00105,ASV_00628,0.5140845070422535,pos,Farm,IT2
ASV_00105,ASV_00633,0.5172413793103449,pos,Farm,IT2
ASV_00105,ASV_00636,0.5570469798657718,pos,Farm,IT2
ASV_00105,ASV_00643,0.5352112676056338,pos,Farm,IT2
ASV_00105,ASV_00651,0.55,pos,Farm,IT2
ASV_00105,ASV_00656,0.5314685314685315,pos,Farm,IT2
ASV_00105,ASV_00673,0.5724137931034483,pos,Farm,IT2
ASV_00105,ASV_00679,0.5310344827586206,pos,Farm,IT2
ASV_00105,ASV_00686,0.5103448275862069,pos,Farm,IT2
ASV_00105,ASV_00687,0.5174825174825175,pos,Farm,IT2
ASV_00105,ASV_00709,0.5611510791366906,pos,Farm,IT2
ASV_00105,ASV_00724,0.4965034965034965,pos,Farm,IT2
ASV_00105,ASV_00726,0.5136986301369864,pos,Farm,IT2
ASV_00105,ASV_00732,0.5140845070422535,pos,Farm,IT2
ASV_00105,ASV_00769,0.528169014084507,pos,Farm,IT2
ASV_00105,ASV_00772,0.5138888888888888,pos,Farm,IT2
ASV_00105,ASV_00778,0.49635036496350365,pos,Farm,IT2
ASV_00105,ASV_00789,0.5422535211267606,pos,Farm,IT2
ASV_00105,ASV_00801,0.5,pos,Farm,IT2
ASV_00105,ASV_00806,0.5342465753424658,pos,Farm,IT2
ASV_00105,ASV_00807,0.5642857142857143,pos,Farm,IT2
ASV_00105,ASV_00808,0.539568345323741,pos,Farm,IT2
ASV_00105,ASV_00817,0.547945205479452,pos,Farm,IT2
ASV_00105,ASV_00821,0.5277777777777778,pos,Farm,IT2
ASV_00105,ASV_00842,0.5071428571428571,pos,Farm,IT2
ASV_00105,ASV_00845,0.5035971223021583,pos,Farm,IT2
ASV_00105,ASV_00890,0.5384615384615384,pos,Farm,IT2
ASV_00105,ASV_00891,0.54,pos,Farm,IT2
ASV_00105,ASV_00906,0.5578231292517006,pos,Farm,IT2
ASV_00105,ASV_00931,0.5177304964539007,pos,Farm,IT2
ASV_00105,ASV_00935,0.5244755244755245,pos,Farm,IT2
ASV_00105,ASV_00966,0.4892086330935252,pos,Farm,IT2
ASV_00105,ASV_00984,0.5531914893617021,pos,Farm,IT2
ASV_00105,ASV_00989,0.4892086330935252,pos,Farm,IT2
ASV_00105,ASV_01018,0.5177304964539007,pos,Farm,IT2
ASV_00105,ASV_01119,0.5655172413793104,pos,Farm,IT2
ASV_00105,ASV_01124,0.5460992907801419,pos,Farm,IT2
ASV_00105,ASV_01179,0.5142857142857142,pos,Farm,IT2
ASV_00105,ASV_01288,0.5563380281690141,pos,Farm,IT2
ASV_00105,ASV_01342,0.5369127516778524,pos,Farm,IT2
ASV_00105,ASV_01368,0.5138888888888888,pos,Farm,IT2
ASV_00105,ASV_01458,0.4857142857142857,pos,Farm,IT2
ASV_00105,ASV_01491,0.5069444444444444,pos,Farm,IT2
ASV_00105,ASV_01508,0.5342465753424658,pos,Farm,IT2
ASV_00105,ASV_01512,0.5367647058823529,pos,Farm,IT2
ASV_00105,ASV_01578,0.5103448275862069,pos,Farm,IT2
ASV_00105,ASV_02020,0.5,pos,Farm,IT2
ASV_00105,ASV_02149,0.49295774647887325,pos,Farm,IT2
ASV_00106,ASV_00112,0.5103448275862069,pos,Farm,IT2
ASV_00106,ASV_00113,0.4965034965034965,pos,Farm,IT2
ASV_00106,ASV_00117,0.4859154929577465,pos,Farm,IT2
ASV_00106,ASV_00129,0.5352112676056338,pos,Farm,IT2
ASV_00106,ASV_00130,0.5241379310344828,pos,Farm,IT2
ASV_00106,ASV_00138,0.5352112676056338,pos,Farm,IT2
ASV_00106,ASV_00139,0.5109489051094891,pos,Farm,IT2
ASV_00106,ASV_00162,0.5103448275862069,pos,Farm,IT2
ASV_00106,ASV_00172,0.5136986301369864,pos,Farm,IT2
ASV_00106,ASV_00179,0.5704697986577181,pos,Farm,IT2
ASV_00106,ASV_00193,0.5273972602739726,pos,Farm,IT2
ASV_00106,ASV_00197,0.5277777777777778,pos,Farm,IT2
ASV_00106,ASV_00199,0.48936170212765956,pos,Farm,IT2
ASV_00106,ASV_00200,0.5177304964539007,pos,Farm,IT2
ASV_00106,ASV_00218,0.5492957746478874,pos,Farm,IT2
ASV_00106,ASV_00228,0.5,pos,Farm,IT2
ASV_00106,ASV_00262,0.5342465753424658,pos,Farm,IT2
ASV_00106,ASV_00264,0.5177304964539007,pos,Farm,IT2
ASV_00106,ASV_00272,0.5103448275862069,pos,Farm,IT2
ASV_00106,ASV_00273,0.5136986301369864,pos,Farm,IT2
ASV_00106,ASV_00279,0.49645390070921985,pos,Farm,IT2
ASV_00106,ASV_00283,0.5306122448979592,pos,Farm,IT2
ASV_00106,ASV_00290,0.5743243243243243,pos,Farm,IT2
ASV_00106,ASV_00295,0.5310344827586206,pos,Farm,IT2
ASV_00106,ASV_00305,0.5874125874125874,pos,Farm,IT2
ASV_00106,ASV_00315,0.4859154929577465,pos,Farm,IT2
ASV_00106,ASV_00324,0.5138888888888888,pos,Farm,IT2
ASV_00106,ASV_00330,0.5211267605633803,pos,Farm,IT2
ASV_00106,ASV_00336,0.5208333333333334,pos,Farm,IT2
ASV_00106,ASV_00343,0.5205479452054794,pos,Farm,IT2
ASV_00106,ASV_00346,0.5,pos,Farm,IT2
ASV_00106,ASV_00353,0.5069444444444444,pos,Farm,IT2
ASV_00106,ASV_00359,0.5179856115107914,pos,Farm,IT2
ASV_00106,ASV_00361,0.5517241379310345,pos,Farm,IT2
ASV_00106,ASV_00369,0.5241379310344828,pos,Farm,IT2
ASV_00106,ASV_00376,0.541095890410959,pos,Farm,IT2
ASV_00106,ASV_00382,0.5555555555555556,pos,Farm,IT2
ASV_00106,ASV_00384,0.5314685314685315,pos,Farm,IT2
ASV_00106,ASV_00390,0.564625850340136,pos,Farm,IT2
ASV_00106,ASV_00391,0.5,pos,Farm,IT2
ASV_00106,ASV_00402,0.4857142857142857,pos,Farm,IT2
ASV_00106,ASV_00425,0.5357142857142857,pos,Farm,IT2
ASV_00106,ASV_00440,0.5140845070422535,pos,Farm,IT2
ASV_00106,ASV_00458,0.5214285714285715,pos,Farm,IT2
ASV_00106,ASV_00467,0.5503355704697986,pos,Farm,IT2
ASV_00106,ASV_00494,0.5277777777777778,pos,Farm,IT2
ASV_00106,ASV_00524,0.5070422535211268,pos,Farm,IT2
ASV_00106,ASV_00529,0.5289855072463768,pos,Farm,IT2
ASV_00106,ASV_00554,0.5815602836879432,pos,Farm,IT2
ASV_00106,ASV_00570,0.5,pos,Farm,IT2
ASV_00106,ASV_00587,0.5,pos,Farm,IT2
ASV_00106,ASV_00612,0.5774647887323944,pos,Farm,IT2
ASV_00106,ASV_00622,0.5035971223021583,pos,Farm,IT2
ASV_00106,ASV_00628,0.528169014084507,pos,Farm,IT2
ASV_00106,ASV_00643,0.5602836879432624,pos,Farm,IT2
ASV_00106,ASV_00757,0.5379310344827586,pos,Farm,IT2
ASV_00106,ASV_00769,0.5208333333333334,pos,Farm,IT2
ASV_00106,ASV_00772,0.5492957746478874,pos,Farm,IT2
ASV_00106,ASV_00789,0.5136986301369864,pos,Farm,IT2
ASV_00106,ASV_00829,0.5244755244755245,pos,Farm,IT2
ASV_00106,ASV_00869,0.54421768707483,pos,Farm,IT2
ASV_00106,ASV_00880,0.5357142857142857,pos,Farm,IT2
ASV_00106,ASV_00912,0.48226950354609927,pos,Farm,IT2
ASV_00106,ASV_01071,0.5390070921985816,pos,Farm,IT2
ASV_00106,ASV_01426,0.5106382978723404,pos,Farm,IT2
ASV_00106,ASV_01503,0.5310344827586206,pos,Farm,IT2
ASV_00106,ASV_01840,0.5103448275862069,pos,Farm,IT2
ASV_00107,ASV_00111,0.4676258992805755,pos,Farm,IT2
ASV_00107,ASV_00117,0.5036496350364964,pos,Farm,IT2
ASV_00107,ASV_00119,0.4965034965034965,pos,Farm,IT2
ASV_00107,ASV_00155,0.48226950354609927,pos,Farm,IT2
ASV_00107,ASV_00166,0.5319148936170213,pos,Farm,IT2
ASV_00107,ASV_00205,0.5306122448979592,pos,Farm,IT2
ASV_00107,ASV_00254,0.5136986301369864,pos,Farm,IT2
ASV_00107,ASV_00275,0.5342465753424658,pos,Farm,IT2
ASV_00107,ASV_00278,0.5531914893617021,pos,Farm,IT2
ASV_00107,ASV_00290,0.5405405405405406,pos,Farm,IT2
ASV_00107,ASV_00308,0.4859154929577465,pos,Farm,IT2
ASV_00107,ASV_00337,0.5342465753424658,pos,Farm,IT2
ASV_00107,ASV_00361,0.5277777777777778,pos,Farm,IT2
ASV_00107,ASV_00387,0.5,pos,Farm,IT2
ASV_00107,ASV_00389,0.5319148936170213,pos,Farm,IT2
ASV_00107,ASV_00422,0.5070422535211268,pos,Farm,IT2
ASV_00107,ASV_00458,0.5072463768115942,pos,Farm,IT2
ASV_00107,ASV_00465,0.5070422535211268,pos,Farm,IT2
ASV_00107,ASV_00521,0.5416666666666666,pos,Farm,IT2
ASV_00107,ASV_00574,0.5277777777777778,pos,Farm,IT2
ASV_00107,ASV_00587,0.5289855072463768,pos,Farm,IT2
ASV_00107,ASV_00596,0.4782608695652174,pos,Farm,IT2
ASV_00107,ASV_00636,0.5369127516778524,pos,Farm,IT2
ASV_00107,ASV_00643,0.5034965034965035,pos,Farm,IT2
ASV_00107,ASV_00687,0.4965034965034965,pos,Farm,IT2
ASV_00107,ASV_00760,0.5205479452054794,pos,Farm,IT2
ASV_00107,ASV_00829,0.5,pos,Farm,IT2
ASV_00107,ASV_00958,0.5070422535211268,pos,Farm,IT2
ASV_00107,ASV_00966,0.4782608695652174,pos,Farm,IT2
ASV_00107,ASV_01048,0.5214285714285715,pos,Farm,IT2
ASV_00107,ASV_01153,0.5441176470588235,pos,Farm,IT2
ASV_00107,ASV_01840,0.539568345323741,pos,Farm,IT2
ASV_00107,ASV_02020,0.5,pos,Farm,IT2
ASV_00108,ASV_00110,0.48201438848920863,pos,Farm,IT2
ASV_00108,ASV_00112,0.48148148148148145,pos,Farm,IT2
ASV_00108,ASV_00113,0.48854961832061067,pos,Farm,IT2
ASV_00108,ASV_00127,0.460431654676259,pos,Farm,IT2
ASV_00108,ASV_00128,0.4755244755244755,pos,Farm,IT2
ASV_00108,ASV_00131,0.5,pos,Farm,IT2
ASV_00108,ASV_00132,0.4444444444444444,pos,Farm,IT2
ASV_00108,ASV_00140,0.47368421052631576,pos,Farm,IT2
ASV_00108,ASV_00141,0.48484848484848486,pos,Farm,IT2
ASV_00108,ASV_00151,0.48854961832061067,pos,Farm,IT2
ASV_00108,ASV_00153,0.4666666666666667,pos,Farm,IT2
ASV_00108,ASV_00155,0.46616541353383456,pos,Farm,IT2
ASV_00108,ASV_00159,0.48175182481751827,pos,Farm,IT2
ASV_00108,ASV_00165,0.4846153846153846,pos,Farm,IT2
ASV_00108,ASV_00166,0.463768115942029,pos,Farm,IT2
ASV_00108,ASV_00169,0.460431654676259,pos,Farm,IT2
ASV_00108,ASV_00173,0.49295774647887325,pos,Farm,IT2
ASV_00108,ASV_00183,0.47101449275362317,pos,Farm,IT2
ASV_00108,ASV_00186,0.4744525547445255,pos,Farm,IT2
ASV_00108,ASV_00189,0.4485294117647059,pos,Farm,IT2
ASV_00108,ASV_00195,0.460431654676259,pos,Farm,IT2
ASV_00108,ASV_00199,0.4580152671755725,pos,Farm,IT2
ASV_00108,ASV_00200,0.4772727272727273,pos,Farm,IT2
ASV_00108,ASV_00205,0.4859154929577465,pos,Farm,IT2
ASV_00108,ASV_00212,0.45255474452554745,pos,Farm,IT2
ASV_00108,ASV_00214,0.45985401459854014,pos,Farm,IT2
ASV_00108,ASV_00216,0.4666666666666667,pos,Farm,IT2
ASV_00108,ASV_00230,0.48905109489051096,pos,Farm,IT2
ASV_00108,ASV_00233,0.45185185185185184,pos,Farm,IT2
ASV_00108,ASV_00237,0.49640287769784175,pos,Farm,IT2
ASV_00108,ASV_00240,0.48120300751879697,pos,Farm,IT2
ASV_00108,ASV_00242,0.4351145038167939,pos,Farm,IT2
ASV_00108,ASV_00243,0.463768115942029,pos,Farm,IT2
ASV_00108,ASV_00252,0.45255474452554745,pos,Farm,IT2
ASV_00108,ASV_00270,0.4965034965034965,pos,Farm,IT2
ASV_00108,ASV_00287,0.4485294117647059,pos,Farm,IT2
ASV_00108,ASV_00290,0.4965034965034965,pos,Farm,IT2
ASV_00108,ASV_00292,0.5036496350364964,pos,Farm,IT2
ASV_00108,ASV_00296,0.46564885496183206,pos,Farm,IT2
ASV_00108,ASV_00299,0.4485294117647059,pos,Farm,IT2
ASV_00108,ASV_00305,0.4857142857142857,pos,Farm,IT2
ASV_00108,ASV_00307,0.45185185185185184,pos,Farm,IT2
ASV_00108,ASV_00311,0.47183098591549294,pos,Farm,IT2
ASV_00108,ASV_00317,0.4632352941176471,pos,Farm,IT2
ASV_00108,ASV_00321,0.4755244755244755,pos,Farm,IT2
ASV_00108,ASV_00324,0.4740740740740741,pos,Farm,IT2
ASV_00108,ASV_00333,0.5,pos,Farm,IT2
ASV_00108,ASV_00335,0.46153846153846156,pos,Farm,IT2
ASV_00108,ASV_00343,0.47101449275362317,pos,Farm,IT2
ASV_00108,ASV_00345,0.4714285714285714,pos,Farm,IT2
ASV_00108,ASV_00347,0.48201438848920863,pos,Farm,IT2
ASV_00108,ASV_00361,0.5147058823529411,pos,Farm,IT2
ASV_00108,ASV_00381,0.45185185185185184,pos,Farm,IT2
ASV_00108,ASV_00384,0.45985401459854014,pos,Farm,IT2
ASV_00108,ASV_00389,0.4744525547445255,pos,Farm,IT2
ASV_00108,ASV_00397,0.47794117647058826,pos,Farm,IT2
ASV_00108,ASV_00402,0.44274809160305345,pos,Farm,IT2
ASV_00108,ASV_00406,0.49230769230769234,pos,Farm,IT2
ASV_00108,ASV_00422,0.47058823529411764,pos,Farm,IT2
ASV_00108,ASV_00425,0.45185185185185184,pos,Farm,IT2
ASV_00108,ASV_00437,0.5,pos,Farm,IT2
ASV_00108,ASV_00438,0.45985401459854014,pos,Farm,IT2
ASV_00108,ASV_00441,0.4701492537313433,pos,Farm,IT2
ASV_00108,ASV_00443,0.45185185185185184,pos,Farm,IT2
ASV_00108,ASV_00445,0.47058823529411764,pos,Farm,IT2
ASV_00108,ASV_00453,0.47101449275362317,pos,Farm,IT2
ASV_00108,ASV_00458,0.4696969696969697,pos,Farm,IT2
ASV_00108,ASV_00463,0.5298507462686567,pos,Farm,IT2
ASV_00108,ASV_00485,0.48905109489051096,pos,Farm,IT2
ASV_00108,ASV_00490,0.4825174825174825,pos,Farm,IT2
ASV_00108,ASV_00496,0.463768115942029,pos,Farm,IT2
ASV_00108,ASV_00501,0.463768115942029,pos,Farm,IT2
ASV_00108,ASV_00511,0.44696969696969696,pos,Farm,IT2
ASV_00108,ASV_00512,0.4788732394366197,pos,Farm,IT2
ASV_00108,ASV_00513,0.45985401459854014,pos,Farm,IT2
ASV_00108,ASV_00528,0.45925925925925926,pos,Farm,IT2
ASV_00108,ASV_00530,0.4888888888888889,pos,Farm,IT2
ASV_00108,ASV_00534,0.4825174825174825,pos,Farm,IT2
ASV_00108,ASV_00536,0.4928571428571429,pos,Farm,IT2
ASV_00108,ASV_00541,0.47058823529411764,pos,Farm,IT2
ASV_00108,ASV_00550,0.5147058823529411,pos,Farm,IT2
ASV_00108,ASV_00554,0.5,pos,Farm,IT2
ASV_00108,ASV_00571,0.4782608695652174,pos,Farm,IT2
ASV_00108,ASV_00572,0.4791666666666667,pos,Farm,IT2
ASV_00108,ASV_00587,0.4485294117647059,pos,Farm,IT2
ASV_00108,ASV_00596,0.4393939393939394,pos,Farm,IT2
ASV_00108,ASV_00611,0.4676258992805755,pos,Farm,IT2
ASV_00108,ASV_00620,0.49635036496350365,pos,Farm,IT2
ASV_00108,ASV_00630,0.4883720930232558,pos,Farm,IT2
ASV_00108,ASV_00635,0.475177304964539,pos,Farm,IT2
ASV_00108,ASV_00636,0.5140845070422535,pos,Farm,IT2
ASV_00108,ASV_00643,0.46715328467153283,pos,Farm,IT2
ASV_00108,ASV_00654,0.45864661654135336,pos,Farm,IT2
ASV_00108,ASV_00662,0.45185185185185184,pos,Farm,IT2
ASV_00108,ASV_00671,0.45925925925925926,pos,Farm,IT2
ASV_00108,ASV_00686,0.4744525547445255,pos,Farm,IT2
ASV_00108,ASV_00721,0.45454545454545453,pos,Farm,IT2
ASV_00108,ASV_00732,0.4666666666666667,pos,Farm,IT2
ASV_00108,ASV_00758,0.47101449275362317,pos,Farm,IT2
ASV_00108,ASV_00789,0.463768115942029,pos,Farm,IT2
ASV_00108,ASV_00806,0.4785714285714286,pos,Farm,IT2
ASV_00108,ASV_00807,0.4744525547445255,pos,Farm,IT2
ASV_00108,ASV_00809,0.4827586206896552,pos,Farm,IT2
ASV_00108,ASV_00817,0.48226950354609927,pos,Farm,IT2
ASV_00108,ASV_00821,0.49264705882352944,pos,Farm,IT2
ASV_00108,ASV_00842,0.4696969696969697,pos,Farm,IT2
ASV_00108,ASV_00845,0.4883720930232558,pos,Farm,IT2
ASV_00108,ASV_00848,0.4642857142857143,pos,Farm,IT2
ASV_00108,ASV_00865,0.463768115942029,pos,Farm,IT2
ASV_00108,ASV_00890,0.48175182481751827,pos,Farm,IT2
ASV_00108,ASV_00909,0.45925925925925926,pos,Farm,IT2
ASV_00108,ASV_00935,0.4888888888888889,pos,Farm,IT2
ASV_00108,ASV_00984,0.5074626865671642,pos,Farm,IT2
ASV_00108,ASV_00989,0.45038167938931295,pos,Farm,IT2
ASV_00108,ASV_01065,0.45864661654135336,pos,Farm,IT2
ASV_00108,ASV_01071,0.5,pos,Farm,IT2
ASV_00108,ASV_01119,0.48936170212765956,pos,Farm,IT2
ASV_00108,ASV_01152,0.45255474452554745,pos,Farm,IT2
ASV_00108,ASV_01179,0.4444444444444444,pos,Farm,IT2
ASV_00108,ASV_01204,0.49640287769784175,pos,Farm,IT2
ASV_00108,ASV_01249,0.4485294117647059,pos,Farm,IT2
ASV_00108,ASV_01267,0.4740740740740741,pos,Farm,IT2
ASV_00108,ASV_01328,0.5,pos,Farm,IT2
ASV_00108,ASV_01512,0.44360902255639095,pos,Farm,IT2
ASV_00108,ASV_02020,0.4632352941176471,pos,Farm,IT2
ASV_00108,ASV_02332,0.5147058823529411,pos,Farm,IT2
ASV_00109,ASV_00119,0.5277777777777778,pos,Farm,IT2
ASV_00109,ASV_00147,0.5069444444444444,pos,Farm,IT2
ASV_00109,ASV_00158,0.5172413793103449,pos,Farm,IT2
ASV_00109,ASV_00159,0.5273972602739726,pos,Farm,IT2
ASV_00109,ASV_00167,0.5238095238095238,pos,Farm,IT2
ASV_00109,ASV_00192,0.5172413793103449,pos,Farm,IT2
ASV_00109,ASV_00205,0.5608108108108109,pos,Farm,IT2
ASV_00109,ASV_00208,0.5352112676056338,pos,Farm,IT2
ASV_00109,ASV_00221,0.5138888888888888,pos,Farm,IT2
ASV_00109,ASV_00231,0.5103448275862069,pos,Farm,IT2
ASV_00109,ASV_00232,0.5586206896551724,pos,Farm,IT2
ASV_00109,ASV_00233,0.5,pos,Farm,IT2
ASV_00109,ASV_00239,0.5683453237410072,pos,Farm,IT2
ASV_00109,ASV_00247,0.5314685314685315,pos,Farm,IT2
ASV_00109,ASV_00262,0.5517241379310345,pos,Farm,IT2
ASV_00109,ASV_00269,0.5657894736842105,pos,Farm,IT2
ASV_00109,ASV_00274,0.5466666666666666,pos,Farm,IT2
ASV_00109,ASV_00291,0.5251798561151079,pos,Farm,IT2
ASV_00109,ASV_00292,0.5374149659863946,pos,Farm,IT2
ASV_00109,ASV_00303,0.5035460992907801,pos,Farm,IT2
ASV_00109,ASV_00312,0.547945205479452,pos,Farm,IT2
ASV_00109,ASV_00317,0.5422535211267606,pos,Farm,IT2
ASV_00109,ASV_00320,0.5177304964539007,pos,Farm,IT2
ASV_00109,ASV_00325,0.5241379310344828,pos,Farm,IT2
ASV_00109,ASV_00340,0.541095890410959,pos,Farm,IT2
ASV_00109,ASV_00343,0.5486111111111112,pos,Farm,IT2
ASV_00109,ASV_00353,0.5138888888888888,pos,Farm,IT2
ASV_00109,ASV_00357,0.5140845070422535,pos,Farm,IT2
ASV_00109,ASV_00372,0.5251798561151079,pos,Farm,IT2
ASV_00109,ASV_00373,0.5357142857142857,pos,Farm,IT2
ASV_00109,ASV_00395,0.5104895104895105,pos,Farm,IT2
ASV_00109,ASV_00397,0.5136986301369864,pos,Farm,IT2
ASV_00109,ASV_00402,0.48226950354609927,pos,Farm,IT2
ASV_00109,ASV_00415,0.5347222222222222,pos,Farm,IT2
ASV_00109,ASV_00443,0.5,pos,Farm,IT2
ASV_00109,ASV_00445,0.5172413793103449,pos,Farm,IT2
ASV_00109,ASV_00455,0.5069444444444444,pos,Farm,IT2
ASV_00109,ASV_00459,0.5704225352112676,pos,Farm,IT2
ASV_00109,ASV_00471,0.5205479452054794,pos,Farm,IT2
ASV_00109,ASV_00488,0.5472972972972973,pos,Farm,IT2
ASV_00109,ASV_00490,0.5782312925170068,pos,Farm,IT2
ASV_00109,ASV_00498,0.5107913669064749,pos,Farm,IT2
ASV_00109,ASV_00503,0.5172413793103449,pos,Farm,IT2
ASV_00109,ASV_00512,0.564625850340136,pos,Farm,IT2
ASV_00109,ASV_00542,0.5540540540540541,pos,Farm,IT2
ASV_00109,ASV_00548,0.5035460992907801,pos,Farm,IT2
ASV_00109,ASV_00559,0.5103448275862069,pos,Farm,IT2
ASV_00109,ASV_00561,0.5723684210526315,pos,Farm,IT2
ASV_00109,ASV_00572,0.5637583892617449,pos,Farm,IT2
ASV_00109,ASV_00587,0.528169014084507,pos,Farm,IT2
ASV_00109,ASV_00615,0.5,pos,Farm,IT2
ASV_00109,ASV_00618,0.5492957746478874,pos,Farm,IT2
ASV_00109,ASV_00633,0.5273972602739726,pos,Farm,IT2
ASV_00109,ASV_00638,0.5306122448979592,pos,Farm,IT2
ASV_00109,ASV_00641,0.5510204081632653,pos,Farm,IT2
ASV_00109,ASV_00673,0.5821917808219178,pos,Farm,IT2
ASV_00109,ASV_00687,0.5172413793103449,pos,Farm,IT2
ASV_00109,ASV_00718,0.5106382978723404,pos,Farm,IT2
ASV_00109,ASV_00801,0.48951048951048953,pos,Farm,IT2
ASV_00109,ASV_00802,0.5510204081632653,pos,Farm,IT2
ASV_00109,ASV_00880,0.5104895104895105,pos,Farm,IT2
ASV_00109,ASV_01023,0.5724137931034483,pos,Farm,IT2
ASV_00109,ASV_01276,0.5070422535211268,pos,Farm,IT2
ASV_00109,ASV_01459,0.5460992907801419,pos,Farm,IT2
ASV_00109,ASV_01512,0.5142857142857142,pos,Farm,IT2
ASV_00109,ASV_01541,0.5379310344827586,pos,Farm,IT2
ASV_00109,ASV_01941,0.5342465753424658,pos,Farm,IT2
ASV_00109,ASV_02332,0.5374149659863946,pos,Farm,IT2
ASV_00110,ASV_00111,0.5251798561151079,pos,Farm,IT2
ASV_00110,ASV_00116,0.5136986301369864,pos,Farm,IT2
ASV_00110,ASV_00125,0.5211267605633803,pos,Farm,IT2
ASV_00110,ASV_00129,0.5136986301369864,pos,Farm,IT2
ASV_00110,ASV_00131,0.5492957746478874,pos,Farm,IT2
ASV_00110,ASV_00136,0.5845070422535211,pos,Farm,IT2
ASV_00110,ASV_00144,0.5208333333333334,pos,Farm,IT2
ASV_00110,ASV_00157,0.5337837837837838,pos,Farm,IT2
ASV_00110,ASV_00159,0.541095890410959,pos,Farm,IT2
ASV_00110,ASV_00162,0.5310344827586206,pos,Farm,IT2
ASV_00110,ASV_00163,0.5069444444444444,pos,Farm,IT2
ASV_00110,ASV_00184,0.5492957746478874,pos,Farm,IT2
ASV_00110,ASV_00189,0.5103448275862069,pos,Farm,IT2
ASV_00110,ASV_00194,0.5714285714285714,pos,Farm,IT2
ASV_00110,ASV_00202,0.48951048951048953,pos,Farm,IT2
ASV_00110,ASV_00206,0.4965034965034965,pos,Farm,IT2
ASV_00110,ASV_00216,0.5277777777777778,pos,Farm,IT2
ASV_00110,ASV_00230,0.547945205479452,pos,Farm,IT2
ASV_00110,ASV_00233,0.503448275862069,pos,Farm,IT2
ASV_00110,ASV_00235,0.5035971223021583,pos,Farm,IT2
ASV_00110,ASV_00237,0.5540540540540541,pos,Farm,IT2
ASV_00110,ASV_00253,0.5578231292517006,pos,Farm,IT2
ASV_00110,ASV_00262,0.5337837837837838,pos,Farm,IT2
ASV_00110,ASV_00270,0.5629139072847682,pos,Farm,IT2
ASV_00110,ASV_00271,0.48201438848920863,pos,Farm,IT2
ASV_00110,ASV_00288,0.5472972972972973,pos,Farm,IT2
ASV_00110,ASV_00292,0.5405405405405406,pos,Farm,IT2
ASV_00110,ASV_00295,0.5306122448979592,pos,Farm,IT2
ASV_00110,ASV_00298,0.5035460992907801,pos,Farm,IT2
ASV_00110,ASV_00312,0.5616438356164384,pos,Farm,IT2
ASV_00110,ASV_00313,0.5734265734265734,pos,Farm,IT2
ASV_00110,ASV_00315,0.4965034965034965,pos,Farm,IT2
ASV_00110,ASV_00317,0.5136986301369864,pos,Farm,IT2
ASV_00110,ASV_00320,0.5104895104895105,pos,Farm,IT2
ASV_00110,ASV_00336,0.5205479452054794,pos,Farm,IT2
ASV_00110,ASV_00350,0.4928571428571429,pos,Farm,IT2
ASV_00110,ASV_00355,0.5306122448979592,pos,Farm,IT2
ASV_00110,ASV_00368,0.5347222222222222,pos,Farm,IT2
ASV_00110,ASV_00389,0.5664335664335665,pos,Farm,IT2
ASV_00110,ASV_00395,0.503448275862069,pos,Farm,IT2
ASV_00110,ASV_00397,0.5273972602739726,pos,Farm,IT2
ASV_00110,ASV_00400,0.5547945205479452,pos,Farm,IT2
ASV_00110,ASV_00409,0.5069444444444444,pos,Farm,IT2
ASV_00110,ASV_00416,0.5205479452054794,pos,Farm,IT2
ASV_00110,ASV_00421,0.547945205479452,pos,Farm,IT2
ASV_00110,ASV_00425,0.5138888888888888,pos,Farm,IT2
ASV_00110,ASV_00447,0.5616438356164384,pos,Farm,IT2
ASV_00110,ASV_00465,0.574468085106383,pos,Farm,IT2
ASV_00110,ASV_00483,0.5503355704697986,pos,Farm,IT2
ASV_00110,ASV_00495,0.5034965034965035,pos,Farm,IT2
ASV_00110,ASV_00496,0.5238095238095238,pos,Farm,IT2
ASV_00110,ASV_00504,0.5533333333333333,pos,Farm,IT2
ASV_00110,ASV_00520,0.5694444444444444,pos,Farm,IT2
ASV_00110,ASV_00524,0.5174825174825175,pos,Farm,IT2
ASV_00110,ASV_00536,0.5821917808219178,pos,Farm,IT2
ASV_00110,ASV_00550,0.5405405405405406,pos,Farm,IT2
ASV_00110,ASV_00566,0.5310344827586206,pos,Farm,IT2
ASV_00110,ASV_00568,0.5616438356164384,pos,Farm,IT2
ASV_00110,ASV_00576,0.5136986301369864,pos,Farm,IT2
ASV_00110,ASV_00581,0.49295774647887325,pos,Farm,IT2
ASV_00110,ASV_00635,0.5436241610738255,pos,Farm,IT2
ASV_00110,ASV_00636,0.58,pos,Farm,IT2
ASV_00110,ASV_00638,0.5337837837837838,pos,Farm,IT2
ASV_00110,ASV_00656,0.5342465753424658,pos,Farm,IT2
ASV_00110,ASV_00679,0.5337837837837838,pos,Farm,IT2
ASV_00110,ASV_00686,0.5664335664335665,pos,Farm,IT2
ASV_00110,ASV_00687,0.5310344827586206,pos,Farm,IT2
ASV_00110,ASV_00734,0.5374149659863946,pos,Farm,IT2
ASV_00110,ASV_00802,0.564625850340136,pos,Farm,IT2
ASV_00110,ASV_00811,0.5337837837837838,pos,Farm,IT2
ASV_00110,ASV_00817,0.5714285714285714,pos,Farm,IT2
ASV_00110,ASV_00822,0.5448275862068965,pos,Farm,IT2
ASV_00110,ASV_00842,0.5211267605633803,pos,Farm,IT2
ASV_00110,ASV_00873,0.5140845070422535,pos,Farm,IT2
ASV_00110,ASV_00890,0.541095890410959,pos,Farm,IT2
ASV_00110,ASV_00989,0.5142857142857142,pos,Farm,IT2
ASV_00110,ASV_01023,0.5436241610738255,pos,Farm,IT2
ASV_00110,ASV_01065,0.5104895104895105,pos,Farm,IT2
ASV_00110,ASV_01152,0.5241379310344828,pos,Farm,IT2
ASV_00110,ASV_01179,0.5069444444444444,pos,Farm,IT2
ASV_00110,ASV_01276,0.5104895104895105,pos,Farm,IT2
ASV_00110,ASV_01512,0.5507246376811594,pos,Farm,IT2
ASV_00111,ASV_00117,0.48872180451127817,pos,Farm,IT2
ASV_00111,ASV_00119,0.4714285714285714,pos,Farm,IT2
ASV_00111,ASV_00123,0.4552238805970149,pos,Farm,IT2
ASV_00111,ASV_00128,0.496551724137931,pos,Farm,IT2
ASV_00111,ASV_00131,0.48905109489051096,pos,Farm,IT2
ASV_00111,ASV_00132,0.46715328467153283,pos,Farm,IT2
ASV_00111,ASV_00136,0.5035971223021583,pos,Farm,IT2
ASV_00111,ASV_00139,0.44776119402985076,pos,Farm,IT2
ASV_00111,ASV_00145,0.5036496350364964,pos,Farm,IT2
ASV_00111,ASV_00151,0.46715328467153283,pos,Farm,IT2
ASV_00111,ASV_00153,0.4676258992805755,pos,Farm,IT2
ASV_00111,ASV_00155,0.47794117647058826,pos,Farm,IT2
ASV_00111,ASV_00157,0.49645390070921985,pos,Farm,IT2
ASV_00111,ASV_00162,0.5036496350364964,pos,Farm,IT2
ASV_00111,ASV_00166,0.5522388059701493,pos,Farm,IT2
ASV_00111,ASV_00173,0.5460992907801419,pos,Farm,IT2
ASV_00111,ASV_00181,0.5179856115107914,pos,Farm,IT2
ASV_00111,ASV_00186,0.5294117647058824,pos,Farm,IT2
ASV_00111,ASV_00187,0.4927536231884058,pos,Farm,IT2
ASV_00111,ASV_00192,0.4927536231884058,pos,Farm,IT2
ASV_00111,ASV_00193,0.48936170212765956,pos,Farm,IT2
ASV_00111,ASV_00206,0.45588235294117646,pos,Farm,IT2
ASV_00111,ASV_00213,0.5,pos,Farm,IT2
ASV_00111,ASV_00218,0.4785714285714286,pos,Farm,IT2
ASV_00111,ASV_00229,0.4927536231884058,pos,Farm,IT2
ASV_00111,ASV_00249,0.49635036496350365,pos,Farm,IT2
ASV_00111,ASV_00252,0.4855072463768116,pos,Farm,IT2
ASV_00111,ASV_00259,0.45112781954887216,pos,Farm,IT2
ASV_00111,ASV_00269,0.5238095238095238,pos,Farm,IT2
ASV_00111,ASV_00270,0.5172413793103449,pos,Farm,IT2
ASV_00111,ASV_00279,0.45588235294117646,pos,Farm,IT2
ASV_00111,ASV_00288,0.48951048951048953,pos,Farm,IT2
ASV_00111,ASV_00292,0.5035460992907801,pos,Farm,IT2
ASV_00111,ASV_00299,0.49264705882352944,pos,Farm,IT2
ASV_00111,ASV_00303,0.4666666666666667,pos,Farm,IT2
ASV_00111,ASV_00312,0.49295774647887325,pos,Farm,IT2
ASV_00111,ASV_00315,0.45588235294117646,pos,Farm,IT2
ASV_00111,ASV_00317,0.4748201438848921,pos,Farm,IT2
ASV_00111,ASV_00320,0.4925373134328358,pos,Farm,IT2
ASV_00111,ASV_00327,0.5037037037037037,pos,Farm,IT2
ASV_00111,ASV_00345,0.5035460992907801,pos,Farm,IT2
ASV_00111,ASV_00346,0.47101449275362317,pos,Farm,IT2
ASV_00111,ASV_00354,0.4676258992805755,pos,Farm,IT2
ASV_00111,ASV_00359,0.4666666666666667,pos,Farm,IT2
ASV_00111,ASV_00367,0.4962962962962963,pos,Farm,IT2
ASV_00111,ASV_00368,0.4748201438848921,pos,Farm,IT2
ASV_00111,ASV_00369,0.49640287769784175,pos,Farm,IT2
ASV_00111,ASV_00389,0.49640287769784175,pos,Farm,IT2
ASV_00111,ASV_00410,0.48201438848920863,pos,Farm,IT2
ASV_00111,ASV_00415,0.4785714285714286,pos,Farm,IT2
ASV_00111,ASV_00421,0.5107913669064749,pos,Farm,IT2
ASV_00111,ASV_00426,0.5273972602739726,pos,Farm,IT2
ASV_00111,ASV_00441,0.48175182481751827,pos,Farm,IT2
ASV_00111,ASV_00443,0.4852941176470588,pos,Farm,IT2
ASV_00111,ASV_00453,0.4928571428571429,pos,Farm,IT2
ASV_00111,ASV_00463,0.49645390070921985,pos,Farm,IT2
ASV_00111,ASV_00467,0.503448275862069,pos,Farm,IT2
ASV_00111,ASV_00476,0.47101449275362317,pos,Farm,IT2
ASV_00111,ASV_00482,0.541095890410959,pos,Farm,IT2
ASV_00111,ASV_00488,0.5140845070422535,pos,Farm,IT2
ASV_00111,ASV_00495,0.48507462686567165,pos,Farm,IT2
ASV_00111,ASV_00512,0.5104895104895105,pos,Farm,IT2
ASV_00111,ASV_00513,0.48201438848920863,pos,Farm,IT2
ASV_00111,ASV_00514,0.5205479452054794,pos,Farm,IT2
ASV_00111,ASV_00518,0.5,pos,Farm,IT2
ASV_00111,ASV_00528,0.47101449275362317,pos,Farm,IT2
ASV_00111,ASV_00534,0.503448275862069,pos,Farm,IT2
ASV_00111,ASV_00536,0.4930555555555556,pos,Farm,IT2
ASV_00111,ASV_00541,0.48201438848920863,pos,Farm,IT2
ASV_00111,ASV_00542,0.5319148936170213,pos,Farm,IT2
ASV_00111,ASV_00544,0.5073529411764706,pos,Farm,IT2
ASV_00111,ASV_00554,0.5217391304347826,pos,Farm,IT2
ASV_00111,ASV_00568,0.5035460992907801,pos,Farm,IT2
ASV_00111,ASV_00569,0.518796992481203,pos,Farm,IT2
ASV_00111,ASV_00574,0.49295774647887325,pos,Farm,IT2
ASV_00111,ASV_00595,0.48175182481751827,pos,Farm,IT2
ASV_00111,ASV_00628,0.4782608695652174,pos,Farm,IT2
ASV_00111,ASV_00636,0.5241379310344828,pos,Farm,IT2
ASV_00111,ASV_00641,0.4965034965034965,pos,Farm,IT2
ASV_00111,ASV_00645,0.49624060150375937,pos,Farm,IT2
ASV_00111,ASV_00714,0.45588235294117646,pos,Farm,IT2
ASV_00111,ASV_00721,0.47761194029850745,pos,Farm,IT2
ASV_00111,ASV_00732,0.5,pos,Farm,IT2
ASV_00111,ASV_00760,0.5285714285714286,pos,Farm,IT2
ASV_00111,ASV_00772,0.5,pos,Farm,IT2
ASV_00111,ASV_00806,0.48951048951048953,pos,Farm,IT2
ASV_00111,ASV_00807,0.5072463768115942,pos,Farm,IT2
ASV_00111,ASV_00809,0.5136986301369864,pos,Farm,IT2
ASV_00111,ASV_00811,0.5071428571428571,pos,Farm,IT2
ASV_00111,ASV_00815,0.5102040816326531,pos,Farm,IT2
ASV_00111,ASV_00817,0.524822695035461,pos,Farm,IT2
ASV_00111,ASV_00829,0.4748201438848921,pos,Farm,IT2
ASV_00111,ASV_00842,0.48148148148148145,pos,Farm,IT2
ASV_00111,ASV_00865,0.4857142857142857,pos,Farm,IT2
ASV_00111,ASV_00869,0.5177304964539007,pos,Farm,IT2
ASV_00111,ASV_00924,0.4552238805970149,pos,Farm,IT2
ASV_00111,ASV_00952,0.463768115942029,pos,Farm,IT2
ASV_00111,ASV_00959,0.5,pos,Farm,IT2
ASV_00111,ASV_00966,0.45185185185185184,pos,Farm,IT2
ASV_00111,ASV_00987,0.47101449275362317,pos,Farm,IT2
ASV_00111,ASV_01071,0.5,pos,Farm,IT2
ASV_00111,ASV_01152,0.4855072463768116,pos,Farm,IT2
ASV_00111,ASV_01249,0.47101449275362317,pos,Farm,IT2
ASV_00111,ASV_01250,0.4930555555555556,pos,Farm,IT2
ASV_00111,ASV_01267,0.5073529411764706,pos,Farm,IT2
ASV_00111,ASV_01288,0.48936170212765956,pos,Farm,IT2
ASV_00111,ASV_01342,0.503448275862069,pos,Farm,IT2
ASV_00111,ASV_01368,0.5109489051094891,pos,Farm,IT2
ASV_00111,ASV_01385,0.4855072463768116,pos,Farm,IT2
ASV_00111,ASV_01426,0.5037593984962406,pos,Farm,IT2
ASV_00111,ASV_01458,0.45925925925925926,pos,Farm,IT2
ASV_00111,ASV_01491,0.5147058823529411,pos,Farm,IT2
ASV_00111,ASV_01503,0.5035971223021583,pos,Farm,IT2
ASV_00111,ASV_02332,0.5035460992907801,pos,Farm,IT2
ASV_00112,ASV_00142,0.5174825174825175,pos,Farm,IT2
ASV_00112,ASV_00146,0.5342465753424658,pos,Farm,IT2
ASV_00112,ASV_00151,0.49645390070921985,pos,Farm,IT2
ASV_00112,ASV_00160,0.5177304964539007,pos,Farm,IT2
ASV_00112,ASV_00165,0.4928571428571429,pos,Farm,IT2
ASV_00112,ASV_00168,0.5306122448979592,pos,Farm,IT2
ASV_00112,ASV_00184,0.4965034965034965,pos,Farm,IT2
ASV_00112,ASV_00189,0.5,pos,Farm,IT2
ASV_00112,ASV_00192,0.5104895104895105,pos,Farm,IT2
ASV_00112,ASV_00208,0.5177304964539007,pos,Farm,IT2
ASV_00112,ASV_00230,0.5172413793103449,pos,Farm,IT2
ASV_00112,ASV_00233,0.5142857142857142,pos,Farm,IT2
ASV_00112,ASV_00242,0.4782608695652174,pos,Farm,IT2
ASV_00112,ASV_00259,0.49264705882352944,pos,Farm,IT2
ASV_00112,ASV_00262,0.5241379310344828,pos,Farm,IT2
ASV_00112,ASV_00264,0.5289855072463768,pos,Farm,IT2
ASV_00112,ASV_00270,0.5540540540540541,pos,Farm,IT2
ASV_00112,ASV_00271,0.47058823529411764,pos,Farm,IT2
ASV_00112,ASV_00273,0.5460992907801419,pos,Farm,IT2
ASV_00112,ASV_00292,0.5524475524475524,pos,Farm,IT2
ASV_00112,ASV_00303,0.4857142857142857,pos,Farm,IT2
ASV_00112,ASV_00304,0.5510204081632653,pos,Farm,IT2
ASV_00112,ASV_00305,0.5342465753424658,pos,Farm,IT2
ASV_00112,ASV_00323,0.5174825174825175,pos,Farm,IT2
ASV_00112,ASV_00330,0.5,pos,Farm,IT2
ASV_00112,ASV_00340,0.5136986301369864,pos,Farm,IT2
ASV_00112,ASV_00345,0.5310344827586206,pos,Farm,IT2
ASV_00112,ASV_00346,0.5323741007194245,pos,Farm,IT2
ASV_00112,ASV_00347,0.5205479452054794,pos,Farm,IT2
ASV_00112,ASV_00352,0.4965034965034965,pos,Farm,IT2
ASV_00112,ASV_00391,0.5,pos,Farm,IT2
ASV_00112,ASV_00403,0.5347222222222222,pos,Farm,IT2
ASV_00112,ASV_00407,0.4965034965034965,pos,Farm,IT2
ASV_00112,ASV_00418,0.5177304964539007,pos,Farm,IT2
ASV_00112,ASV_00425,0.5035460992907801,pos,Farm,IT2
ASV_00112,ASV_00426,0.5533333333333333,pos,Farm,IT2
ASV_00112,ASV_00438,0.5319148936170213,pos,Farm,IT2
ASV_00112,ASV_00445,0.5,pos,Farm,IT2
ASV_00112,ASV_00451,0.5306122448979592,pos,Farm,IT2
ASV_00112,ASV_00454,0.5486111111111112,pos,Farm,IT2
ASV_00112,ASV_00459,0.5103448275862069,pos,Farm,IT2
ASV_00112,ASV_00460,0.5422535211267606,pos,Farm,IT2
ASV_00112,ASV_00512,0.527027027027027,pos,Farm,IT2
ASV_00112,ASV_00518,0.5374149659863946,pos,Farm,IT2
ASV_00112,ASV_00528,0.5106382978723404,pos,Farm,IT2
ASV_00112,ASV_00534,0.5616438356164384,pos,Farm,IT2
ASV_00112,ASV_00541,0.5,pos,Farm,IT2
ASV_00112,ASV_00554,0.5172413793103449,pos,Farm,IT2
ASV_00112,ASV_00574,0.5416666666666666,pos,Farm,IT2
ASV_00112,ASV_00581,0.48201438848920863,pos,Farm,IT2
ASV_00112,ASV_00596,0.48201438848920863,pos,Farm,IT2
ASV_00112,ASV_00618,0.5211267605633803,pos,Farm,IT2
ASV_00112,ASV_00620,0.5241379310344828,pos,Farm,IT2
ASV_00112,ASV_00630,0.49640287769784175,pos,Farm,IT2
ASV_00112,ASV_00643,0.5390070921985816,pos,Farm,IT2
ASV_00112,ASV_00673,0.5763888888888888,pos,Farm,IT2
ASV_00112,ASV_00687,0.5104895104895105,pos,Farm,IT2
ASV_00112,ASV_00732,0.5070422535211268,pos,Farm,IT2
ASV_00112,ASV_00769,0.5104895104895105,pos,Farm,IT2
ASV_00112,ASV_00772,0.5611510791366906,pos,Farm,IT2
ASV_00112,ASV_00801,0.5035971223021583,pos,Farm,IT2
ASV_00112,ASV_00843,0.5241379310344828,pos,Farm,IT2
ASV_00112,ASV_00869,0.5342465753424658,pos,Farm,IT2
ASV_00112,ASV_00912,0.48201438848920863,pos,Farm,IT2
ASV_00112,ASV_01048,0.5034965034965035,pos,Farm,IT2
ASV_00112,ASV_01092,0.527027027027027,pos,Farm,IT2
ASV_00112,ASV_01153,0.49295774647887325,pos,Farm,IT2
ASV_00112,ASV_01249,0.5214285714285715,pos,Farm,IT2
ASV_00112,ASV_01267,0.5034965034965035,pos,Farm,IT2
ASV_00112,ASV_01276,0.5,pos,Farm,IT2
ASV_00112,ASV_01385,0.5357142857142857,pos,Farm,IT2
ASV_00112,ASV_01578,0.5138888888888888,pos,Farm,IT2
ASV_00112,ASV_02020,0.5140845070422535,pos,Farm,IT2
ASV_00113,ASV_00122,0.5072463768115942,pos,Farm,IT2
ASV_00113,ASV_00127,0.5177304964539007,pos,Farm,IT2
ASV_00113,ASV_00130,0.5214285714285715,pos,Farm,IT2
ASV_00113,ASV_00131,0.5035971223021583,pos,Farm,IT2
ASV_00113,ASV_00133,0.5035971223021583,pos,Farm,IT2
ASV_00113,ASV_00141,0.4785714285714286,pos,Farm,IT2
ASV_00113,ASV_00142,0.49295774647887325,pos,Farm,IT2
ASV_00113,ASV_00161,0.5,pos,Farm,IT2
ASV_00113,ASV_00164,0.4785714285714286,pos,Farm,IT2
ASV_00113,ASV_00169,0.4965034965034965,pos,Farm,IT2
ASV_00113,ASV_00172,0.5,pos,Farm,IT2
ASV_00113,ASV_00176,0.46715328467153283,pos,Farm,IT2
ASV_00113,ASV_00186,0.5106382978723404,pos,Farm,IT2
ASV_00113,ASV_00192,0.5289855072463768,pos,Farm,IT2
ASV_00113,ASV_00193,0.5357142857142857,pos,Farm,IT2
ASV_00113,ASV_00198,0.5107913669064749,pos,Farm,IT2
ASV_00113,ASV_00200,0.48201438848920863,pos,Farm,IT2
ASV_00113,ASV_00203,0.5035460992907801,pos,Farm,IT2
ASV_00113,ASV_00216,0.48226950354609927,pos,Farm,IT2
ASV_00113,ASV_00240,0.4857142857142857,pos,Farm,IT2
ASV_00113,ASV_00243,0.5214285714285715,pos,Farm,IT2
ASV_00113,ASV_00250,0.524822695035461,pos,Farm,IT2
ASV_00113,ASV_00251,0.5034965034965035,pos,Farm,IT2
ASV_00113,ASV_00252,0.5,pos,Farm,IT2
ASV_00113,ASV_00253,0.5352112676056338,pos,Farm,IT2
ASV_00113,ASV_00262,0.5104895104895105,pos,Farm,IT2
ASV_00113,ASV_00263,0.5138888888888888,pos,Farm,IT2
ASV_00113,ASV_00267,0.4748201438848921,pos,Farm,IT2
ASV_00113,ASV_00270,0.5202702702702703,pos,Farm,IT2
ASV_00113,ASV_00273,0.5106382978723404,pos,Farm,IT2
ASV_00113,ASV_00283,0.528169014084507,pos,Farm,IT2
ASV_00113,ASV_00286,0.5035460992907801,pos,Farm,IT2
ASV_00113,ASV_00290,0.541095890410959,pos,Farm,IT2
ASV_00113,ASV_00295,0.5285714285714286,pos,Farm,IT2
ASV_00113,ASV_00296,0.47101449275362317,pos,Farm,IT2
ASV_00113,ASV_00298,0.47794117647058826,pos,Farm,IT2
ASV_00113,ASV_00299,0.5072463768115942,pos,Farm,IT2
ASV_00113,ASV_00305,0.5208333333333334,pos,Farm,IT2
ASV_00113,ASV_00312,0.5069444444444444,pos,Farm,IT2
ASV_00113,ASV_00313,0.4965034965034965,pos,Farm,IT2
ASV_00113,ASV_00315,0.48175182481751827,pos,Farm,IT2
ASV_00113,ASV_00324,0.5,pos,Farm,IT2
ASV_00113,ASV_00328,0.5034965034965035,pos,Farm,IT2
ASV_00113,ASV_00335,0.46715328467153283,pos,Farm,IT2
ASV_00113,ASV_00343,0.4965034965034965,pos,Farm,IT2
ASV_00113,ASV_00346,0.4857142857142857,pos,Farm,IT2
ASV_00113,ASV_00347,0.55,pos,Farm,IT2
ASV_00113,ASV_00356,0.5103448275862069,pos,Farm,IT2
ASV_00113,ASV_00365,0.5179856115107914,pos,Farm,IT2
ASV_00113,ASV_00368,0.5,pos,Farm,IT2
ASV_00113,ASV_00378,0.5208333333333334,pos,Farm,IT2
ASV_00113,ASV_00384,0.4859154929577465,pos,Farm,IT2
ASV_00113,ASV_00404,0.49635036496350365,pos,Farm,IT2
ASV_00113,ASV_00415,0.49295774647887325,pos,Farm,IT2
ASV_00113,ASV_00422,0.4859154929577465,pos,Farm,IT2
ASV_00113,ASV_00438,0.49645390070921985,pos,Farm,IT2
ASV_00113,ASV_00441,0.4857142857142857,pos,Farm,IT2
ASV_00113,ASV_00443,0.556390977443609,pos,Farm,IT2
ASV_00113,ASV_00452,0.5,pos,Farm,IT2
ASV_00113,ASV_00479,0.55,pos,Farm,IT2
ASV_00113,ASV_00493,0.5103448275862069,pos,Farm,IT2
ASV_00113,ASV_00494,0.49295774647887325,pos,Farm,IT2
ASV_00113,ASV_00501,0.5214285714285715,pos,Farm,IT2
ASV_00113,ASV_00513,0.49645390070921985,pos,Farm,IT2
ASV_00113,ASV_00534,0.5170068027210885,pos,Farm,IT2
ASV_00113,ASV_00544,0.5,pos,Farm,IT2
ASV_00113,ASV_00548,0.48175182481751827,pos,Farm,IT2
ASV_00113,ASV_00550,0.5174825174825175,pos,Farm,IT2
ASV_00113,ASV_00554,0.5034965034965035,pos,Farm,IT2
ASV_00113,ASV_00570,0.4748201438848921,pos,Farm,IT2
ASV_00113,ASV_00571,0.5357142857142857,pos,Farm,IT2
ASV_00113,ASV_00576,0.5,pos,Farm,IT2
ASV_00113,ASV_00595,0.4857142857142857,pos,Farm,IT2
ASV_00113,ASV_00628,0.5035971223021583,pos,Farm,IT2
ASV_00113,ASV_00630,0.47101449275362317,pos,Farm,IT2
ASV_00113,ASV_00636,0.527027027027027,pos,Farm,IT2
ASV_00113,ASV_00641,0.5103448275862069,pos,Farm,IT2
ASV_00113,ASV_00651,0.49645390070921985,pos,Farm,IT2
ASV_00113,ASV_00662,0.4892086330935252,pos,Farm,IT2
ASV_00113,ASV_00671,0.49640287769784175,pos,Farm,IT2
ASV_00113,ASV_00676,0.5172413793103449,pos,Farm,IT2
ASV_00113,ASV_00679,0.5,pos,Farm,IT2
ASV_00113,ASV_00686,0.5106382978723404,pos,Farm,IT2
ASV_00113,ASV_00687,0.4859154929577465,pos,Farm,IT2
ASV_00113,ASV_00714,0.5037037037037037,pos,Farm,IT2
ASV_00113,ASV_00721,0.47101449275362317,pos,Farm,IT2
ASV_00113,ASV_00757,0.5140845070422535,pos,Farm,IT2
ASV_00113,ASV_00772,0.49295774647887325,pos,Farm,IT2
ASV_00113,ASV_00789,0.5,pos,Farm,IT2
ASV_00113,ASV_00815,0.5234899328859061,pos,Farm,IT2
ASV_00113,ASV_00821,0.4965034965034965,pos,Farm,IT2
ASV_00113,ASV_00842,0.4855072463768116,pos,Farm,IT2
ASV_00113,ASV_00848,0.5104895104895105,pos,Farm,IT2
ASV_00113,ASV_00865,0.5214285714285715,pos,Farm,IT2
ASV_00113,ASV_00873,0.48905109489051096,pos,Farm,IT2
ASV_00113,ASV_00912,0.5227272727272727,pos,Farm,IT2
ASV_00113,ASV_00924,0.45985401459854014,pos,Farm,IT2
ASV_00113,ASV_00929,0.5174825174825175,pos,Farm,IT2
ASV_00113,ASV_00984,0.5106382978723404,pos,Farm,IT2
ASV_00113,ASV_00987,0.5182481751824818,pos,Farm,IT2
ASV_00113,ASV_00989,0.5112781954887218,pos,Farm,IT2
ASV_00113,ASV_01023,0.5103448275862069,pos,Farm,IT2
ASV_00113,ASV_01048,0.5,pos,Farm,IT2
ASV_00113,ASV_01065,0.5298507462686567,pos,Farm,IT2
ASV_00113,ASV_01071,0.5035971223021583,pos,Farm,IT2
ASV_00113,ASV_01152,0.48936170212765956,pos,Farm,IT2
ASV_00113,ASV_01223,0.45588235294117646,pos,Farm,IT2
ASV_00113,ASV_01249,0.5072463768115942,pos,Farm,IT2
ASV_00113,ASV_01342,0.5273972602739726,pos,Farm,IT2
ASV_00113,ASV_01491,0.49645390070921985,pos,Farm,IT2
ASV_00113,ASV_01840,0.49645390070921985,pos,Farm,IT2
ASV_00115,ASV_00127,0.4857142857142857,pos,Farm,IT2
ASV_00115,ASV_00132,0.45985401459854014,pos,Farm,IT2
ASV_00115,ASV_00137,0.463768115942029,pos,Farm,IT2
ASV_00115,ASV_00145,0.4748201438848921,pos,Farm,IT2
ASV_00115,ASV_00148,0.4930555555555556,pos,Farm,IT2
ASV_00115,ASV_00152,0.5142857142857142,pos,Farm,IT2
ASV_00115,ASV_00164,0.47794117647058826,pos,Farm,IT2
ASV_00115,ASV_00166,0.5109489051094891,pos,Farm,IT2
ASV_00115,ASV_00186,0.4892086330935252,pos,Farm,IT2
ASV_00115,ASV_00197,0.4714285714285714,pos,Farm,IT2
ASV_00115,ASV_00205,0.5319148936170213,pos,Farm,IT2
ASV_00115,ASV_00212,0.5111111111111111,pos,Farm,IT2
ASV_00115,ASV_00232,0.5071428571428571,pos,Farm,IT2
ASV_00115,ASV_00235,0.44360902255639095,pos,Farm,IT2
ASV_00115,ASV_00237,0.5106382978723404,pos,Farm,IT2
ASV_00115,ASV_00238,0.475177304964539,pos,Farm,IT2
ASV_00115,ASV_00240,0.4744525547445255,pos,Farm,IT2
ASV_00115,ASV_00246,0.5107913669064749,pos,Farm,IT2
ASV_00115,ASV_00251,0.5035971223021583,pos,Farm,IT2
ASV_00115,ASV_00253,0.5035460992907801,pos,Farm,IT2
ASV_00115,ASV_00259,0.46564885496183206,pos,Farm,IT2
ASV_00115,ASV_00262,0.4788732394366197,pos,Farm,IT2
ASV_00115,ASV_00274,0.496551724137931,pos,Farm,IT2
ASV_00115,ASV_00284,0.4740740740740741,pos,Farm,IT2
ASV_00115,ASV_00290,0.5,pos,Farm,IT2
ASV_00115,ASV_00292,0.4859154929577465,pos,Farm,IT2
ASV_00115,ASV_00294,0.5035971223021583,pos,Farm,IT2
ASV_00115,ASV_00295,0.475177304964539,pos,Farm,IT2
ASV_00115,ASV_00304,0.496551724137931,pos,Farm,IT2
ASV_00115,ASV_00307,0.46715328467153283,pos,Farm,IT2
ASV_00115,ASV_00315,0.45925925925925926,pos,Farm,IT2
ASV_00115,ASV_00327,0.463768115942029,pos,Farm,IT2
ASV_00115,ASV_00331,0.5136986301369864,pos,Farm,IT2
ASV_00115,ASV_00332,0.47101449275362317,pos,Farm,IT2
ASV_00115,ASV_00372,0.48120300751879697,pos,Farm,IT2
ASV_00115,ASV_00407,0.49264705882352944,pos,Farm,IT2
ASV_00115,ASV_00426,0.5416666666666666,pos,Farm,IT2
ASV_00115,ASV_00452,0.47794117647058826,pos,Farm,IT2
ASV_00115,ASV_00482,0.5135135135135135,pos,Farm,IT2
ASV_00115,ASV_00529,0.4485294117647059,pos,Farm,IT2
ASV_00115,ASV_00530,0.5147058823529411,pos,Farm,IT2
ASV_00115,ASV_00541,0.5073529411764706,pos,Farm,IT2
ASV_00115,ASV_00544,0.5111111111111111,pos,Farm,IT2
ASV_00115,ASV_00550,0.5179856115107914,pos,Farm,IT2
ASV_00115,ASV_00551,0.475177304964539,pos,Farm,IT2
ASV_00115,ASV_00554,0.48226950354609927,pos,Farm,IT2
ASV_00115,ASV_00569,0.5112781954887218,pos,Farm,IT2
ASV_00115,ASV_00596,0.4444444444444444,pos,Farm,IT2
ASV_00115,ASV_00662,0.4888888888888889,pos,Farm,IT2
ASV_00115,ASV_00758,0.4857142857142857,pos,Farm,IT2
ASV_00115,ASV_00869,0.48951048951048953,pos,Farm,IT2
ASV_00115,ASV_00873,0.4666666666666667,pos,Farm,IT2
ASV_00115,ASV_00929,0.49645390070921985,pos,Farm,IT2
ASV_00115,ASV_00984,0.5,pos,Farm,IT2
ASV_00115,ASV_01223,0.45454545454545453,pos,Farm,IT2
ASV_00115,ASV_01250,0.4965034965034965,pos,Farm,IT2
ASV_00115,ASV_01267,0.4782608695652174,pos,Farm,IT2
ASV_00115,ASV_01368,0.48201438848920863,pos,Farm,IT2
ASV_00115,ASV_01508,0.49295774647887325,pos,Farm,IT2
ASV_00115,ASV_02149,0.45985401459854014,pos,Farm,IT2
ASV_00116,ASV_00132,0.5217391304347826,pos,Farm,IT2
ASV_00116,ASV_00139,0.48175182481751827,pos,Farm,IT2
ASV_00116,ASV_00152,0.5205479452054794,pos,Farm,IT2
ASV_00116,ASV_00155,0.5107913669064749,pos,Farm,IT2
ASV_00116,ASV_00157,0.5277777777777778,pos,Farm,IT2
ASV_00116,ASV_00173,0.5337837837837838,pos,Farm,IT2
ASV_00116,ASV_00178,0.5103448275862069,pos,Farm,IT2
ASV_00116,ASV_00184,0.5106382978723404,pos,Farm,IT2
ASV_00116,ASV_00197,0.5319148936170213,pos,Farm,IT2
ASV_00116,ASV_00202,0.4714285714285714,pos,Farm,IT2
ASV_00116,ASV_00206,0.4785714285714286,pos,Farm,IT2
ASV_00116,ASV_00212,0.5177304964539007,pos,Farm,IT2
ASV_00116,ASV_00216,0.5214285714285715,pos,Farm,IT2
ASV_00116,ASV_00231,0.4965034965034965,pos,Farm,IT2
ASV_00116,ASV_00233,0.5071428571428571,pos,Farm,IT2
ASV_00116,ASV_00265,0.49645390070921985,pos,Farm,IT2
ASV_00116,ASV_00266,0.5103448275862069,pos,Farm,IT2
ASV_00116,ASV_00276,0.5241379310344828,pos,Farm,IT2
ASV_00116,ASV_00279,0.4785714285714286,pos,Farm,IT2
ASV_00116,ASV_00291,0.4892086330935252,pos,Farm,IT2
ASV_00116,ASV_00300,0.5874125874125874,pos,Farm,IT2
ASV_00116,ASV_00304,0.54421768707483,pos,Farm,IT2
ASV_00116,ASV_00318,0.528169014084507,pos,Farm,IT2
ASV_00116,ASV_00323,0.5,pos,Farm,IT2
ASV_00116,ASV_00326,0.4859154929577465,pos,Farm,IT2
ASV_00116,ASV_00334,0.5172413793103449,pos,Farm,IT2
ASV_00116,ASV_00339,0.4928571428571429,pos,Farm,IT2
ASV_00116,ASV_00345,0.5241379310344828,pos,Farm,IT2
ASV_00116,ASV_00346,0.5035460992907801,pos,Farm,IT2
ASV_00116,ASV_00350,0.463768115942029,pos,Farm,IT2
ASV_00116,ASV_00389,0.572463768115942,pos,Farm,IT2
ASV_00116,ASV_00393,0.4855072463768116,pos,Farm,IT2
ASV_00116,ASV_00397,0.5,pos,Farm,IT2
ASV_00116,ASV_00403,0.5277777777777778,pos,Farm,IT2
ASV_00116,ASV_00404,0.48226950354609927,pos,Farm,IT2
ASV_00116,ASV_00406,0.5035971223021583,pos,Farm,IT2
ASV_00116,ASV_00412,0.4928571428571429,pos,Farm,IT2
ASV_00116,ASV_00421,0.5314685314685315,pos,Farm,IT2
ASV_00116,ASV_00429,0.4962962962962963,pos,Farm,IT2
ASV_00116,ASV_00447,0.5347222222222222,pos,Farm,IT2
ASV_00116,ASV_00464,0.5136986301369864,pos,Farm,IT2
ASV_00116,ASV_00474,0.5314685314685315,pos,Farm,IT2
ASV_00116,ASV_00485,0.5531914893617021,pos,Farm,IT2
ASV_00116,ASV_00495,0.4857142857142857,pos,Farm,IT2
ASV_00116,ASV_00496,0.528169014084507,pos,Farm,IT2
ASV_00116,ASV_00498,0.4748201438848921,pos,Farm,IT2
ASV_00116,ASV_00504,0.527027027027027,pos,Farm,IT2
ASV_00116,ASV_00506,0.5,pos,Farm,IT2
ASV_00116,ASV_00507,0.5104895104895105,pos,Farm,IT2
ASV_00116,ASV_00514,0.54,pos,Farm,IT2
ASV_00116,ASV_00533,0.5177304964539007,pos,Farm,IT2
ASV_00116,ASV_00570,0.5144927536231884,pos,Farm,IT2
ASV_00116,ASV_00571,0.5208333333333334,pos,Farm,IT2
ASV_00116,ASV_00581,0.4748201438848921,pos,Farm,IT2
ASV_00116,ASV_00592,0.5211267605633803,pos,Farm,IT2
ASV_00116,ASV_00612,0.5277777777777778,pos,Farm,IT2
ASV_00116,ASV_00615,0.5182481751824818,pos,Farm,IT2
ASV_00116,ASV_00633,0.5352112676056338,pos,Farm,IT2
ASV_00116,ASV_00651,0.5034965034965035,pos,Farm,IT2
ASV_00116,ASV_00656,0.528169014084507,pos,Farm,IT2
ASV_00116,ASV_00666,0.5310344827586206,pos,Farm,IT2
ASV_00116,ASV_00679,0.5277777777777778,pos,Farm,IT2
ASV_00116,ASV_00714,0.4785714285714286,pos,Farm,IT2
ASV_00116,ASV_00721,0.5,pos,Farm,IT2
ASV_00116,ASV_00793,0.5142857142857142,pos,Farm,IT2
ASV_00116,ASV_00815,0.54,pos,Farm,IT2
ASV_00116,ASV_00906,0.5337837837837838,pos,Farm,IT2
ASV_00116,ASV_00909,0.49295774647887325,pos,Farm,IT2
ASV_00116,ASV_00952,0.5071428571428571,pos,Farm,IT2
ASV_00116,ASV_00984,0.5174825174825175,pos,Farm,IT2
ASV_00116,ASV_01253,0.5539568345323741,pos,Farm,IT2
ASV_00116,ASV_01276,0.5255474452554745,pos,Farm,IT2
ASV_00116,ASV_01288,0.5208333333333334,pos,Farm,IT2
ASV_00116,ASV_01385,0.5070422535211268,pos,Farm,IT2
ASV_00116,ASV_01458,0.5036496350364964,pos,Farm,IT2
ASV_00116,ASV_01491,0.5034965034965035,pos,Farm,IT2
ASV_00116,ASV_01508,0.5205479452054794,pos,Farm,IT2
ASV_00116,ASV_01512,0.4785714285714286,pos,Farm,IT2
ASV_00116,ASV_02149,0.5107913669064749,pos,Farm,IT2
ASV_00117,ASV_00119,0.5294117647058824,pos,Farm,IT2
ASV_00117,ASV_00122,0.4855072463768116,pos,Farm,IT2
ASV_00117,ASV_00127,0.5071428571428571,pos,Farm,IT2
ASV_00117,ASV_00128,0.5314685314685315,pos,Farm,IT2
ASV_00117,ASV_00129,0.5,pos,Farm,IT2
ASV_00117,ASV_00132,0.47101449275362317,pos,Farm,IT2
ASV_00117,ASV_00137,0.4748201438848921,pos,Farm,IT2
ASV_00117,ASV_00138,0.5220588235294118,pos,Farm,IT2
ASV_00117,ASV_00139,0.4626865671641791,pos,Farm,IT2
ASV_00117,ASV_00140,0.5111111111111111,pos,Farm,IT2
ASV_00117,ASV_00142,0.5255474452554745,pos,Farm,IT2
ASV_00117,ASV_00144,0.5298507462686567,pos,Farm,IT2
ASV_00117,ASV_00148,0.503448275862069,pos,Farm,IT2
ASV_00117,ASV_00153,0.48201438848920863,pos,Farm,IT2
ASV_00117,ASV_00159,0.49645390070921985,pos,Farm,IT2
ASV_00117,ASV_00166,0.5,pos,Farm,IT2
ASV_00117,ASV_00172,0.5441176470588235,pos,Farm,IT2
ASV_00117,ASV_00173,0.5277777777777778,pos,Farm,IT2
ASV_00117,ASV_00178,0.49295774647887325,pos,Farm,IT2
ASV_00117,ASV_00181,0.48951048951048953,pos,Farm,IT2
ASV_00117,ASV_00187,0.4857142857142857,pos,Farm,IT2
ASV_00117,ASV_00191,0.4927536231884058,pos,Farm,IT2
ASV_00117,ASV_00192,0.4857142857142857,pos,Farm,IT2
ASV_00117,ASV_00206,0.48148148148148145,pos,Farm,IT2
ASV_00117,ASV_00210,0.5244755244755245,pos,Farm,IT2
ASV_00117,ASV_00213,0.5244755244755245,pos,Farm,IT2
ASV_00117,ASV_00218,0.48226950354609927,pos,Farm,IT2
ASV_00117,ASV_00226,0.48201438848920863,pos,Farm,IT2
ASV_00117,ASV_00228,0.463768115942029,pos,Farm,IT2
ASV_00117,ASV_00233,0.48905109489051096,pos,Farm,IT2
ASV_00117,ASV_00237,0.5,pos,Farm,IT2
ASV_00117,ASV_00251,0.49295774647887325,pos,Farm,IT2
ASV_00117,ASV_00252,0.5220588235294118,pos,Farm,IT2
ASV_00117,ASV_00273,0.5,pos,Farm,IT2
ASV_00117,ASV_00283,0.4965034965034965,pos,Farm,IT2
ASV_00117,ASV_00288,0.5034965034965035,pos,Farm,IT2
ASV_00117,ASV_00290,0.5102040816326531,pos,Farm,IT2
ASV_00117,ASV_00291,0.4925373134328358,pos,Farm,IT2
ASV_00117,ASV_00295,0.49645390070921985,pos,Farm,IT2
ASV_00117,ASV_00297,0.5182481751824818,pos,Farm,IT2
ASV_00117,ASV_00298,0.45588235294117646,pos,Farm,IT2
ASV_00117,ASV_00299,0.5298507462686567,pos,Farm,IT2
ASV_00117,ASV_00300,0.5172413793103449,pos,Farm,IT2
ASV_00117,ASV_00303,0.4925373134328358,pos,Farm,IT2
ASV_00117,ASV_00307,0.4782608695652174,pos,Farm,IT2
ASV_00117,ASV_00311,0.528169014084507,pos,Farm,IT2
ASV_00117,ASV_00320,0.4744525547445255,pos,Farm,IT2
ASV_00117,ASV_00323,0.48226950354609927,pos,Farm,IT2
ASV_00117,ASV_00324,0.5109489051094891,pos,Farm,IT2
ASV_00117,ASV_00328,0.49295774647887325,pos,Farm,IT2
ASV_00117,ASV_00337,0.503448275862069,pos,Farm,IT2
ASV_00117,ASV_00354,0.5488721804511278,pos,Farm,IT2
ASV_00117,ASV_00355,0.5071428571428571,pos,Farm,IT2
ASV_00117,ASV_00359,0.48148148148148145,pos,Farm,IT2
ASV_00117,ASV_00367,0.5111111111111111,pos,Farm,IT2
ASV_00117,ASV_00368,0.5109489051094891,pos,Farm,IT2
ASV_00117,ASV_00369,0.5107913669064749,pos,Farm,IT2
ASV_00117,ASV_00373,0.5149253731343284,pos,Farm,IT2
ASV_00117,ASV_00378,0.5104895104895105,pos,Farm,IT2
ASV_00117,ASV_00380,0.48905109489051096,pos,Farm,IT2
ASV_00117,ASV_00384,0.49640287769784175,pos,Farm,IT2
ASV_00117,ASV_00390,0.5103448275862069,pos,Farm,IT2
ASV_00117,ASV_00391,0.463768115942029,pos,Farm,IT2
ASV_00117,ASV_00404,0.463768115942029,pos,Farm,IT2
ASV_00117,ASV_00406,0.4744525547445255,pos,Farm,IT2
ASV_00117,ASV_00407,0.4927536231884058,pos,Farm,IT2
ASV_00117,ASV_00410,0.49640287769784175,pos,Farm,IT2
ASV_00117,ASV_00415,0.48226950354609927,pos,Farm,IT2
ASV_00117,ASV_00426,0.5734265734265734,pos,Farm,IT2
ASV_00117,ASV_00438,0.5072463768115942,pos,Farm,IT2
ASV_00117,ASV_00442,0.4930555555555556,pos,Farm,IT2
ASV_00117,ASV_00443,0.48905109489051096,pos,Farm,IT2
ASV_00117,ASV_00444,0.5144927536231884,pos,Farm,IT2
ASV_00117,ASV_00447,0.4965034965034965,pos,Farm,IT2
ASV_00117,ASV_00450,0.4859154929577465,pos,Farm,IT2
ASV_00117,ASV_00452,0.4676258992805755,pos,Farm,IT2
ASV_00117,ASV_00453,0.5179856115107914,pos,Farm,IT2
ASV_00117,ASV_00458,0.463768115942029,pos,Farm,IT2
ASV_00117,ASV_00459,0.49645390070921985,pos,Farm,IT2
ASV_00117,ASV_00460,0.5401459854014599,pos,Farm,IT2
ASV_00117,ASV_00464,0.4965034965034965,pos,Farm,IT2
ASV_00117,ASV_00467,0.5277777777777778,pos,Farm,IT2
ASV_00117,ASV_00483,0.5174825174825175,pos,Farm,IT2
ASV_00117,ASV_00485,0.49295774647887325,pos,Farm,IT2
ASV_00117,ASV_00486,0.5103448275862069,pos,Farm,IT2
ASV_00117,ASV_00495,0.5,pos,Farm,IT2
ASV_00117,ASV_00496,0.5217391304347826,pos,Farm,IT2
ASV_00117,ASV_00501,0.5217391304347826,pos,Farm,IT2
ASV_00117,ASV_00504,0.5103448275862069,pos,Farm,IT2
ASV_00117,ASV_00506,0.47101449275362317,pos,Farm,IT2
ASV_00117,ASV_00508,0.5073529411764706,pos,Farm,IT2
ASV_00117,ASV_00513,0.5072463768115942,pos,Farm,IT2
ASV_00117,ASV_00518,0.503448275862069,pos,Farm,IT2
ASV_00117,ASV_00529,0.47058823529411764,pos,Farm,IT2
ASV_00117,ASV_00536,0.5390070921985816,pos,Farm,IT2
ASV_00117,ASV_00542,0.503448275862069,pos,Farm,IT2
ASV_00117,ASV_00550,0.4965034965034965,pos,Farm,IT2
ASV_00117,ASV_00554,0.5142857142857142,pos,Farm,IT2
ASV_00117,ASV_00556,0.5107913669064749,pos,Farm,IT2
ASV_00117,ASV_00563,0.49295774647887325,pos,Farm,IT2
ASV_00117,ASV_00566,0.5407407407407407,pos,Farm,IT2
ASV_00117,ASV_00570,0.4852941176470588,pos,Farm,IT2
ASV_00117,ASV_00594,0.48226950354609927,pos,Farm,IT2
ASV_00117,ASV_00615,0.47794117647058826,pos,Farm,IT2
ASV_00117,ASV_00618,0.5182481751824818,pos,Farm,IT2
ASV_00117,ASV_00620,0.5214285714285715,pos,Farm,IT2
ASV_00117,ASV_00622,0.47761194029850745,pos,Farm,IT2
ASV_00117,ASV_00633,0.5179856115107914,pos,Farm,IT2
ASV_00117,ASV_00636,0.5273972602739726,pos,Farm,IT2
ASV_00117,ASV_00638,0.5106382978723404,pos,Farm,IT2
ASV_00117,ASV_00641,0.5,pos,Farm,IT2
ASV_00117,ASV_00643,0.4928571428571429,pos,Farm,IT2
ASV_00117,ASV_00656,0.48936170212765956,pos,Farm,IT2
ASV_00117,ASV_00668,0.4748201438848921,pos,Farm,IT2
ASV_00117,ASV_00671,0.49635036496350365,pos,Farm,IT2
ASV_00117,ASV_00724,0.5298507462686567,pos,Farm,IT2
ASV_00117,ASV_00758,0.49645390070921985,pos,Farm,IT2
ASV_00117,ASV_00760,0.5539568345323741,pos,Farm,IT2
ASV_00117,ASV_00769,0.49640287769784175,pos,Farm,IT2
ASV_00117,ASV_00772,0.48226950354609927,pos,Farm,IT2
ASV_00117,ASV_00806,0.4930555555555556,pos,Farm,IT2
ASV_00117,ASV_00807,0.48936170212765956,pos,Farm,IT2
ASV_00117,ASV_00808,0.5073529411764706,pos,Farm,IT2
ASV_00117,ASV_00809,0.5170068027210885,pos,Farm,IT2
ASV_00117,ASV_00815,0.5135135135135135,pos,Farm,IT2
ASV_00117,ASV_00817,0.5174825174825175,pos,Farm,IT2
ASV_00117,ASV_00829,0.5220588235294118,pos,Farm,IT2
ASV_00117,ASV_00842,0.4744525547445255,pos,Farm,IT2
ASV_00117,ASV_00843,0.5661764705882353,pos,Farm,IT2
ASV_00117,ASV_00869,0.5,pos,Farm,IT2
ASV_00117,ASV_00890,0.49645390070921985,pos,Farm,IT2
ASV_00117,ASV_00924,0.45925925925925926,pos,Farm,IT2
ASV_00117,ASV_00935,0.5144927536231884,pos,Farm,IT2
ASV_00117,ASV_00959,0.5255474452554745,pos,Farm,IT2
ASV_00117,ASV_00984,0.5107913669064749,pos,Farm,IT2
ASV_00117,ASV_01048,0.4785714285714286,pos,Farm,IT2
ASV_00117,ASV_01092,0.503448275862069,pos,Farm,IT2
ASV_00117,ASV_01101,0.49295774647887325,pos,Farm,IT2
ASV_00117,ASV_01124,0.48226950354609927,pos,Farm,IT2
ASV_00117,ASV_01152,0.4785714285714286,pos,Farm,IT2
ASV_00117,ASV_01153,0.4782608695652174,pos,Farm,IT2
ASV_00117,ASV_01223,0.46616541353383456,pos,Farm,IT2
ASV_00117,ASV_01276,0.4962962962962963,pos,Farm,IT2
ASV_00117,ASV_01368,0.5255474452554745,pos,Farm,IT2
ASV_00117,ASV_01426,0.463768115942029,pos,Farm,IT2
ASV_00117,ASV_01512,0.45985401459854014,pos,Farm,IT2
ASV_00117,ASV_02332,0.5177304964539007,pos,Farm,IT2
ASV_00118,ASV_00125,0.5507246376811594,pos,Farm,IT2
ASV_00118,ASV_00140,0.5104895104895105,pos,Farm,IT2
ASV_00118,ASV_00141,0.5104895104895105,pos,Farm,IT2
ASV_00118,ASV_00144,0.5955882352941176,pos,Farm,IT2
ASV_00118,ASV_00147,0.5069444444444444,pos,Farm,IT2
ASV_00118,ASV_00151,0.5140845070422535,pos,Farm,IT2
ASV_00118,ASV_00166,0.5310344827586206,pos,Farm,IT2
ASV_00118,ASV_00168,0.5369127516778524,pos,Farm,IT2
ASV_00118,ASV_00172,0.5633802816901409,pos,Farm,IT2
ASV_00118,ASV_00177,0.5140845070422535,pos,Farm,IT2
ASV_00118,ASV_00181,0.5517241379310345,pos,Farm,IT2
ASV_00118,ASV_00182,0.547945205479452,pos,Farm,IT2
ASV_00118,ASV_00183,0.5273972602739726,pos,Farm,IT2
ASV_00118,ASV_00188,0.5586206896551724,pos,Farm,IT2
ASV_00118,ASV_00191,0.5138888888888888,pos,Farm,IT2
ASV_00118,ASV_00193,0.5555555555555556,pos,Farm,IT2
ASV_00118,ASV_00196,0.5214285714285715,pos,Farm,IT2
ASV_00118,ASV_00198,0.5103448275862069,pos,Farm,IT2
ASV_00118,ASV_00200,0.5034965034965035,pos,Farm,IT2
ASV_00118,ASV_00208,0.5571428571428572,pos,Farm,IT2
ASV_00118,ASV_00211,0.49295774647887325,pos,Farm,IT2
ASV_00118,ASV_00213,0.564625850340136,pos,Farm,IT2
ASV_00118,ASV_00219,0.5436241610738255,pos,Farm,IT2
ASV_00118,ASV_00229,0.5172413793103449,pos,Farm,IT2
ASV_00118,ASV_00231,0.5314685314685315,pos,Farm,IT2
ASV_00118,ASV_00232,0.5374149659863946,pos,Farm,IT2
ASV_00118,ASV_00233,0.5319148936170213,pos,Farm,IT2
ASV_00118,ASV_00235,0.4785714285714286,pos,Farm,IT2
ASV_00118,ASV_00244,0.5347222222222222,pos,Farm,IT2
ASV_00118,ASV_00247,0.5314685314685315,pos,Farm,IT2
ASV_00118,ASV_00251,0.5342465753424658,pos,Farm,IT2
ASV_00118,ASV_00252,0.5422535211267606,pos,Farm,IT2
ASV_00118,ASV_00253,0.54421768707483,pos,Farm,IT2
ASV_00118,ASV_00254,0.5337837837837838,pos,Farm,IT2
ASV_00118,ASV_00259,0.5,pos,Farm,IT2
ASV_00118,ASV_00262,0.541095890410959,pos,Farm,IT2
ASV_00118,ASV_00263,0.54421768707483,pos,Farm,IT2
ASV_00118,ASV_00265,0.5,pos,Farm,IT2
ASV_00118,ASV_00269,0.5657894736842105,pos,Farm,IT2
ASV_00118,ASV_00273,0.5205479452054794,pos,Farm,IT2
ASV_00118,ASV_00276,0.547945205479452,pos,Farm,IT2
ASV_00118,ASV_00279,0.5035460992907801,pos,Farm,IT2
ASV_00118,ASV_00280,0.5069444444444444,pos,Farm,IT2
ASV_00118,ASV_00284,0.5177304964539007,pos,Farm,IT2
ASV_00118,ASV_00285,0.528169014084507,pos,Farm,IT2
ASV_00118,ASV_00286,0.5563380281690141,pos,Farm,IT2
ASV_00118,ASV_00292,0.547945205479452,pos,Farm,IT2
ASV_00118,ASV_00293,0.6293706293706294,pos,Farm,IT2
ASV_00118,ASV_00303,0.5142857142857142,pos,Farm,IT2
ASV_00118,ASV_00305,0.5724137931034483,pos,Farm,IT2
ASV_00118,ASV_00312,0.5374149659863946,pos,Farm,IT2
ASV_00118,ASV_00315,0.5362318840579711,pos,Farm,IT2
ASV_00118,ASV_00320,0.539568345323741,pos,Farm,IT2
ASV_00118,ASV_00326,0.5104895104895105,pos,Farm,IT2
ASV_00118,ASV_00327,0.5611510791366906,pos,Farm,IT2
ASV_00118,ASV_00328,0.5448275862068965,pos,Farm,IT2
ASV_00118,ASV_00330,0.5069444444444444,pos,Farm,IT2
ASV_00118,ASV_00333,0.5238095238095238,pos,Farm,IT2
ASV_00118,ASV_00334,0.5306122448979592,pos,Farm,IT2
ASV_00118,ASV_00336,0.5277777777777778,pos,Farm,IT2
ASV_00118,ASV_00340,0.541095890410959,pos,Farm,IT2
ASV_00118,ASV_00342,0.5384615384615384,pos,Farm,IT2
ASV_00118,ASV_00343,0.5486111111111112,pos,Farm,IT2
ASV_00118,ASV_00346,0.5069444444444444,pos,Farm,IT2
ASV_00118,ASV_00347,0.5586206896551724,pos,Farm,IT2
ASV_00118,ASV_00354,0.5571428571428572,pos,Farm,IT2
ASV_00118,ASV_00356,0.5510204081632653,pos,Farm,IT2
ASV_00118,ASV_00393,0.5328467153284672,pos,Farm,IT2
ASV_00118,ASV_00397,0.5136986301369864,pos,Farm,IT2
ASV_00118,ASV_00403,0.5845070422535211,pos,Farm,IT2
ASV_00118,ASV_00407,0.5352112676056338,pos,Farm,IT2
ASV_00118,ASV_00409,0.524822695035461,pos,Farm,IT2
ASV_00118,ASV_00411,0.5205479452054794,pos,Farm,IT2
ASV_00118,ASV_00425,0.5211267605633803,pos,Farm,IT2
ASV_00118,ASV_00440,0.5104895104895105,pos,Farm,IT2
ASV_00118,ASV_00441,0.5390070921985816,pos,Farm,IT2
ASV_00118,ASV_00443,0.5104895104895105,pos,Farm,IT2
ASV_00118,ASV_00445,0.5172413793103449,pos,Farm,IT2
ASV_00118,ASV_00451,0.5369127516778524,pos,Farm,IT2
ASV_00118,ASV_00452,0.5539568345323741,pos,Farm,IT2
ASV_00118,ASV_00463,0.5517241379310345,pos,Farm,IT2
ASV_00118,ASV_00474,0.5555555555555556,pos,Farm,IT2
ASV_00118,ASV_00485,0.5238095238095238,pos,Farm,IT2
ASV_00118,ASV_00486,0.5608108108108109,pos,Farm,IT2
ASV_00118,ASV_00488,0.5472972972972973,pos,Farm,IT2
ASV_00118,ASV_00495,0.5106382978723404,pos,Farm,IT2
ASV_00118,ASV_00501,0.5416666666666666,pos,Farm,IT2
ASV_00118,ASV_00506,0.524822695035461,pos,Farm,IT2
ASV_00118,ASV_00511,0.5179856115107914,pos,Farm,IT2
ASV_00118,ASV_00514,0.5629139072847682,pos,Farm,IT2
ASV_00118,ASV_00529,0.5035460992907801,pos,Farm,IT2
ASV_00118,ASV_00533,0.5208333333333334,pos,Farm,IT2
ASV_00118,ASV_00534,0.5570469798657718,pos,Farm,IT2
ASV_00118,ASV_00536,0.5369127516778524,pos,Farm,IT2
ASV_00118,ASV_00541,0.5172413793103449,pos,Farm,IT2
ASV_00118,ASV_00544,0.5208333333333334,pos,Farm,IT2
ASV_00118,ASV_00548,0.49295774647887325,pos,Farm,IT2
ASV_00118,ASV_00550,0.5915492957746479,pos,Farm,IT2
ASV_00118,ASV_00554,0.5555555555555556,pos,Farm,IT2
ASV_00118,ASV_00555,0.5238095238095238,pos,Farm,IT2
ASV_00118,ASV_00570,0.5070422535211268,pos,Farm,IT2
ASV_00118,ASV_00572,0.5533333333333333,pos,Farm,IT2
ASV_00118,ASV_00576,0.5103448275862069,pos,Farm,IT2
ASV_00118,ASV_00581,0.5107913669064749,pos,Farm,IT2
ASV_00118,ASV_00620,0.541095890410959,pos,Farm,IT2
ASV_00118,ASV_00628,0.5244755244755245,pos,Farm,IT2
ASV_00118,ASV_00636,0.5878378378378378,pos,Farm,IT2
ASV_00118,ASV_00643,0.5241379310344828,pos,Farm,IT2
ASV_00118,ASV_00651,0.5277777777777778,pos,Farm,IT2
ASV_00118,ASV_00654,0.4965034965034965,pos,Farm,IT2
ASV_00118,ASV_00656,0.5205479452054794,pos,Farm,IT2
ASV_00118,ASV_00666,0.54421768707483,pos,Farm,IT2
ASV_00118,ASV_00671,0.5390070921985816,pos,Farm,IT2
ASV_00118,ASV_00697,0.4965034965034965,pos,Farm,IT2
ASV_00118,ASV_00709,0.5384615384615384,pos,Farm,IT2
ASV_00118,ASV_00714,0.5362318840579711,pos,Farm,IT2
ASV_00118,ASV_00718,0.5106382978723404,pos,Farm,IT2
ASV_00118,ASV_00728,0.5071428571428571,pos,Farm,IT2
ASV_00118,ASV_00758,0.5379310344827586,pos,Farm,IT2
ASV_00118,ASV_00769,0.5172413793103449,pos,Farm,IT2
ASV_00118,ASV_00772,0.5785714285714286,pos,Farm,IT2
ASV_00118,ASV_00789,0.5205479452054794,pos,Farm,IT2
ASV_00118,ASV_00801,0.5323741007194245,pos,Farm,IT2
ASV_00118,ASV_00806,0.5763888888888888,pos,Farm,IT2
ASV_00118,ASV_00807,0.5205479452054794,pos,Farm,IT2
ASV_00118,ASV_00821,0.5594405594405595,pos,Farm,IT2
ASV_00118,ASV_00829,0.5755395683453237,pos,Farm,IT2
ASV_00118,ASV_00842,0.5070422535211268,pos,Farm,IT2
ASV_00118,ASV_00873,0.48951048951048953,pos,Farm,IT2
ASV_00118,ASV_00880,0.5104895104895105,pos,Farm,IT2
ASV_00118,ASV_00890,0.5273972602739726,pos,Farm,IT2
ASV_00118,ASV_00935,0.5241379310344828,pos,Farm,IT2
ASV_00118,ASV_00952,0.5104895104895105,pos,Farm,IT2
ASV_00118,ASV_00984,0.5416666666666666,pos,Farm,IT2
ASV_00118,ASV_01065,0.4965034965034965,pos,Farm,IT2
ASV_00118,ASV_01090,0.5655172413793104,pos,Farm,IT2
ASV_00118,ASV_01124,0.5347222222222222,pos,Farm,IT2
ASV_00118,ASV_01250,0.5369127516778524,pos,Farm,IT2
ASV_00118,ASV_01328,0.5138888888888888,pos,Farm,IT2
ASV_00118,ASV_01342,0.589041095890411,pos,Farm,IT2
ASV_00118,ASV_01508,0.5655172413793104,pos,Farm,IT2
ASV_00118,ASV_01578,0.5310344827586206,pos,Farm,IT2
ASV_00118,ASV_02020,0.5422535211267606,pos,Farm,IT2
ASV_00119,ASV_00122,0.5106382978723404,pos,Farm,IT2
ASV_00119,ASV_00127,0.5208333333333334,pos,Farm,IT2
ASV_00119,ASV_00142,0.528169014084507,pos,Farm,IT2
ASV_00119,ASV_00144,0.5106382978723404,pos,Farm,IT2
ASV_00119,ASV_00145,0.5539568345323741,pos,Farm,IT2
ASV_00119,ASV_00146,0.5238095238095238,pos,Farm,IT2
ASV_00119,ASV_00151,0.4859154929577465,pos,Farm,IT2
ASV_00119,ASV_00159,0.5422535211267606,pos,Farm,IT2
ASV_00119,ASV_00161,0.5136986301369864,pos,Farm,IT2
ASV_00119,ASV_00163,0.4859154929577465,pos,Farm,IT2
ASV_00119,ASV_00166,0.5912408759124088,pos,Farm,IT2
ASV_00119,ASV_00176,0.48201438848920863,pos,Farm,IT2
ASV_00119,ASV_00192,0.5319148936170213,pos,Farm,IT2
ASV_00119,ASV_00203,0.5069444444444444,pos,Farm,IT2
ASV_00119,ASV_00212,0.5140845070422535,pos,Farm,IT2
ASV_00119,ASV_00213,0.547945205479452,pos,Farm,IT2
ASV_00119,ASV_00214,0.5,pos,Farm,IT2
ASV_00119,ASV_00221,0.5177304964539007,pos,Farm,IT2
ASV_00119,ASV_00231,0.524822695035461,pos,Farm,IT2
ASV_00119,ASV_00232,0.5310344827586206,pos,Farm,IT2
ASV_00119,ASV_00233,0.5362318840579711,pos,Farm,IT2
ASV_00119,ASV_00237,0.5774647887323944,pos,Farm,IT2
ASV_00119,ASV_00242,0.48905109489051096,pos,Farm,IT2
ASV_00119,ASV_00247,0.5034965034965035,pos,Farm,IT2
ASV_00119,ASV_00259,0.49264705882352944,pos,Farm,IT2
ASV_00119,ASV_00269,0.56,pos,Farm,IT2
ASV_00119,ASV_00272,0.5,pos,Farm,IT2
ASV_00119,ASV_00275,0.5374149659863946,pos,Farm,IT2
ASV_00119,ASV_00282,0.4965034965034965,pos,Farm,IT2
ASV_00119,ASV_00285,0.5,pos,Farm,IT2
ASV_00119,ASV_00286,0.5174825174825175,pos,Farm,IT2
ASV_00119,ASV_00292,0.5416666666666666,pos,Farm,IT2
ASV_00119,ASV_00295,0.5103448275862069,pos,Farm,IT2
ASV_00119,ASV_00299,0.5434782608695652,pos,Farm,IT2
ASV_00119,ASV_00303,0.5072463768115942,pos,Farm,IT2
ASV_00119,ASV_00304,0.5405405405405406,pos,Farm,IT2
ASV_00119,ASV_00305,0.5342465753424658,pos,Farm,IT2
ASV_00119,ASV_00311,0.5625,pos,Farm,IT2
ASV_00119,ASV_00315,0.4857142857142857,pos,Farm,IT2
ASV_00119,ASV_00317,0.524822695035461,pos,Farm,IT2
ASV_00119,ASV_00320,0.5,pos,Farm,IT2
ASV_00119,ASV_00324,0.524822695035461,pos,Farm,IT2
ASV_00119,ASV_00331,0.5466666666666666,pos,Farm,IT2
ASV_00119,ASV_00333,0.5277777777777778,pos,Farm,IT2
ASV_00119,ASV_00334,0.5241379310344828,pos,Farm,IT2
ASV_00119,ASV_00342,0.5211267605633803,pos,Farm,IT2
ASV_00119,ASV_00343,0.5208333333333334,pos,Farm,IT2
ASV_00119,ASV_00353,0.5177304964539007,pos,Farm,IT2
ASV_00119,ASV_00359,0.4857142857142857,pos,Farm,IT2
ASV_00119,ASV_00367,0.5035460992907801,pos,Farm,IT2
ASV_00119,ASV_00380,0.5035460992907801,pos,Farm,IT2
ASV_00119,ASV_00389,0.5244755244755245,pos,Farm,IT2
ASV_00119,ASV_00390,0.54421768707483,pos,Farm,IT2
ASV_00119,ASV_00391,0.5,pos,Farm,IT2
ASV_00119,ASV_00397,0.5174825174825175,pos,Farm,IT2
ASV_00119,ASV_00407,0.5285714285714286,pos,Farm,IT2
ASV_00119,ASV_00411,0.5138888888888888,pos,Farm,IT2
ASV_00119,ASV_00415,0.5069444444444444,pos,Farm,IT2
ASV_00119,ASV_00421,0.5277777777777778,pos,Farm,IT2
ASV_00119,ASV_00426,0.5533333333333333,pos,Farm,IT2
ASV_00119,ASV_00438,0.5,pos,Farm,IT2
ASV_00119,ASV_00443,0.5251798561151079,pos,Farm,IT2
ASV_00119,ASV_00444,0.5174825174825175,pos,Farm,IT2
ASV_00119,ASV_00445,0.5,pos,Farm,IT2
ASV_00119,ASV_00450,0.5103448275862069,pos,Farm,IT2
ASV_00119,ASV_00453,0.5642857142857143,pos,Farm,IT2
ASV_00119,ASV_00460,0.5208333333333334,pos,Farm,IT2
ASV_00119,ASV_00464,0.5416666666666666,pos,Farm,IT2
ASV_00119,ASV_00467,0.5510204081632653,pos,Farm,IT2
ASV_00119,ASV_00468,0.4666666666666667,pos,Farm,IT2
ASV_00119,ASV_00482,0.5666666666666667,pos,Farm,IT2
ASV_00119,ASV_00490,0.5405405405405406,pos,Farm,IT2
ASV_00119,ASV_00493,0.5555555555555556,pos,Farm,IT2
ASV_00119,ASV_00495,0.5035971223021583,pos,Farm,IT2
ASV_00119,ASV_00501,0.5138888888888888,pos,Farm,IT2
ASV_00119,ASV_00504,0.5337837837837838,pos,Farm,IT2
ASV_00119,ASV_00511,0.4892086330935252,pos,Farm,IT2
ASV_00119,ASV_00512,0.5586206896551724,pos,Farm,IT2
ASV_00119,ASV_00541,0.5428571428571428,pos,Farm,IT2
ASV_00119,ASV_00544,0.5693430656934306,pos,Farm,IT2
ASV_00119,ASV_00551,0.5103448275862069,pos,Farm,IT2
ASV_00119,ASV_00554,0.5277777777777778,pos,Farm,IT2
ASV_00119,ASV_00556,0.5138888888888888,pos,Farm,IT2
ASV_00119,ASV_00559,0.5034965034965035,pos,Farm,IT2
ASV_00119,ASV_00566,0.5104895104895105,pos,Farm,IT2
ASV_00119,ASV_00572,0.5369127516778524,pos,Farm,IT2
ASV_00119,ASV_00581,0.48201438848920863,pos,Farm,IT2
ASV_00119,ASV_00596,0.48201438848920863,pos,Farm,IT2
ASV_00119,ASV_00613,0.4714285714285714,pos,Farm,IT2
ASV_00119,ASV_00615,0.5144927536231884,pos,Farm,IT2
ASV_00119,ASV_00618,0.5319148936170213,pos,Farm,IT2
ASV_00119,ASV_00620,0.5347222222222222,pos,Farm,IT2
ASV_00119,ASV_00622,0.48201438848920863,pos,Farm,IT2
ASV_00119,ASV_00635,0.5448275862068965,pos,Farm,IT2
ASV_00119,ASV_00638,0.5136986301369864,pos,Farm,IT2
ASV_00119,ASV_00643,0.5069444444444444,pos,Farm,IT2
ASV_00119,ASV_00656,0.5138888888888888,pos,Farm,IT2
ASV_00119,ASV_00668,0.5,pos,Farm,IT2
ASV_00119,ASV_00671,0.5214285714285715,pos,Farm,IT2
ASV_00119,ASV_00673,0.5337837837837838,pos,Farm,IT2
ASV_00119,ASV_00676,0.5517241379310345,pos,Farm,IT2
ASV_00119,ASV_00686,0.5571428571428572,pos,Farm,IT2
ASV_00119,ASV_00687,0.5652173913043478,pos,Farm,IT2
ASV_00119,ASV_00709,0.5319148936170213,pos,Farm,IT2
ASV_00119,ASV_00732,0.5070422535211268,pos,Farm,IT2
ASV_00119,ASV_00760,0.5342465753424658,pos,Farm,IT2
ASV_00119,ASV_00772,0.5069444444444444,pos,Farm,IT2
ASV_00119,ASV_00802,0.5774647887323944,pos,Farm,IT2
ASV_00119,ASV_00808,0.5214285714285715,pos,Farm,IT2
ASV_00119,ASV_00809,0.54,pos,Farm,IT2
ASV_00119,ASV_00811,0.5241379310344828,pos,Farm,IT2
ASV_00119,ASV_00829,0.5034965034965035,pos,Farm,IT2
ASV_00119,ASV_00843,0.5136986301369864,pos,Farm,IT2
ASV_00119,ASV_00865,0.5244755244755245,pos,Farm,IT2
ASV_00119,ASV_00890,0.5208333333333334,pos,Farm,IT2
ASV_00119,ASV_01018,0.5323741007194245,pos,Farm,IT2
ASV_00119,ASV_01023,0.5342465753424658,pos,Farm,IT2
ASV_00119,ASV_01092,0.5586206896551724,pos,Farm,IT2
ASV_00119,ASV_01119,0.527027027027027,pos,Farm,IT2
ASV_00119,ASV_01179,0.4859154929577465,pos,Farm,IT2
ASV_00119,ASV_01328,0.4965034965034965,pos,Farm,IT2
ASV_00119,ASV_01385,0.5140845070422535,pos,Farm,IT2
ASV_00119,ASV_02149,0.4859154929577465,pos,Farm,IT2
ASV_00119,ASV_02332,0.5205479452054794,pos,Farm,IT2
ASV_00120,ASV_00122,0.5140845070422535,pos,Farm,IT2
ASV_00120,ASV_00133,0.5104895104895105,pos,Farm,IT2
ASV_00120,ASV_00155,0.5106382978723404,pos,Farm,IT2
ASV_00120,ASV_00158,0.5352112676056338,pos,Farm,IT2
ASV_00120,ASV_00164,0.4965034965034965,pos,Farm,IT2
ASV_00120,ASV_00166,0.5492957746478874,pos,Farm,IT2
ASV_00120,ASV_00168,0.5547945205479452,pos,Farm,IT2
ASV_00120,ASV_00183,0.5136986301369864,pos,Farm,IT2
ASV_00120,ASV_00208,0.5104895104895105,pos,Farm,IT2
ASV_00120,ASV_00210,0.5510204081632653,pos,Farm,IT2
ASV_00120,ASV_00221,0.5211267605633803,pos,Farm,IT2
ASV_00120,ASV_00233,0.5177304964539007,pos,Farm,IT2
ASV_00120,ASV_00243,0.5384615384615384,pos,Farm,IT2
ASV_00120,ASV_00259,0.4748201438848921,pos,Farm,IT2
ASV_00120,ASV_00279,0.5,pos,Farm,IT2
ASV_00120,ASV_00288,0.5517241379310345,pos,Farm,IT2
ASV_00120,ASV_00298,0.49640287769784175,pos,Farm,IT2
ASV_00120,ASV_00318,0.5172413793103449,pos,Farm,IT2
ASV_00120,ASV_00323,0.5208333333333334,pos,Farm,IT2
ASV_00120,ASV_00327,0.5140845070422535,pos,Farm,IT2
ASV_00120,ASV_00346,0.5034965034965035,pos,Farm,IT2
ASV_00120,ASV_00367,0.5177304964539007,pos,Farm,IT2
ASV_00120,ASV_00387,0.5277777777777778,pos,Farm,IT2
ASV_00120,ASV_00399,0.5205479452054794,pos,Farm,IT2
ASV_00120,ASV_00410,0.5138888888888888,pos,Farm,IT2
ASV_00120,ASV_00411,0.5384615384615384,pos,Farm,IT2
ASV_00120,ASV_00412,0.49295774647887325,pos,Farm,IT2
ASV_00120,ASV_00422,0.5138888888888888,pos,Farm,IT2
ASV_00120,ASV_00438,0.5352112676056338,pos,Farm,IT2
ASV_00120,ASV_00442,0.5734265734265734,pos,Farm,IT2
ASV_00120,ASV_00452,0.5070422535211268,pos,Farm,IT2
ASV_00120,ASV_00460,0.5347222222222222,pos,Farm,IT2
ASV_00120,ASV_00485,0.5310344827586206,pos,Farm,IT2
ASV_00120,ASV_00488,0.5337837837837838,pos,Farm,IT2
ASV_00120,ASV_00506,0.5106382978723404,pos,Farm,IT2
ASV_00120,ASV_00518,0.5405405405405406,pos,Farm,IT2
ASV_00120,ASV_00528,0.5140845070422535,pos,Farm,IT2
ASV_00120,ASV_00548,0.48936170212765956,pos,Farm,IT2
ASV_00120,ASV_00556,0.5172413793103449,pos,Farm,IT2
ASV_00120,ASV_00587,0.5034965034965035,pos,Farm,IT2
ASV_00120,ASV_00636,0.5743243243243243,pos,Farm,IT2
ASV_00120,ASV_00673,0.5684931506849316,pos,Farm,IT2
ASV_00120,ASV_00709,0.5352112676056338,pos,Farm,IT2
ASV_00120,ASV_00718,0.4859154929577465,pos,Farm,IT2
ASV_00120,ASV_00732,0.5319148936170213,pos,Farm,IT2
ASV_00120,ASV_00815,0.6027397260273972,pos,Farm,IT2
ASV_00120,ASV_00890,0.5454545454545454,pos,Farm,IT2
ASV_00120,ASV_00906,0.564625850340136,pos,Farm,IT2
ASV_00120,ASV_00912,0.5072463768115942,pos,Farm,IT2
ASV_00120,ASV_00935,0.5103448275862069,pos,Farm,IT2
ASV_00120,ASV_01087,0.5347222222222222,pos,Farm,IT2
ASV_00120,ASV_01328,0.5319148936170213,pos,Farm,IT2
ASV_00122,ASV_00128,0.5238095238095238,pos,Farm,IT2
ASV_00122,ASV_00130,0.5140845070422535,pos,Farm,IT2
ASV_00122,ASV_00131,0.4859154929577465,pos,Farm,IT2
ASV_00122,ASV_00133,0.4859154929577465,pos,Farm,IT2
ASV_00122,ASV_00136,0.5319148936170213,pos,Farm,IT2
ASV_00122,ASV_00139,0.46715328467153283,pos,Farm,IT2
ASV_00122,ASV_00140,0.4928571428571429,pos,Farm,IT2
ASV_00122,ASV_00141,0.4928571428571429,pos,Farm,IT2
ASV_00122,ASV_00146,0.5136986301369864,pos,Farm,IT2
ASV_00122,ASV_00150,0.4857142857142857,pos,Farm,IT2
ASV_00122,ASV_00151,0.4857142857142857,pos,Farm,IT2
ASV_00122,ASV_00152,0.5384615384615384,pos,Farm,IT2
ASV_00122,ASV_00154,0.5107913669064749,pos,Farm,IT2
ASV_00122,ASV_00156,0.5347222222222222,pos,Farm,IT2
ASV_00122,ASV_00159,0.5104895104895105,pos,Farm,IT2
ASV_00122,ASV_00161,0.5138888888888888,pos,Farm,IT2
ASV_00122,ASV_00162,0.5214285714285715,pos,Farm,IT2
ASV_00122,ASV_00164,0.5035971223021583,pos,Farm,IT2
ASV_00122,ASV_00167,0.5390070921985816,pos,Farm,IT2
ASV_00122,ASV_00168,0.5524475524475524,pos,Farm,IT2
ASV_00122,ASV_00173,0.5306122448979592,pos,Farm,IT2
ASV_00122,ASV_00179,0.5302013422818792,pos,Farm,IT2
ASV_00122,ASV_00186,0.5467625899280576,pos,Farm,IT2
ASV_00122,ASV_00187,0.5106382978723404,pos,Farm,IT2
ASV_00122,ASV_00191,0.5179856115107914,pos,Farm,IT2
ASV_00122,ASV_00195,0.5104895104895105,pos,Farm,IT2
ASV_00122,ASV_00197,0.4965034965034965,pos,Farm,IT2
ASV_00122,ASV_00199,0.4676258992805755,pos,Farm,IT2
ASV_00122,ASV_00202,0.48905109489051096,pos,Farm,IT2
ASV_00122,ASV_00208,0.4859154929577465,pos,Farm,IT2
ASV_00122,ASV_00210,0.5170068027210885,pos,Farm,IT2
ASV_00122,ASV_00214,0.5214285714285715,pos,Farm,IT2
ASV_00122,ASV_00221,0.5179856115107914,pos,Farm,IT2
ASV_00122,ASV_00226,0.49645390070921985,pos,Farm,IT2
ASV_00122,ASV_00228,0.5220588235294118,pos,Farm,IT2
ASV_00122,ASV_00233,0.4928571428571429,pos,Farm,IT2
ASV_00122,ASV_00239,0.49645390070921985,pos,Farm,IT2
ASV_00122,ASV_00243,0.5140845070422535,pos,Farm,IT2
ASV_00122,ASV_00247,0.5142857142857142,pos,Farm,IT2
ASV_00122,ASV_00251,0.5069444444444444,pos,Farm,IT2
ASV_00122,ASV_00264,0.49640287769784175,pos,Farm,IT2
ASV_00122,ASV_00272,0.5106382978723404,pos,Farm,IT2
ASV_00122,ASV_00279,0.5073529411764706,pos,Farm,IT2
ASV_00122,ASV_00283,0.5531914893617021,pos,Farm,IT2
ASV_00122,ASV_00291,0.5185185185185185,pos,Farm,IT2
ASV_00122,ASV_00294,0.5390070921985816,pos,Farm,IT2
ASV_00122,ASV_00295,0.5652173913043478,pos,Farm,IT2
ASV_00122,ASV_00296,0.5073529411764706,pos,Farm,IT2
ASV_00122,ASV_00297,0.5,pos,Farm,IT2
ASV_00122,ASV_00299,0.5217391304347826,pos,Farm,IT2
ASV_00122,ASV_00307,0.48226950354609927,pos,Farm,IT2
ASV_00122,ASV_00315,0.4855072463768116,pos,Farm,IT2
ASV_00122,ASV_00317,0.49295774647887325,pos,Farm,IT2
ASV_00122,ASV_00321,0.5238095238095238,pos,Farm,IT2
ASV_00122,ASV_00324,0.5142857142857142,pos,Farm,IT2
ASV_00122,ASV_00327,0.48936170212765956,pos,Farm,IT2
ASV_00122,ASV_00332,0.4859154929577465,pos,Farm,IT2
ASV_00122,ASV_00333,0.5390070921985816,pos,Farm,IT2
ASV_00122,ASV_00339,0.5,pos,Farm,IT2
ASV_00122,ASV_00342,0.5214285714285715,pos,Farm,IT2
ASV_00122,ASV_00352,0.5401459854014599,pos,Farm,IT2
ASV_00122,ASV_00354,0.5514705882352942,pos,Farm,IT2
ASV_00122,ASV_00355,0.5319148936170213,pos,Farm,IT2
ASV_00122,ASV_00356,0.5347222222222222,pos,Farm,IT2
ASV_00122,ASV_00359,0.4855072463768116,pos,Farm,IT2
ASV_00122,ASV_00369,0.5140845070422535,pos,Farm,IT2
ASV_00122,ASV_00380,0.5035971223021583,pos,Farm,IT2
ASV_00122,ASV_00384,0.5323741007194245,pos,Farm,IT2
ASV_00122,ASV_00389,0.5034965034965035,pos,Farm,IT2
ASV_00122,ASV_00390,0.5448275862068965,pos,Farm,IT2
ASV_00122,ASV_00395,0.4928571428571429,pos,Farm,IT2
ASV_00122,ASV_00398,0.5174825174825175,pos,Farm,IT2
ASV_00122,ASV_00402,0.4744525547445255,pos,Farm,IT2
ASV_00122,ASV_00404,0.5,pos,Farm,IT2
ASV_00122,ASV_00410,0.5106382978723404,pos,Farm,IT2
ASV_00122,ASV_00411,0.524822695035461,pos,Farm,IT2
ASV_00122,ASV_00412,0.5,pos,Farm,IT2
ASV_00122,ASV_00415,0.5620437956204379,pos,Farm,IT2
ASV_00122,ASV_00421,0.5069444444444444,pos,Farm,IT2
ASV_00122,ASV_00428,0.48201438848920863,pos,Farm,IT2
ASV_00122,ASV_00440,0.5144927536231884,pos,Farm,IT2
ASV_00122,ASV_00442,0.5492957746478874,pos,Farm,IT2
ASV_00122,ASV_00443,0.5035971223021583,pos,Farm,IT2
ASV_00122,ASV_00444,0.5070422535211268,pos,Farm,IT2
ASV_00122,ASV_00447,0.5208333333333334,pos,Farm,IT2
ASV_00122,ASV_00452,0.4928571428571429,pos,Farm,IT2
ASV_00122,ASV_00453,0.5,pos,Farm,IT2
ASV_00122,ASV_00455,0.48936170212765956,pos,Farm,IT2
ASV_00122,ASV_00458,0.5109489051094891,pos,Farm,IT2
ASV_00122,ASV_00459,0.5,pos,Farm,IT2
ASV_00122,ASV_00460,0.5428571428571428,pos,Farm,IT2
ASV_00122,ASV_00465,0.5214285714285715,pos,Farm,IT2
ASV_00122,ASV_00468,0.4444444444444444,pos,Farm,IT2
ASV_00122,ASV_00479,0.5103448275862069,pos,Farm,IT2
ASV_00122,ASV_00486,0.5448275862068965,pos,Farm,IT2
ASV_00122,ASV_00490,0.541095890410959,pos,Farm,IT2
ASV_00122,ASV_00493,0.5563380281690141,pos,Farm,IT2
ASV_00122,ASV_00498,0.5037037037037037,pos,Farm,IT2
ASV_00122,ASV_00503,0.5106382978723404,pos,Farm,IT2
ASV_00122,ASV_00511,0.4782608695652174,pos,Farm,IT2
ASV_00122,ASV_00513,0.5323741007194245,pos,Farm,IT2
ASV_00122,ASV_00514,0.5369127516778524,pos,Farm,IT2
ASV_00122,ASV_00517,0.48226950354609927,pos,Farm,IT2
ASV_00122,ASV_00520,0.528169014084507,pos,Farm,IT2
ASV_00122,ASV_00528,0.48936170212765956,pos,Farm,IT2
ASV_00122,ASV_00541,0.5,pos,Farm,IT2
ASV_00122,ASV_00542,0.5273972602739726,pos,Farm,IT2
ASV_00122,ASV_00569,0.4928571428571429,pos,Farm,IT2
ASV_00122,ASV_00574,0.5103448275862069,pos,Farm,IT2
ASV_00122,ASV_00576,0.49295774647887325,pos,Farm,IT2
ASV_00122,ASV_00587,0.5,pos,Farm,IT2
ASV_00122,ASV_00595,0.5328467153284672,pos,Farm,IT2
ASV_00122,ASV_00611,0.5174825174825175,pos,Farm,IT2
ASV_00122,ASV_00622,0.48175182481751827,pos,Farm,IT2
ASV_00122,ASV_00628,0.49645390070921985,pos,Farm,IT2
ASV_00122,ASV_00635,0.5347222222222222,pos,Farm,IT2
ASV_00122,ASV_00636,0.5302013422818792,pos,Farm,IT2
ASV_00122,ASV_00643,0.539568345323741,pos,Farm,IT2
ASV_00122,ASV_00654,0.5109489051094891,pos,Farm,IT2
ASV_00122,ASV_00671,0.48936170212765956,pos,Farm,IT2
ASV_00122,ASV_00673,0.5342465753424658,pos,Farm,IT2
ASV_00122,ASV_00686,0.5467625899280576,pos,Farm,IT2
ASV_00122,ASV_00687,0.5214285714285715,pos,Farm,IT2
ASV_00122,ASV_00709,0.5106382978723404,pos,Farm,IT2
ASV_00122,ASV_00718,0.5259259259259259,pos,Farm,IT2
ASV_00122,ASV_00721,0.4748201438848921,pos,Farm,IT2
ASV_00122,ASV_00727,0.4928571428571429,pos,Farm,IT2
ASV_00122,ASV_00732,0.4859154929577465,pos,Farm,IT2
ASV_00122,ASV_00757,0.5390070921985816,pos,Farm,IT2
ASV_00122,ASV_00758,0.5319148936170213,pos,Farm,IT2
ASV_00122,ASV_00769,0.5661764705882353,pos,Farm,IT2
ASV_00122,ASV_00778,0.47794117647058826,pos,Farm,IT2
ASV_00122,ASV_00782,0.5,pos,Farm,IT2
ASV_00122,ASV_00798,0.5103448275862069,pos,Farm,IT2
ASV_00122,ASV_00807,0.524822695035461,pos,Farm,IT2
ASV_00122,ASV_00808,0.5,pos,Farm,IT2
ASV_00122,ASV_00815,0.5578231292517006,pos,Farm,IT2
ASV_00122,ASV_00821,0.5211267605633803,pos,Farm,IT2
ASV_00122,ASV_00848,0.5460992907801419,pos,Farm,IT2
ASV_00122,ASV_00869,0.5241379310344828,pos,Farm,IT2
ASV_00122,ASV_00875,0.5170068027210885,pos,Farm,IT2
ASV_00122,ASV_00924,0.4852941176470588,pos,Farm,IT2
ASV_00122,ASV_00931,0.5328467153284672,pos,Farm,IT2
ASV_00122,ASV_00935,0.5070422535211268,pos,Farm,IT2
ASV_00122,ASV_00959,0.5177304964539007,pos,Farm,IT2
ASV_00122,ASV_01018,0.5,pos,Farm,IT2
ASV_00122,ASV_01065,0.4785714285714286,pos,Farm,IT2
ASV_00122,ASV_01101,0.5174825174825175,pos,Farm,IT2
ASV_00122,ASV_01119,0.5170068027210885,pos,Farm,IT2
ASV_00122,ASV_01153,0.48226950354609927,pos,Farm,IT2
ASV_00122,ASV_01204,0.5454545454545454,pos,Farm,IT2
ASV_00122,ASV_01288,0.5174825174825175,pos,Farm,IT2
ASV_00122,ASV_01417,0.5106382978723404,pos,Farm,IT2
ASV_00122,ASV_01458,0.4676258992805755,pos,Farm,IT2
ASV_00122,ASV_01491,0.5323741007194245,pos,Farm,IT2
ASV_00122,ASV_01512,0.4855072463768116,pos,Farm,IT2
ASV_00122,ASV_02332,0.5531914893617021,pos,Farm,IT2
ASV_00123,ASV_00132,0.5037593984962406,pos,Farm,IT2
ASV_00123,ASV_00147,0.4852941176470588,pos,Farm,IT2
ASV_00123,ASV_00150,0.47058823529411764,pos,Farm,IT2
ASV_00123,ASV_00166,0.4785714285714286,pos,Farm,IT2
ASV_00123,ASV_00191,0.47101449275362317,pos,Farm,IT2
ASV_00123,ASV_00192,0.49635036496350365,pos,Farm,IT2
ASV_00123,ASV_00193,0.4928571428571429,pos,Farm,IT2
ASV_00123,ASV_00230,0.5714285714285714,pos,Farm,IT2
ASV_00123,ASV_00232,0.5179856115107914,pos,Farm,IT2
ASV_00123,ASV_00235,0.44360902255639095,pos,Farm,IT2
ASV_00123,ASV_00237,0.5214285714285715,pos,Farm,IT2
ASV_00123,ASV_00270,0.5314685314685315,pos,Farm,IT2
ASV_00123,ASV_00271,0.44274809160305345,pos,Farm,IT2
ASV_00123,ASV_00284,0.4632352941176471,pos,Farm,IT2
ASV_00123,ASV_00285,0.463768115942029,pos,Farm,IT2
ASV_00123,ASV_00294,0.4928571428571429,pos,Farm,IT2
ASV_00123,ASV_00297,0.5073529411764706,pos,Farm,IT2
ASV_00123,ASV_00303,0.48120300751879697,pos,Farm,IT2
ASV_00123,ASV_00315,0.4485294117647059,pos,Farm,IT2
ASV_00123,ASV_00331,0.5136986301369864,pos,Farm,IT2
ASV_00123,ASV_00347,0.49645390070921985,pos,Farm,IT2
ASV_00123,ASV_00355,0.475177304964539,pos,Farm,IT2
ASV_00123,ASV_00373,0.47058823529411764,pos,Farm,IT2
ASV_00123,ASV_00409,0.5037593984962406,pos,Farm,IT2
ASV_00123,ASV_00415,0.48201438848920863,pos,Farm,IT2
ASV_00123,ASV_00416,0.5185185185185185,pos,Farm,IT2
ASV_00123,ASV_00443,0.46715328467153283,pos,Farm,IT2
ASV_00123,ASV_00451,0.5070422535211268,pos,Farm,IT2
ASV_00123,ASV_00494,0.4714285714285714,pos,Farm,IT2
ASV_00123,ASV_00501,0.5,pos,Farm,IT2
ASV_00123,ASV_00503,0.4855072463768116,pos,Farm,IT2
ASV_00123,ASV_00504,0.5,pos,Farm,IT2
ASV_00123,ASV_00517,0.46715328467153283,pos,Farm,IT2
ASV_00123,ASV_00518,0.524822695035461,pos,Farm,IT2
ASV_00123,ASV_00529,0.45925925925925926,pos,Farm,IT2
ASV_00123,ASV_00544,0.4676258992805755,pos,Farm,IT2
ASV_00123,ASV_00576,0.4676258992805755,pos,Farm,IT2
ASV_00123,ASV_00638,0.48936170212765956,pos,Farm,IT2
ASV_00123,ASV_00641,0.48951048951048953,pos,Farm,IT2
ASV_00123,ASV_00645,0.47761194029850745,pos,Farm,IT2
ASV_00123,ASV_00721,0.4485294117647059,pos,Farm,IT2
ASV_00123,ASV_00726,0.4928571428571429,pos,Farm,IT2
ASV_00123,ASV_00755,0.4930555555555556,pos,Farm,IT2
ASV_00123,ASV_00808,0.5074626865671642,pos,Farm,IT2
ASV_00123,ASV_00829,0.48905109489051096,pos,Farm,IT2
ASV_00123,ASV_00843,0.48936170212765956,pos,Farm,IT2
ASV_00123,ASV_00875,0.4930555555555556,pos,Farm,IT2
ASV_00123,ASV_00891,0.5,pos,Farm,IT2
ASV_00123,ASV_00929,0.49645390070921985,pos,Farm,IT2
ASV_00123,ASV_00952,0.46715328467153283,pos,Farm,IT2
ASV_00123,ASV_00989,0.46616541353383456,pos,Farm,IT2
ASV_00123,ASV_01023,0.48951048951048953,pos,Farm,IT2
ASV_00123,ASV_01092,0.4930555555555556,pos,Farm,IT2
ASV_00123,ASV_01101,0.48226950354609927,pos,Farm,IT2
ASV_00123,ASV_01179,0.45985401459854014,pos,Farm,IT2
ASV_00123,ASV_01249,0.4962962962962963,pos,Farm,IT2
ASV_00123,ASV_01491,0.4855072463768116,pos,Farm,IT2
ASV_00123,ASV_01541,0.4857142857142857,pos,Farm,IT2
ASV_00123,ASV_01941,0.48226950354609927,pos,Farm,IT2
ASV_00125,ASV_00127,0.5,pos,Farm,IT2
ASV_00125,ASV_00128,0.5136986301369864,pos,Farm,IT2
ASV_00125,ASV_00129,0.48226950354609927,pos,Farm,IT2
ASV_00125,ASV_00130,0.49295774647887325,pos,Farm,IT2
ASV_00125,ASV_00140,0.4927536231884058,pos,Farm,IT2
ASV_00125,ASV_00141,0.4927536231884058,pos,Farm,IT2
ASV_00125,ASV_00145,0.48936170212765956,pos,Farm,IT2
ASV_00125,ASV_00146,0.5138888888888888,pos,Farm,IT2
ASV_00125,ASV_00147,0.4785714285714286,pos,Farm,IT2
ASV_00125,ASV_00148,0.5172413793103449,pos,Farm,IT2
ASV_00125,ASV_00159,0.5106382978723404,pos,Farm,IT2
ASV_00125,ASV_00162,0.5,pos,Farm,IT2
ASV_00125,ASV_00163,0.4748201438848921,pos,Farm,IT2
ASV_00125,ASV_00165,0.48175182481751827,pos,Farm,IT2
ASV_00125,ASV_00167,0.5177304964539007,pos,Farm,IT2
ASV_00125,ASV_00168,0.5208333333333334,pos,Farm,IT2
ASV_00125,ASV_00172,0.5035460992907801,pos,Farm,IT2
ASV_00125,ASV_00178,0.4965034965034965,pos,Farm,IT2
ASV_00125,ASV_00183,0.5106382978723404,pos,Farm,IT2
ASV_00125,ASV_00186,0.49295774647887325,pos,Farm,IT2
ASV_00125,ASV_00188,0.5211267605633803,pos,Farm,IT2
ASV_00125,ASV_00191,0.4857142857142857,pos,Farm,IT2
ASV_00125,ASV_00192,0.48936170212765956,pos,Farm,IT2
ASV_00125,ASV_00193,0.5177304964539007,pos,Farm,IT2
ASV_00125,ASV_00197,0.4859154929577465,pos,Farm,IT2
ASV_00125,ASV_00200,0.4855072463768116,pos,Farm,IT2
ASV_00125,ASV_00202,0.47794117647058826,pos,Farm,IT2
ASV_00125,ASV_00206,0.5074626865671642,pos,Farm,IT2
ASV_00125,ASV_00230,0.5070422535211268,pos,Farm,IT2
ASV_00125,ASV_00235,0.4701492537313433,pos,Farm,IT2
ASV_00125,ASV_00243,0.5251798561151079,pos,Farm,IT2
ASV_00125,ASV_00244,0.5071428571428571,pos,Farm,IT2
ASV_00125,ASV_00247,0.5367647058823529,pos,Farm,IT2
ASV_00125,ASV_00259,0.45925925925925926,pos,Farm,IT2
ASV_00125,ASV_00262,0.5579710144927537,pos,Farm,IT2
ASV_00125,ASV_00275,0.5068493150684932,pos,Farm,IT2
ASV_00125,ASV_00282,0.5072463768115942,pos,Farm,IT2
ASV_00125,ASV_00286,0.5179856115107914,pos,Farm,IT2
ASV_00125,ASV_00296,0.4852941176470588,pos,Farm,IT2
ASV_00125,ASV_00297,0.5,pos,Farm,IT2
ASV_00125,ASV_00298,0.48148148148148145,pos,Farm,IT2
ASV_00125,ASV_00303,0.463768115942029,pos,Farm,IT2
ASV_00125,ASV_00305,0.503448275862069,pos,Farm,IT2
ASV_00125,ASV_00308,0.4892086330935252,pos,Farm,IT2
ASV_00125,ASV_00309,0.5177304964539007,pos,Farm,IT2
ASV_00125,ASV_00315,0.4744525547445255,pos,Farm,IT2
ASV_00125,ASV_00320,0.4782608695652174,pos,Farm,IT2
ASV_00125,ASV_00324,0.4928571428571429,pos,Farm,IT2
ASV_00125,ASV_00328,0.5177304964539007,pos,Farm,IT2
ASV_00125,ASV_00337,0.5068493150684932,pos,Farm,IT2
ASV_00125,ASV_00340,0.5357142857142857,pos,Farm,IT2
ASV_00125,ASV_00342,0.5,pos,Farm,IT2
ASV_00125,ASV_00345,0.5211267605633803,pos,Farm,IT2
ASV_00125,ASV_00346,0.4892086330935252,pos,Farm,IT2
ASV_00125,ASV_00353,0.4857142857142857,pos,Farm,IT2
ASV_00125,ASV_00355,0.5214285714285715,pos,Farm,IT2
ASV_00125,ASV_00356,0.5138888888888888,pos,Farm,IT2
ASV_00125,ASV_00359,0.463768115942029,pos,Farm,IT2
ASV_00125,ASV_00361,0.5211267605633803,pos,Farm,IT2
ASV_00125,ASV_00373,0.5073529411764706,pos,Farm,IT2
ASV_00125,ASV_00376,0.5,pos,Farm,IT2
ASV_00125,ASV_00382,0.524822695035461,pos,Farm,IT2
ASV_00125,ASV_00384,0.5107913669064749,pos,Farm,IT2
ASV_00125,ASV_00399,0.4965034965034965,pos,Farm,IT2
ASV_00125,ASV_00403,0.5140845070422535,pos,Farm,IT2
ASV_00125,ASV_00409,0.4748201438848921,pos,Farm,IT2
ASV_00125,ASV_00421,0.5507246376811594,pos,Farm,IT2
ASV_00125,ASV_00423,0.5104895104895105,pos,Farm,IT2
ASV_00125,ASV_00425,0.48201438848920863,pos,Farm,IT2
ASV_00125,ASV_00441,0.4785714285714286,pos,Farm,IT2
ASV_00125,ASV_00443,0.5036496350364964,pos,Farm,IT2
ASV_00125,ASV_00447,0.5211267605633803,pos,Farm,IT2
ASV_00125,ASV_00458,0.4782608695652174,pos,Farm,IT2
ASV_00125,ASV_00460,0.5,pos,Farm,IT2
ASV_00125,ASV_00490,0.5205479452054794,pos,Farm,IT2
ASV_00125,ASV_00498,0.48148148148148145,pos,Farm,IT2
ASV_00125,ASV_00504,0.5241379310344828,pos,Farm,IT2
ASV_00125,ASV_00511,0.46715328467153283,pos,Farm,IT2
ASV_00125,ASV_00524,0.5073529411764706,pos,Farm,IT2
ASV_00125,ASV_00548,0.4744525547445255,pos,Farm,IT2
ASV_00125,ASV_00550,0.5211267605633803,pos,Farm,IT2
ASV_00125,ASV_00554,0.5177304964539007,pos,Farm,IT2
ASV_00125,ASV_00569,0.48201438848920863,pos,Farm,IT2
ASV_00125,ASV_00571,0.4965034965034965,pos,Farm,IT2
ASV_00125,ASV_00596,0.48148148148148145,pos,Farm,IT2
ASV_00125,ASV_00615,0.47101449275362317,pos,Farm,IT2
ASV_00125,ASV_00633,0.5106382978723404,pos,Farm,IT2
ASV_00125,ASV_00636,0.5202702702702703,pos,Farm,IT2
ASV_00125,ASV_00651,0.48936170212765956,pos,Farm,IT2
ASV_00125,ASV_00665,0.49264705882352944,pos,Farm,IT2
ASV_00125,ASV_00679,0.5140845070422535,pos,Farm,IT2
ASV_00125,ASV_00686,0.5035460992907801,pos,Farm,IT2
ASV_00125,ASV_00697,0.4782608695652174,pos,Farm,IT2
ASV_00125,ASV_00714,0.463768115942029,pos,Farm,IT2
ASV_00125,ASV_00718,0.48175182481751827,pos,Farm,IT2
ASV_00125,ASV_00760,0.5571428571428572,pos,Farm,IT2
ASV_00125,ASV_00778,0.5,pos,Farm,IT2
ASV_00125,ASV_00801,0.47101449275362317,pos,Farm,IT2
ASV_00125,ASV_00821,0.5,pos,Farm,IT2
ASV_00125,ASV_00848,0.5357142857142857,pos,Farm,IT2
ASV_00125,ASV_00869,0.5138888888888888,pos,Farm,IT2
ASV_00125,ASV_00924,0.4740740740740741,pos,Farm,IT2
ASV_00125,ASV_00984,0.49295774647887325,pos,Farm,IT2
ASV_00125,ASV_00987,0.4785714285714286,pos,Farm,IT2
ASV_00125,ASV_01023,0.5138888888888888,pos,Farm,IT2
ASV_00125,ASV_01065,0.4676258992805755,pos,Farm,IT2
ASV_00125,ASV_01124,0.49645390070921985,pos,Farm,IT2
ASV_00125,ASV_01223,0.45925925925925926,pos,Farm,IT2
ASV_00125,ASV_01253,0.49645390070921985,pos,Farm,IT2
ASV_00125,ASV_01276,0.4676258992805755,pos,Farm,IT2
ASV_00125,ASV_01328,0.49640287769784175,pos,Farm,IT2
ASV_00125,ASV_01342,0.5416666666666666,pos,Farm,IT2
ASV_00125,ASV_01426,0.4676258992805755,pos,Farm,IT2
ASV_00125,ASV_01508,0.5069444444444444,pos,Farm,IT2
ASV_00125,ASV_01512,0.4744525547445255,pos,Farm,IT2
ASV_00125,ASV_01941,0.4965034965034965,pos,Farm,IT2
ASV_00125,ASV_02332,0.5211267605633803,pos,Farm,IT2
ASV_00127,ASV_00132,0.5285714285714286,pos,Farm,IT2
ASV_00127,ASV_00133,0.5174825174825175,pos,Farm,IT2
ASV_00127,ASV_00137,0.5,pos,Farm,IT2
ASV_00127,ASV_00140,0.5579710144927537,pos,Farm,IT2
ASV_00127,ASV_00141,0.5140845070422535,pos,Farm,IT2
ASV_00127,ASV_00147,0.5104895104895105,pos,Farm,IT2
ASV_00127,ASV_00148,0.5793103448275863,pos,Farm,IT2
ASV_00127,ASV_00151,0.4965034965034965,pos,Farm,IT2
ASV_00127,ASV_00152,0.547945205479452,pos,Farm,IT2
ASV_00127,ASV_00155,0.5070422535211268,pos,Farm,IT2
ASV_00127,ASV_00156,0.5655172413793104,pos,Farm,IT2
ASV_00127,ASV_00159,0.5633802816901409,pos,Farm,IT2
ASV_00127,ASV_00166,0.5136986301369864,pos,Farm,IT2
ASV_00127,ASV_00176,0.5035971223021583,pos,Farm,IT2
ASV_00127,ASV_00179,0.5496688741721855,pos,Farm,IT2
ASV_00127,ASV_00184,0.5390070921985816,pos,Farm,IT2
ASV_00127,ASV_00188,0.541095890410959,pos,Farm,IT2
ASV_00127,ASV_00199,0.48936170212765956,pos,Farm,IT2
ASV_00127,ASV_00212,0.5244755244755245,pos,Farm,IT2
ASV_00127,ASV_00219,0.5369127516778524,pos,Farm,IT2
ASV_00127,ASV_00230,0.5273972602739726,pos,Farm,IT2
ASV_00127,ASV_00232,0.5517241379310345,pos,Farm,IT2
ASV_00127,ASV_00235,0.4714285714285714,pos,Farm,IT2
ASV_00127,ASV_00237,0.54421768707483,pos,Farm,IT2
ASV_00127,ASV_00238,0.5205479452054794,pos,Farm,IT2
ASV_00127,ASV_00242,0.4892086330935252,pos,Farm,IT2
ASV_00127,ASV_00247,0.5244755244755245,pos,Farm,IT2
ASV_00127,ASV_00249,0.5138888888888888,pos,Farm,IT2
ASV_00127,ASV_00251,0.5273972602739726,pos,Farm,IT2
ASV_00127,ASV_00267,0.5,pos,Farm,IT2
ASV_00127,ASV_00272,0.5314685314685315,pos,Farm,IT2
ASV_00127,ASV_00273,0.5454545454545454,pos,Farm,IT2
ASV_00127,ASV_00274,0.5714285714285714,pos,Farm,IT2
ASV_00127,ASV_00275,0.5369127516778524,pos,Farm,IT2
ASV_00127,ASV_00287,0.5104895104895105,pos,Farm,IT2
ASV_00127,ASV_00291,0.5071428571428571,pos,Farm,IT2
ASV_00127,ASV_00296,0.5179856115107914,pos,Farm,IT2
ASV_00127,ASV_00298,0.4928571428571429,pos,Farm,IT2
ASV_00127,ASV_00299,0.5211267605633803,pos,Farm,IT2
ASV_00127,ASV_00303,0.5071428571428571,pos,Farm,IT2
ASV_00127,ASV_00307,0.5034965034965035,pos,Farm,IT2
ASV_00127,ASV_00308,0.5104895104895105,pos,Farm,IT2
ASV_00127,ASV_00311,0.5405405405405406,pos,Farm,IT2
ASV_00127,ASV_00313,0.5205479452054794,pos,Farm,IT2
ASV_00127,ASV_00315,0.4859154929577465,pos,Farm,IT2
ASV_00127,ASV_00323,0.5492957746478874,pos,Farm,IT2
ASV_00127,ASV_00330,0.5104895104895105,pos,Farm,IT2
ASV_00127,ASV_00331,0.5562913907284768,pos,Farm,IT2
ASV_00127,ASV_00332,0.572463768115942,pos,Farm,IT2
ASV_00127,ASV_00335,0.5144927536231884,pos,Farm,IT2
ASV_00127,ASV_00343,0.5205479452054794,pos,Farm,IT2
ASV_00127,ASV_00347,0.5306122448979592,pos,Farm,IT2
ASV_00127,ASV_00353,0.5174825174825175,pos,Farm,IT2
ASV_00127,ASV_00354,0.5174825174825175,pos,Farm,IT2
ASV_00127,ASV_00361,0.5306122448979592,pos,Farm,IT2
ASV_00127,ASV_00369,0.5136986301369864,pos,Farm,IT2
ASV_00127,ASV_00373,0.5070422535211268,pos,Farm,IT2
ASV_00127,ASV_00384,0.5103448275862069,pos,Farm,IT2
ASV_00127,ASV_00390,0.5862068965517241,pos,Farm,IT2
ASV_00127,ASV_00391,0.5106382978723404,pos,Farm,IT2
ASV_00127,ASV_00402,0.475177304964539,pos,Farm,IT2
ASV_00127,ASV_00409,0.5177304964539007,pos,Farm,IT2
ASV_00127,ASV_00410,0.5314685314685315,pos,Farm,IT2
ASV_00127,ASV_00425,0.5034965034965035,pos,Farm,IT2
ASV_00127,ASV_00426,0.5733333333333334,pos,Farm,IT2
ASV_00127,ASV_00437,0.5273972602739726,pos,Farm,IT2
ASV_00127,ASV_00438,0.5314685314685315,pos,Farm,IT2
ASV_00127,ASV_00441,0.5104895104895105,pos,Farm,IT2
ASV_00127,ASV_00443,0.524822695035461,pos,Farm,IT2
ASV_00127,ASV_00444,0.5172413793103449,pos,Farm,IT2
ASV_00127,ASV_00445,0.5103448275862069,pos,Farm,IT2
ASV_00127,ASV_00463,0.5238095238095238,pos,Farm,IT2
ASV_00127,ASV_00482,0.5657894736842105,pos,Farm,IT2
ASV_00127,ASV_00493,0.5547945205479452,pos,Farm,IT2
ASV_00127,ASV_00494,0.5492957746478874,pos,Farm,IT2
ASV_00127,ASV_00495,0.5142857142857142,pos,Farm,IT2
ASV_00127,ASV_00496,0.5136986301369864,pos,Farm,IT2
ASV_00127,ASV_00504,0.5540540540540541,pos,Farm,IT2
ASV_00127,ASV_00508,0.5,pos,Farm,IT2
ASV_00127,ASV_00514,0.5562913907284768,pos,Farm,IT2
ASV_00127,ASV_00518,0.5578231292517006,pos,Farm,IT2
ASV_00127,ASV_00528,0.5104895104895105,pos,Farm,IT2
ASV_00127,ASV_00529,0.4859154929577465,pos,Farm,IT2
ASV_00127,ASV_00536,0.5833333333333334,pos,Farm,IT2
ASV_00127,ASV_00542,0.5472972972972973,pos,Farm,IT2
ASV_00127,ASV_00543,0.5594405594405595,pos,Farm,IT2
ASV_00127,ASV_00548,0.5179856115107914,pos,Farm,IT2
ASV_00127,ASV_00550,0.541095890410959,pos,Farm,IT2
ASV_00127,ASV_00554,0.5273972602739726,pos,Farm,IT2
ASV_00127,ASV_00568,0.5734265734265734,pos,Farm,IT2
ASV_00127,ASV_00594,0.5172413793103449,pos,Farm,IT2
ASV_00127,ASV_00611,0.5379310344827586,pos,Farm,IT2
ASV_00127,ASV_00618,0.5208333333333334,pos,Farm,IT2
ASV_00127,ASV_00622,0.5144927536231884,pos,Farm,IT2
ASV_00127,ASV_00635,0.5547945205479452,pos,Farm,IT2
ASV_00127,ASV_00641,0.5655172413793104,pos,Farm,IT2
ASV_00127,ASV_00643,0.5492957746478874,pos,Farm,IT2
ASV_00127,ASV_00656,0.5136986301369864,pos,Farm,IT2
ASV_00127,ASV_00662,0.5140845070422535,pos,Farm,IT2
ASV_00127,ASV_00666,0.5374149659863946,pos,Farm,IT2
ASV_00127,ASV_00668,0.5652173913043478,pos,Farm,IT2
ASV_00127,ASV_00671,0.5652173913043478,pos,Farm,IT2
ASV_00127,ASV_00676,0.5405405405405406,pos,Farm,IT2
ASV_00127,ASV_00697,0.5,pos,Farm,IT2
ASV_00127,ASV_00757,0.5273972602739726,pos,Farm,IT2
ASV_00127,ASV_00758,0.5524475524475524,pos,Farm,IT2
ASV_00127,ASV_00760,0.5655172413793104,pos,Farm,IT2
ASV_00127,ASV_00769,0.5208333333333334,pos,Farm,IT2
ASV_00127,ASV_00793,0.5,pos,Farm,IT2
ASV_00127,ASV_00808,0.5319148936170213,pos,Farm,IT2
ASV_00127,ASV_00821,0.5205479452054794,pos,Farm,IT2
ASV_00127,ASV_00822,0.5136986301369864,pos,Farm,IT2
ASV_00127,ASV_00829,0.5352112676056338,pos,Farm,IT2
ASV_00127,ASV_00843,0.5238095238095238,pos,Farm,IT2
ASV_00127,ASV_00865,0.5454545454545454,pos,Farm,IT2
ASV_00127,ASV_00873,0.5362318840579711,pos,Farm,IT2
ASV_00127,ASV_00891,0.5533333333333333,pos,Farm,IT2
ASV_00127,ASV_00906,0.5503355704697986,pos,Farm,IT2
ASV_00127,ASV_00909,0.5,pos,Farm,IT2
ASV_00127,ASV_00912,0.5035971223021583,pos,Farm,IT2
ASV_00127,ASV_00924,0.4857142857142857,pos,Farm,IT2
ASV_00127,ASV_00929,0.5517241379310345,pos,Farm,IT2
ASV_00127,ASV_00931,0.5104895104895105,pos,Farm,IT2
ASV_00127,ASV_00959,0.5277777777777778,pos,Farm,IT2
ASV_00127,ASV_00987,0.5,pos,Farm,IT2
ASV_00127,ASV_01018,0.5319148936170213,pos,Farm,IT2
ASV_00127,ASV_01023,0.5763888888888888,pos,Farm,IT2
ASV_00127,ASV_01065,0.5,pos,Farm,IT2
ASV_00127,ASV_01071,0.528169014084507,pos,Farm,IT2
ASV_00127,ASV_01087,0.5310344827586206,pos,Farm,IT2
ASV_00127,ASV_01179,0.4965034965034965,pos,Farm,IT2
ASV_00127,ASV_01204,0.5547945205479452,pos,Farm,IT2
ASV_00127,ASV_01249,0.5,pos,Farm,IT2
ASV_00127,ASV_01253,0.5492957746478874,pos,Farm,IT2
ASV_00127,ASV_01417,0.5103448275862069,pos,Farm,IT2
ASV_00127,ASV_01491,0.5103448275862069,pos,Farm,IT2
ASV_00127,ASV_01941,0.5273972602739726,pos,Farm,IT2
ASV_00128,ASV_00129,0.5374149659863946,pos,Farm,IT2
ASV_00128,ASV_00130,0.5684931506849316,pos,Farm,IT2
ASV_00128,ASV_00138,0.527027027027027,pos,Farm,IT2
ASV_00128,ASV_00140,0.5379310344827586,pos,Farm,IT2
ASV_00128,ASV_00142,0.5510204081632653,pos,Farm,IT2
ASV_00128,ASV_00147,0.5238095238095238,pos,Farm,IT2
ASV_00128,ASV_00148,0.6013513513513513,pos,Farm,IT2
ASV_00128,ASV_00151,0.5416666666666666,pos,Farm,IT2
ASV_00128,ASV_00154,0.5238095238095238,pos,Farm,IT2
ASV_00128,ASV_00159,0.564625850340136,pos,Farm,IT2
ASV_00128,ASV_00165,0.5068493150684932,pos,Farm,IT2
ASV_00128,ASV_00166,0.5684931506849316,pos,Farm,IT2
ASV_00128,ASV_00167,0.593103448275862,pos,Farm,IT2
ASV_00128,ASV_00168,0.6054421768707483,pos,Farm,IT2
ASV_00128,ASV_00171,0.5466666666666666,pos,Farm,IT2
ASV_00128,ASV_00176,0.5069444444444444,pos,Farm,IT2
ASV_00128,ASV_00186,0.5684931506849316,pos,Farm,IT2
ASV_00128,ASV_00192,0.5547945205479452,pos,Farm,IT2
ASV_00128,ASV_00193,0.5821917808219178,pos,Farm,IT2
ASV_00128,ASV_00208,0.5306122448979592,pos,Farm,IT2
ASV_00128,ASV_00211,0.5103448275862069,pos,Farm,IT2
ASV_00128,ASV_00232,0.5743243243243243,pos,Farm,IT2
ASV_00128,ASV_00233,0.5594405594405595,pos,Farm,IT2
ASV_00128,ASV_00240,0.5342465753424658,pos,Farm,IT2
ASV_00128,ASV_00242,0.5034965034965035,pos,Farm,IT2
ASV_00128,ASV_00247,0.547945205479452,pos,Farm,IT2
ASV_00128,ASV_00249,0.527027027027027,pos,Farm,IT2
ASV_00128,ASV_00257,0.5714285714285714,pos,Farm,IT2
ASV_00128,ASV_00263,0.5704697986577181,pos,Farm,IT2
ASV_00128,ASV_00266,0.5608108108108109,pos,Farm,IT2
ASV_00128,ASV_00274,0.5933333333333334,pos,Farm,IT2
ASV_00128,ASV_00285,0.5664335664335665,pos,Farm,IT2
ASV_00128,ASV_00290,0.5751633986928104,pos,Farm,IT2
ASV_00128,ASV_00297,0.5763888888888888,pos,Farm,IT2
ASV_00128,ASV_00299,0.5448275862068965,pos,Farm,IT2
ASV_00128,ASV_00300,0.6040268456375839,pos,Farm,IT2
ASV_00128,ASV_00304,0.5723684210526315,pos,Farm,IT2
ASV_00128,ASV_00305,0.5771812080536913,pos,Farm,IT2
ASV_00128,ASV_00311,0.5629139072847682,pos,Farm,IT2
ASV_00128,ASV_00315,0.5208333333333334,pos,Farm,IT2
ASV_00128,ASV_00320,0.5454545454545454,pos,Farm,IT2
ASV_00128,ASV_00324,0.5915492957746479,pos,Farm,IT2
ASV_00128,ASV_00332,0.5306122448979592,pos,Farm,IT2
ASV_00128,ASV_00333,0.5608108108108109,pos,Farm,IT2
ASV_00128,ASV_00334,0.5466666666666666,pos,Farm,IT2
ASV_00128,ASV_00340,0.5466666666666666,pos,Farm,IT2
ASV_00128,ASV_00346,0.5448275862068965,pos,Farm,IT2
ASV_00128,ASV_00350,0.5070422535211268,pos,Farm,IT2
ASV_00128,ASV_00355,0.5436241610738255,pos,Farm,IT2
ASV_00128,ASV_00361,0.5958904109589042,pos,Farm,IT2
ASV_00128,ASV_00365,0.54421768707483,pos,Farm,IT2
ASV_00128,ASV_00369,0.6013986013986014,pos,Farm,IT2
ASV_00128,ASV_00384,0.5763888888888888,pos,Farm,IT2
ASV_00128,ASV_00395,0.5170068027210885,pos,Farm,IT2
ASV_00128,ASV_00403,0.5570469798657718,pos,Farm,IT2
ASV_00128,ASV_00409,0.5205479452054794,pos,Farm,IT2
ASV_00128,ASV_00410,0.5547945205479452,pos,Farm,IT2
ASV_00128,ASV_00415,0.5405405405405406,pos,Farm,IT2
ASV_00128,ASV_00428,0.5172413793103449,pos,Farm,IT2
ASV_00128,ASV_00438,0.5874125874125874,pos,Farm,IT2
ASV_00128,ASV_00440,0.5170068027210885,pos,Farm,IT2
ASV_00128,ASV_00442,0.581081081081081,pos,Farm,IT2
ASV_00128,ASV_00443,0.5170068027210885,pos,Farm,IT2
ASV_00128,ASV_00444,0.5405405405405406,pos,Farm,IT2
ASV_00128,ASV_00452,0.5170068027210885,pos,Farm,IT2
ASV_00128,ASV_00458,0.5241379310344828,pos,Farm,IT2
ASV_00128,ASV_00463,0.5466666666666666,pos,Farm,IT2
ASV_00128,ASV_00465,0.5337837837837838,pos,Farm,IT2
ASV_00128,ASV_00468,0.4928571428571429,pos,Farm,IT2
ASV_00128,ASV_00482,0.5974025974025974,pos,Farm,IT2
ASV_00128,ASV_00490,0.5827814569536424,pos,Farm,IT2
ASV_00128,ASV_00501,0.5684931506849316,pos,Farm,IT2
ASV_00128,ASV_00503,0.5547945205479452,pos,Farm,IT2
ASV_00128,ASV_00513,0.5655172413793104,pos,Farm,IT2
ASV_00128,ASV_00517,0.5273972602739726,pos,Farm,IT2
ASV_00128,ASV_00518,0.6122448979591837,pos,Farm,IT2
ASV_00128,ASV_00520,0.5714285714285714,pos,Farm,IT2
ASV_00128,ASV_00524,0.5205479452054794,pos,Farm,IT2
ASV_00128,ASV_00530,0.5510204081632653,pos,Farm,IT2
ASV_00128,ASV_00533,0.5374149659863946,pos,Farm,IT2
ASV_00128,ASV_00556,0.5369127516778524,pos,Farm,IT2
ASV_00128,ASV_00559,0.527027027027027,pos,Farm,IT2
ASV_00128,ASV_00563,0.5608108108108109,pos,Farm,IT2
ASV_00128,ASV_00572,0.5894039735099338,pos,Farm,IT2
ASV_00128,ASV_00587,0.5342465753424658,pos,Farm,IT2
ASV_00128,ASV_00592,0.5405405405405406,pos,Farm,IT2
ASV_00128,ASV_00612,0.5570469798657718,pos,Farm,IT2
ASV_00128,ASV_00620,0.5466666666666666,pos,Farm,IT2
ASV_00128,ASV_00633,0.5436241610738255,pos,Farm,IT2
ASV_00128,ASV_00638,0.5466666666666666,pos,Farm,IT2
ASV_00128,ASV_00643,0.5616438356164384,pos,Farm,IT2
ASV_00128,ASV_00645,0.5714285714285714,pos,Farm,IT2
ASV_00128,ASV_00651,0.5547945205479452,pos,Farm,IT2
ASV_00128,ASV_00656,0.5369127516778524,pos,Farm,IT2
ASV_00128,ASV_00662,0.5170068027210885,pos,Farm,IT2
ASV_00128,ASV_00671,0.5342465753424658,pos,Farm,IT2
ASV_00128,ASV_00679,0.6,pos,Farm,IT2
ASV_00128,ASV_00686,0.5472972972972973,pos,Farm,IT2
ASV_00128,ASV_00724,0.5448275862068965,pos,Farm,IT2
ASV_00128,ASV_00757,0.5503355704697986,pos,Farm,IT2
ASV_00128,ASV_00769,0.54421768707483,pos,Farm,IT2
ASV_00128,ASV_00772,0.5833333333333334,pos,Farm,IT2
ASV_00128,ASV_00801,0.5277777777777778,pos,Farm,IT2
ASV_00128,ASV_00802,0.5562913907284768,pos,Farm,IT2
ASV_00128,ASV_00807,0.5578231292517006,pos,Farm,IT2
ASV_00128,ASV_00821,0.5540540540540541,pos,Farm,IT2
ASV_00128,ASV_00829,0.6028368794326241,pos,Farm,IT2
ASV_00128,ASV_00842,0.5347222222222222,pos,Farm,IT2
ASV_00128,ASV_00848,0.5570469798657718,pos,Farm,IT2
ASV_00128,ASV_00865,0.5578231292517006,pos,Farm,IT2
ASV_00128,ASV_00880,0.5273972602739726,pos,Farm,IT2
ASV_00128,ASV_00912,0.496551724137931,pos,Farm,IT2
ASV_00128,ASV_00929,0.6068965517241379,pos,Farm,IT2
ASV_00128,ASV_00984,0.5684931506849316,pos,Farm,IT2
ASV_00128,ASV_00987,0.5448275862068965,pos,Farm,IT2
ASV_00128,ASV_00989,0.5069444444444444,pos,Farm,IT2
ASV_00128,ASV_01071,0.541095890410959,pos,Farm,IT2
ASV_00128,ASV_01119,0.5906040268456376,pos,Farm,IT2
ASV_00128,ASV_01124,0.5405405405405406,pos,Farm,IT2
ASV_00128,ASV_01153,0.5273972602739726,pos,Farm,IT2
ASV_00128,ASV_01385,0.527027027027027,pos,Farm,IT2
ASV_00128,ASV_01417,0.5337837837837838,pos,Farm,IT2
ASV_00128,ASV_01426,0.5241379310344828,pos,Farm,IT2
ASV_00128,ASV_01458,0.5460992907801419,pos,Farm,IT2
ASV_00128,ASV_01941,0.5608108108108109,pos,Farm,IT2
ASV_00128,ASV_02020,0.527027027027027,pos,Farm,IT2
ASV_00128,ASV_02332,0.5743243243243243,pos,Farm,IT2
ASV_00129,ASV_00131,0.5323741007194245,pos,Farm,IT2
ASV_00129,ASV_00137,0.5035460992907801,pos,Farm,IT2
ASV_00129,ASV_00138,0.539568345323741,pos,Farm,IT2
ASV_00129,ASV_00140,0.4859154929577465,pos,Farm,IT2
ASV_00129,ASV_00141,0.4859154929577465,pos,Farm,IT2
ASV_00129,ASV_00142,0.5104895104895105,pos,Farm,IT2
ASV_00129,ASV_00145,0.5034965034965035,pos,Farm,IT2
ASV_00129,ASV_00148,0.5625,pos,Farm,IT2
ASV_00129,ASV_00155,0.48936170212765956,pos,Farm,IT2
ASV_00129,ASV_00163,0.5,pos,Farm,IT2
ASV_00129,ASV_00164,0.5071428571428571,pos,Farm,IT2
ASV_00129,ASV_00165,0.5072463768115942,pos,Farm,IT2
ASV_00129,ASV_00166,0.528169014084507,pos,Farm,IT2
ASV_00129,ASV_00167,0.5103448275862069,pos,Farm,IT2
ASV_00129,ASV_00170,0.5637583892617449,pos,Farm,IT2
ASV_00129,ASV_00179,0.5436241610738255,pos,Farm,IT2
ASV_00129,ASV_00182,0.5347222222222222,pos,Farm,IT2
ASV_00129,ASV_00186,0.583941605839416,pos,Farm,IT2
ASV_00129,ASV_00187,0.5034965034965035,pos,Farm,IT2
ASV_00129,ASV_00193,0.5208333333333334,pos,Farm,IT2
ASV_00129,ASV_00196,0.4857142857142857,pos,Farm,IT2
ASV_00129,ASV_00199,0.48201438848920863,pos,Farm,IT2
ASV_00129,ASV_00200,0.5328467153284672,pos,Farm,IT2
ASV_00129,ASV_00205,0.527027027027027,pos,Farm,IT2
ASV_00129,ASV_00213,0.5625,pos,Farm,IT2
ASV_00129,ASV_00216,0.5323741007194245,pos,Farm,IT2
ASV_00129,ASV_00218,0.5211267605633803,pos,Farm,IT2
ASV_00129,ASV_00227,0.5211267605633803,pos,Farm,IT2
ASV_00129,ASV_00229,0.524822695035461,pos,Farm,IT2
ASV_00129,ASV_00233,0.5179856115107914,pos,Farm,IT2
ASV_00129,ASV_00247,0.5177304964539007,pos,Farm,IT2
ASV_00129,ASV_00249,0.5070422535211268,pos,Farm,IT2
ASV_00129,ASV_00252,0.5070422535211268,pos,Farm,IT2
ASV_00129,ASV_00262,0.5384615384615384,pos,Farm,IT2
ASV_00129,ASV_00264,0.5,pos,Farm,IT2
ASV_00129,ASV_00266,0.5103448275862069,pos,Farm,IT2
ASV_00129,ASV_00269,0.5637583892617449,pos,Farm,IT2
ASV_00129,ASV_00271,0.45255474452554745,pos,Farm,IT2
ASV_00129,ASV_00276,0.5136986301369864,pos,Farm,IT2
ASV_00129,ASV_00277,0.527027027027027,pos,Farm,IT2
ASV_00129,ASV_00280,0.5035460992907801,pos,Farm,IT2
ASV_00129,ASV_00285,0.49295774647887325,pos,Farm,IT2
ASV_00129,ASV_00288,0.5205479452054794,pos,Farm,IT2
ASV_00129,ASV_00291,0.5109489051094891,pos,Farm,IT2
ASV_00129,ASV_00292,0.5347222222222222,pos,Farm,IT2
ASV_00129,ASV_00294,0.5103448275862069,pos,Farm,IT2
ASV_00129,ASV_00305,0.5273972602739726,pos,Farm,IT2
ASV_00129,ASV_00307,0.5289855072463768,pos,Farm,IT2
ASV_00129,ASV_00309,0.5208333333333334,pos,Farm,IT2
ASV_00129,ASV_00315,0.4892086330935252,pos,Farm,IT2
ASV_00129,ASV_00318,0.5174825174825175,pos,Farm,IT2
ASV_00129,ASV_00320,0.4928571428571429,pos,Farm,IT2
ASV_00129,ASV_00323,0.5,pos,Farm,IT2
ASV_00129,ASV_00324,0.539568345323741,pos,Farm,IT2
ASV_00129,ASV_00326,0.5401459854014599,pos,Farm,IT2
ASV_00129,ASV_00327,0.5035460992907801,pos,Farm,IT2
ASV_00129,ASV_00328,0.5642857142857143,pos,Farm,IT2
ASV_00129,ASV_00330,0.5035460992907801,pos,Farm,IT2
ASV_00129,ASV_00335,0.4855072463768116,pos,Farm,IT2
ASV_00129,ASV_00336,0.5034965034965035,pos,Farm,IT2
ASV_00129,ASV_00342,0.5034965034965035,pos,Farm,IT2
ASV_00129,ASV_00345,0.5241379310344828,pos,Farm,IT2
ASV_00129,ASV_00347,0.5241379310344828,pos,Farm,IT2
ASV_00129,ASV_00350,0.518796992481203,pos,Farm,IT2
ASV_00129,ASV_00359,0.5,pos,Farm,IT2
ASV_00129,ASV_00361,0.5136986301369864,pos,Farm,IT2
ASV_00129,ASV_00368,0.4965034965034965,pos,Farm,IT2
ASV_00129,ASV_00369,0.5174825174825175,pos,Farm,IT2
ASV_00129,ASV_00372,0.4892086330935252,pos,Farm,IT2
ASV_00129,ASV_00373,0.5,pos,Farm,IT2
ASV_00129,ASV_00391,0.48226950354609927,pos,Farm,IT2
ASV_00129,ASV_00395,0.49645390070921985,pos,Farm,IT2
ASV_00129,ASV_00404,0.48226950354609927,pos,Farm,IT2
ASV_00129,ASV_00407,0.5,pos,Farm,IT2
ASV_00129,ASV_00409,0.5107913669064749,pos,Farm,IT2
ASV_00129,ASV_00410,0.5467625899280576,pos,Farm,IT2
ASV_00129,ASV_00422,0.5034965034965035,pos,Farm,IT2
ASV_00129,ASV_00425,0.5179856115107914,pos,Farm,IT2
ASV_00129,ASV_00428,0.4857142857142857,pos,Farm,IT2
ASV_00129,ASV_00438,0.5034965034965035,pos,Farm,IT2
ASV_00129,ASV_00445,0.5034965034965035,pos,Farm,IT2
ASV_00129,ASV_00447,0.5785714285714286,pos,Farm,IT2
ASV_00129,ASV_00450,0.5138888888888888,pos,Farm,IT2
ASV_00129,ASV_00453,0.5138888888888888,pos,Farm,IT2
ASV_00129,ASV_00455,0.5142857142857142,pos,Farm,IT2
ASV_00129,ASV_00459,0.5138888888888888,pos,Farm,IT2
ASV_00129,ASV_00460,0.5571428571428572,pos,Farm,IT2
ASV_00129,ASV_00465,0.524822695035461,pos,Farm,IT2
ASV_00129,ASV_00468,0.4701492537313433,pos,Farm,IT2
ASV_00129,ASV_00479,0.5136986301369864,pos,Farm,IT2
ASV_00129,ASV_00483,0.5342465753424658,pos,Farm,IT2
ASV_00129,ASV_00485,0.5208333333333334,pos,Farm,IT2
ASV_00129,ASV_00486,0.5374149659863946,pos,Farm,IT2
ASV_00129,ASV_00490,0.54421768707483,pos,Farm,IT2
ASV_00129,ASV_00498,0.4748201438848921,pos,Farm,IT2
ASV_00129,ASV_00506,0.5217391304347826,pos,Farm,IT2
ASV_00129,ASV_00507,0.5,pos,Farm,IT2
ASV_00129,ASV_00508,0.5142857142857142,pos,Farm,IT2
ASV_00129,ASV_00511,0.4714285714285714,pos,Farm,IT2
ASV_00129,ASV_00513,0.5467625899280576,pos,Farm,IT2
ASV_00129,ASV_00514,0.54,pos,Farm,IT2
ASV_00129,ASV_00518,0.5845070422535211,pos,Farm,IT2
ASV_00129,ASV_00520,0.5103448275862069,pos,Farm,IT2
ASV_00129,ASV_00521,0.5273972602739726,pos,Farm,IT2
ASV_00129,ASV_00524,0.5107913669064749,pos,Farm,IT2
ASV_00129,ASV_00533,0.5177304964539007,pos,Farm,IT2
ASV_00129,ASV_00548,0.5109489051094891,pos,Farm,IT2
ASV_00129,ASV_00550,0.5563380281690141,pos,Farm,IT2
ASV_00129,ASV_00554,0.5314685314685315,pos,Farm,IT2
ASV_00129,ASV_00566,0.5357142857142857,pos,Farm,IT2
ASV_00129,ASV_00572,0.5510204081632653,pos,Farm,IT2
ASV_00129,ASV_00592,0.5319148936170213,pos,Farm,IT2
ASV_00129,ASV_00628,0.5434782608695652,pos,Farm,IT2
ASV_00129,ASV_00633,0.5244755244755245,pos,Farm,IT2
ASV_00129,ASV_00636,0.5862068965517241,pos,Farm,IT2
ASV_00129,ASV_00641,0.5379310344827586,pos,Farm,IT2
ASV_00129,ASV_00643,0.5428571428571428,pos,Farm,IT2
ASV_00129,ASV_00656,0.5174825174825175,pos,Farm,IT2
ASV_00129,ASV_00709,0.5140845070422535,pos,Farm,IT2
ASV_00129,ASV_00718,0.49640287769784175,pos,Farm,IT2
ASV_00129,ASV_00727,0.4859154929577465,pos,Farm,IT2
ASV_00129,ASV_00734,0.5642857142857143,pos,Farm,IT2
ASV_00129,ASV_00757,0.5314685314685315,pos,Farm,IT2
ASV_00129,ASV_00772,0.5211267605633803,pos,Farm,IT2
ASV_00129,ASV_00781,0.5357142857142857,pos,Farm,IT2
ASV_00129,ASV_00801,0.5294117647058824,pos,Farm,IT2
ASV_00129,ASV_00806,0.574468085106383,pos,Farm,IT2
ASV_00129,ASV_00807,0.528169014084507,pos,Farm,IT2
ASV_00129,ASV_00808,0.49295774647887325,pos,Farm,IT2
ASV_00129,ASV_00809,0.5540540540540541,pos,Farm,IT2
ASV_00129,ASV_00811,0.5384615384615384,pos,Farm,IT2
ASV_00129,ASV_00817,0.5238095238095238,pos,Farm,IT2
ASV_00129,ASV_00829,0.5177304964539007,pos,Farm,IT2
ASV_00129,ASV_00875,0.5517241379310345,pos,Farm,IT2
ASV_00129,ASV_00880,0.5179856115107914,pos,Farm,IT2
ASV_00129,ASV_00924,0.48905109489051096,pos,Farm,IT2
ASV_00129,ASV_00929,0.5347222222222222,pos,Farm,IT2
ASV_00129,ASV_00931,0.5142857142857142,pos,Farm,IT2
ASV_00129,ASV_00935,0.5211267605633803,pos,Farm,IT2
ASV_00129,ASV_00958,0.5034965034965035,pos,Farm,IT2
ASV_00129,ASV_00959,0.5104895104895105,pos,Farm,IT2
ASV_00129,ASV_00984,0.55,pos,Farm,IT2
ASV_00129,ASV_00989,0.4748201438848921,pos,Farm,IT2
ASV_00129,ASV_01071,0.5,pos,Farm,IT2
ASV_00129,ASV_01092,0.541095890410959,pos,Farm,IT2
ASV_00129,ASV_01101,0.5103448275862069,pos,Farm,IT2
ASV_00129,ASV_01124,0.5211267605633803,pos,Farm,IT2
ASV_00129,ASV_01179,0.48936170212765956,pos,Farm,IT2
ASV_00129,ASV_01250,0.5448275862068965,pos,Farm,IT2
ASV_00129,ASV_01253,0.5104895104895105,pos,Farm,IT2
ASV_00129,ASV_01328,0.5214285714285715,pos,Farm,IT2
ASV_00129,ASV_01426,0.4928571428571429,pos,Farm,IT2
ASV_00129,ASV_01458,0.48201438848920863,pos,Farm,IT2
ASV_00129,ASV_01491,0.5140845070422535,pos,Farm,IT2
ASV_00129,ASV_01503,0.5352112676056338,pos,Farm,IT2
ASV_00129,ASV_01512,0.556390977443609,pos,Farm,IT2
ASV_00129,ASV_01578,0.528169014084507,pos,Farm,IT2
ASV_00130,ASV_00131,0.5319148936170213,pos,Farm,IT2
ASV_00130,ASV_00138,0.528169014084507,pos,Farm,IT2
ASV_00130,ASV_00140,0.5285714285714286,pos,Farm,IT2
ASV_00130,ASV_00145,0.5138888888888888,pos,Farm,IT2
ASV_00130,ASV_00147,0.5034965034965035,pos,Farm,IT2
ASV_00130,ASV_00151,0.5323741007194245,pos,Farm,IT2
ASV_00130,ASV_00152,0.5306122448979592,pos,Farm,IT2
ASV_00130,ASV_00157,0.5486111111111112,pos,Farm,IT2
ASV_00130,ASV_00166,0.5172413793103449,pos,Farm,IT2
ASV_00130,ASV_00168,0.5337837837837838,pos,Farm,IT2
ASV_00130,ASV_00178,0.5205479452054794,pos,Farm,IT2
ASV_00130,ASV_00188,0.5448275862068965,pos,Farm,IT2
ASV_00130,ASV_00192,0.5138888888888888,pos,Farm,IT2
ASV_00130,ASV_00193,0.5633802816901409,pos,Farm,IT2
ASV_00130,ASV_00197,0.5208333333333334,pos,Farm,IT2
ASV_00130,ASV_00199,0.5255474452554745,pos,Farm,IT2
ASV_00130,ASV_00200,0.5214285714285715,pos,Farm,IT2
ASV_00130,ASV_00203,0.5208333333333334,pos,Farm,IT2
ASV_00130,ASV_00232,0.5342465753424658,pos,Farm,IT2
ASV_00130,ASV_00242,0.4714285714285714,pos,Farm,IT2
ASV_00130,ASV_00244,0.5103448275862069,pos,Farm,IT2
ASV_00130,ASV_00251,0.5524475524475524,pos,Farm,IT2
ASV_00130,ASV_00253,0.5517241379310345,pos,Farm,IT2
ASV_00130,ASV_00259,0.4748201438848921,pos,Farm,IT2
ASV_00130,ASV_00277,0.5472972972972973,pos,Farm,IT2
ASV_00130,ASV_00279,0.5,pos,Farm,IT2
ASV_00130,ASV_00280,0.5140845070422535,pos,Farm,IT2
ASV_00130,ASV_00283,0.5238095238095238,pos,Farm,IT2
ASV_00130,ASV_00285,0.5034965034965035,pos,Farm,IT2
ASV_00130,ASV_00292,0.5448275862068965,pos,Farm,IT2
ASV_00130,ASV_00293,0.5503355704697986,pos,Farm,IT2
ASV_00130,ASV_00294,0.5310344827586206,pos,Farm,IT2
ASV_00130,ASV_00295,0.5241379310344828,pos,Farm,IT2
ASV_00130,ASV_00305,0.5374149659863946,pos,Farm,IT2
ASV_00130,ASV_00308,0.5034965034965035,pos,Farm,IT2
ASV_00130,ASV_00309,0.5205479452054794,pos,Farm,IT2
ASV_00130,ASV_00315,0.5107913669064749,pos,Farm,IT2
ASV_00130,ASV_00323,0.5208333333333334,pos,Farm,IT2
ASV_00130,ASV_00328,0.5205479452054794,pos,Farm,IT2
ASV_00130,ASV_00333,0.5205479452054794,pos,Farm,IT2
ASV_00130,ASV_00337,0.5510204081632653,pos,Farm,IT2
ASV_00130,ASV_00342,0.5683453237410072,pos,Farm,IT2
ASV_00130,ASV_00352,0.5104895104895105,pos,Farm,IT2
ASV_00130,ASV_00367,0.5070422535211268,pos,Farm,IT2
ASV_00130,ASV_00369,0.5492957746478874,pos,Farm,IT2
ASV_00130,ASV_00372,0.5,pos,Farm,IT2
ASV_00130,ASV_00390,0.5369127516778524,pos,Farm,IT2
ASV_00130,ASV_00395,0.5177304964539007,pos,Farm,IT2
ASV_00130,ASV_00416,0.5460992907801419,pos,Farm,IT2
ASV_00130,ASV_00421,0.5205479452054794,pos,Farm,IT2
ASV_00130,ASV_00440,0.4965034965034965,pos,Farm,IT2
ASV_00130,ASV_00450,0.5136986301369864,pos,Farm,IT2
ASV_00130,ASV_00452,0.4965034965034965,pos,Farm,IT2
ASV_00130,ASV_00453,0.5136986301369864,pos,Farm,IT2
ASV_00130,ASV_00458,0.5251798561151079,pos,Farm,IT2
ASV_00130,ASV_00477,0.5241379310344828,pos,Farm,IT2
ASV_00130,ASV_00493,0.5374149659863946,pos,Farm,IT2
ASV_00130,ASV_00496,0.5277777777777778,pos,Farm,IT2
ASV_00130,ASV_00498,0.49640287769784175,pos,Farm,IT2
ASV_00130,ASV_00501,0.5172413793103449,pos,Farm,IT2
ASV_00130,ASV_00506,0.5,pos,Farm,IT2
ASV_00130,ASV_00524,0.5434782608695652,pos,Farm,IT2
ASV_00130,ASV_00541,0.5138888888888888,pos,Farm,IT2
ASV_00130,ASV_00550,0.5238095238095238,pos,Farm,IT2
ASV_00130,ASV_00554,0.5205479452054794,pos,Farm,IT2
ASV_00130,ASV_00555,0.5524475524475524,pos,Farm,IT2
ASV_00130,ASV_00559,0.528169014084507,pos,Farm,IT2
ASV_00130,ASV_00566,0.5244755244755245,pos,Farm,IT2
ASV_00130,ASV_00571,0.5205479452054794,pos,Farm,IT2
ASV_00130,ASV_00595,0.5034965034965035,pos,Farm,IT2
ASV_00130,ASV_00620,0.5486111111111112,pos,Farm,IT2
ASV_00130,ASV_00636,0.5637583892617449,pos,Farm,IT2
ASV_00130,ASV_00638,0.5486111111111112,pos,Farm,IT2
ASV_00130,ASV_00643,0.5103448275862069,pos,Farm,IT2
ASV_00130,ASV_00654,0.49295774647887325,pos,Farm,IT2
ASV_00130,ASV_00665,0.4859154929577465,pos,Farm,IT2
ASV_00130,ASV_00686,0.5277777777777778,pos,Farm,IT2
ASV_00130,ASV_00724,0.5034965034965035,pos,Farm,IT2
ASV_00130,ASV_00758,0.5136986301369864,pos,Farm,IT2
ASV_00130,ASV_00760,0.5374149659863946,pos,Farm,IT2
ASV_00130,ASV_00772,0.5208333333333334,pos,Farm,IT2
ASV_00130,ASV_00778,0.5036496350364964,pos,Farm,IT2
ASV_00130,ASV_00789,0.5277777777777778,pos,Farm,IT2
ASV_00130,ASV_00798,0.5448275862068965,pos,Farm,IT2
ASV_00130,ASV_00807,0.5384615384615384,pos,Farm,IT2
ASV_00130,ASV_00848,0.5379310344827586,pos,Farm,IT2
ASV_00130,ASV_00865,0.5277777777777778,pos,Farm,IT2
ASV_00130,ASV_00869,0.547945205479452,pos,Farm,IT2
ASV_00130,ASV_00873,0.49645390070921985,pos,Farm,IT2
ASV_00130,ASV_00906,0.5436241610738255,pos,Farm,IT2
ASV_00130,ASV_00912,0.4857142857142857,pos,Farm,IT2
ASV_00130,ASV_00935,0.5208333333333334,pos,Farm,IT2
ASV_00130,ASV_00959,0.5208333333333334,pos,Farm,IT2
ASV_00130,ASV_00987,0.524822695035461,pos,Farm,IT2
ASV_00130,ASV_01023,0.5374149659863946,pos,Farm,IT2
ASV_00130,ASV_01071,0.5211267605633803,pos,Farm,IT2
ASV_00130,ASV_01124,0.5103448275862069,pos,Farm,IT2
ASV_00130,ASV_01328,0.5211267605633803,pos,Farm,IT2
ASV_00130,ASV_01417,0.5138888888888888,pos,Farm,IT2
ASV_00130,ASV_01458,0.4928571428571429,pos,Farm,IT2
ASV_00130,ASV_01840,0.5352112676056338,pos,Farm,IT2
ASV_00130,ASV_01941,0.5310344827586206,pos,Farm,IT2
ASV_00131,ASV_00132,0.48226950354609927,pos,Farm,IT2
ASV_00131,ASV_00133,0.49295774647887325,pos,Farm,IT2
ASV_00131,ASV_00142,0.524822695035461,pos,Farm,IT2
ASV_00131,ASV_00145,0.5177304964539007,pos,Farm,IT2
ASV_00131,ASV_00147,0.5179856115107914,pos,Farm,IT2
ASV_00131,ASV_00148,0.5555555555555556,pos,Farm,IT2
ASV_00131,ASV_00152,0.5136986301369864,pos,Farm,IT2
ASV_00131,ASV_00159,0.5069444444444444,pos,Farm,IT2
ASV_00131,ASV_00162,0.5177304964539007,pos,Farm,IT2
ASV_00131,ASV_00163,0.5144927536231884,pos,Farm,IT2
ASV_00131,ASV_00173,0.547945205479452,pos,Farm,IT2
ASV_00131,ASV_00176,0.4676258992805755,pos,Farm,IT2
ASV_00131,ASV_00186,0.5428571428571428,pos,Farm,IT2
ASV_00131,ASV_00189,0.49645390070921985,pos,Farm,IT2
ASV_00131,ASV_00199,0.49635036496350365,pos,Farm,IT2
ASV_00131,ASV_00200,0.48226950354609927,pos,Farm,IT2
ASV_00131,ASV_00205,0.5306122448979592,pos,Farm,IT2
ASV_00131,ASV_00208,0.5142857142857142,pos,Farm,IT2
ASV_00131,ASV_00218,0.5140845070422535,pos,Farm,IT2
ASV_00131,ASV_00227,0.524822695035461,pos,Farm,IT2
ASV_00131,ASV_00243,0.5,pos,Farm,IT2
ASV_00131,ASV_00246,0.5103448275862069,pos,Farm,IT2
ASV_00131,ASV_00247,0.5106382978723404,pos,Farm,IT2
ASV_00131,ASV_00249,0.5,pos,Farm,IT2
ASV_00131,ASV_00251,0.5352112676056338,pos,Farm,IT2
ASV_00131,ASV_00252,0.5106382978723404,pos,Farm,IT2
ASV_00131,ASV_00254,0.5136986301369864,pos,Farm,IT2
ASV_00131,ASV_00263,0.5241379310344828,pos,Farm,IT2
ASV_00131,ASV_00269,0.5466666666666666,pos,Farm,IT2
ASV_00131,ASV_00270,0.5510204081632653,pos,Farm,IT2
ASV_00131,ASV_00271,0.45588235294117646,pos,Farm,IT2
ASV_00131,ASV_00275,0.5555555555555556,pos,Farm,IT2
ASV_00131,ASV_00277,0.541095890410959,pos,Farm,IT2
ASV_00131,ASV_00284,0.4857142857142857,pos,Farm,IT2
ASV_00131,ASV_00286,0.5140845070422535,pos,Farm,IT2
ASV_00131,ASV_00288,0.5241379310344828,pos,Farm,IT2
ASV_00131,ASV_00295,0.5611510791366906,pos,Farm,IT2
ASV_00131,ASV_00299,0.5179856115107914,pos,Farm,IT2
ASV_00131,ASV_00300,0.527027027027027,pos,Farm,IT2
ASV_00131,ASV_00307,0.5441176470588235,pos,Farm,IT2
ASV_00131,ASV_00309,0.5352112676056338,pos,Farm,IT2
ASV_00131,ASV_00315,0.4927536231884058,pos,Farm,IT2
ASV_00131,ASV_00317,0.5,pos,Farm,IT2
ASV_00131,ASV_00324,0.5323741007194245,pos,Farm,IT2
ASV_00131,ASV_00327,0.5071428571428571,pos,Farm,IT2
ASV_00131,ASV_00328,0.5138888888888888,pos,Farm,IT2
ASV_00131,ASV_00330,0.4859154929577465,pos,Farm,IT2
ASV_00131,ASV_00337,0.5448275862068965,pos,Farm,IT2
ASV_00131,ASV_00343,0.528169014084507,pos,Farm,IT2
ASV_00131,ASV_00352,0.49295774647887325,pos,Farm,IT2
ASV_00131,ASV_00355,0.528169014084507,pos,Farm,IT2
ASV_00131,ASV_00359,0.48201438848920863,pos,Farm,IT2
ASV_00131,ASV_00361,0.5172413793103449,pos,Farm,IT2
ASV_00131,ASV_00373,0.48226950354609927,pos,Farm,IT2
ASV_00131,ASV_00377,0.4892086330935252,pos,Farm,IT2
ASV_00131,ASV_00381,0.5107913669064749,pos,Farm,IT2
ASV_00131,ASV_00384,0.5177304964539007,pos,Farm,IT2
ASV_00131,ASV_00389,0.5104895104895105,pos,Farm,IT2
ASV_00131,ASV_00390,0.5517241379310345,pos,Farm,IT2
ASV_00131,ASV_00391,0.49640287769784175,pos,Farm,IT2
ASV_00131,ASV_00393,0.4676258992805755,pos,Farm,IT2
ASV_00131,ASV_00395,0.5107913669064749,pos,Farm,IT2
ASV_00131,ASV_00409,0.5255474452554745,pos,Farm,IT2
ASV_00131,ASV_00410,0.5070422535211268,pos,Farm,IT2
ASV_00131,ASV_00416,0.5177304964539007,pos,Farm,IT2
ASV_00131,ASV_00418,0.49295774647887325,pos,Farm,IT2
ASV_00131,ASV_00425,0.5,pos,Farm,IT2
ASV_00131,ASV_00441,0.49645390070921985,pos,Farm,IT2
ASV_00131,ASV_00443,0.5,pos,Farm,IT2
ASV_00131,ASV_00458,0.4857142857142857,pos,Farm,IT2
ASV_00131,ASV_00463,0.5103448275862069,pos,Farm,IT2
ASV_00131,ASV_00465,0.5070422535211268,pos,Farm,IT2
ASV_00131,ASV_00468,0.45185185185185184,pos,Farm,IT2
ASV_00131,ASV_00479,0.5172413793103449,pos,Farm,IT2
ASV_00131,ASV_00488,0.5273972602739726,pos,Farm,IT2
ASV_00131,ASV_00493,0.5633802816901409,pos,Farm,IT2
ASV_00131,ASV_00494,0.5140845070422535,pos,Farm,IT2
ASV_00131,ASV_00496,0.5428571428571428,pos,Farm,IT2
ASV_00131,ASV_00498,0.5454545454545454,pos,Farm,IT2
ASV_00131,ASV_00507,0.5034965034965035,pos,Farm,IT2
ASV_00131,ASV_00513,0.4965034965034965,pos,Farm,IT2
ASV_00131,ASV_00518,0.5448275862068965,pos,Farm,IT2
ASV_00131,ASV_00524,0.5255474452554745,pos,Farm,IT2
ASV_00131,ASV_00528,0.5401459854014599,pos,Farm,IT2
ASV_00131,ASV_00530,0.524822695035461,pos,Farm,IT2
ASV_00131,ASV_00534,0.5374149659863946,pos,Farm,IT2
ASV_00131,ASV_00536,0.5928571428571429,pos,Farm,IT2
ASV_00131,ASV_00541,0.4965034965034965,pos,Farm,IT2
ASV_00131,ASV_00542,0.5238095238095238,pos,Farm,IT2
ASV_00131,ASV_00550,0.5172413793103449,pos,Farm,IT2
ASV_00131,ASV_00566,0.4965034965034965,pos,Farm,IT2
ASV_00131,ASV_00568,0.5277777777777778,pos,Farm,IT2
ASV_00131,ASV_00572,0.5337837837837838,pos,Farm,IT2
ASV_00131,ASV_00574,0.5492957746478874,pos,Farm,IT2
ASV_00131,ASV_00581,0.4782608695652174,pos,Farm,IT2
ASV_00131,ASV_00592,0.5140845070422535,pos,Farm,IT2
ASV_00131,ASV_00594,0.524822695035461,pos,Farm,IT2
ASV_00131,ASV_00595,0.49645390070921985,pos,Farm,IT2
ASV_00131,ASV_00596,0.4676258992805755,pos,Farm,IT2
ASV_00131,ASV_00613,0.4782608695652174,pos,Farm,IT2
ASV_00131,ASV_00620,0.5422535211267606,pos,Farm,IT2
ASV_00131,ASV_00633,0.5174825174825175,pos,Farm,IT2
ASV_00131,ASV_00635,0.5633802816901409,pos,Farm,IT2
ASV_00131,ASV_00636,0.5472972972972973,pos,Farm,IT2
ASV_00131,ASV_00651,0.5177304964539007,pos,Farm,IT2
ASV_00131,ASV_00656,0.5,pos,Farm,IT2
ASV_00131,ASV_00671,0.5071428571428571,pos,Farm,IT2
ASV_00131,ASV_00718,0.5,pos,Farm,IT2
ASV_00131,ASV_00732,0.49295774647887325,pos,Farm,IT2
ASV_00131,ASV_00757,0.5571428571428572,pos,Farm,IT2
ASV_00131,ASV_00758,0.5069444444444444,pos,Farm,IT2
ASV_00131,ASV_00760,0.5416666666666666,pos,Farm,IT2
ASV_00131,ASV_00769,0.5620437956204379,pos,Farm,IT2
ASV_00131,ASV_00772,0.5140845070422535,pos,Farm,IT2
ASV_00131,ASV_00807,0.5766423357664233,pos,Farm,IT2
ASV_00131,ASV_00809,0.5472972972972973,pos,Farm,IT2
ASV_00131,ASV_00811,0.5314685314685315,pos,Farm,IT2
ASV_00131,ASV_00817,0.5379310344827586,pos,Farm,IT2
ASV_00131,ASV_00821,0.5174825174825175,pos,Farm,IT2
ASV_00131,ASV_00845,0.4927536231884058,pos,Farm,IT2
ASV_00131,ASV_00875,0.5774647887323944,pos,Farm,IT2
ASV_00131,ASV_00890,0.5069444444444444,pos,Farm,IT2
ASV_00131,ASV_00935,0.5140845070422535,pos,Farm,IT2
ASV_00131,ASV_00958,0.5070422535211268,pos,Farm,IT2
ASV_00131,ASV_00959,0.5357142857142857,pos,Farm,IT2
ASV_00131,ASV_00966,0.4782608695652174,pos,Farm,IT2
ASV_00131,ASV_01018,0.5179856115107914,pos,Farm,IT2
ASV_00131,ASV_01023,0.5524475524475524,pos,Farm,IT2
ASV_00131,ASV_01048,0.5214285714285715,pos,Farm,IT2
ASV_00131,ASV_01065,0.49640287769784175,pos,Farm,IT2
ASV_00131,ASV_01071,0.5362318840579711,pos,Farm,IT2
ASV_00131,ASV_01092,0.5448275862068965,pos,Farm,IT2
ASV_00131,ASV_01101,0.5244755244755245,pos,Farm,IT2
ASV_00131,ASV_01119,0.5555555555555556,pos,Farm,IT2
ASV_00131,ASV_01179,0.5144927536231884,pos,Farm,IT2
ASV_00131,ASV_01328,0.5142857142857142,pos,Farm,IT2
ASV_00131,ASV_01458,0.4748201438848921,pos,Farm,IT2
ASV_00131,ASV_01491,0.4965034965034965,pos,Farm,IT2
ASV_00131,ASV_01541,0.5174825174825175,pos,Farm,IT2
ASV_00131,ASV_02149,0.5367647058823529,pos,Farm,IT2
ASV_00132,ASV_00140,0.5109489051094891,pos,Farm,IT2
ASV_00132,ASV_00141,0.5447761194029851,pos,Farm,IT2
ASV_00132,ASV_00145,0.5179856115107914,pos,Farm,IT2
ASV_00132,ASV_00147,0.5072463768115942,pos,Farm,IT2
ASV_00132,ASV_00157,0.5,pos,Farm,IT2
ASV_00132,ASV_00158,0.4859154929577465,pos,Farm,IT2
ASV_00132,ASV_00159,0.5177304964539007,pos,Farm,IT2
ASV_00132,ASV_00160,0.48226950354609927,pos,Farm,IT2
ASV_00132,ASV_00162,0.5071428571428571,pos,Farm,IT2
ASV_00132,ASV_00165,0.48905109489051096,pos,Farm,IT2
ASV_00132,ASV_00181,0.5,pos,Farm,IT2
ASV_00132,ASV_00184,0.5035971223021583,pos,Farm,IT2
ASV_00132,ASV_00186,0.5214285714285715,pos,Farm,IT2
ASV_00132,ASV_00187,0.5289855072463768,pos,Farm,IT2
ASV_00132,ASV_00189,0.5072463768115942,pos,Farm,IT2
ASV_00132,ASV_00191,0.4928571428571429,pos,Farm,IT2
ASV_00132,ASV_00192,0.49645390070921985,pos,Farm,IT2
ASV_00132,ASV_00193,0.5140845070422535,pos,Farm,IT2
ASV_00132,ASV_00196,0.48905109489051096,pos,Farm,IT2
ASV_00132,ASV_00197,0.49295774647887325,pos,Farm,IT2
ASV_00132,ASV_00202,0.4744525547445255,pos,Farm,IT2
ASV_00132,ASV_00205,0.5857142857142857,pos,Farm,IT2
ASV_00132,ASV_00212,0.48936170212765956,pos,Farm,IT2
ASV_00132,ASV_00216,0.48226950354609927,pos,Farm,IT2
ASV_00132,ASV_00221,0.48226950354609927,pos,Farm,IT2
ASV_00132,ASV_00228,0.4748201438848921,pos,Farm,IT2
ASV_00132,ASV_00230,0.5808823529411765,pos,Farm,IT2
ASV_00132,ASV_00232,0.5069444444444444,pos,Farm,IT2
ASV_00132,ASV_00237,0.5208333333333334,pos,Farm,IT2
ASV_00132,ASV_00238,0.539568345323741,pos,Farm,IT2
ASV_00132,ASV_00240,0.5407407407407407,pos,Farm,IT2
ASV_00132,ASV_00244,0.5035460992907801,pos,Farm,IT2
ASV_00132,ASV_00246,0.5211267605633803,pos,Farm,IT2
ASV_00132,ASV_00249,0.5107913669064749,pos,Farm,IT2
ASV_00132,ASV_00262,0.5211267605633803,pos,Farm,IT2
ASV_00132,ASV_00263,0.5138888888888888,pos,Farm,IT2
ASV_00132,ASV_00265,0.4892086330935252,pos,Farm,IT2
ASV_00132,ASV_00269,0.5369127516778524,pos,Farm,IT2
ASV_00132,ASV_00270,0.5306122448979592,pos,Farm,IT2
ASV_00132,ASV_00271,0.4444444444444444,pos,Farm,IT2
ASV_00132,ASV_00273,0.5323741007194245,pos,Farm,IT2
ASV_00132,ASV_00274,0.5273972602739726,pos,Farm,IT2
ASV_00132,ASV_00276,0.5174825174825175,pos,Farm,IT2
ASV_00132,ASV_00282,0.5144927536231884,pos,Farm,IT2
ASV_00132,ASV_00284,0.5073529411764706,pos,Farm,IT2
ASV_00132,ASV_00288,0.5138888888888888,pos,Farm,IT2
ASV_00132,ASV_00290,0.5306122448979592,pos,Farm,IT2
ASV_00132,ASV_00291,0.5149253731343284,pos,Farm,IT2
ASV_00132,ASV_00292,0.5174825174825175,pos,Farm,IT2
ASV_00132,ASV_00300,0.5815602836879432,pos,Farm,IT2
ASV_00132,ASV_00304,0.5486111111111112,pos,Farm,IT2
ASV_00132,ASV_00305,0.5103448275862069,pos,Farm,IT2
ASV_00132,ASV_00312,0.5174825174825175,pos,Farm,IT2
ASV_00132,ASV_00313,0.5070422535211268,pos,Farm,IT2
ASV_00132,ASV_00318,0.5106382978723404,pos,Farm,IT2
ASV_00132,ASV_00320,0.4855072463768116,pos,Farm,IT2
ASV_00132,ASV_00327,0.5522388059701493,pos,Farm,IT2
ASV_00132,ASV_00331,0.54421768707483,pos,Farm,IT2
ASV_00132,ASV_00335,0.47794117647058826,pos,Farm,IT2
ASV_00132,ASV_00340,0.5,pos,Farm,IT2
ASV_00132,ASV_00343,0.5070422535211268,pos,Farm,IT2
ASV_00132,ASV_00346,0.5182481751824818,pos,Farm,IT2
ASV_00132,ASV_00347,0.5174825174825175,pos,Farm,IT2
ASV_00132,ASV_00353,0.48226950354609927,pos,Farm,IT2
ASV_00132,ASV_00355,0.5177304964539007,pos,Farm,IT2
ASV_00132,ASV_00356,0.5755395683453237,pos,Farm,IT2
ASV_00132,ASV_00361,0.5069444444444444,pos,Farm,IT2
ASV_00132,ASV_00365,0.49645390070921985,pos,Farm,IT2
ASV_00132,ASV_00373,0.5036496350364964,pos,Farm,IT2
ASV_00132,ASV_00377,0.4782608695652174,pos,Farm,IT2
ASV_00132,ASV_00378,0.5103448275862069,pos,Farm,IT2
ASV_00132,ASV_00382,0.5,pos,Farm,IT2
ASV_00132,ASV_00389,0.5106382978723404,pos,Farm,IT2
ASV_00132,ASV_00391,0.4855072463768116,pos,Farm,IT2
ASV_00132,ASV_00399,0.5579710144927537,pos,Farm,IT2
ASV_00132,ASV_00402,0.45985401459854014,pos,Farm,IT2
ASV_00132,ASV_00403,0.5,pos,Farm,IT2
ASV_00132,ASV_00404,0.5185185185185185,pos,Farm,IT2
ASV_00132,ASV_00416,0.5071428571428571,pos,Farm,IT2
ASV_00132,ASV_00421,0.5034965034965035,pos,Farm,IT2
ASV_00132,ASV_00425,0.5,pos,Farm,IT2
ASV_00132,ASV_00438,0.5071428571428571,pos,Farm,IT2
ASV_00132,ASV_00441,0.4857142857142857,pos,Farm,IT2
ASV_00132,ASV_00442,0.5138888888888888,pos,Farm,IT2
ASV_00132,ASV_00444,0.49295774647887325,pos,Farm,IT2
ASV_00132,ASV_00445,0.4859154929577465,pos,Farm,IT2
ASV_00132,ASV_00452,0.5,pos,Farm,IT2
ASV_00132,ASV_00454,0.5138888888888888,pos,Farm,IT2
ASV_00132,ASV_00463,0.5211267605633803,pos,Farm,IT2
ASV_00132,ASV_00464,0.572463768115942,pos,Farm,IT2
ASV_00132,ASV_00468,0.45112781954887216,pos,Farm,IT2
ASV_00132,ASV_00477,0.4965034965034965,pos,Farm,IT2
ASV_00132,ASV_00479,0.5069444444444444,pos,Farm,IT2
ASV_00132,ASV_00482,0.5540540540540541,pos,Farm,IT2
ASV_00132,ASV_00485,0.5357142857142857,pos,Farm,IT2
ASV_00132,ASV_00488,0.5172413793103449,pos,Farm,IT2
ASV_00132,ASV_00493,0.5103448275862069,pos,Farm,IT2
ASV_00132,ASV_00495,0.4782608695652174,pos,Farm,IT2
ASV_00132,ASV_00498,0.46715328467153283,pos,Farm,IT2
ASV_00132,ASV_00501,0.5214285714285715,pos,Farm,IT2
ASV_00132,ASV_00503,0.49645390070921985,pos,Farm,IT2
ASV_00132,ASV_00504,0.5633802816901409,pos,Farm,IT2
ASV_00132,ASV_00507,0.5251798561151079,pos,Farm,IT2
ASV_00132,ASV_00518,0.5136986301369864,pos,Farm,IT2
ASV_00132,ASV_00521,0.5103448275862069,pos,Farm,IT2
ASV_00132,ASV_00528,0.49640287769784175,pos,Farm,IT2
ASV_00132,ASV_00529,0.48175182481751827,pos,Farm,IT2
ASV_00132,ASV_00530,0.5142857142857142,pos,Farm,IT2
ASV_00132,ASV_00533,0.5107913669064749,pos,Farm,IT2
ASV_00132,ASV_00536,0.5277777777777778,pos,Farm,IT2
ASV_00132,ASV_00543,0.524822695035461,pos,Farm,IT2
ASV_00132,ASV_00544,0.5107913669064749,pos,Farm,IT2
ASV_00132,ASV_00559,0.5107913669064749,pos,Farm,IT2
ASV_00132,ASV_00566,0.5179856115107914,pos,Farm,IT2
ASV_00132,ASV_00568,0.55,pos,Farm,IT2
ASV_00132,ASV_00570,0.5073529411764706,pos,Farm,IT2
ASV_00132,ASV_00594,0.49295774647887325,pos,Farm,IT2
ASV_00132,ASV_00595,0.4857142857142857,pos,Farm,IT2
ASV_00132,ASV_00611,0.5034965034965035,pos,Farm,IT2
ASV_00132,ASV_00615,0.5111111111111111,pos,Farm,IT2
ASV_00132,ASV_00633,0.5177304964539007,pos,Farm,IT2
ASV_00132,ASV_00638,0.5104895104895105,pos,Farm,IT2
ASV_00132,ASV_00641,0.5208333333333334,pos,Farm,IT2
ASV_00132,ASV_00643,0.5251798561151079,pos,Farm,IT2
ASV_00132,ASV_00651,0.49645390070921985,pos,Farm,IT2
ASV_00132,ASV_00656,0.5106382978723404,pos,Farm,IT2
ASV_00132,ASV_00662,0.5,pos,Farm,IT2
ASV_00132,ASV_00665,0.4676258992805755,pos,Farm,IT2
ASV_00132,ASV_00666,0.5352112676056338,pos,Farm,IT2
ASV_00132,ASV_00671,0.5072463768115942,pos,Farm,IT2
ASV_00132,ASV_00679,0.5319148936170213,pos,Farm,IT2
ASV_00132,ASV_00724,0.49640287769784175,pos,Farm,IT2
ASV_00132,ASV_00732,0.48226950354609927,pos,Farm,IT2
ASV_00132,ASV_00757,0.5467625899280576,pos,Farm,IT2
ASV_00132,ASV_00758,0.5177304964539007,pos,Farm,IT2
ASV_00132,ASV_00760,0.5531914893617021,pos,Farm,IT2
ASV_00132,ASV_00769,0.49645390070921985,pos,Farm,IT2
ASV_00132,ASV_00772,0.49295774647887325,pos,Farm,IT2
ASV_00132,ASV_00778,0.4632352941176471,pos,Farm,IT2
ASV_00132,ASV_00793,0.4857142857142857,pos,Farm,IT2
ASV_00132,ASV_00801,0.4782608695652174,pos,Farm,IT2
ASV_00132,ASV_00806,0.5138888888888888,pos,Farm,IT2
ASV_00132,ASV_00807,0.5,pos,Farm,IT2
ASV_00132,ASV_00808,0.5407407407407407,pos,Farm,IT2
ASV_00132,ASV_00809,0.547945205479452,pos,Farm,IT2
ASV_00132,ASV_00815,0.5234899328859061,pos,Farm,IT2
ASV_00132,ASV_00829,0.5107913669064749,pos,Farm,IT2
ASV_00132,ASV_00845,0.47101449275362317,pos,Farm,IT2
ASV_00132,ASV_00848,0.5319148936170213,pos,Farm,IT2
ASV_00132,ASV_00865,0.5106382978723404,pos,Farm,IT2
ASV_00132,ASV_00890,0.5285714285714286,pos,Farm,IT2
ASV_00132,ASV_00891,0.5306122448979592,pos,Farm,IT2
ASV_00132,ASV_00906,0.5379310344827586,pos,Farm,IT2
ASV_00132,ASV_00929,0.5174825174825175,pos,Farm,IT2
ASV_00132,ASV_00935,0.49295774647887325,pos,Farm,IT2
ASV_00132,ASV_00952,0.4892086330935252,pos,Farm,IT2
ASV_00132,ASV_00958,0.49645390070921985,pos,Farm,IT2
ASV_00132,ASV_00959,0.5035460992907801,pos,Farm,IT2
ASV_00132,ASV_00984,0.5106382978723404,pos,Farm,IT2
ASV_00132,ASV_00989,0.47794117647058826,pos,Farm,IT2
ASV_00132,ASV_01018,0.5407407407407407,pos,Farm,IT2
ASV_00132,ASV_01023,0.5314685314685315,pos,Farm,IT2
ASV_00132,ASV_01048,0.48936170212765956,pos,Farm,IT2
ASV_00132,ASV_01101,0.524822695035461,pos,Farm,IT2
ASV_00132,ASV_01152,0.48936170212765956,pos,Farm,IT2
ASV_00132,ASV_01249,0.5072463768115942,pos,Farm,IT2
ASV_00132,ASV_01253,0.5362318840579711,pos,Farm,IT2
ASV_00132,ASV_01267,0.5328467153284672,pos,Farm,IT2
ASV_00132,ASV_01288,0.5467625899280576,pos,Farm,IT2
ASV_00132,ASV_01328,0.48226950354609927,pos,Farm,IT2
ASV_00132,ASV_01368,0.49295774647887325,pos,Farm,IT2
ASV_00132,ASV_01458,0.5074626865671642,pos,Farm,IT2
ASV_00132,ASV_01491,0.49645390070921985,pos,Farm,IT2
ASV_00132,ASV_01578,0.5106382978723404,pos,Farm,IT2
ASV_00132,ASV_01840,0.4859154929577465,pos,Farm,IT2
ASV_00132,ASV_01941,0.5140845070422535,pos,Farm,IT2
ASV_00132,ASV_02332,0.5069444444444444,pos,Farm,IT2
ASV_00133,ASV_00141,0.48936170212765956,pos,Farm,IT2
ASV_00133,ASV_00145,0.4965034965034965,pos,Farm,IT2
ASV_00133,ASV_00146,0.5857142857142857,pos,Farm,IT2
ASV_00133,ASV_00147,0.4859154929577465,pos,Farm,IT2
ASV_00133,ASV_00152,0.5136986301369864,pos,Farm,IT2
ASV_00133,ASV_00155,0.4928571428571429,pos,Farm,IT2
ASV_00133,ASV_00165,0.4892086330935252,pos,Farm,IT2
ASV_00133,ASV_00168,0.5379310344827586,pos,Farm,IT2
ASV_00133,ASV_00176,0.4782608695652174,pos,Farm,IT2
ASV_00133,ASV_00186,0.5428571428571428,pos,Farm,IT2
ASV_00133,ASV_00188,0.5384615384615384,pos,Farm,IT2
ASV_00133,ASV_00191,0.49295774647887325,pos,Farm,IT2
ASV_00133,ASV_00193,0.5571428571428572,pos,Farm,IT2
ASV_00133,ASV_00195,0.5069444444444444,pos,Farm,IT2
ASV_00133,ASV_00196,0.4785714285714286,pos,Farm,IT2
ASV_00133,ASV_00199,0.49635036496350365,pos,Farm,IT2
ASV_00133,ASV_00200,0.4928571428571429,pos,Farm,IT2
ASV_00133,ASV_00203,0.524822695035461,pos,Farm,IT2
ASV_00133,ASV_00208,0.5035460992907801,pos,Farm,IT2
ASV_00133,ASV_00211,0.4927536231884058,pos,Farm,IT2
ASV_00133,ASV_00216,0.5142857142857142,pos,Farm,IT2
ASV_00133,ASV_00218,0.524822695035461,pos,Farm,IT2
ASV_00133,ASV_00230,0.5244755244755245,pos,Farm,IT2
ASV_00133,ASV_00233,0.5107913669064749,pos,Farm,IT2
ASV_00133,ASV_00237,0.5205479452054794,pos,Farm,IT2
ASV_00133,ASV_00243,0.5104895104895105,pos,Farm,IT2
ASV_00133,ASV_00247,0.5214285714285715,pos,Farm,IT2
ASV_00133,ASV_00253,0.5136986301369864,pos,Farm,IT2
ASV_00133,ASV_00254,0.5347222222222222,pos,Farm,IT2
ASV_00133,ASV_00259,0.4888888888888889,pos,Farm,IT2
ASV_00133,ASV_00262,0.5208333333333334,pos,Farm,IT2
ASV_00133,ASV_00263,0.5347222222222222,pos,Farm,IT2
ASV_00133,ASV_00265,0.5328467153284672,pos,Farm,IT2
ASV_00133,ASV_00270,0.5302013422818792,pos,Farm,IT2
ASV_00133,ASV_00273,0.5,pos,Farm,IT2
ASV_00133,ASV_00274,0.527027027027027,pos,Farm,IT2
ASV_00133,ASV_00275,0.5342465753424658,pos,Farm,IT2
ASV_00133,ASV_00287,0.4859154929577465,pos,Farm,IT2
ASV_00133,ASV_00292,0.5172413793103449,pos,Farm,IT2
ASV_00133,ASV_00293,0.5547945205479452,pos,Farm,IT2
ASV_00133,ASV_00299,0.49645390070921985,pos,Farm,IT2
ASV_00133,ASV_00303,0.48201438848920863,pos,Farm,IT2
ASV_00133,ASV_00305,0.5416666666666666,pos,Farm,IT2
ASV_00133,ASV_00307,0.5107913669064749,pos,Farm,IT2
ASV_00133,ASV_00313,0.5174825174825175,pos,Farm,IT2
ASV_00133,ASV_00315,0.4927536231884058,pos,Farm,IT2
ASV_00133,ASV_00321,0.5517241379310345,pos,Farm,IT2
ASV_00133,ASV_00323,0.5034965034965035,pos,Farm,IT2
ASV_00133,ASV_00324,0.5,pos,Farm,IT2
ASV_00133,ASV_00330,0.49645390070921985,pos,Farm,IT2
ASV_00133,ASV_00331,0.5540540540540541,pos,Farm,IT2
ASV_00133,ASV_00333,0.5460992907801419,pos,Farm,IT2
ASV_00133,ASV_00334,0.5531914893617021,pos,Farm,IT2
ASV_00133,ASV_00335,0.4782608695652174,pos,Farm,IT2
ASV_00133,ASV_00339,0.4857142857142857,pos,Farm,IT2
ASV_00133,ASV_00340,0.5314685314685315,pos,Farm,IT2
ASV_00133,ASV_00342,0.4965034965034965,pos,Farm,IT2
ASV_00133,ASV_00343,0.528169014084507,pos,Farm,IT2
ASV_00133,ASV_00346,0.5071428571428571,pos,Farm,IT2
ASV_00133,ASV_00347,0.5277777777777778,pos,Farm,IT2
ASV_00133,ASV_00353,0.49295774647887325,pos,Farm,IT2
ASV_00133,ASV_00359,0.4927536231884058,pos,Farm,IT2
ASV_00133,ASV_00361,0.5172413793103449,pos,Farm,IT2
ASV_00133,ASV_00373,0.48226950354609927,pos,Farm,IT2
ASV_00133,ASV_00376,0.5277777777777778,pos,Farm,IT2
ASV_00133,ASV_00377,0.4892086330935252,pos,Farm,IT2
ASV_00133,ASV_00390,0.5306122448979592,pos,Farm,IT2
ASV_00133,ASV_00393,0.48905109489051096,pos,Farm,IT2
ASV_00133,ASV_00412,0.5407407407407407,pos,Farm,IT2
ASV_00133,ASV_00416,0.4965034965034965,pos,Farm,IT2
ASV_00133,ASV_00441,0.4859154929577465,pos,Farm,IT2
ASV_00133,ASV_00442,0.5136986301369864,pos,Farm,IT2
ASV_00133,ASV_00443,0.5217391304347826,pos,Farm,IT2
ASV_00133,ASV_00447,0.5172413793103449,pos,Farm,IT2
ASV_00133,ASV_00452,0.5107913669064749,pos,Farm,IT2
ASV_00133,ASV_00467,0.527027027027027,pos,Farm,IT2
ASV_00133,ASV_00477,0.528169014084507,pos,Farm,IT2
ASV_00133,ASV_00490,0.527027027027027,pos,Farm,IT2
ASV_00133,ASV_00494,0.5034965034965035,pos,Farm,IT2
ASV_00133,ASV_00495,0.5,pos,Farm,IT2
ASV_00133,ASV_00496,0.5211267605633803,pos,Farm,IT2
ASV_00133,ASV_00501,0.5,pos,Farm,IT2
ASV_00133,ASV_00508,0.49645390070921985,pos,Farm,IT2
ASV_00133,ASV_00517,0.48936170212765956,pos,Farm,IT2
ASV_00133,ASV_00518,0.5238095238095238,pos,Farm,IT2
ASV_00133,ASV_00534,0.547945205479452,pos,Farm,IT2
ASV_00133,ASV_00536,0.5486111111111112,pos,Farm,IT2
ASV_00133,ASV_00542,0.5555555555555556,pos,Farm,IT2
ASV_00133,ASV_00543,0.5244755244755245,pos,Farm,IT2
ASV_00133,ASV_00548,0.5036496350364964,pos,Farm,IT2
ASV_00133,ASV_00554,0.5138888888888888,pos,Farm,IT2
ASV_00133,ASV_00563,0.5244755244755245,pos,Farm,IT2
ASV_00133,ASV_00568,0.5172413793103449,pos,Farm,IT2
ASV_00133,ASV_00620,0.5422535211267606,pos,Farm,IT2
ASV_00133,ASV_00622,0.5454545454545454,pos,Farm,IT2
ASV_00133,ASV_00641,0.5524475524475524,pos,Farm,IT2
ASV_00133,ASV_00651,0.5507246376811594,pos,Farm,IT2
ASV_00133,ASV_00656,0.5,pos,Farm,IT2
ASV_00133,ASV_00671,0.4859154929577465,pos,Farm,IT2
ASV_00133,ASV_00697,0.4857142857142857,pos,Farm,IT2
ASV_00133,ASV_00718,0.5333333333333333,pos,Farm,IT2
ASV_00133,ASV_00728,0.4855072463768116,pos,Farm,IT2
ASV_00133,ASV_00734,0.5244755244755245,pos,Farm,IT2
ASV_00133,ASV_00760,0.5416666666666666,pos,Farm,IT2
ASV_00133,ASV_00781,0.5177304964539007,pos,Farm,IT2
ASV_00133,ASV_00806,0.5136986301369864,pos,Farm,IT2
ASV_00133,ASV_00809,0.5578231292517006,pos,Farm,IT2
ASV_00133,ASV_00811,0.5314685314685315,pos,Farm,IT2
ASV_00133,ASV_00821,0.5069444444444444,pos,Farm,IT2
ASV_00133,ASV_00829,0.5214285714285715,pos,Farm,IT2
ASV_00133,ASV_00865,0.5,pos,Farm,IT2
ASV_00133,ASV_00875,0.5555555555555556,pos,Farm,IT2
ASV_00133,ASV_00890,0.55,pos,Farm,IT2
ASV_00133,ASV_00906,0.6028368794326241,pos,Farm,IT2
ASV_00133,ASV_00912,0.5,pos,Farm,IT2
ASV_00133,ASV_00924,0.5037037037037037,pos,Farm,IT2
ASV_00133,ASV_00929,0.5384615384615384,pos,Farm,IT2
ASV_00133,ASV_00931,0.5179856115107914,pos,Farm,IT2
ASV_00133,ASV_01018,0.5071428571428571,pos,Farm,IT2
ASV_00133,ASV_01071,0.5035460992907801,pos,Farm,IT2
ASV_00133,ASV_01092,0.5555555555555556,pos,Farm,IT2
ASV_00133,ASV_01101,0.5352112676056338,pos,Farm,IT2
ASV_00133,ASV_01153,0.5,pos,Farm,IT2
ASV_00133,ASV_01223,0.47794117647058826,pos,Farm,IT2
ASV_00133,ASV_01253,0.5467625899280576,pos,Farm,IT2
ASV_00133,ASV_01267,0.5,pos,Farm,IT2
ASV_00133,ASV_01328,0.5251798561151079,pos,Farm,IT2
ASV_00133,ASV_01417,0.4965034965034965,pos,Farm,IT2
ASV_00133,ASV_01578,0.5,pos,Farm,IT2
ASV_00133,ASV_01840,0.5177304964539007,pos,Farm,IT2
ASV_00133,ASV_01941,0.5244755244755245,pos,Farm,IT2
ASV_00133,ASV_02149,0.5144927536231884,pos,Farm,IT2
ASV_00136,ASV_00141,0.5034965034965035,pos,Farm,IT2
ASV_00136,ASV_00144,0.5211267605633803,pos,Farm,IT2
ASV_00136,ASV_00146,0.5547945205479452,pos,Farm,IT2
ASV_00136,ASV_00154,0.5104895104895105,pos,Farm,IT2
ASV_00136,ASV_00155,0.4965034965034965,pos,Farm,IT2
ASV_00136,ASV_00157,0.5342465753424658,pos,Farm,IT2
ASV_00136,ASV_00159,0.5205479452054794,pos,Farm,IT2
ASV_00136,ASV_00168,0.5616438356164384,pos,Farm,IT2
ASV_00136,ASV_00173,0.5608108108108109,pos,Farm,IT2
ASV_00136,ASV_00176,0.4928571428571429,pos,Farm,IT2
ASV_00136,ASV_00177,0.5285714285714286,pos,Farm,IT2
ASV_00136,ASV_00182,0.541095890410959,pos,Farm,IT2
ASV_00136,ASV_00184,0.5174825174825175,pos,Farm,IT2
ASV_00136,ASV_00186,0.5136986301369864,pos,Farm,IT2
ASV_00136,ASV_00191,0.5069444444444444,pos,Farm,IT2
ASV_00136,ASV_00195,0.5310344827586206,pos,Farm,IT2
ASV_00136,ASV_00205,0.5540540540540541,pos,Farm,IT2
ASV_00136,ASV_00208,0.5174825174825175,pos,Farm,IT2
ASV_00136,ASV_00211,0.49645390070921985,pos,Farm,IT2
ASV_00136,ASV_00213,0.5684931506849316,pos,Farm,IT2
ASV_00136,ASV_00216,0.5069444444444444,pos,Farm,IT2
ASV_00136,ASV_00218,0.5172413793103449,pos,Farm,IT2
ASV_00136,ASV_00235,0.5259259259259259,pos,Farm,IT2
ASV_00136,ASV_00237,0.5337837837837838,pos,Farm,IT2
ASV_00136,ASV_00246,0.5238095238095238,pos,Farm,IT2
ASV_00136,ASV_00251,0.5928571428571429,pos,Farm,IT2
ASV_00136,ASV_00252,0.5138888888888888,pos,Farm,IT2
ASV_00136,ASV_00263,0.5374149659863946,pos,Farm,IT2
ASV_00136,ASV_00272,0.5208333333333334,pos,Farm,IT2
ASV_00136,ASV_00278,0.5555555555555556,pos,Farm,IT2
ASV_00136,ASV_00288,0.5804195804195804,pos,Farm,IT2
ASV_00136,ASV_00292,0.5957446808510638,pos,Farm,IT2
ASV_00136,ASV_00295,0.5416666666666666,pos,Farm,IT2
ASV_00136,ASV_00296,0.49645390070921985,pos,Farm,IT2
ASV_00136,ASV_00300,0.5714285714285714,pos,Farm,IT2
ASV_00136,ASV_00303,0.49645390070921985,pos,Farm,IT2
ASV_00136,ASV_00305,0.5655172413793104,pos,Farm,IT2
ASV_00136,ASV_00312,0.5845070422535211,pos,Farm,IT2
ASV_00136,ASV_00337,0.5578231292517006,pos,Farm,IT2
ASV_00136,ASV_00339,0.5547445255474452,pos,Farm,IT2
ASV_00136,ASV_00340,0.5238095238095238,pos,Farm,IT2
ASV_00136,ASV_00354,0.583941605839416,pos,Farm,IT2
ASV_00136,ASV_00359,0.5401459854014599,pos,Farm,IT2
ASV_00136,ASV_00361,0.541095890410959,pos,Farm,IT2
ASV_00136,ASV_00368,0.5352112676056338,pos,Farm,IT2
ASV_00136,ASV_00369,0.5241379310344828,pos,Farm,IT2
ASV_00136,ASV_00376,0.541095890410959,pos,Farm,IT2
ASV_00136,ASV_00382,0.5342465753424658,pos,Farm,IT2
ASV_00136,ASV_00389,0.5454545454545454,pos,Farm,IT2
ASV_00136,ASV_00400,0.5238095238095238,pos,Farm,IT2
ASV_00136,ASV_00404,0.5106382978723404,pos,Farm,IT2
ASV_00136,ASV_00409,0.5070422535211268,pos,Farm,IT2
ASV_00136,ASV_00415,0.5172413793103449,pos,Farm,IT2
ASV_00136,ASV_00416,0.5208333333333334,pos,Farm,IT2
ASV_00136,ASV_00425,0.5140845070422535,pos,Farm,IT2
ASV_00136,ASV_00428,0.49295774647887325,pos,Farm,IT2
ASV_00136,ASV_00440,0.5357142857142857,pos,Farm,IT2
ASV_00136,ASV_00441,0.5,pos,Farm,IT2
ASV_00136,ASV_00442,0.5374149659863946,pos,Farm,IT2
ASV_00136,ASV_00444,0.5172413793103449,pos,Farm,IT2
ASV_00136,ASV_00452,0.5140845070422535,pos,Farm,IT2
ASV_00136,ASV_00459,0.5205479452054794,pos,Farm,IT2
ASV_00136,ASV_00465,0.5103448275862069,pos,Farm,IT2
ASV_00136,ASV_00467,0.5503355704697986,pos,Farm,IT2
ASV_00136,ASV_00468,0.4888888888888889,pos,Farm,IT2
ASV_00136,ASV_00471,0.5136986301369864,pos,Farm,IT2
ASV_00136,ASV_00477,0.5416666666666666,pos,Farm,IT2
ASV_00136,ASV_00479,0.5306122448979592,pos,Farm,IT2
ASV_00136,ASV_00490,0.5503355704697986,pos,Farm,IT2
ASV_00136,ASV_00495,0.5474452554744526,pos,Farm,IT2
ASV_00136,ASV_00496,0.5136986301369864,pos,Farm,IT2
ASV_00136,ASV_00498,0.5144927536231884,pos,Farm,IT2
ASV_00136,ASV_00511,0.5217391304347826,pos,Farm,IT2
ASV_00136,ASV_00512,0.5369127516778524,pos,Farm,IT2
ASV_00136,ASV_00513,0.5103448275862069,pos,Farm,IT2
ASV_00136,ASV_00518,0.5578231292517006,pos,Farm,IT2
ASV_00136,ASV_00528,0.5,pos,Farm,IT2
ASV_00136,ASV_00533,0.5244755244755245,pos,Farm,IT2
ASV_00136,ASV_00536,0.5724137931034483,pos,Farm,IT2
ASV_00136,ASV_00541,0.5314685314685315,pos,Farm,IT2
ASV_00136,ASV_00544,0.5244755244755245,pos,Farm,IT2
ASV_00136,ASV_00548,0.5071428571428571,pos,Farm,IT2
ASV_00136,ASV_00554,0.5273972602739726,pos,Farm,IT2
ASV_00136,ASV_00566,0.5103448275862069,pos,Farm,IT2
ASV_00136,ASV_00574,0.5517241379310345,pos,Farm,IT2
ASV_00136,ASV_00576,0.5138888888888888,pos,Farm,IT2
ASV_00136,ASV_00581,0.5144927536231884,pos,Farm,IT2
ASV_00136,ASV_00596,0.4928571428571429,pos,Farm,IT2
ASV_00136,ASV_00622,0.5144927536231884,pos,Farm,IT2
ASV_00136,ASV_00628,0.5069444444444444,pos,Farm,IT2
ASV_00136,ASV_00645,0.5035460992907801,pos,Farm,IT2
ASV_00136,ASV_00651,0.5422535211267606,pos,Farm,IT2
ASV_00136,ASV_00656,0.5673758865248227,pos,Farm,IT2
ASV_00136,ASV_00662,0.5140845070422535,pos,Farm,IT2
ASV_00136,ASV_00668,0.5211267605633803,pos,Farm,IT2
ASV_00136,ASV_00676,0.5405405405405406,pos,Farm,IT2
ASV_00136,ASV_00679,0.5886524822695035,pos,Farm,IT2
ASV_00136,ASV_00687,0.5208333333333334,pos,Farm,IT2
ASV_00136,ASV_00728,0.5,pos,Farm,IT2
ASV_00136,ASV_00789,0.5136986301369864,pos,Farm,IT2
ASV_00136,ASV_00808,0.5319148936170213,pos,Farm,IT2
ASV_00136,ASV_00809,0.5496688741721855,pos,Farm,IT2
ASV_00136,ASV_00817,0.5405405405405406,pos,Farm,IT2
ASV_00136,ASV_00821,0.5205479452054794,pos,Farm,IT2
ASV_00136,ASV_00822,0.5347222222222222,pos,Farm,IT2
ASV_00136,ASV_00829,0.5352112676056338,pos,Farm,IT2
ASV_00136,ASV_00843,0.5342465753424658,pos,Farm,IT2
ASV_00136,ASV_00869,0.5337837837837838,pos,Farm,IT2
ASV_00136,ASV_00875,0.5684931506849316,pos,Farm,IT2
ASV_00136,ASV_00890,0.574468085106383,pos,Farm,IT2
ASV_00136,ASV_00952,0.5357142857142857,pos,Farm,IT2
ASV_00136,ASV_00989,0.48226950354609927,pos,Farm,IT2
ASV_00136,ASV_01018,0.5211267605633803,pos,Farm,IT2
ASV_00136,ASV_01065,0.5214285714285715,pos,Farm,IT2
ASV_00136,ASV_01092,0.5684931506849316,pos,Farm,IT2
ASV_00136,ASV_01152,0.5244755244755245,pos,Farm,IT2
ASV_00136,ASV_01153,0.5140845070422535,pos,Farm,IT2
ASV_00136,ASV_01288,0.5594405594405595,pos,Farm,IT2
ASV_00136,ASV_01368,0.5172413793103449,pos,Farm,IT2
ASV_00136,ASV_01385,0.5138888888888888,pos,Farm,IT2
ASV_00136,ASV_01491,0.5869565217391305,pos,Farm,IT2
ASV_00136,ASV_01541,0.5205479452054794,pos,Farm,IT2
ASV_00136,ASV_01941,0.5273972602739726,pos,Farm,IT2
ASV_00136,ASV_02020,0.5460992907801419,pos,Farm,IT2
ASV_00137,ASV_00142,0.4965034965034965,pos,Farm,IT2
ASV_00137,ASV_00144,0.48936170212765956,pos,Farm,IT2
ASV_00137,ASV_00148,0.5273972602739726,pos,Farm,IT2
ASV_00137,ASV_00156,0.5136986301369864,pos,Farm,IT2
ASV_00137,ASV_00166,0.5693430656934306,pos,Farm,IT2
ASV_00137,ASV_00171,0.5138888888888888,pos,Farm,IT2
ASV_00137,ASV_00178,0.5174825174825175,pos,Farm,IT2
ASV_00137,ASV_00179,0.5510204081632653,pos,Farm,IT2
ASV_00137,ASV_00211,0.4855072463768116,pos,Farm,IT2
ASV_00137,ASV_00232,0.5314685314685315,pos,Farm,IT2
ASV_00137,ASV_00233,0.48226950354609927,pos,Farm,IT2
ASV_00137,ASV_00266,0.5069444444444444,pos,Farm,IT2
ASV_00137,ASV_00269,0.5503355704697986,pos,Farm,IT2
ASV_00137,ASV_00271,0.48120300751879697,pos,Farm,IT2
ASV_00137,ASV_00282,0.49645390070921985,pos,Farm,IT2
ASV_00137,ASV_00299,0.5107913669064749,pos,Farm,IT2
ASV_00137,ASV_00315,0.5185185185185185,pos,Farm,IT2
ASV_00137,ASV_00318,0.5034965034965035,pos,Farm,IT2
ASV_00137,ASV_00324,0.5251798561151079,pos,Farm,IT2
ASV_00137,ASV_00325,0.5070422535211268,pos,Farm,IT2
ASV_00137,ASV_00328,0.5069444444444444,pos,Farm,IT2
ASV_00137,ASV_00332,0.4859154929577465,pos,Farm,IT2
ASV_00137,ASV_00346,0.5217391304347826,pos,Farm,IT2
ASV_00137,ASV_00350,0.48148148148148145,pos,Farm,IT2
ASV_00137,ASV_00352,0.4859154929577465,pos,Farm,IT2
ASV_00137,ASV_00361,0.5314685314685315,pos,Farm,IT2
ASV_00137,ASV_00368,0.5142857142857142,pos,Farm,IT2
ASV_00137,ASV_00369,0.5034965034965035,pos,Farm,IT2
ASV_00137,ASV_00387,0.5140845070422535,pos,Farm,IT2
ASV_00137,ASV_00421,0.5069444444444444,pos,Farm,IT2
ASV_00137,ASV_00440,0.4928571428571429,pos,Farm,IT2
ASV_00137,ASV_00445,0.5,pos,Farm,IT2
ASV_00137,ASV_00453,0.5211267605633803,pos,Farm,IT2
ASV_00137,ASV_00459,0.5,pos,Farm,IT2
ASV_00137,ASV_00468,0.4552238805970149,pos,Farm,IT2
ASV_00137,ASV_00483,0.5416666666666666,pos,Farm,IT2
ASV_00137,ASV_00485,0.5069444444444444,pos,Farm,IT2
ASV_00137,ASV_00486,0.5342465753424658,pos,Farm,IT2
ASV_00137,ASV_00498,0.47101449275362317,pos,Farm,IT2
ASV_00137,ASV_00511,0.48905109489051096,pos,Farm,IT2
ASV_00137,ASV_00548,0.5073529411764706,pos,Farm,IT2
ASV_00137,ASV_00551,0.5,pos,Farm,IT2
ASV_00137,ASV_00563,0.5174825174825175,pos,Farm,IT2
ASV_00137,ASV_00571,0.5390070921985816,pos,Farm,IT2
ASV_00137,ASV_00581,0.49264705882352944,pos,Farm,IT2
ASV_00137,ASV_00594,0.4965034965034965,pos,Farm,IT2
ASV_00137,ASV_00611,0.528169014084507,pos,Farm,IT2
ASV_00137,ASV_00633,0.5104895104895105,pos,Farm,IT2
ASV_00137,ASV_00636,0.5302013422818792,pos,Farm,IT2
ASV_00137,ASV_00666,0.5277777777777778,pos,Farm,IT2
ASV_00137,ASV_00676,0.5205479452054794,pos,Farm,IT2
ASV_00137,ASV_00697,0.4785714285714286,pos,Farm,IT2
ASV_00137,ASV_00718,0.48201438848920863,pos,Farm,IT2
ASV_00137,ASV_00724,0.5,pos,Farm,IT2
ASV_00137,ASV_00726,0.5174825174825175,pos,Farm,IT2
ASV_00137,ASV_00755,0.5170068027210885,pos,Farm,IT2
ASV_00137,ASV_00821,0.5104895104895105,pos,Farm,IT2
ASV_00137,ASV_00869,0.5241379310344828,pos,Farm,IT2
ASV_00137,ASV_00873,0.48201438848920863,pos,Farm,IT2
ASV_00137,ASV_00929,0.5208333333333334,pos,Farm,IT2
ASV_00137,ASV_00959,0.5177304964539007,pos,Farm,IT2
ASV_00137,ASV_01071,0.5071428571428571,pos,Farm,IT2
ASV_00137,ASV_01124,0.4965034965034965,pos,Farm,IT2
ASV_00137,ASV_01179,0.4857142857142857,pos,Farm,IT2
ASV_00137,ASV_01253,0.5177304964539007,pos,Farm,IT2
ASV_00137,ASV_01267,0.5142857142857142,pos,Farm,IT2
ASV_00137,ASV_01276,0.4892086330935252,pos,Farm,IT2
ASV_00137,ASV_01342,0.5845070422535211,pos,Farm,IT2
ASV_00137,ASV_01349,0.5177304964539007,pos,Farm,IT2
ASV_00137,ASV_01368,0.5177304964539007,pos,Farm,IT2
ASV_00137,ASV_01426,0.5220588235294118,pos,Farm,IT2
ASV_00137,ASV_01503,0.5211267605633803,pos,Farm,IT2
ASV_00138,ASV_00140,0.5289855072463768,pos,Farm,IT2
ASV_00138,ASV_00151,0.5,pos,Farm,IT2
ASV_00138,ASV_00157,0.5492957746478874,pos,Farm,IT2
ASV_00138,ASV_00172,0.5174825174825175,pos,Farm,IT2
ASV_00138,ASV_00176,0.49635036496350365,pos,Farm,IT2
ASV_00138,ASV_00186,0.5069444444444444,pos,Farm,IT2
ASV_00138,ASV_00187,0.5140845070422535,pos,Farm,IT2
ASV_00138,ASV_00188,0.5454545454545454,pos,Farm,IT2
ASV_00138,ASV_00191,0.5,pos,Farm,IT2
ASV_00138,ASV_00195,0.5138888888888888,pos,Farm,IT2
ASV_00138,ASV_00199,0.4927536231884058,pos,Farm,IT2
ASV_00138,ASV_00205,0.527027027027027,pos,Farm,IT2
ASV_00138,ASV_00208,0.5,pos,Farm,IT2
ASV_00138,ASV_00213,0.5517241379310345,pos,Farm,IT2
ASV_00138,ASV_00218,0.5104895104895105,pos,Farm,IT2
ASV_00138,ASV_00227,0.5,pos,Farm,IT2
ASV_00138,ASV_00229,0.5034965034965035,pos,Farm,IT2
ASV_00138,ASV_00231,0.5177304964539007,pos,Farm,IT2
ASV_00138,ASV_00233,0.49645390070921985,pos,Farm,IT2
ASV_00138,ASV_00244,0.5211267605633803,pos,Farm,IT2
ASV_00138,ASV_00249,0.5070422535211268,pos,Farm,IT2
ASV_00138,ASV_00251,0.5103448275862069,pos,Farm,IT2
ASV_00138,ASV_00252,0.5070422535211268,pos,Farm,IT2
ASV_00138,ASV_00273,0.5611510791366906,pos,Farm,IT2
ASV_00138,ASV_00275,0.5517241379310345,pos,Farm,IT2
ASV_00138,ASV_00283,0.5136986301369864,pos,Farm,IT2
ASV_00138,ASV_00292,0.5563380281690141,pos,Farm,IT2
ASV_00138,ASV_00300,0.5337837837837838,pos,Farm,IT2
ASV_00138,ASV_00309,0.5208333333333334,pos,Farm,IT2
ASV_00138,ASV_00311,0.5238095238095238,pos,Farm,IT2
ASV_00138,ASV_00312,0.5454545454545454,pos,Farm,IT2
ASV_00138,ASV_00318,0.5069444444444444,pos,Farm,IT2
ASV_00138,ASV_00323,0.5104895104895105,pos,Farm,IT2
ASV_00138,ASV_00324,0.5070422535211268,pos,Farm,IT2
ASV_00138,ASV_00326,0.49645390070921985,pos,Farm,IT2
ASV_00138,ASV_00327,0.5142857142857142,pos,Farm,IT2
ASV_00138,ASV_00337,0.5517241379310345,pos,Farm,IT2
ASV_00138,ASV_00369,0.528169014084507,pos,Farm,IT2
ASV_00138,ASV_00373,0.48936170212765956,pos,Farm,IT2
ASV_00138,ASV_00390,0.547945205479452,pos,Farm,IT2
ASV_00138,ASV_00393,0.4748201438848921,pos,Farm,IT2
ASV_00138,ASV_00407,0.5547445255474452,pos,Farm,IT2
ASV_00138,ASV_00410,0.524822695035461,pos,Farm,IT2
ASV_00138,ASV_00412,0.5144927536231884,pos,Farm,IT2
ASV_00138,ASV_00415,0.5104895104895105,pos,Farm,IT2
ASV_00138,ASV_00440,0.5071428571428571,pos,Farm,IT2
ASV_00138,ASV_00447,0.5136986301369864,pos,Farm,IT2
ASV_00138,ASV_00451,0.5342465753424658,pos,Farm,IT2
ASV_00138,ASV_00452,0.49645390070921985,pos,Farm,IT2
ASV_00138,ASV_00453,0.5138888888888888,pos,Farm,IT2
ASV_00138,ASV_00458,0.48226950354609927,pos,Farm,IT2
ASV_00138,ASV_00465,0.5034965034965035,pos,Farm,IT2
ASV_00138,ASV_00483,0.5342465753424658,pos,Farm,IT2
ASV_00138,ASV_00503,0.5034965034965035,pos,Farm,IT2
ASV_00138,ASV_00504,0.527027027027027,pos,Farm,IT2
ASV_00138,ASV_00508,0.49295774647887325,pos,Farm,IT2
ASV_00138,ASV_00512,0.5306122448979592,pos,Farm,IT2
ASV_00138,ASV_00518,0.5517241379310345,pos,Farm,IT2
ASV_00138,ASV_00551,0.5138888888888888,pos,Farm,IT2
ASV_00138,ASV_00554,0.5208333333333334,pos,Farm,IT2
ASV_00138,ASV_00559,0.5177304964539007,pos,Farm,IT2
ASV_00138,ASV_00566,0.5357142857142857,pos,Farm,IT2
ASV_00138,ASV_00570,0.48226950354609927,pos,Farm,IT2
ASV_00138,ASV_00574,0.5241379310344828,pos,Farm,IT2
ASV_00138,ASV_00618,0.5357142857142857,pos,Farm,IT2
ASV_00138,ASV_00622,0.5073529411764706,pos,Farm,IT2
ASV_00138,ASV_00636,0.5753424657534246,pos,Farm,IT2
ASV_00138,ASV_00643,0.5,pos,Farm,IT2
ASV_00138,ASV_00666,0.5205479452054794,pos,Farm,IT2
ASV_00138,ASV_00668,0.5035460992907801,pos,Farm,IT2
ASV_00138,ASV_00709,0.5034965034965035,pos,Farm,IT2
ASV_00138,ASV_00724,0.5251798561151079,pos,Farm,IT2
ASV_00138,ASV_00758,0.5683453237410072,pos,Farm,IT2
ASV_00138,ASV_00760,0.5815602836879432,pos,Farm,IT2
ASV_00138,ASV_00772,0.5319148936170213,pos,Farm,IT2
ASV_00138,ASV_00789,0.5174825174825175,pos,Farm,IT2
ASV_00138,ASV_00807,0.5069444444444444,pos,Farm,IT2
ASV_00138,ASV_00808,0.49295774647887325,pos,Farm,IT2
ASV_00138,ASV_00815,0.5608108108108109,pos,Farm,IT2
ASV_00138,ASV_00880,0.49645390070921985,pos,Farm,IT2
ASV_00138,ASV_00890,0.5460992907801419,pos,Farm,IT2
ASV_00138,ASV_00909,0.49295774647887325,pos,Farm,IT2
ASV_00138,ASV_00935,0.5104895104895105,pos,Farm,IT2
ASV_00138,ASV_00959,0.5104895104895105,pos,Farm,IT2
ASV_00138,ASV_00984,0.5174825174825175,pos,Farm,IT2
ASV_00138,ASV_01023,0.5273972602739726,pos,Farm,IT2
ASV_00138,ASV_01092,0.5845070422535211,pos,Farm,IT2
ASV_00138,ASV_01119,0.5306122448979592,pos,Farm,IT2
ASV_00138,ASV_01152,0.539568345323741,pos,Farm,IT2
ASV_00138,ASV_01153,0.5071428571428571,pos,Farm,IT2
ASV_00138,ASV_01179,0.5107913669064749,pos,Farm,IT2
ASV_00138,ASV_01250,0.5448275862068965,pos,Farm,IT2
ASV_00138,ASV_01253,0.5,pos,Farm,IT2
ASV_00138,ASV_01276,0.48226950354609927,pos,Farm,IT2
ASV_00138,ASV_01426,0.4928571428571429,pos,Farm,IT2
ASV_00138,ASV_01458,0.5036496350364964,pos,Farm,IT2
ASV_00138,ASV_01503,0.5460992907801419,pos,Farm,IT2
ASV_00138,ASV_02149,0.48936170212765956,pos,Farm,IT2
ASV_00139,ASV_00151,0.4740740740740741,pos,Farm,IT2
ASV_00139,ASV_00156,0.49295774647887325,pos,Farm,IT2
ASV_00139,ASV_00163,0.4632352941176471,pos,Farm,IT2
ASV_00139,ASV_00168,0.5,pos,Farm,IT2
ASV_00139,ASV_00178,0.4857142857142857,pos,Farm,IT2
ASV_00139,ASV_00181,0.5035971223021583,pos,Farm,IT2
ASV_00139,ASV_00187,0.4782608695652174,pos,Farm,IT2
ASV_00139,ASV_00189,0.46715328467153283,pos,Farm,IT2
ASV_00139,ASV_00197,0.5185185185185185,pos,Farm,IT2
ASV_00139,ASV_00198,0.48175182481751827,pos,Farm,IT2
ASV_00139,ASV_00208,0.463768115942029,pos,Farm,IT2
ASV_00139,ASV_00211,0.45185185185185184,pos,Farm,IT2
ASV_00139,ASV_00213,0.4861111111111111,pos,Farm,IT2
ASV_00139,ASV_00221,0.4744525547445255,pos,Farm,IT2
ASV_00139,ASV_00228,0.45588235294117646,pos,Farm,IT2
ASV_00139,ASV_00250,0.475177304964539,pos,Farm,IT2
ASV_00139,ASV_00269,0.5205479452054794,pos,Farm,IT2
ASV_00139,ASV_00283,0.5,pos,Farm,IT2
ASV_00139,ASV_00286,0.4748201438848921,pos,Farm,IT2
ASV_00139,ASV_00297,0.4782608695652174,pos,Farm,IT2
ASV_00139,ASV_00311,0.48951048951048953,pos,Farm,IT2
ASV_00139,ASV_00325,0.4748201438848921,pos,Farm,IT2
ASV_00139,ASV_00337,0.5070422535211268,pos,Farm,IT2
ASV_00139,ASV_00345,0.4788732394366197,pos,Farm,IT2
ASV_00139,ASV_00346,0.5112781954887218,pos,Farm,IT2
ASV_00139,ASV_00347,0.48936170212765956,pos,Farm,IT2
ASV_00139,ASV_00354,0.4744525547445255,pos,Farm,IT2
ASV_00139,ASV_00356,0.5142857142857142,pos,Farm,IT2
ASV_00139,ASV_00359,0.47368421052631576,pos,Farm,IT2
ASV_00139,ASV_00361,0.4788732394366197,pos,Farm,IT2
ASV_00139,ASV_00369,0.4714285714285714,pos,Farm,IT2
ASV_00139,ASV_00380,0.47058823529411764,pos,Farm,IT2
ASV_00139,ASV_00382,0.48226950354609927,pos,Farm,IT2
ASV_00139,ASV_00384,0.5338345864661654,pos,Farm,IT2
ASV_00139,ASV_00387,0.4927536231884058,pos,Farm,IT2
ASV_00139,ASV_00399,0.4857142857142857,pos,Farm,IT2
ASV_00139,ASV_00404,0.48872180451127817,pos,Farm,IT2
ASV_00139,ASV_00406,0.4666666666666667,pos,Farm,IT2
ASV_00139,ASV_00416,0.48905109489051096,pos,Farm,IT2
ASV_00139,ASV_00422,0.4782608695652174,pos,Farm,IT2
ASV_00139,ASV_00425,0.47058823529411764,pos,Farm,IT2
ASV_00139,ASV_00474,0.49640287769784175,pos,Farm,IT2
ASV_00139,ASV_00485,0.5407407407407407,pos,Farm,IT2
ASV_00139,ASV_00486,0.5357142857142857,pos,Farm,IT2
ASV_00139,ASV_00488,0.48951048951048953,pos,Farm,IT2
ASV_00139,ASV_00503,0.5,pos,Farm,IT2
ASV_00139,ASV_00504,0.4930555555555556,pos,Farm,IT2
ASV_00139,ASV_00508,0.5,pos,Farm,IT2
ASV_00139,ASV_00524,0.48507462686567165,pos,Farm,IT2
ASV_00139,ASV_00528,0.4888888888888889,pos,Farm,IT2
ASV_00139,ASV_00533,0.48175182481751827,pos,Farm,IT2
ASV_00139,ASV_00534,0.5104895104895105,pos,Farm,IT2
ASV_00139,ASV_00536,0.5106382978723404,pos,Farm,IT2
ASV_00139,ASV_00548,0.4626865671641791,pos,Farm,IT2
ASV_00139,ASV_00570,0.5114503816793893,pos,Farm,IT2
ASV_00139,ASV_00571,0.49640287769784175,pos,Farm,IT2
ASV_00139,ASV_00574,0.5441176470588235,pos,Farm,IT2
ASV_00139,ASV_00576,0.47101449275362317,pos,Farm,IT2
ASV_00139,ASV_00587,0.46715328467153283,pos,Farm,IT2
ASV_00139,ASV_00595,0.47794117647058826,pos,Farm,IT2
ASV_00139,ASV_00622,0.5038759689922481,pos,Farm,IT2
ASV_00139,ASV_00628,0.463768115942029,pos,Farm,IT2
ASV_00139,ASV_00633,0.5109489051094891,pos,Farm,IT2
ASV_00139,ASV_00636,0.5208333333333334,pos,Farm,IT2
ASV_00139,ASV_00643,0.5073529411764706,pos,Farm,IT2
ASV_00139,ASV_00645,0.45925925925925926,pos,Farm,IT2
ASV_00139,ASV_00666,0.49645390070921985,pos,Farm,IT2
ASV_00139,ASV_00673,0.4930555555555556,pos,Farm,IT2
ASV_00139,ASV_00686,0.4927536231884058,pos,Farm,IT2
ASV_00139,ASV_00697,0.5348837209302325,pos,Farm,IT2
ASV_00139,ASV_00718,0.4701492537313433,pos,Farm,IT2
ASV_00139,ASV_00760,0.5142857142857142,pos,Farm,IT2
ASV_00139,ASV_00793,0.4888888888888889,pos,Farm,IT2
ASV_00139,ASV_00807,0.4714285714285714,pos,Farm,IT2
ASV_00139,ASV_00815,0.5277777777777778,pos,Farm,IT2
ASV_00139,ASV_00822,0.48201438848920863,pos,Farm,IT2
ASV_00139,ASV_00829,0.48175182481751827,pos,Farm,IT2
ASV_00139,ASV_00869,0.4825174825174825,pos,Farm,IT2
ASV_00139,ASV_00912,0.4696969696969697,pos,Farm,IT2
ASV_00139,ASV_00931,0.46715328467153283,pos,Farm,IT2
ASV_00139,ASV_00959,0.4748201438848921,pos,Farm,IT2
ASV_00139,ASV_01065,0.45588235294117646,pos,Farm,IT2
ASV_00139,ASV_01092,0.4861111111111111,pos,Farm,IT2
ASV_00139,ASV_01101,0.49640287769784175,pos,Farm,IT2
ASV_00139,ASV_01204,0.4825174825174825,pos,Farm,IT2
ASV_00139,ASV_01253,0.49635036496350365,pos,Farm,IT2
ASV_00139,ASV_01417,0.48905109489051096,pos,Farm,IT2
ASV_00139,ASV_01426,0.5114503816793893,pos,Farm,IT2
ASV_00139,ASV_01458,0.4552238805970149,pos,Farm,IT2
ASV_00140,ASV_00141,0.5072463768115942,pos,Farm,IT2
ASV_00140,ASV_00151,0.5333333333333333,pos,Farm,IT2
ASV_00140,ASV_00154,0.5035971223021583,pos,Farm,IT2
ASV_00140,ASV_00155,0.5220588235294118,pos,Farm,IT2
ASV_00140,ASV_00159,0.5034965034965035,pos,Farm,IT2
ASV_00140,ASV_00166,0.5285714285714286,pos,Farm,IT2
ASV_00140,ASV_00168,0.5563380281690141,pos,Farm,IT2
ASV_00140,ASV_00170,0.5436241610738255,pos,Farm,IT2
ASV_00140,ASV_00172,0.5285714285714286,pos,Farm,IT2
ASV_00140,ASV_00176,0.518796992481203,pos,Farm,IT2
ASV_00140,ASV_00182,0.5460992907801419,pos,Farm,IT2
ASV_00140,ASV_00186,0.539568345323741,pos,Farm,IT2
ASV_00140,ASV_00193,0.5104895104895105,pos,Farm,IT2
ASV_00140,ASV_00198,0.4859154929577465,pos,Farm,IT2
ASV_00140,ASV_00199,0.47101449275362317,pos,Farm,IT2
ASV_00140,ASV_00200,0.5,pos,Farm,IT2
ASV_00140,ASV_00202,0.48175182481751827,pos,Farm,IT2
ASV_00140,ASV_00205,0.5379310344827586,pos,Farm,IT2
ASV_00140,ASV_00206,0.5,pos,Farm,IT2
ASV_00140,ASV_00213,0.5416666666666666,pos,Farm,IT2
ASV_00140,ASV_00232,0.503448275862069,pos,Farm,IT2
ASV_00140,ASV_00240,0.4928571428571429,pos,Farm,IT2
ASV_00140,ASV_00242,0.5267175572519084,pos,Farm,IT2
ASV_00140,ASV_00243,0.4965034965034965,pos,Farm,IT2
ASV_00140,ASV_00247,0.5514705882352942,pos,Farm,IT2
ASV_00140,ASV_00251,0.5319148936170213,pos,Farm,IT2
ASV_00140,ASV_00252,0.49645390070921985,pos,Farm,IT2
ASV_00140,ASV_00257,0.5,pos,Farm,IT2
ASV_00140,ASV_00267,0.48201438848920863,pos,Farm,IT2
ASV_00140,ASV_00274,0.5238095238095238,pos,Farm,IT2
ASV_00140,ASV_00275,0.5310344827586206,pos,Farm,IT2
ASV_00140,ASV_00276,0.5244755244755245,pos,Farm,IT2
ASV_00140,ASV_00279,0.4676258992805755,pos,Farm,IT2
ASV_00140,ASV_00287,0.5035971223021583,pos,Farm,IT2
ASV_00140,ASV_00293,0.5202702702702703,pos,Farm,IT2
ASV_00140,ASV_00295,0.524822695035461,pos,Farm,IT2
ASV_00140,ASV_00296,0.4782608695652174,pos,Farm,IT2
ASV_00140,ASV_00299,0.4928571428571429,pos,Farm,IT2
ASV_00140,ASV_00300,0.5238095238095238,pos,Farm,IT2
ASV_00140,ASV_00305,0.5384615384615384,pos,Farm,IT2
ASV_00140,ASV_00308,0.48226950354609927,pos,Farm,IT2
ASV_00140,ASV_00318,0.5070422535211268,pos,Farm,IT2
ASV_00140,ASV_00321,0.5594405594405595,pos,Farm,IT2
ASV_00140,ASV_00324,0.49645390070921985,pos,Farm,IT2
ASV_00140,ASV_00326,0.49640287769784175,pos,Farm,IT2
ASV_00140,ASV_00332,0.5,pos,Farm,IT2
ASV_00140,ASV_00336,0.49295774647887325,pos,Farm,IT2
ASV_00140,ASV_00337,0.5310344827586206,pos,Farm,IT2
ASV_00140,ASV_00339,0.4927536231884058,pos,Farm,IT2
ASV_00140,ASV_00346,0.48226950354609927,pos,Farm,IT2
ASV_00140,ASV_00347,0.5571428571428572,pos,Farm,IT2
ASV_00140,ASV_00352,0.5107913669064749,pos,Farm,IT2
ASV_00140,ASV_00354,0.48936170212765956,pos,Farm,IT2
ASV_00140,ASV_00355,0.5034965034965035,pos,Farm,IT2
ASV_00140,ASV_00356,0.5492957746478874,pos,Farm,IT2
ASV_00140,ASV_00359,0.48905109489051096,pos,Farm,IT2
ASV_00140,ASV_00369,0.5507246376811594,pos,Farm,IT2
ASV_00140,ASV_00373,0.5220588235294118,pos,Farm,IT2
ASV_00140,ASV_00377,0.4748201438848921,pos,Farm,IT2
ASV_00140,ASV_00384,0.5474452554744526,pos,Farm,IT2
ASV_00140,ASV_00390,0.5486111111111112,pos,Farm,IT2
ASV_00140,ASV_00399,0.5104895104895105,pos,Farm,IT2
ASV_00140,ASV_00403,0.5390070921985816,pos,Farm,IT2
ASV_00140,ASV_00438,0.5035460992907801,pos,Farm,IT2
ASV_00140,ASV_00443,0.5182481751824818,pos,Farm,IT2
ASV_00140,ASV_00444,0.5106382978723404,pos,Farm,IT2
ASV_00140,ASV_00445,0.5251798561151079,pos,Farm,IT2
ASV_00140,ASV_00447,0.5244755244755245,pos,Farm,IT2
ASV_00140,ASV_00452,0.4857142857142857,pos,Farm,IT2
ASV_00140,ASV_00455,0.4928571428571429,pos,Farm,IT2
ASV_00140,ASV_00460,0.5357142857142857,pos,Farm,IT2
ASV_00140,ASV_00464,0.5460992907801419,pos,Farm,IT2
ASV_00140,ASV_00467,0.5342465753424658,pos,Farm,IT2
ASV_00140,ASV_00477,0.5467625899280576,pos,Farm,IT2
ASV_00140,ASV_00482,0.54,pos,Farm,IT2
ASV_00140,ASV_00490,0.5238095238095238,pos,Farm,IT2
ASV_00140,ASV_00496,0.5070422535211268,pos,Farm,IT2
ASV_00140,ASV_00501,0.539568345323741,pos,Farm,IT2
ASV_00140,ASV_00508,0.48226950354609927,pos,Farm,IT2
ASV_00140,ASV_00511,0.5263157894736842,pos,Farm,IT2
ASV_00140,ASV_00513,0.5035460992907801,pos,Farm,IT2
ASV_00140,ASV_00518,0.574468085106383,pos,Farm,IT2
ASV_00140,ASV_00528,0.4928571428571429,pos,Farm,IT2
ASV_00140,ASV_00530,0.5106382978723404,pos,Farm,IT2
ASV_00140,ASV_00533,0.4859154929577465,pos,Farm,IT2
ASV_00140,ASV_00536,0.5454545454545454,pos,Farm,IT2
ASV_00140,ASV_00541,0.5035460992907801,pos,Farm,IT2
ASV_00140,ASV_00542,0.5205479452054794,pos,Farm,IT2
ASV_00140,ASV_00548,0.48905109489051096,pos,Farm,IT2
ASV_00140,ASV_00550,0.5352112676056338,pos,Farm,IT2
ASV_00140,ASV_00554,0.5,pos,Farm,IT2
ASV_00140,ASV_00559,0.4859154929577465,pos,Farm,IT2
ASV_00140,ASV_00566,0.49295774647887325,pos,Farm,IT2
ASV_00140,ASV_00570,0.5036496350364964,pos,Farm,IT2
ASV_00140,ASV_00587,0.48226950354609927,pos,Farm,IT2
ASV_00140,ASV_00595,0.5035971223021583,pos,Farm,IT2
ASV_00140,ASV_00613,0.4852941176470588,pos,Farm,IT2
ASV_00140,ASV_00618,0.5035460992907801,pos,Farm,IT2
ASV_00140,ASV_00620,0.55,pos,Farm,IT2
ASV_00140,ASV_00628,0.5,pos,Farm,IT2
ASV_00140,ASV_00630,0.5,pos,Farm,IT2
ASV_00140,ASV_00635,0.5384615384615384,pos,Farm,IT2
ASV_00140,ASV_00638,0.5069444444444444,pos,Farm,IT2
ASV_00140,ASV_00641,0.5277777777777778,pos,Farm,IT2
ASV_00140,ASV_00665,0.49635036496350365,pos,Farm,IT2
ASV_00140,ASV_00668,0.4928571428571429,pos,Farm,IT2
ASV_00140,ASV_00671,0.48226950354609927,pos,Farm,IT2
ASV_00140,ASV_00676,0.5347222222222222,pos,Farm,IT2
ASV_00140,ASV_00687,0.5035460992907801,pos,Farm,IT2
ASV_00140,ASV_00718,0.4855072463768116,pos,Farm,IT2
ASV_00140,ASV_00721,0.5111111111111111,pos,Farm,IT2
ASV_00140,ASV_00724,0.5035971223021583,pos,Farm,IT2
ASV_00140,ASV_00758,0.5467625899280576,pos,Farm,IT2
ASV_00140,ASV_00760,0.5172413793103449,pos,Farm,IT2
ASV_00140,ASV_00778,0.48148148148148145,pos,Farm,IT2
ASV_00140,ASV_00789,0.4965034965034965,pos,Farm,IT2
ASV_00140,ASV_00793,0.48226950354609927,pos,Farm,IT2
ASV_00140,ASV_00798,0.5244755244755245,pos,Farm,IT2
ASV_00140,ASV_00801,0.4855072463768116,pos,Farm,IT2
ASV_00140,ASV_00802,0.5602836879432624,pos,Farm,IT2
ASV_00140,ASV_00806,0.5314685314685315,pos,Farm,IT2
ASV_00140,ASV_00808,0.5035971223021583,pos,Farm,IT2
ASV_00140,ASV_00809,0.54421768707483,pos,Farm,IT2
ASV_00140,ASV_00815,0.5302013422818792,pos,Farm,IT2
ASV_00140,ASV_00821,0.5357142857142857,pos,Farm,IT2
ASV_00140,ASV_00822,0.4965034965034965,pos,Farm,IT2
ASV_00140,ASV_00829,0.5179856115107914,pos,Farm,IT2
ASV_00140,ASV_00848,0.528169014084507,pos,Farm,IT2
ASV_00140,ASV_00890,0.524822695035461,pos,Farm,IT2
ASV_00140,ASV_00912,0.5303030303030303,pos,Farm,IT2
ASV_00140,ASV_00929,0.5244755244755245,pos,Farm,IT2
ASV_00140,ASV_00984,0.539568345323741,pos,Farm,IT2
ASV_00140,ASV_01018,0.48226950354609927,pos,Farm,IT2
ASV_00140,ASV_01023,0.5492957746478874,pos,Farm,IT2
ASV_00140,ASV_01071,0.5107913669064749,pos,Farm,IT2
ASV_00140,ASV_01119,0.5310344827586206,pos,Farm,IT2
ASV_00140,ASV_01124,0.5106382978723404,pos,Farm,IT2
ASV_00140,ASV_01179,0.4785714285714286,pos,Farm,IT2
ASV_00140,ASV_01249,0.5035971223021583,pos,Farm,IT2
ASV_00140,ASV_01253,0.5323741007194245,pos,Farm,IT2
ASV_00140,ASV_01267,0.4859154929577465,pos,Farm,IT2
ASV_00140,ASV_01276,0.5036496350364964,pos,Farm,IT2
ASV_00140,ASV_01328,0.5107913669064749,pos,Farm,IT2
ASV_00140,ASV_01342,0.5342465753424658,pos,Farm,IT2
ASV_00140,ASV_01417,0.5035460992907801,pos,Farm,IT2
ASV_00140,ASV_01491,0.5035460992907801,pos,Farm,IT2
ASV_00140,ASV_01578,0.539568345323741,pos,Farm,IT2
ASV_00140,ASV_02332,0.5138888888888888,pos,Farm,IT2
ASV_00141,ASV_00151,0.4892086330935252,pos,Farm,IT2
ASV_00141,ASV_00153,0.48936170212765956,pos,Farm,IT2
ASV_00141,ASV_00160,0.48936170212765956,pos,Farm,IT2
ASV_00141,ASV_00162,0.5474452554744526,pos,Farm,IT2
ASV_00141,ASV_00170,0.5540540540540541,pos,Farm,IT2
ASV_00141,ASV_00171,0.5069444444444444,pos,Farm,IT2
ASV_00141,ASV_00172,0.4965034965034965,pos,Farm,IT2
ASV_00141,ASV_00193,0.5,pos,Farm,IT2
ASV_00141,ASV_00198,0.49645390070921985,pos,Farm,IT2
ASV_00141,ASV_00199,0.47101449275362317,pos,Farm,IT2
ASV_00141,ASV_00208,0.48936170212765956,pos,Farm,IT2
ASV_00141,ASV_00213,0.5310344827586206,pos,Farm,IT2
ASV_00141,ASV_00218,0.5,pos,Farm,IT2
ASV_00141,ASV_00221,0.5107913669064749,pos,Farm,IT2
ASV_00141,ASV_00231,0.5071428571428571,pos,Farm,IT2
ASV_00141,ASV_00233,0.5072463768115942,pos,Farm,IT2
ASV_00141,ASV_00242,0.45985401459854014,pos,Farm,IT2
ASV_00141,ASV_00247,0.49645390070921985,pos,Farm,IT2
ASV_00141,ASV_00250,0.5104895104895105,pos,Farm,IT2
ASV_00141,ASV_00252,0.5071428571428571,pos,Farm,IT2
ASV_00141,ASV_00254,0.5103448275862069,pos,Farm,IT2
ASV_00141,ASV_00262,0.55,pos,Farm,IT2
ASV_00141,ASV_00263,0.5208333333333334,pos,Farm,IT2
ASV_00141,ASV_00264,0.4892086330935252,pos,Farm,IT2
ASV_00141,ASV_00269,0.5436241610738255,pos,Farm,IT2
ASV_00141,ASV_00273,0.539568345323741,pos,Farm,IT2
ASV_00141,ASV_00276,0.5244755244755245,pos,Farm,IT2
ASV_00141,ASV_00278,0.572463768115942,pos,Farm,IT2
ASV_00141,ASV_00279,0.4676258992805755,pos,Farm,IT2
ASV_00141,ASV_00282,0.48936170212765956,pos,Farm,IT2
ASV_00141,ASV_00290,0.5374149659863946,pos,Farm,IT2
ASV_00141,ASV_00293,0.5202702702702703,pos,Farm,IT2
ASV_00141,ASV_00296,0.4676258992805755,pos,Farm,IT2
ASV_00141,ASV_00304,0.5238095238095238,pos,Farm,IT2
ASV_00141,ASV_00305,0.5172413793103449,pos,Farm,IT2
ASV_00141,ASV_00307,0.49640287769784175,pos,Farm,IT2
ASV_00141,ASV_00311,0.5241379310344828,pos,Farm,IT2
ASV_00141,ASV_00312,0.5244755244755245,pos,Farm,IT2
ASV_00141,ASV_00313,0.5140845070422535,pos,Farm,IT2
ASV_00141,ASV_00327,0.5035971223021583,pos,Farm,IT2
ASV_00141,ASV_00335,0.4744525547445255,pos,Farm,IT2
ASV_00141,ASV_00339,0.48201438848920863,pos,Farm,IT2
ASV_00141,ASV_00343,0.5357142857142857,pos,Farm,IT2
ASV_00141,ASV_00346,0.4928571428571429,pos,Farm,IT2
ASV_00141,ASV_00350,0.4740740740740741,pos,Farm,IT2
ASV_00141,ASV_00356,0.5172413793103449,pos,Farm,IT2
ASV_00141,ASV_00361,0.5244755244755245,pos,Farm,IT2
ASV_00141,ASV_00382,0.528169014084507,pos,Farm,IT2
ASV_00141,ASV_00390,0.5273972602739726,pos,Farm,IT2
ASV_00141,ASV_00397,0.5434782608695652,pos,Farm,IT2
ASV_00141,ASV_00402,0.47794117647058826,pos,Farm,IT2
ASV_00141,ASV_00421,0.5,pos,Farm,IT2
ASV_00141,ASV_00422,0.5035460992907801,pos,Farm,IT2
ASV_00141,ASV_00437,0.5652173913043478,pos,Farm,IT2
ASV_00141,ASV_00441,0.48226950354609927,pos,Farm,IT2
ASV_00141,ASV_00447,0.5138888888888888,pos,Farm,IT2
ASV_00141,ASV_00452,0.5182481751824818,pos,Farm,IT2
ASV_00141,ASV_00454,0.5103448275862069,pos,Farm,IT2
ASV_00141,ASV_00455,0.48226950354609927,pos,Farm,IT2
ASV_00141,ASV_00468,0.44776119402985076,pos,Farm,IT2
ASV_00141,ASV_00488,0.5347222222222222,pos,Farm,IT2
ASV_00141,ASV_00490,0.5664335664335665,pos,Farm,IT2
ASV_00141,ASV_00493,0.5492957746478874,pos,Farm,IT2
ASV_00141,ASV_00495,0.4855072463768116,pos,Farm,IT2
ASV_00141,ASV_00504,0.5170068027210885,pos,Farm,IT2
ASV_00141,ASV_00507,0.5214285714285715,pos,Farm,IT2
ASV_00141,ASV_00511,0.47101449275362317,pos,Farm,IT2
ASV_00141,ASV_00513,0.5251798561151079,pos,Farm,IT2
ASV_00141,ASV_00533,0.49645390070921985,pos,Farm,IT2
ASV_00141,ASV_00542,0.5310344827586206,pos,Farm,IT2
ASV_00141,ASV_00561,0.54,pos,Farm,IT2
ASV_00141,ASV_00571,0.5,pos,Farm,IT2
ASV_00141,ASV_00572,0.541095890410959,pos,Farm,IT2
ASV_00141,ASV_00581,0.463768115942029,pos,Farm,IT2
ASV_00141,ASV_00587,0.5255474452554745,pos,Farm,IT2
ASV_00141,ASV_00611,0.5211267605633803,pos,Farm,IT2
ASV_00141,ASV_00651,0.49295774647887325,pos,Farm,IT2
ASV_00141,ASV_00666,0.5314685314685315,pos,Farm,IT2
ASV_00141,ASV_00671,0.4928571428571429,pos,Farm,IT2
ASV_00141,ASV_00734,0.5,pos,Farm,IT2
ASV_00141,ASV_00757,0.5428571428571428,pos,Farm,IT2
ASV_00141,ASV_00760,0.5172413793103449,pos,Farm,IT2
ASV_00141,ASV_00772,0.5106382978723404,pos,Farm,IT2
ASV_00141,ASV_00912,0.4744525547445255,pos,Farm,IT2
ASV_00141,ASV_00929,0.503448275862069,pos,Farm,IT2
ASV_00141,ASV_00931,0.5255474452554745,pos,Farm,IT2
ASV_00141,ASV_00952,0.49640287769784175,pos,Farm,IT2
ASV_00141,ASV_00984,0.5177304964539007,pos,Farm,IT2
ASV_00141,ASV_00989,0.463768115942029,pos,Farm,IT2
ASV_00141,ASV_01018,0.5144927536231884,pos,Farm,IT2
ASV_00141,ASV_01092,0.5416666666666666,pos,Farm,IT2
ASV_00141,ASV_01119,0.5205479452054794,pos,Farm,IT2
ASV_00141,ASV_01249,0.5035971223021583,pos,Farm,IT2
ASV_00141,ASV_01250,0.5241379310344828,pos,Farm,IT2
ASV_00141,ASV_01288,0.5319148936170213,pos,Farm,IT2
ASV_00141,ASV_01426,0.5036496350364964,pos,Farm,IT2
ASV_00141,ASV_01941,0.5104895104895105,pos,Farm,IT2
ASV_00141,ASV_02020,0.49645390070921985,pos,Farm,IT2
ASV_00142,ASV_00150,0.5035460992907801,pos,Farm,IT2
ASV_00142,ASV_00158,0.5069444444444444,pos,Farm,IT2
ASV_00142,ASV_00161,0.5416666666666666,pos,Farm,IT2
ASV_00142,ASV_00167,0.5241379310344828,pos,Farm,IT2
ASV_00142,ASV_00168,0.547945205479452,pos,Farm,IT2
ASV_00142,ASV_00172,0.5103448275862069,pos,Farm,IT2
ASV_00142,ASV_00177,0.49295774647887325,pos,Farm,IT2
ASV_00142,ASV_00186,0.5208333333333334,pos,Farm,IT2
ASV_00142,ASV_00192,0.5069444444444444,pos,Farm,IT2
ASV_00142,ASV_00197,0.5138888888888888,pos,Farm,IT2
ASV_00142,ASV_00199,0.49640287769784175,pos,Farm,IT2
ASV_00142,ASV_00214,0.528169014084507,pos,Farm,IT2
ASV_00142,ASV_00233,0.5106382978723404,pos,Farm,IT2
ASV_00142,ASV_00249,0.5,pos,Farm,IT2
ASV_00142,ASV_00273,0.5103448275862069,pos,Farm,IT2
ASV_00142,ASV_00279,0.4928571428571429,pos,Farm,IT2
ASV_00142,ASV_00280,0.539568345323741,pos,Farm,IT2
ASV_00142,ASV_00297,0.5174825174825175,pos,Farm,IT2
ASV_00142,ASV_00299,0.539568345323741,pos,Farm,IT2
ASV_00142,ASV_00303,0.4928571428571429,pos,Farm,IT2
ASV_00142,ASV_00304,0.5472972972972973,pos,Farm,IT2
ASV_00142,ASV_00308,0.4965034965034965,pos,Farm,IT2
ASV_00142,ASV_00315,0.5035971223021583,pos,Farm,IT2
ASV_00142,ASV_00334,0.5205479452054794,pos,Farm,IT2
ASV_00142,ASV_00350,0.4782608695652174,pos,Farm,IT2
ASV_00142,ASV_00359,0.4928571428571429,pos,Farm,IT2
ASV_00142,ASV_00373,0.5035460992907801,pos,Farm,IT2
ASV_00142,ASV_00378,0.541095890410959,pos,Farm,IT2
ASV_00142,ASV_00382,0.5205479452054794,pos,Farm,IT2
ASV_00142,ASV_00389,0.5314685314685315,pos,Farm,IT2
ASV_00142,ASV_00390,0.5405405405405406,pos,Farm,IT2
ASV_00142,ASV_00393,0.5109489051094891,pos,Farm,IT2
ASV_00142,ASV_00398,0.5241379310344828,pos,Farm,IT2
ASV_00142,ASV_00402,0.4714285714285714,pos,Farm,IT2
ASV_00142,ASV_00404,0.5514705882352942,pos,Farm,IT2
ASV_00142,ASV_00406,0.4859154929577465,pos,Farm,IT2
ASV_00142,ASV_00411,0.5103448275862069,pos,Farm,IT2
ASV_00142,ASV_00442,0.5238095238095238,pos,Farm,IT2
ASV_00142,ASV_00453,0.5172413793103449,pos,Farm,IT2
ASV_00142,ASV_00455,0.4965034965034965,pos,Farm,IT2
ASV_00142,ASV_00458,0.49645390070921985,pos,Farm,IT2
ASV_00142,ASV_00467,0.5472972972972973,pos,Farm,IT2
ASV_00142,ASV_00476,0.5177304964539007,pos,Farm,IT2
ASV_00142,ASV_00477,0.5172413793103449,pos,Farm,IT2
ASV_00142,ASV_00494,0.5244755244755245,pos,Farm,IT2
ASV_00142,ASV_00507,0.5138888888888888,pos,Farm,IT2
ASV_00142,ASV_00508,0.5070422535211268,pos,Farm,IT2
ASV_00142,ASV_00512,0.5337837837837838,pos,Farm,IT2
ASV_00142,ASV_00513,0.528169014084507,pos,Farm,IT2
ASV_00142,ASV_00518,0.5337837837837838,pos,Farm,IT2
ASV_00142,ASV_00533,0.5104895104895105,pos,Farm,IT2
ASV_00142,ASV_00534,0.5472972972972973,pos,Farm,IT2
ASV_00142,ASV_00551,0.5172413793103449,pos,Farm,IT2
ASV_00142,ASV_00554,0.5136986301369864,pos,Farm,IT2
ASV_00142,ASV_00571,0.5347222222222222,pos,Farm,IT2
ASV_00142,ASV_00572,0.5436241610738255,pos,Farm,IT2
ASV_00142,ASV_00620,0.5310344827586206,pos,Farm,IT2
ASV_00142,ASV_00635,0.541095890410959,pos,Farm,IT2
ASV_00142,ASV_00643,0.5352112676056338,pos,Farm,IT2
ASV_00142,ASV_00676,0.5374149659863946,pos,Farm,IT2
ASV_00142,ASV_00757,0.5136986301369864,pos,Farm,IT2
ASV_00142,ASV_00772,0.5460992907801419,pos,Farm,IT2
ASV_00142,ASV_00807,0.5314685314685315,pos,Farm,IT2
ASV_00142,ASV_00808,0.5070422535211268,pos,Farm,IT2
ASV_00142,ASV_00829,0.5211267605633803,pos,Farm,IT2
ASV_00142,ASV_00842,0.4859154929577465,pos,Farm,IT2
ASV_00142,ASV_00929,0.5594405594405595,pos,Farm,IT2
ASV_00142,ASV_00935,0.5571428571428572,pos,Farm,IT2
ASV_00142,ASV_00987,0.4965034965034965,pos,Farm,IT2
ASV_00142,ASV_01048,0.5,pos,Farm,IT2
ASV_00142,ASV_01071,0.5140845070422535,pos,Farm,IT2
ASV_00142,ASV_01101,0.5241379310344828,pos,Farm,IT2
ASV_00142,ASV_01124,0.5244755244755245,pos,Farm,IT2
ASV_00142,ASV_01328,0.524822695035461,pos,Farm,IT2
ASV_00142,ASV_01491,0.5174825174825175,pos,Farm,IT2
ASV_00142,ASV_01512,0.5367647058823529,pos,Farm,IT2
ASV_00142,ASV_01578,0.5103448275862069,pos,Farm,IT2
ASV_00144,ASV_00146,0.5136986301369864,pos,Farm,IT2
ASV_00144,ASV_00148,0.5170068027210885,pos,Farm,IT2
ASV_00144,ASV_00161,0.5138888888888888,pos,Farm,IT2
ASV_00144,ASV_00162,0.5106382978723404,pos,Farm,IT2
ASV_00144,ASV_00164,0.48226950354609927,pos,Farm,IT2
ASV_00144,ASV_00173,0.5517241379310345,pos,Farm,IT2
ASV_00144,ASV_00178,0.5390070921985816,pos,Farm,IT2
ASV_00144,ASV_00183,0.5319148936170213,pos,Farm,IT2
ASV_00144,ASV_00187,0.5106382978723404,pos,Farm,IT2
ASV_00144,ASV_00191,0.5071428571428571,pos,Farm,IT2
ASV_00144,ASV_00192,0.5,pos,Farm,IT2
ASV_00144,ASV_00197,0.5070422535211268,pos,Farm,IT2
ASV_00144,ASV_00208,0.49645390070921985,pos,Farm,IT2
ASV_00144,ASV_00213,0.5273972602739726,pos,Farm,IT2
ASV_00144,ASV_00216,0.49645390070921985,pos,Farm,IT2
ASV_00144,ASV_00228,0.4892086330935252,pos,Farm,IT2
ASV_00144,ASV_00229,0.5106382978723404,pos,Farm,IT2
ASV_00144,ASV_00231,0.5035460992907801,pos,Farm,IT2
ASV_00144,ASV_00233,0.4928571428571429,pos,Farm,IT2
ASV_00144,ASV_00237,0.5241379310344828,pos,Farm,IT2
ASV_00144,ASV_00246,0.5244755244755245,pos,Farm,IT2
ASV_00144,ASV_00250,0.5069444444444444,pos,Farm,IT2
ASV_00144,ASV_00251,0.5069444444444444,pos,Farm,IT2
ASV_00144,ASV_00252,0.5035460992907801,pos,Farm,IT2
ASV_00144,ASV_00262,0.5460992907801419,pos,Farm,IT2
ASV_00144,ASV_00271,0.45925925925925926,pos,Farm,IT2
ASV_00144,ASV_00272,0.5106382978723404,pos,Farm,IT2
ASV_00144,ASV_00279,0.5073529411764706,pos,Farm,IT2
ASV_00144,ASV_00282,0.5179856115107914,pos,Farm,IT2
ASV_00144,ASV_00284,0.4785714285714286,pos,Farm,IT2
ASV_00144,ASV_00286,0.5070422535211268,pos,Farm,IT2
ASV_00144,ASV_00292,0.5103448275862069,pos,Farm,IT2
ASV_00144,ASV_00297,0.5,pos,Farm,IT2
ASV_00144,ASV_00303,0.49635036496350365,pos,Farm,IT2
ASV_00144,ASV_00305,0.5136986301369864,pos,Farm,IT2
ASV_00144,ASV_00309,0.5174825174825175,pos,Farm,IT2
ASV_00144,ASV_00312,0.5103448275862069,pos,Farm,IT2
ASV_00144,ASV_00318,0.5034965034965035,pos,Farm,IT2
ASV_00144,ASV_00333,0.5069444444444444,pos,Farm,IT2
ASV_00144,ASV_00337,0.5170068027210885,pos,Farm,IT2
ASV_00144,ASV_00340,0.5138888888888888,pos,Farm,IT2
ASV_00144,ASV_00354,0.5071428571428571,pos,Farm,IT2
ASV_00144,ASV_00376,0.5314685314685315,pos,Farm,IT2
ASV_00144,ASV_00382,0.5138888888888888,pos,Farm,IT2
ASV_00144,ASV_00402,0.4962962962962963,pos,Farm,IT2
ASV_00144,ASV_00404,0.5,pos,Farm,IT2
ASV_00144,ASV_00416,0.5106382978723404,pos,Farm,IT2
ASV_00144,ASV_00421,0.5069444444444444,pos,Farm,IT2
ASV_00144,ASV_00447,0.5103448275862069,pos,Farm,IT2
ASV_00144,ASV_00452,0.48226950354609927,pos,Farm,IT2
ASV_00144,ASV_00458,0.4785714285714286,pos,Farm,IT2
ASV_00144,ASV_00467,0.5306122448979592,pos,Farm,IT2
ASV_00144,ASV_00468,0.5116279069767442,pos,Farm,IT2
ASV_00144,ASV_00471,0.5034965034965035,pos,Farm,IT2
ASV_00144,ASV_00474,0.5174825174825175,pos,Farm,IT2
ASV_00144,ASV_00488,0.5416666666666666,pos,Farm,IT2
ASV_00144,ASV_00490,0.5306122448979592,pos,Farm,IT2
ASV_00144,ASV_00498,0.47101449275362317,pos,Farm,IT2
ASV_00144,ASV_00501,0.5034965034965035,pos,Farm,IT2
ASV_00144,ASV_00507,0.4965034965034965,pos,Farm,IT2
ASV_00144,ASV_00512,0.5273972602739726,pos,Farm,IT2
ASV_00144,ASV_00514,0.5472972972972973,pos,Farm,IT2
ASV_00144,ASV_00521,0.5241379310344828,pos,Farm,IT2
ASV_00144,ASV_00544,0.5035460992907801,pos,Farm,IT2
ASV_00144,ASV_00566,0.5,pos,Farm,IT2
ASV_00144,ASV_00570,0.4892086330935252,pos,Farm,IT2
ASV_00144,ASV_00572,0.547945205479452,pos,Farm,IT2
ASV_00144,ASV_00581,0.48175182481751827,pos,Farm,IT2
ASV_00144,ASV_00613,0.47101449275362317,pos,Farm,IT2
ASV_00144,ASV_00615,0.5147058823529411,pos,Farm,IT2
ASV_00144,ASV_00628,0.4859154929577465,pos,Farm,IT2
ASV_00144,ASV_00633,0.5211267605633803,pos,Farm,IT2
ASV_00144,ASV_00636,0.5405405405405406,pos,Farm,IT2
ASV_00144,ASV_00679,0.5683453237410072,pos,Farm,IT2
ASV_00144,ASV_00686,0.5034965034965035,pos,Farm,IT2
ASV_00144,ASV_00714,0.4855072463768116,pos,Farm,IT2
ASV_00144,ASV_00728,0.4782608695652174,pos,Farm,IT2
ASV_00144,ASV_00732,0.49645390070921985,pos,Farm,IT2
ASV_00144,ASV_00760,0.5454545454545454,pos,Farm,IT2
ASV_00144,ASV_00772,0.5070422535211268,pos,Farm,IT2
ASV_00144,ASV_00793,0.5,pos,Farm,IT2
ASV_00144,ASV_00801,0.5036496350364964,pos,Farm,IT2
ASV_00144,ASV_00829,0.5588235294117647,pos,Farm,IT2
ASV_00144,ASV_00890,0.5,pos,Farm,IT2
ASV_00144,ASV_00959,0.4965034965034965,pos,Farm,IT2
ASV_00144,ASV_00989,0.47101449275362317,pos,Farm,IT2
ASV_00144,ASV_01023,0.5136986301369864,pos,Farm,IT2
ASV_00144,ASV_01065,0.4892086330935252,pos,Farm,IT2
ASV_00144,ASV_01092,0.5273972602739726,pos,Farm,IT2
ASV_00144,ASV_01349,0.5070422535211268,pos,Farm,IT2
ASV_00144,ASV_01426,0.4785714285714286,pos,Farm,IT2
ASV_00144,ASV_01458,0.48905109489051096,pos,Farm,IT2
ASV_00144,ASV_02020,0.5035460992907801,pos,Farm,IT2
ASV_00144,ASV_02149,0.4857142857142857,pos,Farm,IT2
ASV_00145,ASV_00146,0.5238095238095238,pos,Farm,IT2
ASV_00145,ASV_00148,0.5374149659863946,pos,Farm,IT2
ASV_00145,ASV_00151,0.5071428571428571,pos,Farm,IT2
ASV_00145,ASV_00162,0.5104895104895105,pos,Farm,IT2
ASV_00145,ASV_00163,0.5071428571428571,pos,Farm,IT2
ASV_00145,ASV_00164,0.49295774647887325,pos,Farm,IT2
ASV_00145,ASV_00165,0.48226950354609927,pos,Farm,IT2
ASV_00145,ASV_00166,0.5352112676056338,pos,Farm,IT2
ASV_00145,ASV_00168,0.5306122448979592,pos,Farm,IT2
ASV_00145,ASV_00171,0.5563380281690141,pos,Farm,IT2
ASV_00145,ASV_00179,0.54,pos,Farm,IT2
ASV_00145,ASV_00186,0.5352112676056338,pos,Farm,IT2
ASV_00145,ASV_00187,0.5211267605633803,pos,Farm,IT2
ASV_00145,ASV_00202,0.4785714285714286,pos,Farm,IT2
ASV_00145,ASV_00212,0.5034965034965035,pos,Farm,IT2
ASV_00145,ASV_00219,0.527027027027027,pos,Farm,IT2
ASV_00145,ASV_00221,0.4965034965034965,pos,Farm,IT2
ASV_00145,ASV_00238,0.5103448275862069,pos,Farm,IT2
ASV_00145,ASV_00240,0.5,pos,Farm,IT2
ASV_00145,ASV_00247,0.5034965034965035,pos,Farm,IT2
ASV_00145,ASV_00262,0.5241379310344828,pos,Farm,IT2
ASV_00145,ASV_00285,0.5106382978723404,pos,Farm,IT2
ASV_00145,ASV_00286,0.528169014084507,pos,Farm,IT2
ASV_00145,ASV_00299,0.5106382978723404,pos,Farm,IT2
ASV_00145,ASV_00307,0.5142857142857142,pos,Farm,IT2
ASV_00145,ASV_00309,0.5277777777777778,pos,Farm,IT2
ASV_00145,ASV_00315,0.49640287769784175,pos,Farm,IT2
ASV_00145,ASV_00317,0.5034965034965035,pos,Farm,IT2
ASV_00145,ASV_00320,0.5,pos,Farm,IT2
ASV_00145,ASV_00330,0.5,pos,Farm,IT2
ASV_00145,ASV_00334,0.5136986301369864,pos,Farm,IT2
ASV_00145,ASV_00340,0.5241379310344828,pos,Farm,IT2
ASV_00145,ASV_00345,0.5205479452054794,pos,Farm,IT2
ASV_00145,ASV_00347,0.5205479452054794,pos,Farm,IT2
ASV_00145,ASV_00353,0.5285714285714286,pos,Farm,IT2
ASV_00145,ASV_00361,0.5205479452054794,pos,Farm,IT2
ASV_00145,ASV_00373,0.49645390070921985,pos,Farm,IT2
ASV_00145,ASV_00376,0.5524475524475524,pos,Farm,IT2
ASV_00145,ASV_00377,0.48226950354609927,pos,Farm,IT2
ASV_00145,ASV_00384,0.5,pos,Farm,IT2
ASV_00145,ASV_00390,0.5337837837837838,pos,Farm,IT2
ASV_00145,ASV_00391,0.5,pos,Farm,IT2
ASV_00145,ASV_00421,0.5277777777777778,pos,Farm,IT2
ASV_00145,ASV_00444,0.528169014084507,pos,Farm,IT2
ASV_00145,ASV_00445,0.5,pos,Farm,IT2
ASV_00145,ASV_00453,0.5208333333333334,pos,Farm,IT2
ASV_00145,ASV_00464,0.5310344827586206,pos,Farm,IT2
ASV_00145,ASV_00467,0.5405405405405406,pos,Farm,IT2
ASV_00145,ASV_00479,0.5205479452054794,pos,Farm,IT2
ASV_00145,ASV_00482,0.5771812080536913,pos,Farm,IT2
ASV_00145,ASV_00493,0.5342465753424658,pos,Farm,IT2
ASV_00145,ASV_00498,0.48201438848920863,pos,Farm,IT2
ASV_00145,ASV_00501,0.5138888888888888,pos,Farm,IT2
ASV_00145,ASV_00504,0.5337837837837838,pos,Farm,IT2
ASV_00145,ASV_00517,0.49295774647887325,pos,Farm,IT2
ASV_00145,ASV_00530,0.5174825174825175,pos,Farm,IT2
ASV_00145,ASV_00541,0.5319148936170213,pos,Farm,IT2
ASV_00145,ASV_00554,0.5172413793103449,pos,Farm,IT2
ASV_00145,ASV_00555,0.5602836879432624,pos,Farm,IT2
ASV_00145,ASV_00566,0.5211267605633803,pos,Farm,IT2
ASV_00145,ASV_00595,0.5323741007194245,pos,Farm,IT2
ASV_00145,ASV_00615,0.5144927536231884,pos,Farm,IT2
ASV_00145,ASV_00636,0.54,pos,Farm,IT2
ASV_00145,ASV_00638,0.5563380281690141,pos,Farm,IT2
ASV_00145,ASV_00645,0.4928571428571429,pos,Farm,IT2
ASV_00145,ASV_00679,0.5241379310344828,pos,Farm,IT2
ASV_00145,ASV_00732,0.5070422535211268,pos,Farm,IT2
ASV_00145,ASV_00734,0.5172413793103449,pos,Farm,IT2
ASV_00145,ASV_00757,0.5172413793103449,pos,Farm,IT2
ASV_00145,ASV_00760,0.5238095238095238,pos,Farm,IT2
ASV_00145,ASV_00781,0.5,pos,Farm,IT2
ASV_00145,ASV_00809,0.5821917808219178,pos,Farm,IT2
ASV_00145,ASV_00817,0.541095890410959,pos,Farm,IT2
ASV_00145,ASV_00842,0.48936170212765956,pos,Farm,IT2
ASV_00145,ASV_00865,0.5352112676056338,pos,Farm,IT2
ASV_00145,ASV_00875,0.5586206896551724,pos,Farm,IT2
ASV_00145,ASV_00890,0.5103448275862069,pos,Farm,IT2
ASV_00145,ASV_00959,0.5174825174825175,pos,Farm,IT2
ASV_00145,ASV_01018,0.5777777777777777,pos,Farm,IT2
ASV_00145,ASV_01023,0.5238095238095238,pos,Farm,IT2
ASV_00145,ASV_01071,0.5070422535211268,pos,Farm,IT2
ASV_00145,ASV_01092,0.527027027027027,pos,Farm,IT2
ASV_00145,ASV_01179,0.4859154929577465,pos,Farm,IT2
ASV_00145,ASV_01276,0.5,pos,Farm,IT2
ASV_00145,ASV_01288,0.5384615384615384,pos,Farm,IT2
ASV_00145,ASV_01328,0.4965034965034965,pos,Farm,IT2
ASV_00145,ASV_01458,0.5,pos,Farm,IT2
ASV_00145,ASV_01941,0.5172413793103449,pos,Farm,IT2
ASV_00146,ASV_00154,0.5241379310344828,pos,Farm,IT2
ASV_00146,ASV_00156,0.5782312925170068,pos,Farm,IT2
ASV_00146,ASV_00168,0.6068965517241379,pos,Farm,IT2
ASV_00146,ASV_00171,0.5369127516778524,pos,Farm,IT2
ASV_00146,ASV_00176,0.5285714285714286,pos,Farm,IT2
ASV_00146,ASV_00179,0.6148648648648649,pos,Farm,IT2
ASV_00146,ASV_00198,0.5273972602739726,pos,Farm,IT2
ASV_00146,ASV_00200,0.5103448275862069,pos,Farm,IT2
ASV_00146,ASV_00203,0.5625,pos,Farm,IT2
ASV_00146,ASV_00205,0.5562913907284768,pos,Farm,IT2
ASV_00146,ASV_00208,0.5416666666666666,pos,Farm,IT2
ASV_00146,ASV_00211,0.5211267605633803,pos,Farm,IT2
ASV_00146,ASV_00213,0.56,pos,Farm,IT2
ASV_00146,ASV_00218,0.5734265734265734,pos,Farm,IT2
ASV_00146,ASV_00233,0.5384615384615384,pos,Farm,IT2
ASV_00146,ASV_00235,0.4859154929577465,pos,Farm,IT2
ASV_00146,ASV_00239,0.5310344827586206,pos,Farm,IT2
ASV_00146,ASV_00242,0.5142857142857142,pos,Farm,IT2
ASV_00146,ASV_00244,0.5734265734265734,pos,Farm,IT2
ASV_00146,ASV_00247,0.5273972602739726,pos,Farm,IT2
ASV_00146,ASV_00250,0.5616438356164384,pos,Farm,IT2
ASV_00146,ASV_00259,0.49645390070921985,pos,Farm,IT2
ASV_00146,ASV_00262,0.5684931506849316,pos,Farm,IT2
ASV_00146,ASV_00267,0.503448275862069,pos,Farm,IT2
ASV_00146,ASV_00278,0.5578231292517006,pos,Farm,IT2
ASV_00146,ASV_00282,0.5310344827586206,pos,Farm,IT2
ASV_00146,ASV_00285,0.5241379310344828,pos,Farm,IT2
ASV_00146,ASV_00292,0.564625850340136,pos,Farm,IT2
ASV_00146,ASV_00303,0.5104895104895105,pos,Farm,IT2
ASV_00146,ASV_00304,0.5733333333333334,pos,Farm,IT2
ASV_00146,ASV_00305,0.5675675675675675,pos,Farm,IT2
ASV_00146,ASV_00308,0.5241379310344828,pos,Farm,IT2
ASV_00146,ASV_00309,0.5616438356164384,pos,Farm,IT2
ASV_00146,ASV_00312,0.564625850340136,pos,Farm,IT2
ASV_00146,ASV_00313,0.5337837837837838,pos,Farm,IT2
ASV_00146,ASV_00315,0.5,pos,Farm,IT2
ASV_00146,ASV_00320,0.503448275862069,pos,Farm,IT2
ASV_00146,ASV_00323,0.5517241379310345,pos,Farm,IT2
ASV_00146,ASV_00326,0.5172413793103449,pos,Farm,IT2
ASV_00146,ASV_00330,0.5136986301369864,pos,Farm,IT2
ASV_00146,ASV_00333,0.5616438356164384,pos,Farm,IT2
ASV_00146,ASV_00342,0.5448275862068965,pos,Farm,IT2
ASV_00146,ASV_00345,0.5540540540540541,pos,Farm,IT2
ASV_00146,ASV_00346,0.5563380281690141,pos,Farm,IT2
ASV_00146,ASV_00354,0.5310344827586206,pos,Farm,IT2
ASV_00146,ASV_00359,0.5,pos,Farm,IT2
ASV_00146,ASV_00373,0.5103448275862069,pos,Farm,IT2
ASV_00146,ASV_00378,0.5675675675675675,pos,Farm,IT2
ASV_00146,ASV_00380,0.5277777777777778,pos,Farm,IT2
ASV_00146,ASV_00382,0.5369127516778524,pos,Farm,IT2
ASV_00146,ASV_00390,0.5878378378378378,pos,Farm,IT2
ASV_00146,ASV_00404,0.5138888888888888,pos,Farm,IT2
ASV_00146,ASV_00411,0.5374149659863946,pos,Farm,IT2
ASV_00146,ASV_00425,0.5602836879432624,pos,Farm,IT2
ASV_00146,ASV_00442,0.5503355704697986,pos,Farm,IT2
ASV_00146,ASV_00443,0.5172413793103449,pos,Farm,IT2
ASV_00146,ASV_00465,0.5238095238095238,pos,Farm,IT2
ASV_00146,ASV_00468,0.4927536231884058,pos,Farm,IT2
ASV_00146,ASV_00477,0.5547945205479452,pos,Farm,IT2
ASV_00146,ASV_00486,0.5666666666666667,pos,Farm,IT2
ASV_00146,ASV_00490,0.5945945945945946,pos,Farm,IT2
ASV_00146,ASV_00495,0.5174825174825175,pos,Farm,IT2
ASV_00146,ASV_00498,0.5285714285714286,pos,Farm,IT2
ASV_00146,ASV_00513,0.5342465753424658,pos,Farm,IT2
ASV_00146,ASV_00518,0.56,pos,Farm,IT2
ASV_00146,ASV_00520,0.5616438356164384,pos,Farm,IT2
ASV_00146,ASV_00521,0.5466666666666666,pos,Farm,IT2
ASV_00146,ASV_00550,0.5436241610738255,pos,Farm,IT2
ASV_00146,ASV_00554,0.5405405405405406,pos,Farm,IT2
ASV_00146,ASV_00555,0.5405405405405406,pos,Farm,IT2
ASV_00146,ASV_00563,0.5724137931034483,pos,Farm,IT2
ASV_00146,ASV_00568,0.564625850340136,pos,Farm,IT2
ASV_00146,ASV_00620,0.5578231292517006,pos,Farm,IT2
ASV_00146,ASV_00628,0.5633802816901409,pos,Farm,IT2
ASV_00146,ASV_00633,0.54421768707483,pos,Farm,IT2
ASV_00146,ASV_00636,0.6148648648648649,pos,Farm,IT2
ASV_00146,ASV_00643,0.541095890410959,pos,Farm,IT2
ASV_00146,ASV_00651,0.5448275862068965,pos,Farm,IT2
ASV_00146,ASV_00758,0.54421768707483,pos,Farm,IT2
ASV_00146,ASV_00760,0.5570469798657718,pos,Farm,IT2
ASV_00146,ASV_00772,0.541095890410959,pos,Farm,IT2
ASV_00146,ASV_00778,0.4825174825174825,pos,Farm,IT2
ASV_00146,ASV_00789,0.5694444444444444,pos,Farm,IT2
ASV_00146,ASV_00801,0.5174825174825175,pos,Farm,IT2
ASV_00146,ASV_00811,0.5578231292517006,pos,Farm,IT2
ASV_00146,ASV_00829,0.5486111111111112,pos,Farm,IT2
ASV_00146,ASV_00845,0.5104895104895105,pos,Farm,IT2
ASV_00146,ASV_00875,0.56,pos,Farm,IT2
ASV_00146,ASV_00912,0.4965034965034965,pos,Farm,IT2
ASV_00146,ASV_00929,0.5540540540540541,pos,Farm,IT2
ASV_00146,ASV_00931,0.5347222222222222,pos,Farm,IT2
ASV_00146,ASV_00952,0.5277777777777778,pos,Farm,IT2
ASV_00146,ASV_01249,0.5136986301369864,pos,Farm,IT2
ASV_00146,ASV_01288,0.5510204081632653,pos,Farm,IT2
ASV_00146,ASV_01503,0.54421768707483,pos,Farm,IT2
ASV_00146,ASV_01578,0.5374149659863946,pos,Farm,IT2
ASV_00146,ASV_02332,0.5436241610738255,pos,Farm,IT2
ASV_00147,ASV_00159,0.5,pos,Farm,IT2
ASV_00147,ASV_00160,0.5071428571428571,pos,Farm,IT2
ASV_00147,ASV_00176,0.47101449275362317,pos,Farm,IT2
ASV_00147,ASV_00191,0.49645390070921985,pos,Farm,IT2
ASV_00147,ASV_00193,0.5174825174825175,pos,Farm,IT2
ASV_00147,ASV_00205,0.5238095238095238,pos,Farm,IT2
ASV_00147,ASV_00208,0.5289855072463768,pos,Farm,IT2
ASV_00147,ASV_00230,0.5174825174825175,pos,Farm,IT2
ASV_00147,ASV_00231,0.49295774647887325,pos,Farm,IT2
ASV_00147,ASV_00233,0.5035971223021583,pos,Farm,IT2
ASV_00147,ASV_00239,0.49645390070921985,pos,Farm,IT2
ASV_00147,ASV_00259,0.48148148148148145,pos,Farm,IT2
ASV_00147,ASV_00263,0.5172413793103449,pos,Farm,IT2
ASV_00147,ASV_00269,0.5714285714285714,pos,Farm,IT2
ASV_00147,ASV_00284,0.5220588235294118,pos,Farm,IT2
ASV_00147,ASV_00298,0.48175182481751827,pos,Farm,IT2
ASV_00147,ASV_00303,0.4855072463768116,pos,Farm,IT2
ASV_00147,ASV_00312,0.5314685314685315,pos,Farm,IT2
ASV_00147,ASV_00320,0.5220588235294118,pos,Farm,IT2
ASV_00147,ASV_00327,0.48936170212765956,pos,Farm,IT2
ASV_00147,ASV_00340,0.5138888888888888,pos,Farm,IT2
ASV_00147,ASV_00353,0.4859154929577465,pos,Farm,IT2
ASV_00147,ASV_00354,0.5071428571428571,pos,Farm,IT2
ASV_00147,ASV_00356,0.5454545454545454,pos,Farm,IT2
ASV_00147,ASV_00357,0.5072463768115942,pos,Farm,IT2
ASV_00147,ASV_00367,0.4928571428571429,pos,Farm,IT2
ASV_00147,ASV_00378,0.5136986301369864,pos,Farm,IT2
ASV_00147,ASV_00380,0.48226950354609927,pos,Farm,IT2
ASV_00147,ASV_00382,0.5138888888888888,pos,Farm,IT2
ASV_00147,ASV_00399,0.5390070921985816,pos,Farm,IT2
ASV_00147,ASV_00404,0.4785714285714286,pos,Farm,IT2
ASV_00147,ASV_00416,0.5,pos,Farm,IT2
ASV_00147,ASV_00463,0.5138888888888888,pos,Farm,IT2
ASV_00147,ASV_00468,0.46616541353383456,pos,Farm,IT2
ASV_00147,ASV_00498,0.5037037037037037,pos,Farm,IT2
ASV_00147,ASV_00518,0.5273972602739726,pos,Farm,IT2
ASV_00147,ASV_00530,0.4965034965034965,pos,Farm,IT2
ASV_00147,ASV_00534,0.541095890410959,pos,Farm,IT2
ASV_00147,ASV_00542,0.5379310344827586,pos,Farm,IT2
ASV_00147,ASV_00566,0.5,pos,Farm,IT2
ASV_00147,ASV_00568,0.5208333333333334,pos,Farm,IT2
ASV_00147,ASV_00596,0.47101449275362317,pos,Farm,IT2
ASV_00147,ASV_00615,0.5036496350364964,pos,Farm,IT2
ASV_00147,ASV_00620,0.5138888888888888,pos,Farm,IT2
ASV_00147,ASV_00633,0.5319148936170213,pos,Farm,IT2
ASV_00147,ASV_00641,0.5136986301369864,pos,Farm,IT2
ASV_00147,ASV_00645,0.4927536231884058,pos,Farm,IT2
ASV_00147,ASV_00662,0.48226950354609927,pos,Farm,IT2
ASV_00147,ASV_00679,0.5244755244755245,pos,Farm,IT2
ASV_00147,ASV_00724,0.5,pos,Farm,IT2
ASV_00147,ASV_00760,0.5347222222222222,pos,Farm,IT2
ASV_00147,ASV_00772,0.5070422535211268,pos,Farm,IT2
ASV_00147,ASV_00782,0.5,pos,Farm,IT2
ASV_00147,ASV_00801,0.48201438848920863,pos,Farm,IT2
ASV_00147,ASV_00807,0.5034965034965035,pos,Farm,IT2
ASV_00147,ASV_00811,0.5138888888888888,pos,Farm,IT2
ASV_00147,ASV_00891,0.5337837837837838,pos,Farm,IT2
ASV_00147,ASV_00906,0.541095890410959,pos,Farm,IT2
ASV_00147,ASV_00912,0.48175182481751827,pos,Farm,IT2
ASV_00147,ASV_00924,0.4744525547445255,pos,Farm,IT2
ASV_00147,ASV_00929,0.5208333333333334,pos,Farm,IT2
ASV_00147,ASV_00935,0.4965034965034965,pos,Farm,IT2
ASV_00147,ASV_01071,0.49645390070921985,pos,Farm,IT2
ASV_00147,ASV_01153,0.5035971223021583,pos,Farm,IT2
ASV_00147,ASV_01288,0.528169014084507,pos,Farm,IT2
ASV_00147,ASV_01342,0.541095890410959,pos,Farm,IT2
ASV_00147,ASV_01491,0.5214285714285715,pos,Farm,IT2
ASV_00147,ASV_01541,0.5,pos,Farm,IT2
ASV_00147,ASV_01941,0.55,pos,Farm,IT2
ASV_00147,ASV_02020,0.49295774647887325,pos,Farm,IT2
ASV_00148,ASV_00150,0.5347222222222222,pos,Farm,IT2
ASV_00148,ASV_00151,0.5136986301369864,pos,Farm,IT2
ASV_00148,ASV_00153,0.5238095238095238,pos,Farm,IT2
ASV_00148,ASV_00156,0.56,pos,Farm,IT2
ASV_00148,ASV_00157,0.5714285714285714,pos,Farm,IT2
ASV_00148,ASV_00159,0.5793103448275863,pos,Farm,IT2
ASV_00148,ASV_00163,0.5136986301369864,pos,Farm,IT2
ASV_00148,ASV_00171,0.5608108108108109,pos,Farm,IT2
ASV_00148,ASV_00173,0.5761589403973509,pos,Farm,IT2
ASV_00148,ASV_00179,0.5751633986928104,pos,Farm,IT2
ASV_00148,ASV_00182,0.5570469798657718,pos,Farm,IT2
ASV_00148,ASV_00187,0.527027027027027,pos,Farm,IT2
ASV_00148,ASV_00188,0.5570469798657718,pos,Farm,IT2
ASV_00148,ASV_00192,0.5374149659863946,pos,Farm,IT2
ASV_00148,ASV_00199,0.5174825174825175,pos,Farm,IT2
ASV_00148,ASV_00202,0.5069444444444444,pos,Farm,IT2
ASV_00148,ASV_00203,0.5337837837837838,pos,Farm,IT2
ASV_00148,ASV_00208,0.5774647887323944,pos,Farm,IT2
ASV_00148,ASV_00212,0.541095890410959,pos,Farm,IT2
ASV_00148,ASV_00214,0.5374149659863946,pos,Farm,IT2
ASV_00148,ASV_00216,0.5448275862068965,pos,Farm,IT2
ASV_00148,ASV_00227,0.54421768707483,pos,Farm,IT2
ASV_00148,ASV_00231,0.541095890410959,pos,Farm,IT2
ASV_00148,ASV_00233,0.5310344827586206,pos,Farm,IT2
ASV_00148,ASV_00238,0.5369127516778524,pos,Farm,IT2
ASV_00148,ASV_00242,0.4965034965034965,pos,Farm,IT2
ASV_00148,ASV_00253,0.5743243243243243,pos,Farm,IT2
ASV_00148,ASV_00257,0.5540540540540541,pos,Farm,IT2
ASV_00148,ASV_00259,0.5,pos,Farm,IT2
ASV_00148,ASV_00266,0.5436241610738255,pos,Farm,IT2
ASV_00148,ASV_00284,0.5068493150684932,pos,Farm,IT2
ASV_00148,ASV_00291,0.5244755244755245,pos,Farm,IT2
ASV_00148,ASV_00292,0.5466666666666666,pos,Farm,IT2
ASV_00148,ASV_00294,0.5753424657534246,pos,Farm,IT2
ASV_00148,ASV_00303,0.5352112676056338,pos,Farm,IT2
ASV_00148,ASV_00309,0.5862068965517241,pos,Farm,IT2
ASV_00148,ASV_00315,0.5138888888888888,pos,Farm,IT2
ASV_00148,ASV_00317,0.5306122448979592,pos,Farm,IT2
ASV_00148,ASV_00324,0.541095890410959,pos,Farm,IT2
ASV_00148,ASV_00327,0.5379310344827586,pos,Farm,IT2
ASV_00148,ASV_00330,0.5273972602739726,pos,Farm,IT2
ASV_00148,ASV_00332,0.5238095238095238,pos,Farm,IT2
ASV_00148,ASV_00333,0.5540540540540541,pos,Farm,IT2
ASV_00148,ASV_00335,0.5,pos,Farm,IT2
ASV_00148,ASV_00336,0.5374149659863946,pos,Farm,IT2
ASV_00148,ASV_00339,0.5277777777777778,pos,Farm,IT2
ASV_00148,ASV_00345,0.5570469798657718,pos,Farm,IT2
ASV_00148,ASV_00346,0.5273972602739726,pos,Farm,IT2
ASV_00148,ASV_00347,0.5466666666666666,pos,Farm,IT2
ASV_00148,ASV_00350,0.48951048951048953,pos,Farm,IT2
ASV_00148,ASV_00353,0.5342465753424658,pos,Farm,IT2
ASV_00148,ASV_00354,0.5448275862068965,pos,Farm,IT2
ASV_00148,ASV_00361,0.6,pos,Farm,IT2
ASV_00148,ASV_00376,0.5782312925170068,pos,Farm,IT2
ASV_00148,ASV_00384,0.5374149659863946,pos,Farm,IT2
ASV_00148,ASV_00390,0.5906040268456376,pos,Farm,IT2
ASV_00148,ASV_00391,0.5384615384615384,pos,Farm,IT2
ASV_00148,ASV_00409,0.5347222222222222,pos,Farm,IT2
ASV_00148,ASV_00410,0.5915492957746479,pos,Farm,IT2
ASV_00148,ASV_00412,0.5384615384615384,pos,Farm,IT2
ASV_00148,ASV_00421,0.5753424657534246,pos,Farm,IT2
ASV_00148,ASV_00425,0.5205479452054794,pos,Farm,IT2
ASV_00148,ASV_00447,0.5466666666666666,pos,Farm,IT2
ASV_00148,ASV_00453,0.5369127516778524,pos,Farm,IT2
ASV_00148,ASV_00459,0.5578231292517006,pos,Farm,IT2
ASV_00148,ASV_00460,0.5472972972972973,pos,Farm,IT2
ASV_00148,ASV_00468,0.4857142857142857,pos,Farm,IT2
ASV_00148,ASV_00494,0.54421768707483,pos,Farm,IT2
ASV_00148,ASV_00498,0.5211267605633803,pos,Farm,IT2
ASV_00148,ASV_00503,0.527027027027027,pos,Farm,IT2
ASV_00148,ASV_00506,0.5136986301369864,pos,Farm,IT2
ASV_00148,ASV_00513,0.5374149659863946,pos,Farm,IT2
ASV_00148,ASV_00514,0.5921052631578947,pos,Farm,IT2
ASV_00148,ASV_00518,0.5629139072847682,pos,Farm,IT2
ASV_00148,ASV_00520,0.5436241610738255,pos,Farm,IT2
ASV_00148,ASV_00529,0.5138888888888888,pos,Farm,IT2
ASV_00148,ASV_00530,0.5547945205479452,pos,Farm,IT2
ASV_00148,ASV_00542,0.5629139072847682,pos,Farm,IT2
ASV_00148,ASV_00543,0.5540540540540541,pos,Farm,IT2
ASV_00148,ASV_00548,0.5138888888888888,pos,Farm,IT2
ASV_00148,ASV_00563,0.5436241610738255,pos,Farm,IT2
ASV_00148,ASV_00566,0.5374149659863946,pos,Farm,IT2
ASV_00148,ASV_00568,0.5570469798657718,pos,Farm,IT2
ASV_00148,ASV_00572,0.5723684210526315,pos,Farm,IT2
ASV_00148,ASV_00574,0.5466666666666666,pos,Farm,IT2
ASV_00148,ASV_00592,0.5763888888888888,pos,Farm,IT2
ASV_00148,ASV_00613,0.5,pos,Farm,IT2
ASV_00148,ASV_00618,0.5915492957746479,pos,Farm,IT2
ASV_00148,ASV_00628,0.5886524822695035,pos,Farm,IT2
ASV_00148,ASV_00635,0.5918367346938775,pos,Farm,IT2
ASV_00148,ASV_00651,0.5586206896551724,pos,Farm,IT2
ASV_00148,ASV_00654,0.5068493150684932,pos,Farm,IT2
ASV_00148,ASV_00656,0.5616438356164384,pos,Farm,IT2
ASV_00148,ASV_00662,0.5416666666666666,pos,Farm,IT2
ASV_00148,ASV_00666,0.5533333333333333,pos,Farm,IT2
ASV_00148,ASV_00671,0.5704225352112676,pos,Farm,IT2
ASV_00148,ASV_00679,0.6153846153846154,pos,Farm,IT2
ASV_00148,ASV_00724,0.5170068027210885,pos,Farm,IT2
ASV_00148,ASV_00772,0.54421768707483,pos,Farm,IT2
ASV_00148,ASV_00781,0.547945205479452,pos,Farm,IT2
ASV_00148,ASV_00793,0.5170068027210885,pos,Farm,IT2
ASV_00148,ASV_00798,0.5570469798657718,pos,Farm,IT2
ASV_00148,ASV_00801,0.5208333333333334,pos,Farm,IT2
ASV_00148,ASV_00809,0.5855263157894737,pos,Farm,IT2
ASV_00148,ASV_00865,0.5616438356164384,pos,Farm,IT2
ASV_00148,ASV_00890,0.5369127516778524,pos,Farm,IT2
ASV_00148,ASV_00909,0.5170068027210885,pos,Farm,IT2
ASV_00148,ASV_00912,0.5,pos,Farm,IT2
ASV_00148,ASV_00959,0.5547945205479452,pos,Farm,IT2
ASV_00148,ASV_00987,0.5379310344827586,pos,Farm,IT2
ASV_00148,ASV_01018,0.5379310344827586,pos,Farm,IT2
ASV_00148,ASV_01071,0.5342465753424658,pos,Farm,IT2
ASV_00148,ASV_01092,0.5733333333333334,pos,Farm,IT2
ASV_00148,ASV_01124,0.5337837837837838,pos,Farm,IT2
ASV_00148,ASV_01153,0.5310344827586206,pos,Farm,IT2
ASV_00148,ASV_01249,0.5486111111111112,pos,Farm,IT2
ASV_00148,ASV_01426,0.5068493150684932,pos,Farm,IT2
ASV_00148,ASV_01458,0.5069444444444444,pos,Farm,IT2
ASV_00148,ASV_01459,0.5238095238095238,pos,Farm,IT2
ASV_00148,ASV_01491,0.5374149659863946,pos,Farm,IT2
ASV_00150,ASV_00152,0.503448275862069,pos,Farm,IT2
ASV_00150,ASV_00165,0.4782608695652174,pos,Farm,IT2
ASV_00150,ASV_00187,0.5179856115107914,pos,Farm,IT2
ASV_00150,ASV_00189,0.4857142857142857,pos,Farm,IT2
ASV_00150,ASV_00192,0.5071428571428571,pos,Farm,IT2
ASV_00150,ASV_00197,0.49295774647887325,pos,Farm,IT2
ASV_00150,ASV_00212,0.5,pos,Farm,IT2
ASV_00150,ASV_00214,0.4859154929577465,pos,Farm,IT2
ASV_00150,ASV_00232,0.5174825174825175,pos,Farm,IT2
ASV_00150,ASV_00237,0.5314685314685315,pos,Farm,IT2
ASV_00150,ASV_00239,0.48226950354609927,pos,Farm,IT2
ASV_00150,ASV_00254,0.503448275862069,pos,Farm,IT2
ASV_00150,ASV_00284,0.4855072463768116,pos,Farm,IT2
ASV_00150,ASV_00290,0.5306122448979592,pos,Farm,IT2
ASV_00150,ASV_00294,0.524822695035461,pos,Farm,IT2
ASV_00150,ASV_00311,0.5277777777777778,pos,Farm,IT2
ASV_00150,ASV_00327,0.4857142857142857,pos,Farm,IT2
ASV_00150,ASV_00350,0.4666666666666667,pos,Farm,IT2
ASV_00150,ASV_00357,0.4927536231884058,pos,Farm,IT2
ASV_00150,ASV_00377,0.4676258992805755,pos,Farm,IT2
ASV_00150,ASV_00378,0.5103448275862069,pos,Farm,IT2
ASV_00150,ASV_00389,0.5214285714285715,pos,Farm,IT2
ASV_00150,ASV_00400,0.5,pos,Farm,IT2
ASV_00150,ASV_00416,0.5179856115107914,pos,Farm,IT2
ASV_00150,ASV_00452,0.4785714285714286,pos,Farm,IT2
ASV_00150,ASV_00458,0.4855072463768116,pos,Farm,IT2
ASV_00150,ASV_00465,0.4859154929577465,pos,Farm,IT2
ASV_00150,ASV_00494,0.49295774647887325,pos,Farm,IT2
ASV_00150,ASV_00498,0.46715328467153283,pos,Farm,IT2
ASV_00150,ASV_00501,0.5,pos,Farm,IT2
ASV_00150,ASV_00542,0.5347222222222222,pos,Farm,IT2
ASV_00150,ASV_00544,0.5,pos,Farm,IT2
ASV_00150,ASV_00548,0.48175182481751827,pos,Farm,IT2
ASV_00150,ASV_00566,0.4859154929577465,pos,Farm,IT2
ASV_00150,ASV_00581,0.47794117647058826,pos,Farm,IT2
ASV_00150,ASV_00594,0.5142857142857142,pos,Farm,IT2
ASV_00150,ASV_00633,0.5285714285714286,pos,Farm,IT2
ASV_00150,ASV_00656,0.5,pos,Farm,IT2
ASV_00150,ASV_00757,0.5140845070422535,pos,Farm,IT2
ASV_00150,ASV_00772,0.5362318840579711,pos,Farm,IT2
ASV_00150,ASV_00798,0.5069444444444444,pos,Farm,IT2
ASV_00150,ASV_00808,0.49640287769784175,pos,Farm,IT2
ASV_00150,ASV_00865,0.5214285714285715,pos,Farm,IT2
ASV_00150,ASV_00909,0.5072463768115942,pos,Farm,IT2
ASV_00150,ASV_01023,0.5103448275862069,pos,Farm,IT2
ASV_00150,ASV_01342,0.5273972602739726,pos,Farm,IT2
ASV_00150,ASV_01459,0.4928571428571429,pos,Farm,IT2
ASV_00151,ASV_00155,0.48201438848920863,pos,Farm,IT2
ASV_00151,ASV_00156,0.5642857142857143,pos,Farm,IT2
ASV_00151,ASV_00157,0.5104895104895105,pos,Farm,IT2
ASV_00151,ASV_00166,0.5323741007194245,pos,Farm,IT2
ASV_00151,ASV_00167,0.5140845070422535,pos,Farm,IT2
ASV_00151,ASV_00168,0.5172413793103449,pos,Farm,IT2
ASV_00151,ASV_00172,0.5,pos,Farm,IT2
ASV_00151,ASV_00176,0.46715328467153283,pos,Farm,IT2
ASV_00151,ASV_00181,0.5319148936170213,pos,Farm,IT2
ASV_00151,ASV_00188,0.528169014084507,pos,Farm,IT2
ASV_00151,ASV_00192,0.4859154929577465,pos,Farm,IT2
ASV_00151,ASV_00205,0.5524475524475524,pos,Farm,IT2
ASV_00151,ASV_00208,0.4928571428571429,pos,Farm,IT2
ASV_00151,ASV_00211,0.47101449275362317,pos,Farm,IT2
ASV_00151,ASV_00213,0.5136986301369864,pos,Farm,IT2
ASV_00151,ASV_00214,0.5179856115107914,pos,Farm,IT2
ASV_00151,ASV_00231,0.5217391304347826,pos,Farm,IT2
ASV_00151,ASV_00233,0.4785714285714286,pos,Farm,IT2
ASV_00151,ASV_00240,0.49640287769784175,pos,Farm,IT2
ASV_00151,ASV_00242,0.5307692307692308,pos,Farm,IT2
ASV_00151,ASV_00263,0.5138888888888888,pos,Farm,IT2
ASV_00151,ASV_00266,0.5034965034965035,pos,Farm,IT2
ASV_00151,ASV_00273,0.5106382978723404,pos,Farm,IT2
ASV_00151,ASV_00286,0.5035460992907801,pos,Farm,IT2
ASV_00151,ASV_00294,0.5034965034965035,pos,Farm,IT2
ASV_00151,ASV_00296,0.48175182481751827,pos,Farm,IT2
ASV_00151,ASV_00298,0.47794117647058826,pos,Farm,IT2
ASV_00151,ASV_00303,0.47101449275362317,pos,Farm,IT2
ASV_00151,ASV_00305,0.5208333333333334,pos,Farm,IT2
ASV_00151,ASV_00308,0.49640287769784175,pos,Farm,IT2
ASV_00151,ASV_00315,0.5037037037037037,pos,Farm,IT2
ASV_00151,ASV_00320,0.4748201438848921,pos,Farm,IT2
ASV_00151,ASV_00327,0.49640287769784175,pos,Farm,IT2
ASV_00151,ASV_00328,0.5034965034965035,pos,Farm,IT2
ASV_00151,ASV_00332,0.48226950354609927,pos,Farm,IT2
ASV_00151,ASV_00335,0.46715328467153283,pos,Farm,IT2
ASV_00151,ASV_00336,0.4859154929577465,pos,Farm,IT2
ASV_00151,ASV_00339,0.4748201438848921,pos,Farm,IT2
ASV_00151,ASV_00342,0.5071428571428571,pos,Farm,IT2
ASV_00151,ASV_00345,0.5174825174825175,pos,Farm,IT2
ASV_00151,ASV_00347,0.5069444444444444,pos,Farm,IT2
ASV_00151,ASV_00361,0.5069444444444444,pos,Farm,IT2
ASV_00151,ASV_00369,0.5434782608695652,pos,Farm,IT2
ASV_00151,ASV_00377,0.4676258992805755,pos,Farm,IT2
ASV_00151,ASV_00384,0.5514705882352942,pos,Farm,IT2
ASV_00151,ASV_00397,0.5035460992907801,pos,Farm,IT2
ASV_00151,ASV_00412,0.4748201438848921,pos,Farm,IT2
ASV_00151,ASV_00415,0.5142857142857142,pos,Farm,IT2
ASV_00151,ASV_00421,0.5693430656934306,pos,Farm,IT2
ASV_00151,ASV_00425,0.4785714285714286,pos,Farm,IT2
ASV_00151,ASV_00445,0.49645390070921985,pos,Farm,IT2
ASV_00151,ASV_00450,0.4965034965034965,pos,Farm,IT2
ASV_00151,ASV_00453,0.4965034965034965,pos,Farm,IT2
ASV_00151,ASV_00454,0.503448275862069,pos,Farm,IT2
ASV_00151,ASV_00458,0.49635036496350365,pos,Farm,IT2
ASV_00151,ASV_00460,0.4965034965034965,pos,Farm,IT2
ASV_00151,ASV_00477,0.4965034965034965,pos,Farm,IT2
ASV_00151,ASV_00486,0.5524475524475524,pos,Farm,IT2
ASV_00151,ASV_00511,0.4852941176470588,pos,Farm,IT2
ASV_00151,ASV_00513,0.4859154929577465,pos,Farm,IT2
ASV_00151,ASV_00517,0.4892086330935252,pos,Farm,IT2
ASV_00151,ASV_00521,0.5103448275862069,pos,Farm,IT2
ASV_00151,ASV_00524,0.4927536231884058,pos,Farm,IT2
ASV_00151,ASV_00530,0.5142857142857142,pos,Farm,IT2
ASV_00151,ASV_00533,0.48936170212765956,pos,Farm,IT2
ASV_00151,ASV_00541,0.4859154929577465,pos,Farm,IT2
ASV_00151,ASV_00554,0.5034965034965035,pos,Farm,IT2
ASV_00151,ASV_00561,0.5436241610738255,pos,Farm,IT2
ASV_00151,ASV_00568,0.55,pos,Farm,IT2
ASV_00151,ASV_00569,0.4892086330935252,pos,Farm,IT2
ASV_00151,ASV_00570,0.4748201438848921,pos,Farm,IT2
ASV_00151,ASV_00571,0.5357142857142857,pos,Farm,IT2
ASV_00151,ASV_00587,0.5182481751824818,pos,Farm,IT2
ASV_00151,ASV_00595,0.5182481751824818,pos,Farm,IT2
ASV_00151,ASV_00615,0.4782608695652174,pos,Farm,IT2
ASV_00151,ASV_00618,0.5401459854014599,pos,Farm,IT2
ASV_00151,ASV_00630,0.48175182481751827,pos,Farm,IT2
ASV_00151,ASV_00636,0.527027027027027,pos,Farm,IT2
ASV_00151,ASV_00665,0.4782608695652174,pos,Farm,IT2
ASV_00151,ASV_00666,0.5460992907801419,pos,Farm,IT2
ASV_00151,ASV_00697,0.4748201438848921,pos,Farm,IT2
ASV_00151,ASV_00709,0.5071428571428571,pos,Farm,IT2
ASV_00151,ASV_00734,0.5034965034965035,pos,Farm,IT2
ASV_00151,ASV_00778,0.4740740740740741,pos,Farm,IT2
ASV_00151,ASV_00798,0.5069444444444444,pos,Farm,IT2
ASV_00151,ASV_00807,0.5106382978723404,pos,Farm,IT2
ASV_00151,ASV_00815,0.5547945205479452,pos,Farm,IT2
ASV_00151,ASV_00821,0.5070422535211268,pos,Farm,IT2
ASV_00151,ASV_00842,0.49635036496350365,pos,Farm,IT2
ASV_00151,ASV_00848,0.5211267605633803,pos,Farm,IT2
ASV_00151,ASV_00873,0.4782608695652174,pos,Farm,IT2
ASV_00151,ASV_01018,0.5072463768115942,pos,Farm,IT2
ASV_00151,ASV_01065,0.49635036496350365,pos,Farm,IT2
ASV_00151,ASV_01087,0.5070422535211268,pos,Farm,IT2
ASV_00151,ASV_01152,0.48936170212765956,pos,Farm,IT2
ASV_00151,ASV_01179,0.48201438848920863,pos,Farm,IT2
ASV_00151,ASV_01249,0.5182481751824818,pos,Farm,IT2
ASV_00151,ASV_01267,0.48936170212765956,pos,Farm,IT2
ASV_00151,ASV_01276,0.4748201438848921,pos,Farm,IT2
ASV_00151,ASV_01342,0.5170068027210885,pos,Farm,IT2
ASV_00151,ASV_01491,0.5401459854014599,pos,Farm,IT2
ASV_00151,ASV_02332,0.5069444444444444,pos,Farm,IT2
ASV_00152,ASV_00155,0.5138888888888888,pos,Farm,IT2
ASV_00152,ASV_00158,0.5273972602739726,pos,Farm,IT2
ASV_00152,ASV_00159,0.547945205479452,pos,Farm,IT2
ASV_00152,ASV_00160,0.5347222222222222,pos,Farm,IT2
ASV_00152,ASV_00162,0.5273972602739726,pos,Farm,IT2
ASV_00152,ASV_00163,0.5244755244755245,pos,Farm,IT2
ASV_00152,ASV_00166,0.541095890410959,pos,Farm,IT2
ASV_00152,ASV_00168,0.5675675675675675,pos,Farm,IT2
ASV_00152,ASV_00173,0.5562913907284768,pos,Farm,IT2
ASV_00152,ASV_00177,0.5138888888888888,pos,Farm,IT2
ASV_00152,ASV_00186,0.5625,pos,Farm,IT2
ASV_00152,ASV_00191,0.5347222222222222,pos,Farm,IT2
ASV_00152,ASV_00196,0.5428571428571428,pos,Farm,IT2
ASV_00152,ASV_00200,0.5352112676056338,pos,Farm,IT2
ASV_00152,ASV_00202,0.4965034965034965,pos,Farm,IT2
ASV_00152,ASV_00203,0.5238095238095238,pos,Farm,IT2
ASV_00152,ASV_00205,0.56,pos,Farm,IT2
ASV_00152,ASV_00210,0.6068965517241379,pos,Farm,IT2
ASV_00152,ASV_00216,0.5347222222222222,pos,Farm,IT2
ASV_00152,ASV_00228,0.528169014084507,pos,Farm,IT2
ASV_00152,ASV_00229,0.5273972602739726,pos,Farm,IT2
ASV_00152,ASV_00230,0.5337837837837838,pos,Farm,IT2
ASV_00152,ASV_00232,0.5472972972972973,pos,Farm,IT2
ASV_00152,ASV_00237,0.5503355704697986,pos,Farm,IT2
ASV_00152,ASV_00240,0.5492957746478874,pos,Farm,IT2
ASV_00152,ASV_00259,0.4788732394366197,pos,Farm,IT2
ASV_00152,ASV_00262,0.5405405405405406,pos,Farm,IT2
ASV_00152,ASV_00265,0.5103448275862069,pos,Farm,IT2
ASV_00152,ASV_00269,0.5960264900662252,pos,Farm,IT2
ASV_00152,ASV_00274,0.5666666666666667,pos,Farm,IT2
ASV_00152,ASV_00283,0.5472972972972973,pos,Farm,IT2
ASV_00152,ASV_00292,0.5472972972972973,pos,Farm,IT2
ASV_00152,ASV_00294,0.5763888888888888,pos,Farm,IT2
ASV_00152,ASV_00297,0.5273972602739726,pos,Farm,IT2
ASV_00152,ASV_00299,0.5277777777777778,pos,Farm,IT2
ASV_00152,ASV_00304,0.5878378378378378,pos,Farm,IT2
ASV_00152,ASV_00307,0.5208333333333334,pos,Farm,IT2
ASV_00152,ASV_00308,0.5277777777777778,pos,Farm,IT2
ASV_00152,ASV_00309,0.5337837837837838,pos,Farm,IT2
ASV_00152,ASV_00318,0.541095890410959,pos,Farm,IT2
ASV_00152,ASV_00320,0.55,pos,Farm,IT2
ASV_00152,ASV_00324,0.5310344827586206,pos,Farm,IT2
ASV_00152,ASV_00330,0.5492957746478874,pos,Farm,IT2
ASV_00152,ASV_00340,0.5616438356164384,pos,Farm,IT2
ASV_00152,ASV_00343,0.5374149659863946,pos,Farm,IT2
ASV_00152,ASV_00353,0.5347222222222222,pos,Farm,IT2
ASV_00152,ASV_00359,0.5357142857142857,pos,Farm,IT2
ASV_00152,ASV_00367,0.5208333333333334,pos,Farm,IT2
ASV_00152,ASV_00369,0.541095890410959,pos,Farm,IT2
ASV_00152,ASV_00389,0.5517241379310345,pos,Farm,IT2
ASV_00152,ASV_00406,0.5390070921985816,pos,Farm,IT2
ASV_00152,ASV_00410,0.5379310344827586,pos,Farm,IT2
ASV_00152,ASV_00418,0.5241379310344828,pos,Farm,IT2
ASV_00152,ASV_00440,0.5314685314685315,pos,Farm,IT2
ASV_00152,ASV_00445,0.5486111111111112,pos,Farm,IT2
ASV_00152,ASV_00447,0.5369127516778524,pos,Farm,IT2
ASV_00152,ASV_00455,0.5277777777777778,pos,Farm,IT2
ASV_00152,ASV_00458,0.528169014084507,pos,Farm,IT2
ASV_00152,ASV_00479,0.5472972972972973,pos,Farm,IT2
ASV_00152,ASV_00482,0.5816993464052288,pos,Farm,IT2
ASV_00152,ASV_00488,0.5675675675675675,pos,Farm,IT2
ASV_00152,ASV_00496,0.541095890410959,pos,Farm,IT2
ASV_00152,ASV_00498,0.48951048951048953,pos,Farm,IT2
ASV_00152,ASV_00514,0.5933333333333334,pos,Farm,IT2
ASV_00152,ASV_00518,0.5743243243243243,pos,Farm,IT2
ASV_00152,ASV_00524,0.5571428571428572,pos,Farm,IT2
ASV_00152,ASV_00528,0.5172413793103449,pos,Farm,IT2
ASV_00152,ASV_00541,0.5704225352112676,pos,Farm,IT2
ASV_00152,ASV_00542,0.5533333333333333,pos,Farm,IT2
ASV_00152,ASV_00550,0.5793103448275863,pos,Farm,IT2
ASV_00152,ASV_00555,0.5337837837837838,pos,Farm,IT2
ASV_00152,ASV_00569,0.5208333333333334,pos,Farm,IT2
ASV_00152,ASV_00570,0.528169014084507,pos,Farm,IT2
ASV_00152,ASV_00581,0.48951048951048953,pos,Farm,IT2
ASV_00152,ASV_00594,0.5342465753424658,pos,Farm,IT2
ASV_00152,ASV_00596,0.5214285714285715,pos,Farm,IT2
ASV_00152,ASV_00612,0.5724137931034483,pos,Farm,IT2
ASV_00152,ASV_00628,0.5347222222222222,pos,Farm,IT2
ASV_00152,ASV_00636,0.5657894736842105,pos,Farm,IT2
ASV_00152,ASV_00654,0.5069444444444444,pos,Farm,IT2
ASV_00152,ASV_00656,0.541095890410959,pos,Farm,IT2
ASV_00152,ASV_00668,0.5277777777777778,pos,Farm,IT2
ASV_00152,ASV_00679,0.5405405405405406,pos,Farm,IT2
ASV_00152,ASV_00732,0.5136986301369864,pos,Farm,IT2
ASV_00152,ASV_00757,0.5547945205479452,pos,Farm,IT2
ASV_00152,ASV_00760,0.5608108108108109,pos,Farm,IT2
ASV_00152,ASV_00798,0.5684931506849316,pos,Farm,IT2
ASV_00152,ASV_00811,0.5510204081632653,pos,Farm,IT2
ASV_00152,ASV_00815,0.5723684210526315,pos,Farm,IT2
ASV_00152,ASV_00873,0.5,pos,Farm,IT2
ASV_00152,ASV_00875,0.5958904109589042,pos,Farm,IT2
ASV_00152,ASV_00906,0.5562913907284768,pos,Farm,IT2
ASV_00152,ASV_00929,0.5684931506849316,pos,Farm,IT2
ASV_00152,ASV_00931,0.5172413793103449,pos,Farm,IT2
ASV_00152,ASV_00958,0.5273972602739726,pos,Farm,IT2
ASV_00152,ASV_01101,0.5655172413793104,pos,Farm,IT2
ASV_00152,ASV_01249,0.5384615384615384,pos,Farm,IT2
ASV_00152,ASV_01578,0.5306122448979592,pos,Farm,IT2
ASV_00152,ASV_01941,0.5547945205479452,pos,Farm,IT2
ASV_00152,ASV_02149,0.5244755244755245,pos,Farm,IT2
ASV_00152,ASV_02332,0.5472972972972973,pos,Farm,IT2
ASV_00153,ASV_00157,0.5103448275862069,pos,Farm,IT2
ASV_00153,ASV_00171,0.5103448275862069,pos,Farm,IT2
ASV_00153,ASV_00173,0.527027027027027,pos,Farm,IT2
ASV_00153,ASV_00187,0.5070422535211268,pos,Farm,IT2
ASV_00153,ASV_00197,0.5034965034965035,pos,Farm,IT2
ASV_00153,ASV_00226,0.49295774647887325,pos,Farm,IT2
ASV_00153,ASV_00233,0.48936170212765956,pos,Farm,IT2
ASV_00153,ASV_00253,0.5136986301369864,pos,Farm,IT2
ASV_00153,ASV_00263,0.5136986301369864,pos,Farm,IT2
ASV_00153,ASV_00269,0.5466666666666666,pos,Farm,IT2
ASV_00153,ASV_00272,0.4965034965034965,pos,Farm,IT2
ASV_00153,ASV_00276,0.5277777777777778,pos,Farm,IT2
ASV_00153,ASV_00280,0.4859154929577465,pos,Farm,IT2
ASV_00153,ASV_00282,0.49295774647887325,pos,Farm,IT2
ASV_00153,ASV_00288,0.5241379310344828,pos,Farm,IT2
ASV_00153,ASV_00294,0.5460992907801419,pos,Farm,IT2
ASV_00153,ASV_00307,0.5107913669064749,pos,Farm,IT2
ASV_00153,ASV_00311,0.5273972602739726,pos,Farm,IT2
ASV_00153,ASV_00317,0.5106382978723404,pos,Farm,IT2
ASV_00153,ASV_00356,0.5310344827586206,pos,Farm,IT2
ASV_00153,ASV_00361,0.5172413793103449,pos,Farm,IT2
ASV_00153,ASV_00398,0.5138888888888888,pos,Farm,IT2
ASV_00153,ASV_00453,0.5069444444444444,pos,Farm,IT2
ASV_00153,ASV_00459,0.5069444444444444,pos,Farm,IT2
ASV_00153,ASV_00460,0.528169014084507,pos,Farm,IT2
ASV_00153,ASV_00468,0.4626865671641791,pos,Farm,IT2
ASV_00153,ASV_00485,0.5138888888888888,pos,Farm,IT2
ASV_00153,ASV_00490,0.527027027027027,pos,Farm,IT2
ASV_00153,ASV_00514,0.564625850340136,pos,Farm,IT2
ASV_00153,ASV_00533,0.5106382978723404,pos,Farm,IT2
ASV_00153,ASV_00536,0.5379310344827586,pos,Farm,IT2
ASV_00153,ASV_00592,0.524822695035461,pos,Farm,IT2
ASV_00153,ASV_00622,0.4782608695652174,pos,Farm,IT2
ASV_00153,ASV_00651,0.5070422535211268,pos,Farm,IT2
ASV_00153,ASV_00769,0.4965034965034965,pos,Farm,IT2
ASV_00153,ASV_00781,0.4965034965034965,pos,Farm,IT2
ASV_00153,ASV_00801,0.5,pos,Farm,IT2
ASV_00153,ASV_00806,0.5136986301369864,pos,Farm,IT2
ASV_00153,ASV_00809,0.5369127516778524,pos,Farm,IT2
ASV_00153,ASV_00817,0.5379310344827586,pos,Farm,IT2
ASV_00153,ASV_00869,0.5205479452054794,pos,Farm,IT2
ASV_00153,ASV_00984,0.5104895104895105,pos,Farm,IT2
ASV_00153,ASV_01092,0.5238095238095238,pos,Farm,IT2
ASV_00153,ASV_01119,0.5238095238095238,pos,Farm,IT2
ASV_00153,ASV_01249,0.5179856115107914,pos,Farm,IT2
ASV_00153,ASV_01458,0.4748201438848921,pos,Farm,IT2
ASV_00153,ASV_01459,0.49295774647887325,pos,Farm,IT2
ASV_00153,ASV_02332,0.5172413793103449,pos,Farm,IT2
ASV_00154,ASV_00158,0.5,pos,Farm,IT2
ASV_00154,ASV_00160,0.49645390070921985,pos,Farm,IT2
ASV_00154,ASV_00166,0.5140845070422535,pos,Farm,IT2
ASV_00154,ASV_00169,0.5,pos,Farm,IT2
ASV_00154,ASV_00170,0.54,pos,Farm,IT2
ASV_00154,ASV_00172,0.5140845070422535,pos,Farm,IT2
ASV_00154,ASV_00177,0.4857142857142857,pos,Farm,IT2
ASV_00154,ASV_00179,0.5302013422818792,pos,Farm,IT2
ASV_00154,ASV_00186,0.5467625899280576,pos,Farm,IT2
ASV_00154,ASV_00189,0.48936170212765956,pos,Farm,IT2
ASV_00154,ASV_00197,0.5070422535211268,pos,Farm,IT2
ASV_00154,ASV_00198,0.49295774647887325,pos,Farm,IT2
ASV_00154,ASV_00200,0.49640287769784175,pos,Farm,IT2
ASV_00154,ASV_00213,0.5486111111111112,pos,Farm,IT2
ASV_00154,ASV_00218,0.4965034965034965,pos,Farm,IT2
ASV_00154,ASV_00228,0.5109489051094891,pos,Farm,IT2
ASV_00154,ASV_00233,0.5144927536231884,pos,Farm,IT2
ASV_00154,ASV_00244,0.4965034965034965,pos,Farm,IT2
ASV_00154,ASV_00247,0.49295774647887325,pos,Farm,IT2
ASV_00154,ASV_00250,0.5174825174825175,pos,Farm,IT2
ASV_00154,ASV_00263,0.5492957746478874,pos,Farm,IT2
ASV_00154,ASV_00265,0.5144927536231884,pos,Farm,IT2
ASV_00154,ASV_00277,0.5342465753424658,pos,Farm,IT2
ASV_00154,ASV_00283,0.5208333333333334,pos,Farm,IT2
ASV_00154,ASV_00284,0.4785714285714286,pos,Farm,IT2
ASV_00154,ASV_00285,0.48936170212765956,pos,Farm,IT2
ASV_00154,ASV_00287,0.48936170212765956,pos,Farm,IT2
ASV_00154,ASV_00295,0.5104895104895105,pos,Farm,IT2
ASV_00154,ASV_00299,0.5,pos,Farm,IT2
ASV_00154,ASV_00304,0.541095890410959,pos,Farm,IT2
ASV_00154,ASV_00305,0.5347222222222222,pos,Farm,IT2
ASV_00154,ASV_00326,0.48226950354609927,pos,Farm,IT2
ASV_00154,ASV_00332,0.49645390070921985,pos,Farm,IT2
ASV_00154,ASV_00333,0.5069444444444444,pos,Farm,IT2
ASV_00154,ASV_00334,0.5244755244755245,pos,Farm,IT2
ASV_00154,ASV_00339,0.5,pos,Farm,IT2
ASV_00154,ASV_00356,0.5136986301369864,pos,Farm,IT2
ASV_00154,ASV_00357,0.4857142857142857,pos,Farm,IT2
ASV_00154,ASV_00359,0.5073529411764706,pos,Farm,IT2
ASV_00154,ASV_00378,0.5241379310344828,pos,Farm,IT2
ASV_00154,ASV_00384,0.5106382978723404,pos,Farm,IT2
ASV_00154,ASV_00393,0.49264705882352944,pos,Farm,IT2
ASV_00154,ASV_00398,0.5069444444444444,pos,Farm,IT2
ASV_00154,ASV_00404,0.4892086330935252,pos,Farm,IT2
ASV_00154,ASV_00412,0.4892086330935252,pos,Farm,IT2
ASV_00154,ASV_00440,0.5255474452554745,pos,Farm,IT2
ASV_00154,ASV_00444,0.5620437956204379,pos,Farm,IT2
ASV_00154,ASV_00467,0.5306122448979592,pos,Farm,IT2
ASV_00154,ASV_00482,0.5466666666666666,pos,Farm,IT2
ASV_00154,ASV_00490,0.5625,pos,Farm,IT2
ASV_00154,ASV_00511,0.4782608695652174,pos,Farm,IT2
ASV_00154,ASV_00518,0.5379310344827586,pos,Farm,IT2
ASV_00154,ASV_00520,0.528169014084507,pos,Farm,IT2
ASV_00154,ASV_00521,0.5136986301369864,pos,Farm,IT2
ASV_00154,ASV_00529,0.49635036496350365,pos,Farm,IT2
ASV_00154,ASV_00541,0.5214285714285715,pos,Farm,IT2
ASV_00154,ASV_00542,0.5170068027210885,pos,Farm,IT2
ASV_00154,ASV_00544,0.49295774647887325,pos,Farm,IT2
ASV_00154,ASV_00548,0.4855072463768116,pos,Farm,IT2
ASV_00154,ASV_00556,0.5357142857142857,pos,Farm,IT2
ASV_00154,ASV_00559,0.49295774647887325,pos,Farm,IT2
ASV_00154,ASV_00570,0.4892086330935252,pos,Farm,IT2
ASV_00154,ASV_00572,0.527027027027027,pos,Farm,IT2
ASV_00154,ASV_00595,0.48936170212765956,pos,Farm,IT2
ASV_00154,ASV_00630,0.4855072463768116,pos,Farm,IT2
ASV_00154,ASV_00635,0.5241379310344828,pos,Farm,IT2
ASV_00154,ASV_00643,0.5177304964539007,pos,Farm,IT2
ASV_00154,ASV_00645,0.4927536231884058,pos,Farm,IT2
ASV_00154,ASV_00651,0.5106382978723404,pos,Farm,IT2
ASV_00154,ASV_00687,0.5106382978723404,pos,Farm,IT2
ASV_00154,ASV_00726,0.5390070921985816,pos,Farm,IT2
ASV_00154,ASV_00757,0.5174825174825175,pos,Farm,IT2
ASV_00154,ASV_00758,0.5652173913043478,pos,Farm,IT2
ASV_00154,ASV_00798,0.5531914893617021,pos,Farm,IT2
ASV_00154,ASV_00802,0.5454545454545454,pos,Farm,IT2
ASV_00154,ASV_00808,0.5441176470588235,pos,Farm,IT2
ASV_00154,ASV_00809,0.5302013422818792,pos,Farm,IT2
ASV_00154,ASV_00821,0.5319148936170213,pos,Farm,IT2
ASV_00154,ASV_00931,0.5217391304347826,pos,Farm,IT2
ASV_00154,ASV_01065,0.4785714285714286,pos,Farm,IT2
ASV_00154,ASV_01071,0.5289855072463768,pos,Farm,IT2
ASV_00154,ASV_01342,0.5517241379310345,pos,Farm,IT2
ASV_00154,ASV_01508,0.5384615384615384,pos,Farm,IT2
ASV_00154,ASV_02020,0.5035460992907801,pos,Farm,IT2
ASV_00154,ASV_02149,0.4857142857142857,pos,Farm,IT2
ASV_00155,ASV_00158,0.5071428571428571,pos,Farm,IT2
ASV_00155,ASV_00161,0.5,pos,Farm,IT2
ASV_00155,ASV_00163,0.4927536231884058,pos,Farm,IT2
ASV_00155,ASV_00166,0.5106382978723404,pos,Farm,IT2
ASV_00155,ASV_00169,0.5070422535211268,pos,Farm,IT2
ASV_00155,ASV_00170,0.5369127516778524,pos,Farm,IT2
ASV_00155,ASV_00176,0.47794117647058826,pos,Farm,IT2
ASV_00155,ASV_00177,0.4927536231884058,pos,Farm,IT2
ASV_00155,ASV_00182,0.5390070921985816,pos,Farm,IT2
ASV_00155,ASV_00186,0.5547445255474452,pos,Farm,IT2
ASV_00155,ASV_00189,0.4857142857142857,pos,Farm,IT2
ASV_00155,ASV_00192,0.5071428571428571,pos,Farm,IT2
ASV_00155,ASV_00196,0.4676258992805755,pos,Farm,IT2
ASV_00155,ASV_00199,0.5074626865671642,pos,Farm,IT2
ASV_00155,ASV_00200,0.48201438848920863,pos,Farm,IT2
ASV_00155,ASV_00206,0.49264705882352944,pos,Farm,IT2
ASV_00155,ASV_00210,0.5136986301369864,pos,Farm,IT2
ASV_00155,ASV_00213,0.5454545454545454,pos,Farm,IT2
ASV_00155,ASV_00214,0.5514705882352942,pos,Farm,IT2
ASV_00155,ASV_00218,0.49295774647887325,pos,Farm,IT2
ASV_00155,ASV_00233,0.5,pos,Farm,IT2
ASV_00155,ASV_00242,0.48507462686567165,pos,Farm,IT2
ASV_00155,ASV_00243,0.5,pos,Farm,IT2
ASV_00155,ASV_00247,0.5,pos,Farm,IT2
ASV_00155,ASV_00249,0.48936170212765956,pos,Farm,IT2
ASV_00155,ASV_00251,0.5034965034965035,pos,Farm,IT2
ASV_00155,ASV_00252,0.5107913669064749,pos,Farm,IT2
ASV_00155,ASV_00254,0.5244755244755245,pos,Farm,IT2
ASV_00155,ASV_00263,0.503448275862069,pos,Farm,IT2
ASV_00155,ASV_00267,0.5073529411764706,pos,Farm,IT2
ASV_00155,ASV_00278,0.5,pos,Farm,IT2
ASV_00155,ASV_00279,0.47101449275362317,pos,Farm,IT2
ASV_00155,ASV_00283,0.5069444444444444,pos,Farm,IT2
ASV_00155,ASV_00288,0.503448275862069,pos,Farm,IT2
ASV_00155,ASV_00290,0.5202702702702703,pos,Farm,IT2
ASV_00155,ASV_00291,0.48175182481751827,pos,Farm,IT2
ASV_00155,ASV_00292,0.5174825174825175,pos,Farm,IT2
ASV_00155,ASV_00297,0.4859154929577465,pos,Farm,IT2
ASV_00155,ASV_00299,0.4857142857142857,pos,Farm,IT2
ASV_00155,ASV_00300,0.5594405594405595,pos,Farm,IT2
ASV_00155,ASV_00304,0.5273972602739726,pos,Farm,IT2
ASV_00155,ASV_00305,0.5103448275862069,pos,Farm,IT2
ASV_00155,ASV_00312,0.5390070921985816,pos,Farm,IT2
ASV_00155,ASV_00318,0.5106382978723404,pos,Farm,IT2
ASV_00155,ASV_00321,0.5205479452054794,pos,Farm,IT2
ASV_00155,ASV_00323,0.5035460992907801,pos,Farm,IT2
ASV_00155,ASV_00330,0.49640287769784175,pos,Farm,IT2
ASV_00155,ASV_00337,0.5136986301369864,pos,Farm,IT2
ASV_00155,ASV_00339,0.5073529411764706,pos,Farm,IT2
ASV_00155,ASV_00346,0.49640287769784175,pos,Farm,IT2
ASV_00155,ASV_00353,0.5144927536231884,pos,Farm,IT2
ASV_00155,ASV_00356,0.5103448275862069,pos,Farm,IT2
ASV_00155,ASV_00359,0.48175182481751827,pos,Farm,IT2
ASV_00155,ASV_00361,0.5174825174825175,pos,Farm,IT2
ASV_00155,ASV_00368,0.5,pos,Farm,IT2
ASV_00155,ASV_00377,0.4676258992805755,pos,Farm,IT2
ASV_00155,ASV_00378,0.5314685314685315,pos,Farm,IT2
ASV_00155,ASV_00381,0.4785714285714286,pos,Farm,IT2
ASV_00155,ASV_00399,0.5357142857142857,pos,Farm,IT2
ASV_00155,ASV_00402,0.47058823529411764,pos,Farm,IT2
ASV_00155,ASV_00406,0.49635036496350365,pos,Farm,IT2
ASV_00155,ASV_00410,0.4859154929577465,pos,Farm,IT2
ASV_00155,ASV_00418,0.48226950354609927,pos,Farm,IT2
ASV_00155,ASV_00429,0.4666666666666667,pos,Farm,IT2
ASV_00155,ASV_00438,0.4859154929577465,pos,Farm,IT2
ASV_00155,ASV_00440,0.4785714285714286,pos,Farm,IT2
ASV_00155,ASV_00444,0.49295774647887325,pos,Farm,IT2
ASV_00155,ASV_00447,0.5611510791366906,pos,Farm,IT2
ASV_00155,ASV_00454,0.503448275862069,pos,Farm,IT2
ASV_00155,ASV_00455,0.5182481751824818,pos,Farm,IT2
ASV_00155,ASV_00460,0.539568345323741,pos,Farm,IT2
ASV_00155,ASV_00463,0.5,pos,Farm,IT2
ASV_00155,ASV_00465,0.4859154929577465,pos,Farm,IT2
ASV_00155,ASV_00471,0.5106382978723404,pos,Farm,IT2
ASV_00155,ASV_00482,0.5333333333333333,pos,Farm,IT2
ASV_00155,ASV_00485,0.5140845070422535,pos,Farm,IT2
ASV_00155,ASV_00486,0.5205479452054794,pos,Farm,IT2
ASV_00155,ASV_00488,0.5602836879432624,pos,Farm,IT2
ASV_00155,ASV_00490,0.5486111111111112,pos,Farm,IT2
ASV_00155,ASV_00506,0.4927536231884058,pos,Farm,IT2
ASV_00155,ASV_00507,0.5035460992907801,pos,Farm,IT2
ASV_00155,ASV_00514,0.54421768707483,pos,Farm,IT2
ASV_00155,ASV_00518,0.5347222222222222,pos,Farm,IT2
ASV_00155,ASV_00520,0.5579710144927537,pos,Farm,IT2
ASV_00155,ASV_00528,0.49640287769784175,pos,Farm,IT2
ASV_00155,ASV_00533,0.48936170212765956,pos,Farm,IT2
ASV_00155,ASV_00534,0.5170068027210885,pos,Farm,IT2
ASV_00155,ASV_00536,0.5277777777777778,pos,Farm,IT2
ASV_00155,ASV_00542,0.5454545454545454,pos,Farm,IT2
ASV_00155,ASV_00548,0.49264705882352944,pos,Farm,IT2
ASV_00155,ASV_00551,0.4965034965034965,pos,Farm,IT2
ASV_00155,ASV_00554,0.5034965034965035,pos,Farm,IT2
ASV_00155,ASV_00561,0.5436241610738255,pos,Farm,IT2
ASV_00155,ASV_00568,0.5390070921985816,pos,Farm,IT2
ASV_00155,ASV_00570,0.5185185185185185,pos,Farm,IT2
ASV_00155,ASV_00571,0.524822695035461,pos,Farm,IT2
ASV_00155,ASV_00574,0.5174825174825175,pos,Farm,IT2
ASV_00155,ASV_00592,0.5035460992907801,pos,Farm,IT2
ASV_00155,ASV_00594,0.5251798561151079,pos,Farm,IT2
ASV_00155,ASV_00595,0.4857142857142857,pos,Farm,IT2
ASV_00155,ASV_00613,0.47794117647058826,pos,Farm,IT2
ASV_00155,ASV_00628,0.5035971223021583,pos,Farm,IT2
ASV_00155,ASV_00638,0.5,pos,Farm,IT2
ASV_00155,ASV_00643,0.5251798561151079,pos,Farm,IT2
ASV_00155,ASV_00651,0.5401459854014599,pos,Farm,IT2
ASV_00155,ASV_00665,0.4676258992805755,pos,Farm,IT2
ASV_00155,ASV_00666,0.5138888888888888,pos,Farm,IT2
ASV_00155,ASV_00668,0.5407407407407407,pos,Farm,IT2
ASV_00155,ASV_00673,0.5205479452054794,pos,Farm,IT2
ASV_00155,ASV_00679,0.5,pos,Farm,IT2
ASV_00155,ASV_00718,0.4676258992805755,pos,Farm,IT2
ASV_00155,ASV_00721,0.5037037037037037,pos,Farm,IT2
ASV_00155,ASV_00781,0.4859154929577465,pos,Farm,IT2
ASV_00155,ASV_00793,0.5072463768115942,pos,Farm,IT2
ASV_00155,ASV_00798,0.5174825174825175,pos,Farm,IT2
ASV_00155,ASV_00801,0.4782608695652174,pos,Farm,IT2
ASV_00155,ASV_00802,0.5314685314685315,pos,Farm,IT2
ASV_00155,ASV_00809,0.527027027027027,pos,Farm,IT2
ASV_00155,ASV_00815,0.5547945205479452,pos,Farm,IT2
ASV_00155,ASV_00842,0.49635036496350365,pos,Farm,IT2
ASV_00155,ASV_00845,0.47101449275362317,pos,Farm,IT2
ASV_00155,ASV_00848,0.5,pos,Farm,IT2
ASV_00155,ASV_00869,0.5103448275862069,pos,Farm,IT2
ASV_00155,ASV_00890,0.4965034965034965,pos,Farm,IT2
ASV_00155,ASV_00906,0.5273972602739726,pos,Farm,IT2
ASV_00155,ASV_00924,0.47058823529411764,pos,Farm,IT2
ASV_00155,ASV_00931,0.5182481751824818,pos,Farm,IT2
ASV_00155,ASV_00935,0.5035460992907801,pos,Farm,IT2
ASV_00155,ASV_00984,0.5106382978723404,pos,Farm,IT2
ASV_00155,ASV_01018,0.5294117647058824,pos,Farm,IT2
ASV_00155,ASV_01065,0.49635036496350365,pos,Farm,IT2
ASV_00155,ASV_01071,0.5367647058823529,pos,Farm,IT2
ASV_00155,ASV_01092,0.5136986301369864,pos,Farm,IT2
ASV_00155,ASV_01153,0.4892086330935252,pos,Farm,IT2
ASV_00155,ASV_01179,0.48201438848920863,pos,Farm,IT2
ASV_00155,ASV_01249,0.5072463768115942,pos,Farm,IT2
ASV_00155,ASV_01253,0.49295774647887325,pos,Farm,IT2
ASV_00155,ASV_01276,0.4855072463768116,pos,Farm,IT2
ASV_00155,ASV_01328,0.4928571428571429,pos,Farm,IT2
ASV_00155,ASV_01459,0.48226950354609927,pos,Farm,IT2
ASV_00155,ASV_01491,0.49645390070921985,pos,Farm,IT2
ASV_00155,ASV_01503,0.4965034965034965,pos,Farm,IT2
ASV_00155,ASV_01508,0.503448275862069,pos,Farm,IT2
ASV_00155,ASV_02332,0.5069444444444444,pos,Farm,IT2
ASV_00156,ASV_00158,0.5342465753424658,pos,Farm,IT2
ASV_00156,ASV_00159,0.5337837837837838,pos,Farm,IT2
ASV_00156,ASV_00176,0.5070422535211268,pos,Farm,IT2
ASV_00156,ASV_00181,0.5578231292517006,pos,Farm,IT2
ASV_00156,ASV_00188,0.5436241610738255,pos,Farm,IT2
ASV_00156,ASV_00189,0.5136986301369864,pos,Farm,IT2
ASV_00156,ASV_00195,0.5337837837837838,pos,Farm,IT2
ASV_00156,ASV_00202,0.5140845070422535,pos,Farm,IT2
ASV_00156,ASV_00208,0.5416666666666666,pos,Farm,IT2
ASV_00156,ASV_00214,0.5238095238095238,pos,Farm,IT2
ASV_00156,ASV_00221,0.5205479452054794,pos,Farm,IT2
ASV_00156,ASV_00231,0.5486111111111112,pos,Farm,IT2
ASV_00156,ASV_00235,0.4859154929577465,pos,Farm,IT2
ASV_00156,ASV_00257,0.5405405405405406,pos,Farm,IT2
ASV_00156,ASV_00263,0.5608108108108109,pos,Farm,IT2
ASV_00156,ASV_00264,0.5314685314685315,pos,Farm,IT2
ASV_00156,ASV_00265,0.5384615384615384,pos,Farm,IT2
ASV_00156,ASV_00266,0.5833333333333334,pos,Farm,IT2
ASV_00156,ASV_00272,0.5448275862068965,pos,Farm,IT2
ASV_00156,ASV_00273,0.547945205479452,pos,Farm,IT2
ASV_00156,ASV_00278,0.5472972972972973,pos,Farm,IT2
ASV_00156,ASV_00283,0.5436241610738255,pos,Farm,IT2
ASV_00156,ASV_00286,0.5625,pos,Farm,IT2
ASV_00156,ASV_00288,0.5608108108108109,pos,Farm,IT2
ASV_00156,ASV_00291,0.5,pos,Farm,IT2
ASV_00156,ASV_00292,0.5436241610738255,pos,Farm,IT2
ASV_00156,ASV_00295,0.5337837837837838,pos,Farm,IT2
ASV_00156,ASV_00298,0.5177304964539007,pos,Farm,IT2
ASV_00156,ASV_00299,0.5563380281690141,pos,Farm,IT2
ASV_00156,ASV_00305,0.5570469798657718,pos,Farm,IT2
ASV_00156,ASV_00313,0.5874125874125874,pos,Farm,IT2
ASV_00156,ASV_00315,0.5211267605633803,pos,Farm,IT2
ASV_00156,ASV_00320,0.503448275862069,pos,Farm,IT2
ASV_00156,ASV_00324,0.5379310344827586,pos,Farm,IT2
ASV_00156,ASV_00332,0.5310344827586206,pos,Farm,IT2
ASV_00156,ASV_00334,0.5472972972972973,pos,Farm,IT2
ASV_00156,ASV_00339,0.5352112676056338,pos,Farm,IT2
ASV_00156,ASV_00343,0.5655172413793104,pos,Farm,IT2
ASV_00156,ASV_00346,0.5454545454545454,pos,Farm,IT2
ASV_00156,ASV_00350,0.5071428571428571,pos,Farm,IT2
ASV_00156,ASV_00354,0.5416666666666666,pos,Farm,IT2
ASV_00156,ASV_00373,0.5314685314685315,pos,Farm,IT2
ASV_00156,ASV_00380,0.5384615384615384,pos,Farm,IT2
ASV_00156,ASV_00382,0.5369127516778524,pos,Farm,IT2
ASV_00156,ASV_00384,0.5342465753424658,pos,Farm,IT2
ASV_00156,ASV_00390,0.5562913907284768,pos,Farm,IT2
ASV_00156,ASV_00391,0.5244755244755245,pos,Farm,IT2
ASV_00156,ASV_00402,0.48951048951048953,pos,Farm,IT2
ASV_00156,ASV_00403,0.5369127516778524,pos,Farm,IT2
ASV_00156,ASV_00415,0.541095890410959,pos,Farm,IT2
ASV_00156,ASV_00421,0.5405405405405406,pos,Farm,IT2
ASV_00156,ASV_00451,0.5637583892617449,pos,Farm,IT2
ASV_00156,ASV_00455,0.5136986301369864,pos,Farm,IT2
ASV_00156,ASV_00459,0.5337837837837838,pos,Farm,IT2
ASV_00156,ASV_00474,0.5405405405405406,pos,Farm,IT2
ASV_00156,ASV_00486,0.5666666666666667,pos,Farm,IT2
ASV_00156,ASV_00493,0.5466666666666666,pos,Farm,IT2
ASV_00156,ASV_00501,0.5586206896551724,pos,Farm,IT2
ASV_00156,ASV_00504,0.5562913907284768,pos,Farm,IT2
ASV_00156,ASV_00508,0.5241379310344828,pos,Farm,IT2
ASV_00156,ASV_00513,0.5238095238095238,pos,Farm,IT2
ASV_00156,ASV_00514,0.5686274509803921,pos,Farm,IT2
ASV_00156,ASV_00534,0.5838926174496645,pos,Farm,IT2
ASV_00156,ASV_00543,0.5724137931034483,pos,Farm,IT2
ASV_00156,ASV_00561,0.5986842105263158,pos,Farm,IT2
ASV_00156,ASV_00568,0.5540540540540541,pos,Farm,IT2
ASV_00156,ASV_00581,0.5177304964539007,pos,Farm,IT2
ASV_00156,ASV_00587,0.5454545454545454,pos,Farm,IT2
ASV_00156,ASV_00618,0.5448275862068965,pos,Farm,IT2
ASV_00156,ASV_00628,0.5310344827586206,pos,Farm,IT2
ASV_00156,ASV_00633,0.54421768707483,pos,Farm,IT2
ASV_00156,ASV_00651,0.5448275862068965,pos,Farm,IT2
ASV_00156,ASV_00656,0.547945205479452,pos,Farm,IT2
ASV_00156,ASV_00671,0.5347222222222222,pos,Farm,IT2
ASV_00156,ASV_00687,0.5342465753424658,pos,Farm,IT2
ASV_00156,ASV_00760,0.5570469798657718,pos,Farm,IT2
ASV_00156,ASV_00778,0.4825174825174825,pos,Farm,IT2
ASV_00156,ASV_00789,0.547945205479452,pos,Farm,IT2
ASV_00156,ASV_00793,0.5136986301369864,pos,Farm,IT2
ASV_00156,ASV_00808,0.5136986301369864,pos,Farm,IT2
ASV_00156,ASV_00809,0.6040268456375839,pos,Farm,IT2
ASV_00156,ASV_00815,0.5789473684210527,pos,Farm,IT2
ASV_00156,ASV_00843,0.5369127516778524,pos,Farm,IT2
ASV_00156,ASV_00848,0.5684931506849316,pos,Farm,IT2
ASV_00156,ASV_00875,0.56,pos,Farm,IT2
ASV_00156,ASV_00924,0.48951048951048953,pos,Farm,IT2
ASV_00156,ASV_00929,0.5436241610738255,pos,Farm,IT2
ASV_00156,ASV_00931,0.5347222222222222,pos,Farm,IT2
ASV_00156,ASV_01018,0.5454545454545454,pos,Farm,IT2
ASV_00156,ASV_01065,0.5352112676056338,pos,Farm,IT2
ASV_00156,ASV_01071,0.5205479452054794,pos,Farm,IT2
ASV_00156,ASV_01101,0.5616438356164384,pos,Farm,IT2
ASV_00156,ASV_01124,0.5957446808510638,pos,Farm,IT2
ASV_00156,ASV_01250,0.5533333333333333,pos,Farm,IT2
ASV_00156,ASV_01288,0.5510204081632653,pos,Farm,IT2
ASV_00156,ASV_01458,0.4930555555555556,pos,Farm,IT2
ASV_00156,ASV_01503,0.5547945205479452,pos,Farm,IT2
ASV_00156,ASV_01941,0.5510204081632653,pos,Farm,IT2
ASV_00156,ASV_02020,0.5273972602739726,pos,Farm,IT2
ASV_00157,ASV_00165,0.5070422535211268,pos,Farm,IT2
ASV_00157,ASV_00173,0.5533333333333333,pos,Farm,IT2
ASV_00157,ASV_00177,0.5,pos,Farm,IT2
ASV_00157,ASV_00192,0.5136986301369864,pos,Farm,IT2
ASV_00157,ASV_00193,0.541095890410959,pos,Farm,IT2
ASV_00157,ASV_00199,0.5035460992907801,pos,Farm,IT2
ASV_00157,ASV_00205,0.5570469798657718,pos,Farm,IT2
ASV_00157,ASV_00208,0.5314685314685315,pos,Farm,IT2
ASV_00157,ASV_00213,0.5714285714285714,pos,Farm,IT2
ASV_00157,ASV_00226,0.5208333333333334,pos,Farm,IT2
ASV_00157,ASV_00231,0.5172413793103449,pos,Farm,IT2
ASV_00157,ASV_00251,0.541095890410959,pos,Farm,IT2
ASV_00157,ASV_00252,0.5277777777777778,pos,Farm,IT2
ASV_00157,ASV_00283,0.5655172413793104,pos,Farm,IT2
ASV_00157,ASV_00286,0.5205479452054794,pos,Farm,IT2
ASV_00157,ASV_00288,0.5405405405405406,pos,Farm,IT2
ASV_00157,ASV_00291,0.48951048951048953,pos,Farm,IT2
ASV_00157,ASV_00292,0.5547945205479452,pos,Farm,IT2
ASV_00157,ASV_00294,0.541095890410959,pos,Farm,IT2
ASV_00157,ASV_00300,0.5743243243243243,pos,Farm,IT2
ASV_00157,ASV_00304,0.5533333333333333,pos,Farm,IT2
ASV_00157,ASV_00309,0.5306122448979592,pos,Farm,IT2
ASV_00157,ASV_00312,0.54421768707483,pos,Farm,IT2
ASV_00157,ASV_00320,0.524822695035461,pos,Farm,IT2
ASV_00157,ASV_00327,0.5352112676056338,pos,Farm,IT2
ASV_00157,ASV_00328,0.5306122448979592,pos,Farm,IT2
ASV_00157,ASV_00333,0.5306122448979592,pos,Farm,IT2
ASV_00157,ASV_00336,0.5454545454545454,pos,Farm,IT2
ASV_00157,ASV_00339,0.5140845070422535,pos,Farm,IT2
ASV_00157,ASV_00340,0.547945205479452,pos,Farm,IT2
ASV_00157,ASV_00345,0.5763888888888888,pos,Farm,IT2
ASV_00157,ASV_00367,0.5069444444444444,pos,Farm,IT2
ASV_00157,ASV_00369,0.5273972602739726,pos,Farm,IT2
ASV_00157,ASV_00382,0.5374149659863946,pos,Farm,IT2
ASV_00157,ASV_00393,0.4859154929577465,pos,Farm,IT2
ASV_00157,ASV_00397,0.5205479452054794,pos,Farm,IT2
ASV_00157,ASV_00429,0.475177304964539,pos,Farm,IT2
ASV_00157,ASV_00447,0.5655172413793104,pos,Farm,IT2
ASV_00157,ASV_00464,0.54421768707483,pos,Farm,IT2
ASV_00157,ASV_00477,0.5342465753424658,pos,Farm,IT2
ASV_00157,ASV_00495,0.5070422535211268,pos,Farm,IT2
ASV_00157,ASV_00504,0.5675675675675675,pos,Farm,IT2
ASV_00157,ASV_00506,0.5319148936170213,pos,Farm,IT2
ASV_00157,ASV_00512,0.6153846153846154,pos,Farm,IT2
ASV_00157,ASV_00514,0.5592105263157895,pos,Farm,IT2
ASV_00157,ASV_00529,0.48951048951048953,pos,Farm,IT2
ASV_00157,ASV_00542,0.5503355704697986,pos,Farm,IT2
ASV_00157,ASV_00566,0.5673758865248227,pos,Farm,IT2
ASV_00157,ASV_00568,0.5547945205479452,pos,Farm,IT2
ASV_00157,ASV_00574,0.5337837837837838,pos,Farm,IT2
ASV_00157,ASV_00581,0.5401459854014599,pos,Farm,IT2
ASV_00157,ASV_00592,0.5205479452054794,pos,Farm,IT2
ASV_00157,ASV_00615,0.4965034965034965,pos,Farm,IT2
ASV_00157,ASV_00618,0.5241379310344828,pos,Farm,IT2
ASV_00157,ASV_00620,0.547945205479452,pos,Farm,IT2
ASV_00157,ASV_00638,0.5694444444444444,pos,Farm,IT2
ASV_00157,ASV_00645,0.4965034965034965,pos,Farm,IT2
ASV_00157,ASV_00656,0.5594405594405595,pos,Farm,IT2
ASV_00157,ASV_00679,0.5804195804195804,pos,Farm,IT2
ASV_00157,ASV_00687,0.5136986301369864,pos,Farm,IT2
ASV_00157,ASV_00721,0.48951048951048953,pos,Farm,IT2
ASV_00157,ASV_00755,0.5503355704697986,pos,Farm,IT2
ASV_00157,ASV_00760,0.5684931506849316,pos,Farm,IT2
ASV_00157,ASV_00798,0.5763888888888888,pos,Farm,IT2
ASV_00157,ASV_00801,0.5177304964539007,pos,Farm,IT2
ASV_00157,ASV_00807,0.5379310344827586,pos,Farm,IT2
ASV_00157,ASV_00811,0.5374149659863946,pos,Farm,IT2
ASV_00157,ASV_00890,0.5448275862068965,pos,Farm,IT2
ASV_00157,ASV_01018,0.5138888888888888,pos,Farm,IT2
ASV_00157,ASV_01119,0.593103448275862,pos,Farm,IT2
ASV_00157,ASV_01152,0.5172413793103449,pos,Farm,IT2
ASV_00157,ASV_01250,0.5436241610738255,pos,Farm,IT2
ASV_00157,ASV_01288,0.5306122448979592,pos,Farm,IT2
ASV_00157,ASV_01503,0.5238095238095238,pos,Farm,IT2
ASV_00158,ASV_00161,0.5136986301369864,pos,Farm,IT2
ASV_00158,ASV_00169,0.5208333333333334,pos,Farm,IT2
ASV_00158,ASV_00172,0.5352112676056338,pos,Farm,IT2
ASV_00158,ASV_00177,0.4859154929577465,pos,Farm,IT2
ASV_00158,ASV_00183,0.5103448275862069,pos,Farm,IT2
ASV_00158,ASV_00192,0.5104895104895105,pos,Farm,IT2
ASV_00158,ASV_00200,0.49645390070921985,pos,Farm,IT2
ASV_00158,ASV_00202,0.5109489051094891,pos,Farm,IT2
ASV_00158,ASV_00214,0.5319148936170213,pos,Farm,IT2
ASV_00158,ASV_00228,0.5,pos,Farm,IT2
ASV_00158,ASV_00231,0.524822695035461,pos,Farm,IT2
ASV_00158,ASV_00233,0.5035460992907801,pos,Farm,IT2
ASV_00158,ASV_00238,0.5531914893617021,pos,Farm,IT2
ASV_00158,ASV_00244,0.5174825174825175,pos,Farm,IT2
ASV_00158,ASV_00249,0.5034965034965035,pos,Farm,IT2
ASV_00158,ASV_00264,0.49645390070921985,pos,Farm,IT2
ASV_00158,ASV_00266,0.5384615384615384,pos,Farm,IT2
ASV_00158,ASV_00277,0.5337837837837838,pos,Farm,IT2
ASV_00158,ASV_00282,0.539568345323741,pos,Farm,IT2
ASV_00158,ASV_00287,0.5,pos,Farm,IT2
ASV_00158,ASV_00288,0.5486111111111112,pos,Farm,IT2
ASV_00158,ASV_00291,0.4857142857142857,pos,Farm,IT2
ASV_00158,ASV_00292,0.5416666666666666,pos,Farm,IT2
ASV_00158,ASV_00293,0.5472972972972973,pos,Farm,IT2
ASV_00158,ASV_00312,0.5310344827586206,pos,Farm,IT2
ASV_00158,ASV_00313,0.5208333333333334,pos,Farm,IT2
ASV_00158,ASV_00317,0.5034965034965035,pos,Farm,IT2
ASV_00158,ASV_00325,0.5069444444444444,pos,Farm,IT2
ASV_00158,ASV_00331,0.5466666666666666,pos,Farm,IT2
ASV_00158,ASV_00339,0.5107913669064749,pos,Farm,IT2
ASV_00158,ASV_00342,0.5104895104895105,pos,Farm,IT2
ASV_00158,ASV_00352,0.4965034965034965,pos,Farm,IT2
ASV_00158,ASV_00353,0.5177304964539007,pos,Farm,IT2
ASV_00158,ASV_00369,0.5244755244755245,pos,Farm,IT2
ASV_00158,ASV_00373,0.5179856115107914,pos,Farm,IT2
ASV_00158,ASV_00378,0.5238095238095238,pos,Farm,IT2
ASV_00158,ASV_00382,0.5136986301369864,pos,Farm,IT2
ASV_00158,ASV_00384,0.5104895104895105,pos,Farm,IT2
ASV_00158,ASV_00398,0.5277777777777778,pos,Farm,IT2
ASV_00158,ASV_00403,0.5136986301369864,pos,Farm,IT2
ASV_00158,ASV_00404,0.5,pos,Farm,IT2
ASV_00158,ASV_00409,0.5179856115107914,pos,Farm,IT2
ASV_00158,ASV_00410,0.5211267605633803,pos,Farm,IT2
ASV_00158,ASV_00423,0.5205479452054794,pos,Farm,IT2
ASV_00158,ASV_00429,0.47101449275362317,pos,Farm,IT2
ASV_00158,ASV_00442,0.5379310344827586,pos,Farm,IT2
ASV_00158,ASV_00451,0.5306122448979592,pos,Farm,IT2
ASV_00158,ASV_00458,0.5107913669064749,pos,Farm,IT2
ASV_00158,ASV_00463,0.5136986301369864,pos,Farm,IT2
ASV_00158,ASV_00465,0.5319148936170213,pos,Farm,IT2
ASV_00158,ASV_00483,0.5306122448979592,pos,Farm,IT2
ASV_00158,ASV_00485,0.5172413793103449,pos,Farm,IT2
ASV_00158,ASV_00486,0.5655172413793104,pos,Farm,IT2
ASV_00158,ASV_00488,0.5845070422535211,pos,Farm,IT2
ASV_00158,ASV_00506,0.5289855072463768,pos,Farm,IT2
ASV_00158,ASV_00521,0.5664335664335665,pos,Farm,IT2
ASV_00158,ASV_00534,0.5405405405405406,pos,Farm,IT2
ASV_00158,ASV_00536,0.5625,pos,Farm,IT2
ASV_00158,ASV_00542,0.527027027027027,pos,Farm,IT2
ASV_00158,ASV_00550,0.5310344827586206,pos,Farm,IT2
ASV_00158,ASV_00559,0.5034965034965035,pos,Farm,IT2
ASV_00158,ASV_00561,0.5666666666666667,pos,Farm,IT2
ASV_00158,ASV_00568,0.5633802816901409,pos,Farm,IT2
ASV_00158,ASV_00572,0.5902777777777778,pos,Farm,IT2
ASV_00158,ASV_00587,0.5661764705882353,pos,Farm,IT2
ASV_00158,ASV_00611,0.5277777777777778,pos,Farm,IT2
ASV_00158,ASV_00620,0.5136986301369864,pos,Farm,IT2
ASV_00158,ASV_00630,0.4857142857142857,pos,Farm,IT2
ASV_00158,ASV_00636,0.5503355704697986,pos,Farm,IT2
ASV_00158,ASV_00651,0.5652173913043478,pos,Farm,IT2
ASV_00158,ASV_00654,0.48936170212765956,pos,Farm,IT2
ASV_00158,ASV_00668,0.5106382978723404,pos,Farm,IT2
ASV_00158,ASV_00687,0.5319148936170213,pos,Farm,IT2
ASV_00158,ASV_00709,0.5104895104895105,pos,Farm,IT2
ASV_00158,ASV_00718,0.5481481481481482,pos,Farm,IT2
ASV_00158,ASV_00726,0.5277777777777778,pos,Farm,IT2
ASV_00158,ASV_00769,0.5,pos,Farm,IT2
ASV_00158,ASV_00778,0.48905109489051096,pos,Farm,IT2
ASV_00158,ASV_00781,0.5211267605633803,pos,Farm,IT2
ASV_00158,ASV_00782,0.5104895104895105,pos,Farm,IT2
ASV_00158,ASV_00807,0.5352112676056338,pos,Farm,IT2
ASV_00158,ASV_00815,0.5570469798657718,pos,Farm,IT2
ASV_00158,ASV_00880,0.49295774647887325,pos,Farm,IT2
ASV_00158,ASV_00909,0.5,pos,Farm,IT2
ASV_00158,ASV_00912,0.4714285714285714,pos,Farm,IT2
ASV_00158,ASV_00958,0.5211267605633803,pos,Farm,IT2
ASV_00158,ASV_01101,0.5277777777777778,pos,Farm,IT2
ASV_00158,ASV_01124,0.5069444444444444,pos,Farm,IT2
ASV_00158,ASV_01152,0.5034965034965035,pos,Farm,IT2
ASV_00158,ASV_01253,0.5174825174825175,pos,Farm,IT2
ASV_00158,ASV_01328,0.4965034965034965,pos,Farm,IT2
ASV_00158,ASV_01368,0.5069444444444444,pos,Farm,IT2
ASV_00158,ASV_01459,0.5177304964539007,pos,Farm,IT2
ASV_00158,ASV_01491,0.5,pos,Farm,IT2
ASV_00158,ASV_01578,0.5138888888888888,pos,Farm,IT2
ASV_00158,ASV_02149,0.4859154929577465,pos,Farm,IT2
ASV_00159,ASV_00165,0.49295774647887325,pos,Farm,IT2
ASV_00159,ASV_00166,0.5241379310344828,pos,Farm,IT2
ASV_00159,ASV_00168,0.5405405405405406,pos,Farm,IT2
ASV_00159,ASV_00176,0.5035971223021583,pos,Farm,IT2
ASV_00159,ASV_00177,0.5285714285714286,pos,Farm,IT2
ASV_00159,ASV_00181,0.5448275862068965,pos,Farm,IT2
ASV_00159,ASV_00186,0.5454545454545454,pos,Farm,IT2
ASV_00159,ASV_00187,0.5103448275862069,pos,Farm,IT2
ASV_00159,ASV_00191,0.583941605839416,pos,Farm,IT2
ASV_00159,ASV_00192,0.5422535211267606,pos,Farm,IT2
ASV_00159,ASV_00195,0.5857142857142857,pos,Farm,IT2
ASV_00159,ASV_00202,0.48936170212765956,pos,Farm,IT2
ASV_00159,ASV_00203,0.5172413793103449,pos,Farm,IT2
ASV_00159,ASV_00206,0.5401459854014599,pos,Farm,IT2
ASV_00159,ASV_00208,0.5390070921985816,pos,Farm,IT2
ASV_00159,ASV_00212,0.5138888888888888,pos,Farm,IT2
ASV_00159,ASV_00216,0.5069444444444444,pos,Farm,IT2
ASV_00159,ASV_00228,0.5214285714285715,pos,Farm,IT2
ASV_00159,ASV_00229,0.5208333333333334,pos,Farm,IT2
ASV_00159,ASV_00230,0.5486111111111112,pos,Farm,IT2
ASV_00159,ASV_00232,0.541095890410959,pos,Farm,IT2
ASV_00159,ASV_00233,0.5467625899280576,pos,Farm,IT2
ASV_00159,ASV_00237,0.54421768707483,pos,Farm,IT2
ASV_00159,ASV_00240,0.5104895104895105,pos,Farm,IT2
ASV_00159,ASV_00247,0.5460992907801419,pos,Farm,IT2
ASV_00159,ASV_00251,0.5273972602739726,pos,Farm,IT2
ASV_00159,ASV_00253,0.5586206896551724,pos,Farm,IT2
ASV_00159,ASV_00259,0.4714285714285714,pos,Farm,IT2
ASV_00159,ASV_00263,0.547945205479452,pos,Farm,IT2
ASV_00159,ASV_00264,0.5070422535211268,pos,Farm,IT2
ASV_00159,ASV_00267,0.5106382978723404,pos,Farm,IT2
ASV_00159,ASV_00269,0.5695364238410596,pos,Farm,IT2
ASV_00159,ASV_00274,0.5608108108108109,pos,Farm,IT2
ASV_00159,ASV_00277,0.5753424657534246,pos,Farm,IT2
ASV_00159,ASV_00279,0.49645390070921985,pos,Farm,IT2
ASV_00159,ASV_00287,0.5104895104895105,pos,Farm,IT2
ASV_00159,ASV_00296,0.5071428571428571,pos,Farm,IT2
ASV_00159,ASV_00299,0.5428571428571428,pos,Farm,IT2
ASV_00159,ASV_00303,0.5071428571428571,pos,Farm,IT2
ASV_00159,ASV_00312,0.5517241379310345,pos,Farm,IT2
ASV_00159,ASV_00313,0.5416666666666666,pos,Farm,IT2
ASV_00159,ASV_00317,0.5352112676056338,pos,Farm,IT2
ASV_00159,ASV_00320,0.5214285714285715,pos,Farm,IT2
ASV_00159,ASV_00323,0.5384615384615384,pos,Farm,IT2
ASV_00159,ASV_00324,0.5244755244755245,pos,Farm,IT2
ASV_00159,ASV_00325,0.5172413793103449,pos,Farm,IT2
ASV_00159,ASV_00327,0.5104895104895105,pos,Farm,IT2
ASV_00159,ASV_00328,0.5379310344827586,pos,Farm,IT2
ASV_00159,ASV_00330,0.5104895104895105,pos,Farm,IT2
ASV_00159,ASV_00332,0.5174825174825175,pos,Farm,IT2
ASV_00159,ASV_00333,0.5273972602739726,pos,Farm,IT2
ASV_00159,ASV_00337,0.5369127516778524,pos,Farm,IT2
ASV_00159,ASV_00340,0.5448275862068965,pos,Farm,IT2
ASV_00159,ASV_00342,0.5755395683453237,pos,Farm,IT2
ASV_00159,ASV_00346,0.5539568345323741,pos,Farm,IT2
ASV_00159,ASV_00352,0.5390070921985816,pos,Farm,IT2
ASV_00159,ASV_00353,0.5390070921985816,pos,Farm,IT2
ASV_00159,ASV_00354,0.528169014084507,pos,Farm,IT2
ASV_00159,ASV_00361,0.5734265734265734,pos,Farm,IT2
ASV_00159,ASV_00365,0.5208333333333334,pos,Farm,IT2
ASV_00159,ASV_00373,0.5177304964539007,pos,Farm,IT2
ASV_00159,ASV_00390,0.5436241610738255,pos,Farm,IT2
ASV_00159,ASV_00391,0.5214285714285715,pos,Farm,IT2
ASV_00159,ASV_00395,0.5034965034965035,pos,Farm,IT2
ASV_00159,ASV_00397,0.5492957746478874,pos,Farm,IT2
ASV_00159,ASV_00399,0.5273972602739726,pos,Farm,IT2
ASV_00159,ASV_00400,0.5238095238095238,pos,Farm,IT2
ASV_00159,ASV_00403,0.5448275862068965,pos,Farm,IT2
ASV_00159,ASV_00409,0.4965034965034965,pos,Farm,IT2
ASV_00159,ASV_00412,0.5,pos,Farm,IT2
ASV_00159,ASV_00421,0.5928571428571429,pos,Farm,IT2
ASV_00159,ASV_00425,0.5467625899280576,pos,Farm,IT2
ASV_00159,ASV_00426,0.5733333333333334,pos,Farm,IT2
ASV_00159,ASV_00429,0.48201438848920863,pos,Farm,IT2
ASV_00159,ASV_00444,0.5172413793103449,pos,Farm,IT2
ASV_00159,ASV_00445,0.5103448275862069,pos,Farm,IT2
ASV_00159,ASV_00453,0.5205479452054794,pos,Farm,IT2
ASV_00159,ASV_00455,0.5,pos,Farm,IT2
ASV_00159,ASV_00459,0.5416666666666666,pos,Farm,IT2
ASV_00159,ASV_00463,0.5238095238095238,pos,Farm,IT2
ASV_00159,ASV_00468,0.46715328467153283,pos,Farm,IT2
ASV_00159,ASV_00477,0.5310344827586206,pos,Farm,IT2
ASV_00159,ASV_00479,0.5306122448979592,pos,Farm,IT2
ASV_00159,ASV_00482,0.5973154362416108,pos,Farm,IT2
ASV_00159,ASV_00490,0.5503355704697986,pos,Farm,IT2
ASV_00159,ASV_00494,0.5172413793103449,pos,Farm,IT2
ASV_00159,ASV_00495,0.5251798561151079,pos,Farm,IT2
ASV_00159,ASV_00496,0.6014492753623188,pos,Farm,IT2
ASV_00159,ASV_00498,0.5255474452554745,pos,Farm,IT2
ASV_00159,ASV_00503,0.5103448275862069,pos,Farm,IT2
ASV_00159,ASV_00512,0.5578231292517006,pos,Farm,IT2
ASV_00159,ASV_00513,0.5314685314685315,pos,Farm,IT2
ASV_00159,ASV_00518,0.5472972972972973,pos,Farm,IT2
ASV_00159,ASV_00524,0.4965034965034965,pos,Farm,IT2
ASV_00159,ASV_00528,0.5211267605633803,pos,Farm,IT2
ASV_00159,ASV_00533,0.5244755244755245,pos,Farm,IT2
ASV_00159,ASV_00542,0.5793103448275863,pos,Farm,IT2
ASV_00159,ASV_00548,0.5179856115107914,pos,Farm,IT2
ASV_00159,ASV_00550,0.541095890410959,pos,Farm,IT2
ASV_00159,ASV_00568,0.5517241379310345,pos,Farm,IT2
ASV_00159,ASV_00595,0.5,pos,Farm,IT2
ASV_00159,ASV_00596,0.5035971223021583,pos,Farm,IT2
ASV_00159,ASV_00612,0.5555555555555556,pos,Farm,IT2
ASV_00159,ASV_00618,0.5531914893617021,pos,Farm,IT2
ASV_00159,ASV_00628,0.5390070921985816,pos,Farm,IT2
ASV_00159,ASV_00635,0.5547945205479452,pos,Farm,IT2
ASV_00159,ASV_00641,0.5337837837837838,pos,Farm,IT2
ASV_00159,ASV_00651,0.5314685314685315,pos,Farm,IT2
ASV_00159,ASV_00654,0.5214285714285715,pos,Farm,IT2
ASV_00159,ASV_00656,0.5673758865248227,pos,Farm,IT2
ASV_00159,ASV_00662,0.524822695035461,pos,Farm,IT2
ASV_00159,ASV_00668,0.5428571428571428,pos,Farm,IT2
ASV_00159,ASV_00671,0.5539568345323741,pos,Farm,IT2
ASV_00159,ASV_00679,0.5342465753424658,pos,Farm,IT2
ASV_00159,ASV_00686,0.5347222222222222,pos,Farm,IT2
ASV_00159,ASV_00687,0.5208333333333334,pos,Farm,IT2
ASV_00159,ASV_00697,0.5,pos,Farm,IT2
ASV_00159,ASV_00718,0.5142857142857142,pos,Farm,IT2
ASV_00159,ASV_00727,0.5140845070422535,pos,Farm,IT2
ASV_00159,ASV_00728,0.5,pos,Farm,IT2
ASV_00159,ASV_00760,0.5337837837837838,pos,Farm,IT2
ASV_00159,ASV_00789,0.5136986301369864,pos,Farm,IT2
ASV_00159,ASV_00798,0.5306122448979592,pos,Farm,IT2
ASV_00159,ASV_00809,0.56,pos,Farm,IT2
ASV_00159,ASV_00817,0.5510204081632653,pos,Farm,IT2
ASV_00159,ASV_00821,0.5524475524475524,pos,Farm,IT2
ASV_00159,ASV_00822,0.5347222222222222,pos,Farm,IT2
ASV_00159,ASV_00829,0.5460992907801419,pos,Farm,IT2
ASV_00159,ASV_00842,0.5,pos,Farm,IT2
ASV_00159,ASV_00843,0.5664335664335665,pos,Farm,IT2
ASV_00159,ASV_00865,0.5136986301369864,pos,Farm,IT2
ASV_00159,ASV_00869,0.5763888888888888,pos,Farm,IT2
ASV_00159,ASV_00873,0.5251798561151079,pos,Farm,IT2
ASV_00159,ASV_00890,0.5971223021582733,pos,Farm,IT2
ASV_00159,ASV_00912,0.48226950354609927,pos,Farm,IT2
ASV_00159,ASV_00924,0.4857142857142857,pos,Farm,IT2
ASV_00159,ASV_00929,0.541095890410959,pos,Farm,IT2
ASV_00159,ASV_00958,0.5103448275862069,pos,Farm,IT2
ASV_00159,ASV_00966,0.4928571428571429,pos,Farm,IT2
ASV_00159,ASV_00984,0.5673758865248227,pos,Farm,IT2
ASV_00159,ASV_00987,0.5104895104895105,pos,Farm,IT2
ASV_00159,ASV_00989,0.5035971223021583,pos,Farm,IT2
ASV_00159,ASV_01087,0.5310344827586206,pos,Farm,IT2
ASV_00159,ASV_01092,0.5793103448275863,pos,Farm,IT2
ASV_00159,ASV_01119,0.5684931506849316,pos,Farm,IT2
ASV_00159,ASV_01124,0.5277777777777778,pos,Farm,IT2
ASV_00159,ASV_01249,0.5428571428571428,pos,Farm,IT2
ASV_00159,ASV_01253,0.5492957746478874,pos,Farm,IT2
ASV_00159,ASV_01276,0.5214285714285715,pos,Farm,IT2
ASV_00159,ASV_01328,0.5174825174825175,pos,Farm,IT2
ASV_00159,ASV_01458,0.5328467153284672,pos,Farm,IT2
ASV_00159,ASV_01491,0.5642857142857143,pos,Farm,IT2
ASV_00159,ASV_01512,0.5401459854014599,pos,Farm,IT2
ASV_00159,ASV_01541,0.5205479452054794,pos,Farm,IT2
ASV_00159,ASV_01941,0.5379310344827586,pos,Farm,IT2
ASV_00159,ASV_02332,0.5734265734265734,pos,Farm,IT2
ASV_00160,ASV_00162,0.5070422535211268,pos,Farm,IT2
ASV_00160,ASV_00165,0.5,pos,Farm,IT2
ASV_00160,ASV_00166,0.5,pos,Farm,IT2
ASV_00160,ASV_00172,0.5,pos,Farm,IT2
ASV_00160,ASV_00184,0.5362318840579711,pos,Farm,IT2
ASV_00160,ASV_00189,0.4859154929577465,pos,Farm,IT2
ASV_00160,ASV_00193,0.5244755244755245,pos,Farm,IT2
ASV_00160,ASV_00197,0.524822695035461,pos,Farm,IT2
ASV_00160,ASV_00198,0.5,pos,Farm,IT2
ASV_00160,ASV_00199,0.4855072463768116,pos,Farm,IT2
ASV_00160,ASV_00200,0.5367647058823529,pos,Farm,IT2
ASV_00160,ASV_00208,0.49295774647887325,pos,Farm,IT2
ASV_00160,ASV_00210,0.5238095238095238,pos,Farm,IT2
ASV_00160,ASV_00218,0.5140845070422535,pos,Farm,IT2
ASV_00160,ASV_00221,0.5142857142857142,pos,Farm,IT2
ASV_00160,ASV_00229,0.5070422535211268,pos,Farm,IT2
ASV_00160,ASV_00230,0.5460992907801419,pos,Farm,IT2
ASV_00160,ASV_00231,0.5,pos,Farm,IT2
ASV_00160,ASV_00232,0.5277777777777778,pos,Farm,IT2
ASV_00160,ASV_00233,0.5217391304347826,pos,Farm,IT2
ASV_00160,ASV_00238,0.5069444444444444,pos,Farm,IT2
ASV_00160,ASV_00239,0.5142857142857142,pos,Farm,IT2
ASV_00160,ASV_00240,0.4859154929577465,pos,Farm,IT2
ASV_00160,ASV_00244,0.524822695035461,pos,Farm,IT2
ASV_00160,ASV_00259,0.46715328467153283,pos,Farm,IT2
ASV_00160,ASV_00274,0.5694444444444444,pos,Farm,IT2
ASV_00160,ASV_00282,0.5035460992907801,pos,Farm,IT2
ASV_00160,ASV_00288,0.5563380281690141,pos,Farm,IT2
ASV_00160,ASV_00292,0.5277777777777778,pos,Farm,IT2
ASV_00160,ASV_00299,0.49645390070921985,pos,Farm,IT2
ASV_00160,ASV_00305,0.5205479452054794,pos,Farm,IT2
ASV_00160,ASV_00312,0.5384615384615384,pos,Farm,IT2
ASV_00160,ASV_00315,0.48201438848920863,pos,Farm,IT2
ASV_00160,ASV_00320,0.49640287769784175,pos,Farm,IT2
ASV_00160,ASV_00327,0.5071428571428571,pos,Farm,IT2
ASV_00160,ASV_00330,0.49645390070921985,pos,Farm,IT2
ASV_00160,ASV_00333,0.5352112676056338,pos,Farm,IT2
ASV_00160,ASV_00343,0.5069444444444444,pos,Farm,IT2
ASV_00160,ASV_00347,0.5384615384615384,pos,Farm,IT2
ASV_00160,ASV_00350,0.46715328467153283,pos,Farm,IT2
ASV_00160,ASV_00353,0.49295774647887325,pos,Farm,IT2
ASV_00160,ASV_00356,0.5310344827586206,pos,Farm,IT2
ASV_00160,ASV_00357,0.5035971223021583,pos,Farm,IT2
ASV_00160,ASV_00369,0.5211267605633803,pos,Farm,IT2
ASV_00160,ASV_00373,0.5144927536231884,pos,Farm,IT2
ASV_00160,ASV_00391,0.49640287769784175,pos,Farm,IT2
ASV_00160,ASV_00393,0.5,pos,Farm,IT2
ASV_00160,ASV_00403,0.5103448275862069,pos,Farm,IT2
ASV_00160,ASV_00406,0.49640287769784175,pos,Farm,IT2
ASV_00160,ASV_00409,0.4928571428571429,pos,Farm,IT2
ASV_00160,ASV_00418,0.5035460992907801,pos,Farm,IT2
ASV_00160,ASV_00437,0.5244755244755245,pos,Farm,IT2
ASV_00160,ASV_00441,0.49645390070921985,pos,Farm,IT2
ASV_00160,ASV_00444,0.5034965034965035,pos,Farm,IT2
ASV_00160,ASV_00452,0.5107913669064749,pos,Farm,IT2
ASV_00160,ASV_00460,0.528169014084507,pos,Farm,IT2
ASV_00160,ASV_00465,0.5070422535211268,pos,Farm,IT2
ASV_00160,ASV_00482,0.5637583892617449,pos,Farm,IT2
ASV_00160,ASV_00488,0.5379310344827586,pos,Farm,IT2
ASV_00160,ASV_00490,0.6028368794326241,pos,Farm,IT2
ASV_00160,ASV_00494,0.5357142857142857,pos,Farm,IT2
ASV_00160,ASV_00501,0.5211267605633803,pos,Farm,IT2
ASV_00160,ASV_00506,0.4928571428571429,pos,Farm,IT2
ASV_00160,ASV_00517,0.48936170212765956,pos,Farm,IT2
ASV_00160,ASV_00518,0.5886524822695035,pos,Farm,IT2
ASV_00160,ASV_00533,0.5214285714285715,pos,Farm,IT2
ASV_00160,ASV_00534,0.5374149659863946,pos,Farm,IT2
ASV_00160,ASV_00536,0.5486111111111112,pos,Farm,IT2
ASV_00160,ASV_00541,0.5070422535211268,pos,Farm,IT2
ASV_00160,ASV_00542,0.5238095238095238,pos,Farm,IT2
ASV_00160,ASV_00548,0.4927536231884058,pos,Farm,IT2
ASV_00160,ASV_00554,0.5244755244755245,pos,Farm,IT2
ASV_00160,ASV_00566,0.4965034965034965,pos,Farm,IT2
ASV_00160,ASV_00587,0.49645390070921985,pos,Farm,IT2
ASV_00160,ASV_00613,0.4676258992805755,pos,Farm,IT2
ASV_00160,ASV_00622,0.4676258992805755,pos,Farm,IT2
ASV_00160,ASV_00638,0.5208333333333334,pos,Farm,IT2
ASV_00160,ASV_00656,0.5211267605633803,pos,Farm,IT2
ASV_00160,ASV_00665,0.4785714285714286,pos,Farm,IT2
ASV_00160,ASV_00686,0.5,pos,Farm,IT2
ASV_00160,ASV_00687,0.5070422535211268,pos,Farm,IT2
ASV_00160,ASV_00724,0.4859154929577465,pos,Farm,IT2
ASV_00160,ASV_00726,0.5138888888888888,pos,Farm,IT2
ASV_00160,ASV_00757,0.5571428571428572,pos,Farm,IT2
ASV_00160,ASV_00772,0.5034965034965035,pos,Farm,IT2
ASV_00160,ASV_00801,0.5109489051094891,pos,Farm,IT2
ASV_00160,ASV_00806,0.5136986301369864,pos,Farm,IT2
ASV_00160,ASV_00807,0.5,pos,Farm,IT2
ASV_00160,ASV_00842,0.5072463768115942,pos,Farm,IT2
ASV_00160,ASV_00865,0.5,pos,Farm,IT2
ASV_00160,ASV_00906,0.527027027027027,pos,Farm,IT2
ASV_00160,ASV_00912,0.4782608695652174,pos,Farm,IT2
ASV_00160,ASV_00958,0.5070422535211268,pos,Farm,IT2
ASV_00160,ASV_00966,0.48905109489051096,pos,Farm,IT2
ASV_00160,ASV_00984,0.5104895104895105,pos,Farm,IT2
ASV_00160,ASV_00989,0.4782608695652174,pos,Farm,IT2
ASV_00160,ASV_01087,0.5069444444444444,pos,Farm,IT2
ASV_00160,ASV_01092,0.5238095238095238,pos,Farm,IT2
ASV_00160,ASV_01119,0.5448275862068965,pos,Farm,IT2
ASV_00160,ASV_01124,0.5034965034965035,pos,Farm,IT2
ASV_00160,ASV_01503,0.528169014084507,pos,Farm,IT2
ASV_00160,ASV_01541,0.5611510791366906,pos,Farm,IT2
ASV_00160,ASV_01941,0.5244755244755245,pos,Farm,IT2
ASV_00160,ASV_02020,0.5214285714285715,pos,Farm,IT2
ASV_00161,ASV_00166,0.5273972602739726,pos,Farm,IT2
ASV_00161,ASV_00169,0.5238095238095238,pos,Farm,IT2
ASV_00161,ASV_00176,0.49645390070921985,pos,Farm,IT2
ASV_00161,ASV_00177,0.5,pos,Farm,IT2
ASV_00161,ASV_00186,0.5379310344827586,pos,Farm,IT2
ASV_00161,ASV_00212,0.5602836879432624,pos,Farm,IT2
ASV_00161,ASV_00214,0.5347222222222222,pos,Farm,IT2
ASV_00161,ASV_00231,0.5277777777777778,pos,Farm,IT2
ASV_00161,ASV_00232,0.5337837837837838,pos,Farm,IT2
ASV_00161,ASV_00233,0.528169014084507,pos,Farm,IT2
ASV_00161,ASV_00237,0.5472972972972973,pos,Farm,IT2
ASV_00161,ASV_00243,0.5273972602739726,pos,Farm,IT2
ASV_00161,ASV_00244,0.5633802816901409,pos,Farm,IT2
ASV_00161,ASV_00249,0.5277777777777778,pos,Farm,IT2
ASV_00161,ASV_00251,0.541095890410959,pos,Farm,IT2
ASV_00161,ASV_00252,0.5384615384615384,pos,Farm,IT2
ASV_00161,ASV_00270,0.5666666666666667,pos,Farm,IT2
ASV_00161,ASV_00273,0.5594405594405595,pos,Farm,IT2
ASV_00161,ASV_00297,0.5136986301369864,pos,Farm,IT2
ASV_00161,ASV_00299,0.5352112676056338,pos,Farm,IT2
ASV_00161,ASV_00303,0.48951048951048953,pos,Farm,IT2
ASV_00161,ASV_00305,0.5793103448275863,pos,Farm,IT2
ASV_00161,ASV_00317,0.5277777777777778,pos,Farm,IT2
ASV_00161,ASV_00334,0.5374149659863946,pos,Farm,IT2
ASV_00161,ASV_00353,0.5422535211267606,pos,Farm,IT2
ASV_00161,ASV_00387,0.5594405594405595,pos,Farm,IT2
ASV_00161,ASV_00399,0.541095890410959,pos,Farm,IT2
ASV_00161,ASV_00412,0.5140845070422535,pos,Farm,IT2
ASV_00161,ASV_00422,0.5136986301369864,pos,Farm,IT2
ASV_00161,ASV_00423,0.54421768707483,pos,Farm,IT2
ASV_00161,ASV_00447,0.54421768707483,pos,Farm,IT2
ASV_00161,ASV_00467,0.5533333333333333,pos,Farm,IT2
ASV_00161,ASV_00468,0.47101449275362317,pos,Farm,IT2
ASV_00161,ASV_00479,0.5337837837837838,pos,Farm,IT2
ASV_00161,ASV_00486,0.5466666666666666,pos,Farm,IT2
ASV_00161,ASV_00490,0.5637583892617449,pos,Farm,IT2
ASV_00161,ASV_00512,0.5503355704697986,pos,Farm,IT2
ASV_00161,ASV_00517,0.528169014084507,pos,Farm,IT2
ASV_00161,ASV_00550,0.54421768707483,pos,Farm,IT2
ASV_00161,ASV_00566,0.5136986301369864,pos,Farm,IT2
ASV_00161,ASV_00628,0.5314685314685315,pos,Farm,IT2
ASV_00161,ASV_00643,0.5524475524475524,pos,Farm,IT2
ASV_00161,ASV_00665,0.4965034965034965,pos,Farm,IT2
ASV_00161,ASV_00666,0.5405405405405406,pos,Farm,IT2
ASV_00161,ASV_00671,0.5138888888888888,pos,Farm,IT2
ASV_00161,ASV_00757,0.541095890410959,pos,Farm,IT2
ASV_00161,ASV_00769,0.5136986301369864,pos,Farm,IT2
ASV_00161,ASV_00781,0.5136986301369864,pos,Farm,IT2
ASV_00161,ASV_00807,0.5273972602739726,pos,Farm,IT2
ASV_00161,ASV_00891,0.5562913907284768,pos,Farm,IT2
ASV_00161,ASV_00909,0.5244755244755245,pos,Farm,IT2
ASV_00161,ASV_00924,0.48936170212765956,pos,Farm,IT2
ASV_00161,ASV_01018,0.5138888888888888,pos,Farm,IT2
ASV_00161,ASV_01092,0.5714285714285714,pos,Farm,IT2
ASV_00161,ASV_01253,0.5205479452054794,pos,Farm,IT2
ASV_00161,ASV_01288,0.5306122448979592,pos,Farm,IT2
ASV_00161,ASV_01349,0.5416666666666666,pos,Farm,IT2
ASV_00162,ASV_00165,0.4928571428571429,pos,Farm,IT2
ASV_00162,ASV_00170,0.56,pos,Farm,IT2
ASV_00162,ASV_00171,0.5136986301369864,pos,Farm,IT2
ASV_00162,ASV_00172,0.5244755244755245,pos,Farm,IT2
ASV_00162,ASV_00177,0.4859154929577465,pos,Farm,IT2
ASV_00162,ASV_00182,0.574468085106383,pos,Farm,IT2
ASV_00162,ASV_00184,0.5070422535211268,pos,Farm,IT2
ASV_00162,ASV_00187,0.5211267605633803,pos,Farm,IT2
ASV_00162,ASV_00196,0.48226950354609927,pos,Farm,IT2
ASV_00162,ASV_00199,0.5,pos,Farm,IT2
ASV_00162,ASV_00205,0.5337837837837838,pos,Farm,IT2
ASV_00162,ASV_00208,0.5285714285714286,pos,Farm,IT2
ASV_00162,ASV_00221,0.5285714285714286,pos,Farm,IT2
ASV_00162,ASV_00228,0.5107913669064749,pos,Farm,IT2
ASV_00162,ASV_00231,0.5034965034965035,pos,Farm,IT2
ASV_00162,ASV_00242,0.4676258992805755,pos,Farm,IT2
ASV_00162,ASV_00246,0.5136986301369864,pos,Farm,IT2
ASV_00162,ASV_00247,0.5034965034965035,pos,Farm,IT2
ASV_00162,ASV_00252,0.5034965034965035,pos,Farm,IT2
ASV_00162,ASV_00253,0.5486111111111112,pos,Farm,IT2
ASV_00162,ASV_00262,0.5347222222222222,pos,Farm,IT2
ASV_00162,ASV_00266,0.5277777777777778,pos,Farm,IT2
ASV_00162,ASV_00267,0.48936170212765956,pos,Farm,IT2
ASV_00162,ASV_00269,0.5496688741721855,pos,Farm,IT2
ASV_00162,ASV_00272,0.5104895104895105,pos,Farm,IT2
ASV_00162,ASV_00275,0.5804195804195804,pos,Farm,IT2
ASV_00162,ASV_00277,0.5337837837837838,pos,Farm,IT2
ASV_00162,ASV_00282,0.5285714285714286,pos,Farm,IT2
ASV_00162,ASV_00286,0.5174825174825175,pos,Farm,IT2
ASV_00162,ASV_00290,0.5436241610738255,pos,Farm,IT2
ASV_00162,ASV_00295,0.5103448275862069,pos,Farm,IT2
ASV_00162,ASV_00299,0.5,pos,Farm,IT2
ASV_00162,ASV_00307,0.5035460992907801,pos,Farm,IT2
ASV_00162,ASV_00309,0.5277777777777778,pos,Farm,IT2
ASV_00162,ASV_00312,0.5416666666666666,pos,Farm,IT2
ASV_00162,ASV_00317,0.5034965034965035,pos,Farm,IT2
ASV_00162,ASV_00318,0.5244755244755245,pos,Farm,IT2
ASV_00162,ASV_00327,0.5547445255474452,pos,Farm,IT2
ASV_00162,ASV_00332,0.5285714285714286,pos,Farm,IT2
ASV_00162,ASV_00336,0.5211267605633803,pos,Farm,IT2
ASV_00162,ASV_00337,0.527027027027027,pos,Farm,IT2
ASV_00162,ASV_00343,0.5755395683453237,pos,Farm,IT2
ASV_00162,ASV_00345,0.5310344827586206,pos,Farm,IT2
ASV_00162,ASV_00355,0.5103448275862069,pos,Farm,IT2
ASV_00162,ASV_00356,0.5774647887323944,pos,Farm,IT2
ASV_00162,ASV_00357,0.4859154929577465,pos,Farm,IT2
ASV_00162,ASV_00369,0.5460992907801419,pos,Farm,IT2
ASV_00162,ASV_00373,0.5071428571428571,pos,Farm,IT2
ASV_00162,ASV_00381,0.49295774647887325,pos,Farm,IT2
ASV_00162,ASV_00384,0.5,pos,Farm,IT2
ASV_00162,ASV_00390,0.54421768707483,pos,Farm,IT2
ASV_00162,ASV_00393,0.4714285714285714,pos,Farm,IT2
ASV_00162,ASV_00395,0.49295774647887325,pos,Farm,IT2
ASV_00162,ASV_00409,0.4859154929577465,pos,Farm,IT2
ASV_00162,ASV_00411,0.5138888888888888,pos,Farm,IT2
ASV_00162,ASV_00421,0.5492957746478874,pos,Farm,IT2
ASV_00162,ASV_00425,0.49295774647887325,pos,Farm,IT2
ASV_00162,ASV_00426,0.5533333333333333,pos,Farm,IT2
ASV_00162,ASV_00437,0.5492957746478874,pos,Farm,IT2
ASV_00162,ASV_00441,0.5214285714285715,pos,Farm,IT2
ASV_00162,ASV_00442,0.5379310344827586,pos,Farm,IT2
ASV_00162,ASV_00443,0.5142857142857142,pos,Farm,IT2
ASV_00162,ASV_00455,0.5214285714285715,pos,Farm,IT2
ASV_00162,ASV_00459,0.5103448275862069,pos,Farm,IT2
ASV_00162,ASV_00460,0.5422535211267606,pos,Farm,IT2
ASV_00162,ASV_00467,0.5616438356164384,pos,Farm,IT2
ASV_00162,ASV_00468,0.45588235294117646,pos,Farm,IT2
ASV_00162,ASV_00477,0.5103448275862069,pos,Farm,IT2
ASV_00162,ASV_00479,0.5205479452054794,pos,Farm,IT2
ASV_00162,ASV_00482,0.5562913907284768,pos,Farm,IT2
ASV_00162,ASV_00488,0.5625,pos,Farm,IT2
ASV_00162,ASV_00490,0.5724137931034483,pos,Farm,IT2
ASV_00162,ASV_00493,0.5555555555555556,pos,Farm,IT2
ASV_00162,ASV_00506,0.49645390070921985,pos,Farm,IT2
ASV_00162,ASV_00507,0.528169014084507,pos,Farm,IT2
ASV_00162,ASV_00512,0.527027027027027,pos,Farm,IT2
ASV_00162,ASV_00513,0.5104895104895105,pos,Farm,IT2
ASV_00162,ASV_00521,0.5238095238095238,pos,Farm,IT2
ASV_00162,ASV_00524,0.4859154929577465,pos,Farm,IT2
ASV_00162,ASV_00533,0.5034965034965035,pos,Farm,IT2
ASV_00162,ASV_00542,0.5374149659863946,pos,Farm,IT2
ASV_00162,ASV_00544,0.5034965034965035,pos,Farm,IT2
ASV_00162,ASV_00550,0.5524475524475524,pos,Farm,IT2
ASV_00162,ASV_00554,0.5172413793103449,pos,Farm,IT2
ASV_00162,ASV_00555,0.5172413793103449,pos,Farm,IT2
ASV_00162,ASV_00556,0.5352112676056338,pos,Farm,IT2
ASV_00162,ASV_00570,0.48936170212765956,pos,Farm,IT2
ASV_00162,ASV_00581,0.5259259259259259,pos,Farm,IT2
ASV_00162,ASV_00587,0.5,pos,Farm,IT2
ASV_00162,ASV_00612,0.5241379310344828,pos,Farm,IT2
ASV_00162,ASV_00633,0.5314685314685315,pos,Farm,IT2
ASV_00162,ASV_00635,0.5448275862068965,pos,Farm,IT2
ASV_00162,ASV_00636,0.54,pos,Farm,IT2
ASV_00162,ASV_00643,0.5069444444444444,pos,Farm,IT2
ASV_00162,ASV_00651,0.5211267605633803,pos,Farm,IT2
ASV_00162,ASV_00654,0.5217391304347826,pos,Farm,IT2
ASV_00162,ASV_00662,0.5251798561151079,pos,Farm,IT2
ASV_00162,ASV_00665,0.48226950354609927,pos,Farm,IT2
ASV_00162,ASV_00671,0.5434782608695652,pos,Farm,IT2
ASV_00162,ASV_00687,0.5652173913043478,pos,Farm,IT2
ASV_00162,ASV_00724,0.5106382978723404,pos,Farm,IT2
ASV_00162,ASV_00757,0.5827338129496403,pos,Farm,IT2
ASV_00162,ASV_00758,0.5314685314685315,pos,Farm,IT2
ASV_00162,ASV_00760,0.5238095238095238,pos,Farm,IT2
ASV_00162,ASV_00772,0.5611510791366906,pos,Farm,IT2
ASV_00162,ASV_00789,0.5244755244755245,pos,Farm,IT2
ASV_00162,ASV_00801,0.5144927536231884,pos,Farm,IT2
ASV_00162,ASV_00807,0.5138888888888888,pos,Farm,IT2
ASV_00162,ASV_00808,0.5106382978723404,pos,Farm,IT2
ASV_00162,ASV_00809,0.5714285714285714,pos,Farm,IT2
ASV_00162,ASV_00811,0.5241379310344828,pos,Farm,IT2
ASV_00162,ASV_00815,0.5675675675675675,pos,Farm,IT2
ASV_00162,ASV_00845,0.4857142857142857,pos,Farm,IT2
ASV_00162,ASV_00848,0.5241379310344828,pos,Farm,IT2
ASV_00162,ASV_00865,0.5138888888888888,pos,Farm,IT2
ASV_00162,ASV_00875,0.527027027027027,pos,Farm,IT2
ASV_00162,ASV_00906,0.5510204081632653,pos,Farm,IT2
ASV_00162,ASV_00912,0.48201438848920863,pos,Farm,IT2
ASV_00162,ASV_00929,0.5205479452054794,pos,Farm,IT2
ASV_00162,ASV_00931,0.5106382978723404,pos,Farm,IT2
ASV_00162,ASV_00952,0.5035460992907801,pos,Farm,IT2
ASV_00162,ASV_01018,0.5106382978723404,pos,Farm,IT2
ASV_00162,ASV_01090,0.5379310344827586,pos,Farm,IT2
ASV_00162,ASV_01092,0.5586206896551724,pos,Farm,IT2
ASV_00162,ASV_01119,0.527027027027027,pos,Farm,IT2
ASV_00162,ASV_01153,0.49295774647887325,pos,Farm,IT2
ASV_00162,ASV_01249,0.5,pos,Farm,IT2
ASV_00162,ASV_01288,0.5172413793103449,pos,Farm,IT2
ASV_00162,ASV_01840,0.5,pos,Farm,IT2
ASV_00162,ASV_01941,0.5172413793103449,pos,Farm,IT2
ASV_00163,ASV_00176,0.47794117647058826,pos,Farm,IT2
ASV_00163,ASV_00177,0.48201438848920863,pos,Farm,IT2
ASV_00163,ASV_00182,0.5069444444444444,pos,Farm,IT2
ASV_00163,ASV_00183,0.5177304964539007,pos,Farm,IT2
ASV_00163,ASV_00189,0.4857142857142857,pos,Farm,IT2
ASV_00163,ASV_00192,0.5071428571428571,pos,Farm,IT2
ASV_00163,ASV_00202,0.463768115942029,pos,Farm,IT2
ASV_00163,ASV_00205,0.5310344827586206,pos,Farm,IT2
ASV_00163,ASV_00213,0.5136986301369864,pos,Farm,IT2
ASV_00163,ASV_00214,0.5071428571428571,pos,Farm,IT2
ASV_00163,ASV_00216,0.48226950354609927,pos,Farm,IT2
ASV_00163,ASV_00219,0.5454545454545454,pos,Farm,IT2
ASV_00163,ASV_00221,0.48226950354609927,pos,Farm,IT2
ASV_00163,ASV_00227,0.49295774647887325,pos,Farm,IT2
ASV_00163,ASV_00249,0.5,pos,Farm,IT2
ASV_00163,ASV_00262,0.5,pos,Farm,IT2
ASV_00163,ASV_00265,0.4892086330935252,pos,Farm,IT2
ASV_00163,ASV_00270,0.5306122448979592,pos,Farm,IT2
ASV_00163,ASV_00279,0.48175182481751827,pos,Farm,IT2
ASV_00163,ASV_00286,0.5588235294117647,pos,Farm,IT2
ASV_00163,ASV_00287,0.49640287769784175,pos,Farm,IT2
ASV_00163,ASV_00297,0.4859154929577465,pos,Farm,IT2
ASV_00163,ASV_00300,0.5170068027210885,pos,Farm,IT2
ASV_00163,ASV_00305,0.5422535211267606,pos,Farm,IT2
ASV_00163,ASV_00307,0.5220588235294118,pos,Farm,IT2
ASV_00163,ASV_00309,0.5357142857142857,pos,Farm,IT2
ASV_00163,ASV_00317,0.5,pos,Farm,IT2
ASV_00163,ASV_00320,0.4855072463768116,pos,Farm,IT2
ASV_00163,ASV_00324,0.5217391304347826,pos,Farm,IT2
ASV_00163,ASV_00330,0.49640287769784175,pos,Farm,IT2
ASV_00163,ASV_00334,0.5211267605633803,pos,Farm,IT2
ASV_00163,ASV_00335,0.46715328467153283,pos,Farm,IT2
ASV_00163,ASV_00337,0.5347222222222222,pos,Farm,IT2
ASV_00163,ASV_00339,0.49635036496350365,pos,Farm,IT2
ASV_00163,ASV_00340,0.5104895104895105,pos,Farm,IT2
ASV_00163,ASV_00343,0.5177304964539007,pos,Farm,IT2
ASV_00163,ASV_00346,0.5072463768115942,pos,Farm,IT2
ASV_00163,ASV_00353,0.48226950354609927,pos,Farm,IT2
ASV_00163,ASV_00354,0.48226950354609927,pos,Farm,IT2
ASV_00163,ASV_00359,0.48175182481751827,pos,Farm,IT2
ASV_00163,ASV_00372,0.48175182481751827,pos,Farm,IT2
ASV_00163,ASV_00376,0.5390070921985816,pos,Farm,IT2
ASV_00163,ASV_00377,0.4676258992805755,pos,Farm,IT2
ASV_00163,ASV_00378,0.5103448275862069,pos,Farm,IT2
ASV_00163,ASV_00380,0.5109489051094891,pos,Farm,IT2
ASV_00163,ASV_00402,0.47058823529411764,pos,Farm,IT2
ASV_00163,ASV_00403,0.5,pos,Farm,IT2
ASV_00163,ASV_00404,0.4748201438848921,pos,Farm,IT2
ASV_00163,ASV_00406,0.49635036496350365,pos,Farm,IT2
ASV_00163,ASV_00409,0.48201438848920863,pos,Farm,IT2
ASV_00163,ASV_00416,0.49645390070921985,pos,Farm,IT2
ASV_00163,ASV_00443,0.4892086330935252,pos,Farm,IT2
ASV_00163,ASV_00444,0.5035460992907801,pos,Farm,IT2
ASV_00163,ASV_00465,0.49645390070921985,pos,Farm,IT2
ASV_00163,ASV_00483,0.5277777777777778,pos,Farm,IT2
ASV_00163,ASV_00485,0.5034965034965035,pos,Farm,IT2
ASV_00163,ASV_00493,0.5314685314685315,pos,Farm,IT2
ASV_00163,ASV_00504,0.5205479452054794,pos,Farm,IT2
ASV_00163,ASV_00508,0.5072463768115942,pos,Farm,IT2
ASV_00163,ASV_00513,0.4859154929577465,pos,Farm,IT2
ASV_00163,ASV_00541,0.4859154929577465,pos,Farm,IT2
ASV_00163,ASV_00548,0.47101449275362317,pos,Farm,IT2
ASV_00163,ASV_00566,0.5071428571428571,pos,Farm,IT2
ASV_00163,ASV_00570,0.5185185185185185,pos,Farm,IT2
ASV_00163,ASV_00581,0.5,pos,Farm,IT2
ASV_00163,ASV_00592,0.5035460992907801,pos,Farm,IT2
ASV_00163,ASV_00615,0.48905109489051096,pos,Farm,IT2
ASV_00163,ASV_00633,0.5177304964539007,pos,Farm,IT2
ASV_00163,ASV_00638,0.5428571428571428,pos,Farm,IT2
ASV_00163,ASV_00645,0.48905109489051096,pos,Farm,IT2
ASV_00163,ASV_00651,0.4859154929577465,pos,Farm,IT2
ASV_00163,ASV_00679,0.5,pos,Farm,IT2
ASV_00163,ASV_00687,0.5179856115107914,pos,Farm,IT2
ASV_00163,ASV_00709,0.49645390070921985,pos,Farm,IT2
ASV_00163,ASV_00714,0.47101449275362317,pos,Farm,IT2
ASV_00163,ASV_00728,0.463768115942029,pos,Farm,IT2
ASV_00163,ASV_00757,0.5140845070422535,pos,Farm,IT2
ASV_00163,ASV_00760,0.5314685314685315,pos,Farm,IT2
ASV_00163,ASV_00798,0.5174825174825175,pos,Farm,IT2
ASV_00163,ASV_00801,0.4676258992805755,pos,Farm,IT2
ASV_00163,ASV_00809,0.5586206896551724,pos,Farm,IT2
ASV_00163,ASV_00815,0.5547945205479452,pos,Farm,IT2
ASV_00163,ASV_00829,0.48936170212765956,pos,Farm,IT2
ASV_00163,ASV_00842,0.49635036496350365,pos,Farm,IT2
ASV_00163,ASV_00875,0.5347222222222222,pos,Farm,IT2
ASV_00163,ASV_00931,0.49640287769784175,pos,Farm,IT2
ASV_00163,ASV_01023,0.5103448275862069,pos,Farm,IT2
ASV_00163,ASV_01065,0.49635036496350365,pos,Farm,IT2
ASV_00163,ASV_01071,0.5035971223021583,pos,Farm,IT2
ASV_00163,ASV_01092,0.5241379310344828,pos,Farm,IT2
ASV_00163,ASV_01101,0.5034965034965035,pos,Farm,IT2
ASV_00163,ASV_01124,0.5035460992907801,pos,Farm,IT2
ASV_00163,ASV_01276,0.4855072463768116,pos,Farm,IT2
ASV_00163,ASV_01328,0.5144927536231884,pos,Farm,IT2
ASV_00163,ASV_01385,0.48936170212765956,pos,Farm,IT2
ASV_00163,ASV_01491,0.5071428571428571,pos,Farm,IT2
ASV_00163,ASV_01578,0.5,pos,Farm,IT2
ASV_00163,ASV_02020,0.48936170212765956,pos,Farm,IT2
ASV_00163,ASV_02332,0.5069444444444444,pos,Farm,IT2
ASV_00164,ASV_00165,0.4748201438848921,pos,Farm,IT2
ASV_00164,ASV_00168,0.5241379310344828,pos,Farm,IT2
ASV_00164,ASV_00171,0.5390070921985816,pos,Farm,IT2
ASV_00164,ASV_00196,0.4748201438848921,pos,Farm,IT2
ASV_00164,ASV_00198,0.5071428571428571,pos,Farm,IT2
ASV_00164,ASV_00202,0.5037037037037037,pos,Farm,IT2
ASV_00164,ASV_00205,0.5486111111111112,pos,Farm,IT2
ASV_00164,ASV_00216,0.5328467153284672,pos,Farm,IT2
ASV_00164,ASV_00238,0.5034965034965035,pos,Farm,IT2
ASV_00164,ASV_00247,0.49645390070921985,pos,Farm,IT2
ASV_00164,ASV_00251,0.5211267605633803,pos,Farm,IT2
ASV_00164,ASV_00267,0.5036496350364964,pos,Farm,IT2
ASV_00164,ASV_00272,0.5035460992907801,pos,Farm,IT2
ASV_00164,ASV_00277,0.5170068027210885,pos,Farm,IT2
ASV_00164,ASV_00286,0.5,pos,Farm,IT2
ASV_00164,ASV_00290,0.527027027027027,pos,Farm,IT2
ASV_00164,ASV_00292,0.5352112676056338,pos,Farm,IT2
ASV_00164,ASV_00293,0.5202702702702703,pos,Farm,IT2
ASV_00164,ASV_00296,0.5223880597014925,pos,Farm,IT2
ASV_00164,ASV_00307,0.5522388059701493,pos,Farm,IT2
ASV_00164,ASV_00318,0.5177304964539007,pos,Farm,IT2
ASV_00164,ASV_00324,0.4859154929577465,pos,Farm,IT2
ASV_00164,ASV_00339,0.5147058823529411,pos,Farm,IT2
ASV_00164,ASV_00352,0.48936170212765956,pos,Farm,IT2
ASV_00164,ASV_00354,0.5107913669064749,pos,Farm,IT2
ASV_00164,ASV_00369,0.4965034965034965,pos,Farm,IT2
ASV_00164,ASV_00378,0.5172413793103449,pos,Farm,IT2
ASV_00164,ASV_00387,0.4965034965034965,pos,Farm,IT2
ASV_00164,ASV_00398,0.5,pos,Farm,IT2
ASV_00164,ASV_00402,0.47794117647058826,pos,Farm,IT2
ASV_00164,ASV_00422,0.5251798561151079,pos,Farm,IT2
ASV_00164,ASV_00451,0.5454545454545454,pos,Farm,IT2
ASV_00164,ASV_00452,0.49640287769784175,pos,Farm,IT2
ASV_00164,ASV_00468,0.4696969696969697,pos,Farm,IT2
ASV_00164,ASV_00493,0.5277777777777778,pos,Farm,IT2
ASV_00164,ASV_00498,0.4962962962962963,pos,Farm,IT2
ASV_00164,ASV_00508,0.48226950354609927,pos,Farm,IT2
ASV_00164,ASV_00524,0.4785714285714286,pos,Farm,IT2
ASV_00164,ASV_00533,0.5071428571428571,pos,Farm,IT2
ASV_00164,ASV_00536,0.5347222222222222,pos,Farm,IT2
ASV_00164,ASV_00548,0.48905109489051096,pos,Farm,IT2
ASV_00164,ASV_00550,0.5138888888888888,pos,Farm,IT2
ASV_00164,ASV_00551,0.524822695035461,pos,Farm,IT2
ASV_00164,ASV_00556,0.4965034965034965,pos,Farm,IT2
ASV_00164,ASV_00651,0.5251798561151079,pos,Farm,IT2
ASV_00164,ASV_00709,0.5251798561151079,pos,Farm,IT2
ASV_00164,ASV_00721,0.4676258992805755,pos,Farm,IT2
ASV_00164,ASV_00734,0.5,pos,Farm,IT2
ASV_00164,ASV_00769,0.49295774647887325,pos,Farm,IT2
ASV_00164,ASV_00822,0.5070422535211268,pos,Farm,IT2
ASV_00164,ASV_00829,0.5289855072463768,pos,Farm,IT2
ASV_00164,ASV_00865,0.4965034965034965,pos,Farm,IT2
ASV_00164,ASV_00880,0.4857142857142857,pos,Farm,IT2
ASV_00164,ASV_01090,0.5103448275862069,pos,Farm,IT2
ASV_00164,ASV_01119,0.5416666666666666,pos,Farm,IT2
ASV_00164,ASV_01124,0.5214285714285715,pos,Farm,IT2
ASV_00164,ASV_01179,0.4785714285714286,pos,Farm,IT2
ASV_00164,ASV_01223,0.45255474452554745,pos,Farm,IT2
ASV_00164,ASV_01417,0.5362318840579711,pos,Farm,IT2
ASV_00164,ASV_01459,0.5217391304347826,pos,Farm,IT2
ASV_00165,ASV_00166,0.4859154929577465,pos,Farm,IT2
ASV_00165,ASV_00177,0.4676258992805755,pos,Farm,IT2
ASV_00165,ASV_00178,0.5547445255474452,pos,Farm,IT2
ASV_00165,ASV_00181,0.539568345323741,pos,Farm,IT2
ASV_00165,ASV_00186,0.49645390070921985,pos,Farm,IT2
ASV_00165,ASV_00187,0.4928571428571429,pos,Farm,IT2
ASV_00165,ASV_00188,0.5034965034965035,pos,Farm,IT2
ASV_00165,ASV_00192,0.48226950354609927,pos,Farm,IT2
ASV_00165,ASV_00195,0.49295774647887325,pos,Farm,IT2
ASV_00165,ASV_00197,0.5107913669064749,pos,Farm,IT2
ASV_00165,ASV_00199,0.48148148148148145,pos,Farm,IT2
ASV_00165,ASV_00200,0.4676258992805755,pos,Farm,IT2
ASV_00165,ASV_00203,0.5107913669064749,pos,Farm,IT2
ASV_00165,ASV_00205,0.5172413793103449,pos,Farm,IT2
ASV_00165,ASV_00213,0.5314685314685315,pos,Farm,IT2
ASV_00165,ASV_00216,0.5681818181818182,pos,Farm,IT2
ASV_00165,ASV_00221,0.5109489051094891,pos,Farm,IT2
ASV_00165,ASV_00230,0.5214285714285715,pos,Farm,IT2
ASV_00165,ASV_00232,0.5140845070422535,pos,Farm,IT2
ASV_00165,ASV_00240,0.5259259259259259,pos,Farm,IT2
ASV_00165,ASV_00244,0.48936170212765956,pos,Farm,IT2
ASV_00165,ASV_00247,0.4857142857142857,pos,Farm,IT2
ASV_00165,ASV_00251,0.5,pos,Farm,IT2
ASV_00165,ASV_00266,0.5,pos,Farm,IT2
ASV_00165,ASV_00267,0.47101449275362317,pos,Farm,IT2
ASV_00165,ASV_00269,0.5234899328859061,pos,Farm,IT2
ASV_00165,ASV_00274,0.5241379310344828,pos,Farm,IT2
ASV_00165,ASV_00277,0.5172413793103449,pos,Farm,IT2
ASV_00165,ASV_00282,0.4892086330935252,pos,Farm,IT2
ASV_00165,ASV_00288,0.5319148936170213,pos,Farm,IT2
ASV_00165,ASV_00292,0.524822695035461,pos,Farm,IT2
ASV_00165,ASV_00293,0.5416666666666666,pos,Farm,IT2
ASV_00165,ASV_00294,0.5106382978723404,pos,Farm,IT2
ASV_00165,ASV_00296,0.5,pos,Farm,IT2
ASV_00165,ASV_00298,0.4740740740740741,pos,Farm,IT2
ASV_00165,ASV_00299,0.48201438848920863,pos,Farm,IT2
ASV_00165,ASV_00304,0.5241379310344828,pos,Farm,IT2
ASV_00165,ASV_00307,0.4855072463768116,pos,Farm,IT2
ASV_00165,ASV_00309,0.5323741007194245,pos,Farm,IT2
ASV_00165,ASV_00311,0.5244755244755245,pos,Farm,IT2
ASV_00165,ASV_00312,0.5357142857142857,pos,Farm,IT2
ASV_00165,ASV_00320,0.5037037037037037,pos,Farm,IT2
ASV_00165,ASV_00321,0.5602836879432624,pos,Farm,IT2
ASV_00165,ASV_00327,0.5147058823529411,pos,Farm,IT2
ASV_00165,ASV_00328,0.5,pos,Farm,IT2
ASV_00165,ASV_00333,0.5661764705882353,pos,Farm,IT2
ASV_00165,ASV_00339,0.48175182481751827,pos,Farm,IT2
ASV_00165,ASV_00340,0.4965034965034965,pos,Farm,IT2
ASV_00165,ASV_00343,0.5035460992907801,pos,Farm,IT2
ASV_00165,ASV_00345,0.5467625899280576,pos,Farm,IT2
ASV_00165,ASV_00361,0.5357142857142857,pos,Farm,IT2
ASV_00165,ASV_00369,0.49645390070921985,pos,Farm,IT2
ASV_00165,ASV_00381,0.4855072463768116,pos,Farm,IT2
ASV_00165,ASV_00393,0.48507462686567165,pos,Farm,IT2
ASV_00165,ASV_00398,0.5,pos,Farm,IT2
ASV_00165,ASV_00403,0.5070422535211268,pos,Farm,IT2
ASV_00165,ASV_00410,0.48226950354609927,pos,Farm,IT2
ASV_00165,ASV_00412,0.47101449275362317,pos,Farm,IT2
ASV_00165,ASV_00416,0.5035971223021583,pos,Farm,IT2
ASV_00165,ASV_00418,0.5,pos,Farm,IT2
ASV_00165,ASV_00421,0.5106382978723404,pos,Farm,IT2
ASV_00165,ASV_00425,0.4748201438848921,pos,Farm,IT2
ASV_00165,ASV_00437,0.48951048951048953,pos,Farm,IT2
ASV_00165,ASV_00438,0.5144927536231884,pos,Farm,IT2
ASV_00165,ASV_00441,0.4927536231884058,pos,Farm,IT2
ASV_00165,ASV_00445,0.48226950354609927,pos,Farm,IT2
ASV_00165,ASV_00454,0.5,pos,Farm,IT2
ASV_00165,ASV_00463,0.4965034965034965,pos,Farm,IT2
ASV_00165,ASV_00485,0.5106382978723404,pos,Farm,IT2
ASV_00165,ASV_00486,0.5172413793103449,pos,Farm,IT2
ASV_00165,ASV_00488,0.503448275862069,pos,Farm,IT2
ASV_00165,ASV_00494,0.5,pos,Farm,IT2
ASV_00165,ASV_00498,0.5307692307692308,pos,Farm,IT2
ASV_00165,ASV_00501,0.5071428571428571,pos,Farm,IT2
ASV_00165,ASV_00503,0.4928571428571429,pos,Farm,IT2
ASV_00165,ASV_00506,0.4782608695652174,pos,Farm,IT2
ASV_00165,ASV_00512,0.5103448275862069,pos,Farm,IT2
ASV_00165,ASV_00518,0.5208333333333334,pos,Farm,IT2
ASV_00165,ASV_00534,0.5136986301369864,pos,Farm,IT2
ASV_00165,ASV_00542,0.5422535211267606,pos,Farm,IT2
ASV_00165,ASV_00543,0.5106382978723404,pos,Farm,IT2
ASV_00165,ASV_00544,0.5072463768115942,pos,Farm,IT2
ASV_00165,ASV_00551,0.49295774647887325,pos,Farm,IT2
ASV_00165,ASV_00554,0.5,pos,Farm,IT2
ASV_00165,ASV_00556,0.5071428571428571,pos,Farm,IT2
ASV_00165,ASV_00596,0.4740740740740741,pos,Farm,IT2
ASV_00165,ASV_00620,0.5177304964539007,pos,Farm,IT2
ASV_00165,ASV_00633,0.5142857142857142,pos,Farm,IT2
ASV_00165,ASV_00635,0.528169014084507,pos,Farm,IT2
ASV_00165,ASV_00638,0.5070422535211268,pos,Farm,IT2
ASV_00165,ASV_00641,0.5174825174825175,pos,Farm,IT2
ASV_00165,ASV_00654,0.47101449275362317,pos,Farm,IT2
ASV_00165,ASV_00656,0.5071428571428571,pos,Farm,IT2
ASV_00165,ASV_00662,0.4855072463768116,pos,Farm,IT2
ASV_00165,ASV_00671,0.48201438848920863,pos,Farm,IT2
ASV_00165,ASV_00673,0.5068493150684932,pos,Farm,IT2
ASV_00165,ASV_00687,0.5035971223021583,pos,Farm,IT2
ASV_00165,ASV_00709,0.48226950354609927,pos,Farm,IT2
ASV_00165,ASV_00714,0.47794117647058826,pos,Farm,IT2
ASV_00165,ASV_00732,0.5333333333333333,pos,Farm,IT2
ASV_00165,ASV_00757,0.48951048951048953,pos,Farm,IT2
ASV_00165,ASV_00760,0.55,pos,Farm,IT2
ASV_00165,ASV_00769,0.48226950354609927,pos,Farm,IT2
ASV_00165,ASV_00772,0.5217391304347826,pos,Farm,IT2
ASV_00165,ASV_00781,0.48226950354609927,pos,Farm,IT2
ASV_00165,ASV_00789,0.4859154929577465,pos,Farm,IT2
ASV_00165,ASV_00801,0.5419847328244275,pos,Farm,IT2
ASV_00165,ASV_00806,0.5,pos,Farm,IT2
ASV_00165,ASV_00807,0.4859154929577465,pos,Farm,IT2
ASV_00165,ASV_00808,0.5147058823529411,pos,Farm,IT2
ASV_00165,ASV_00809,0.5448275862068965,pos,Farm,IT2
ASV_00165,ASV_00821,0.49295774647887325,pos,Farm,IT2
ASV_00165,ASV_00822,0.4859154929577465,pos,Farm,IT2
ASV_00165,ASV_00829,0.4857142857142857,pos,Farm,IT2
ASV_00165,ASV_00865,0.4859154929577465,pos,Farm,IT2
ASV_00165,ASV_00873,0.4852941176470588,pos,Farm,IT2
ASV_00165,ASV_00906,0.5136986301369864,pos,Farm,IT2
ASV_00165,ASV_00931,0.4927536231884058,pos,Farm,IT2
ASV_00165,ASV_00935,0.5,pos,Farm,IT2
ASV_00165,ASV_00952,0.5298507462686567,pos,Farm,IT2
ASV_00165,ASV_00989,0.5075757575757576,pos,Farm,IT2
ASV_00165,ASV_01090,0.5211267605633803,pos,Farm,IT2
ASV_00165,ASV_01092,0.5208333333333334,pos,Farm,IT2
ASV_00165,ASV_01101,0.48951048951048953,pos,Farm,IT2
ASV_00165,ASV_01119,0.5422535211267606,pos,Farm,IT2
ASV_00165,ASV_01276,0.49264705882352944,pos,Farm,IT2
ASV_00165,ASV_01288,0.48951048951048953,pos,Farm,IT2
ASV_00165,ASV_01385,0.49640287769784175,pos,Farm,IT2
ASV_00165,ASV_01458,0.4925373134328358,pos,Farm,IT2
ASV_00165,ASV_02020,0.49640287769784175,pos,Farm,IT2
ASV_00166,ASV_00167,0.5205479452054794,pos,Farm,IT2
ASV_00166,ASV_00168,0.5337837837837838,pos,Farm,IT2
ASV_00166,ASV_00178,0.5205479452054794,pos,Farm,IT2
ASV_00166,ASV_00179,0.5533333333333333,pos,Farm,IT2
ASV_00166,ASV_00181,0.5486111111111112,pos,Farm,IT2
ASV_00166,ASV_00182,0.5448275862068965,pos,Farm,IT2
ASV_00166,ASV_00183,0.5563380281690141,pos,Farm,IT2
ASV_00166,ASV_00185,0.5069444444444444,pos,Farm,IT2
ASV_00166,ASV_00186,0.5492957746478874,pos,Farm,IT2
ASV_00166,ASV_00200,0.5323741007194245,pos,Farm,IT2
ASV_00166,ASV_00205,0.5578231292517006,pos,Farm,IT2
ASV_00166,ASV_00210,0.5405405405405406,pos,Farm,IT2
ASV_00166,ASV_00211,0.5,pos,Farm,IT2
ASV_00166,ASV_00213,0.5944055944055944,pos,Farm,IT2
ASV_00166,ASV_00218,0.5103448275862069,pos,Farm,IT2
ASV_00166,ASV_00219,0.5405405405405406,pos,Farm,IT2
ASV_00166,ASV_00228,0.49295774647887325,pos,Farm,IT2
ASV_00166,ASV_00231,0.528169014084507,pos,Farm,IT2
ASV_00166,ASV_00232,0.5886524822695035,pos,Farm,IT2
ASV_00166,ASV_00233,0.4965034965034965,pos,Farm,IT2
ASV_00166,ASV_00237,0.5374149659863946,pos,Farm,IT2
ASV_00166,ASV_00247,0.5069444444444444,pos,Farm,IT2
ASV_00166,ASV_00249,0.5174825174825175,pos,Farm,IT2
ASV_00166,ASV_00259,0.5073529411764706,pos,Farm,IT2
ASV_00166,ASV_00274,0.5540540540540541,pos,Farm,IT2
ASV_00166,ASV_00275,0.5405405405405406,pos,Farm,IT2
ASV_00166,ASV_00293,0.5714285714285714,pos,Farm,IT2
ASV_00166,ASV_00297,0.5244755244755245,pos,Farm,IT2
ASV_00166,ASV_00305,0.5374149659863946,pos,Farm,IT2
ASV_00166,ASV_00308,0.5467625899280576,pos,Farm,IT2
ASV_00166,ASV_00315,0.5,pos,Farm,IT2
ASV_00166,ASV_00325,0.5103448275862069,pos,Farm,IT2
ASV_00166,ASV_00326,0.4965034965034965,pos,Farm,IT2
ASV_00166,ASV_00327,0.5034965034965035,pos,Farm,IT2
ASV_00166,ASV_00330,0.5140845070422535,pos,Farm,IT2
ASV_00166,ASV_00331,0.581081081081081,pos,Farm,IT2
ASV_00166,ASV_00333,0.5416666666666666,pos,Farm,IT2
ASV_00166,ASV_00336,0.5138888888888888,pos,Farm,IT2
ASV_00166,ASV_00339,0.49295774647887325,pos,Farm,IT2
ASV_00166,ASV_00342,0.5571428571428572,pos,Farm,IT2
ASV_00166,ASV_00347,0.5342465753424658,pos,Farm,IT2
ASV_00166,ASV_00357,0.5106382978723404,pos,Farm,IT2
ASV_00166,ASV_00359,0.5555555555555556,pos,Farm,IT2
ASV_00166,ASV_00361,0.5555555555555556,pos,Farm,IT2
ASV_00166,ASV_00367,0.4965034965034965,pos,Farm,IT2
ASV_00166,ASV_00368,0.5174825174825175,pos,Farm,IT2
ASV_00166,ASV_00391,0.49295774647887325,pos,Farm,IT2
ASV_00166,ASV_00395,0.5070422535211268,pos,Farm,IT2
ASV_00166,ASV_00400,0.5379310344827586,pos,Farm,IT2
ASV_00166,ASV_00404,0.49295774647887325,pos,Farm,IT2
ASV_00166,ASV_00406,0.49295774647887325,pos,Farm,IT2
ASV_00166,ASV_00411,0.5384615384615384,pos,Farm,IT2
ASV_00166,ASV_00418,0.5211267605633803,pos,Farm,IT2
ASV_00166,ASV_00421,0.5310344827586206,pos,Farm,IT2
ASV_00166,ASV_00426,0.5562913907284768,pos,Farm,IT2
ASV_00166,ASV_00440,0.5070422535211268,pos,Farm,IT2
ASV_00166,ASV_00443,0.4965034965034965,pos,Farm,IT2
ASV_00166,ASV_00445,0.5138888888888888,pos,Farm,IT2
ASV_00166,ASV_00453,0.5454545454545454,pos,Farm,IT2
ASV_00166,ASV_00460,0.5241379310344828,pos,Farm,IT2
ASV_00166,ASV_00463,0.5379310344827586,pos,Farm,IT2
ASV_00166,ASV_00474,0.5205479452054794,pos,Farm,IT2
ASV_00166,ASV_00482,0.6013513513513513,pos,Farm,IT2
ASV_00166,ASV_00486,0.5369127516778524,pos,Farm,IT2
ASV_00166,ASV_00488,0.5337837837837838,pos,Farm,IT2
ASV_00166,ASV_00512,0.5405405405405406,pos,Farm,IT2
ASV_00166,ASV_00517,0.4965034965034965,pos,Farm,IT2
ASV_00166,ASV_00518,0.5510204081632653,pos,Farm,IT2
ASV_00166,ASV_00530,0.5208333333333334,pos,Farm,IT2
ASV_00166,ASV_00541,0.5683453237410072,pos,Farm,IT2
ASV_00166,ASV_00544,0.55,pos,Farm,IT2
ASV_00166,ASV_00550,0.5342465753424658,pos,Farm,IT2
ASV_00166,ASV_00554,0.574468085106383,pos,Farm,IT2
ASV_00166,ASV_00563,0.5416666666666666,pos,Farm,IT2
ASV_00166,ASV_00570,0.49295774647887325,pos,Farm,IT2
ASV_00166,ASV_00574,0.5342465753424658,pos,Farm,IT2
ASV_00166,ASV_00581,0.4857142857142857,pos,Farm,IT2
ASV_00166,ASV_00595,0.5140845070422535,pos,Farm,IT2
ASV_00166,ASV_00596,0.5072463768115942,pos,Farm,IT2
ASV_00166,ASV_00612,0.5273972602739726,pos,Farm,IT2
ASV_00166,ASV_00620,0.5273972602739726,pos,Farm,IT2
ASV_00166,ASV_00633,0.5136986301369864,pos,Farm,IT2
ASV_00166,ASV_00635,0.547945205479452,pos,Farm,IT2
ASV_00166,ASV_00636,0.5533333333333333,pos,Farm,IT2
ASV_00166,ASV_00638,0.5273972602739726,pos,Farm,IT2
ASV_00166,ASV_00643,0.5531914893617021,pos,Farm,IT2
ASV_00166,ASV_00645,0.4859154929577465,pos,Farm,IT2
ASV_00166,ASV_00666,0.5306122448979592,pos,Farm,IT2
ASV_00166,ASV_00673,0.5369127516778524,pos,Farm,IT2
ASV_00166,ASV_00686,0.5172413793103449,pos,Farm,IT2
ASV_00166,ASV_00687,0.5352112676056338,pos,Farm,IT2
ASV_00166,ASV_00697,0.49295774647887325,pos,Farm,IT2
ASV_00166,ASV_00709,0.5683453237410072,pos,Farm,IT2
ASV_00166,ASV_00718,0.5071428571428571,pos,Farm,IT2
ASV_00166,ASV_00727,0.5177304964539007,pos,Farm,IT2
ASV_00166,ASV_00732,0.5211267605633803,pos,Farm,IT2
ASV_00166,ASV_00757,0.5310344827586206,pos,Farm,IT2
ASV_00166,ASV_00772,0.5103448275862069,pos,Farm,IT2
ASV_00166,ASV_00782,0.5138888888888888,pos,Farm,IT2
ASV_00166,ASV_00798,0.5448275862068965,pos,Farm,IT2
ASV_00166,ASV_00801,0.49645390070921985,pos,Farm,IT2
ASV_00166,ASV_00807,0.5384615384615384,pos,Farm,IT2
ASV_00166,ASV_00808,0.524822695035461,pos,Farm,IT2
ASV_00166,ASV_00809,0.6068965517241379,pos,Farm,IT2
ASV_00166,ASV_00815,0.5496688741721855,pos,Farm,IT2
ASV_00166,ASV_00821,0.5136986301369864,pos,Farm,IT2
ASV_00166,ASV_00829,0.5069444444444444,pos,Farm,IT2
ASV_00166,ASV_00843,0.5379310344827586,pos,Farm,IT2
ASV_00166,ASV_00848,0.5273972602739726,pos,Farm,IT2
ASV_00166,ASV_00869,0.5374149659863946,pos,Farm,IT2
ASV_00166,ASV_00875,0.5510204081632653,pos,Farm,IT2
ASV_00166,ASV_00924,0.4892086330935252,pos,Farm,IT2
ASV_00166,ASV_00929,0.5342465753424658,pos,Farm,IT2
ASV_00166,ASV_00959,0.5103448275862069,pos,Farm,IT2
ASV_00166,ASV_00984,0.5384615384615384,pos,Farm,IT2
ASV_00166,ASV_01071,0.5319148936170213,pos,Farm,IT2
ASV_00166,ASV_01092,0.5405405405405406,pos,Farm,IT2
ASV_00166,ASV_01119,0.5405405405405406,pos,Farm,IT2
ASV_00166,ASV_01124,0.5208333333333334,pos,Farm,IT2
ASV_00166,ASV_01249,0.5140845070422535,pos,Farm,IT2
ASV_00166,ASV_01250,0.5655172413793104,pos,Farm,IT2
ASV_00166,ASV_01267,0.528169014084507,pos,Farm,IT2
ASV_00166,ASV_01276,0.5251798561151079,pos,Farm,IT2
ASV_00166,ASV_01349,0.5103448275862069,pos,Farm,IT2
ASV_00166,ASV_01426,0.49295774647887325,pos,Farm,IT2
ASV_00166,ASV_01458,0.4928571428571429,pos,Farm,IT2
ASV_00166,ASV_02149,0.5,pos,Farm,IT2
ASV_00167,ASV_00196,0.5106382978723404,pos,Farm,IT2
ASV_00167,ASV_00202,0.4859154929577465,pos,Farm,IT2
ASV_00167,ASV_00210,0.5436241610738255,pos,Farm,IT2
ASV_00167,ASV_00212,0.5103448275862069,pos,Farm,IT2
ASV_00167,ASV_00247,0.5103448275862069,pos,Farm,IT2
ASV_00167,ASV_00249,0.5103448275862069,pos,Farm,IT2
ASV_00167,ASV_00267,0.5070422535211268,pos,Farm,IT2
ASV_00167,ASV_00270,0.5496688741721855,pos,Farm,IT2
ASV_00167,ASV_00303,0.49295774647887325,pos,Farm,IT2
ASV_00167,ASV_00317,0.5422535211267606,pos,Farm,IT2
ASV_00167,ASV_00357,0.5140845070422535,pos,Farm,IT2
ASV_00167,ASV_00384,0.5172413793103449,pos,Farm,IT2
ASV_00167,ASV_00395,0.5104895104895105,pos,Farm,IT2
ASV_00167,ASV_00403,0.5625,pos,Farm,IT2
ASV_00167,ASV_00404,0.5070422535211268,pos,Farm,IT2
ASV_00167,ASV_00428,0.48951048951048953,pos,Farm,IT2
ASV_00167,ASV_00441,0.5069444444444444,pos,Farm,IT2
ASV_00167,ASV_00453,0.5273972602739726,pos,Farm,IT2
ASV_00167,ASV_00454,0.5337837837837838,pos,Farm,IT2
ASV_00167,ASV_00455,0.5390070921985816,pos,Farm,IT2
ASV_00167,ASV_00459,0.5273972602739726,pos,Farm,IT2
ASV_00167,ASV_00503,0.5172413793103449,pos,Farm,IT2
ASV_00167,ASV_00513,0.5384615384615384,pos,Farm,IT2
ASV_00167,ASV_00572,0.5743243243243243,pos,Farm,IT2
ASV_00167,ASV_00574,0.5804195804195804,pos,Farm,IT2
ASV_00167,ASV_00587,0.5069444444444444,pos,Farm,IT2
ASV_00167,ASV_00592,0.5136986301369864,pos,Farm,IT2
ASV_00167,ASV_00594,0.5136986301369864,pos,Farm,IT2
ASV_00167,ASV_00633,0.5379310344827586,pos,Farm,IT2
ASV_00167,ASV_00635,0.5510204081632653,pos,Farm,IT2
ASV_00167,ASV_00638,0.541095890410959,pos,Farm,IT2
ASV_00167,ASV_00665,0.48951048951048953,pos,Farm,IT2
ASV_00167,ASV_00757,0.5238095238095238,pos,Farm,IT2
ASV_00167,ASV_00769,0.5172413793103449,pos,Farm,IT2
ASV_00167,ASV_00772,0.5136986301369864,pos,Farm,IT2
ASV_00167,ASV_00807,0.574468085106383,pos,Farm,IT2
ASV_00167,ASV_00821,0.5273972602739726,pos,Farm,IT2
ASV_00167,ASV_00842,0.5285714285714286,pos,Farm,IT2
ASV_00167,ASV_00848,0.541095890410959,pos,Farm,IT2
ASV_00167,ASV_01018,0.5069444444444444,pos,Farm,IT2
ASV_00167,ASV_01023,0.5510204081632653,pos,Farm,IT2
ASV_00167,ASV_01092,0.5436241610738255,pos,Farm,IT2
ASV_00167,ASV_01119,0.5540540540540541,pos,Farm,IT2
ASV_00167,ASV_01426,0.5070422535211268,pos,Farm,IT2
ASV_00167,ASV_01458,0.5071428571428571,pos,Farm,IT2
ASV_00167,ASV_01459,0.5138888888888888,pos,Farm,IT2
ASV_00167,ASV_01512,0.5035460992907801,pos,Farm,IT2
ASV_00168,ASV_00169,0.5616438356164384,pos,Farm,IT2
ASV_00168,ASV_00170,0.5986842105263158,pos,Farm,IT2
ASV_00168,ASV_00184,0.5273972602739726,pos,Farm,IT2
ASV_00168,ASV_00186,0.5547945205479452,pos,Farm,IT2
ASV_00168,ASV_00191,0.5928571428571429,pos,Farm,IT2
ASV_00168,ASV_00193,0.5684931506849316,pos,Farm,IT2
ASV_00168,ASV_00194,0.56,pos,Farm,IT2
ASV_00168,ASV_00198,0.5238095238095238,pos,Farm,IT2
ASV_00168,ASV_00199,0.5104895104895105,pos,Farm,IT2
ASV_00168,ASV_00200,0.5277777777777778,pos,Farm,IT2
ASV_00168,ASV_00205,0.5838926174496645,pos,Farm,IT2
ASV_00168,ASV_00206,0.5069444444444444,pos,Farm,IT2
ASV_00168,ASV_00208,0.5379310344827586,pos,Farm,IT2
ASV_00168,ASV_00212,0.5238095238095238,pos,Farm,IT2
ASV_00168,ASV_00213,0.5562913907284768,pos,Farm,IT2
ASV_00168,ASV_00216,0.5273972602739726,pos,Farm,IT2
ASV_00168,ASV_00228,0.5103448275862069,pos,Farm,IT2
ASV_00168,ASV_00233,0.5136986301369864,pos,Farm,IT2
ASV_00168,ASV_00240,0.5416666666666666,pos,Farm,IT2
ASV_00168,ASV_00242,0.5106382978723404,pos,Farm,IT2
ASV_00168,ASV_00243,0.54421768707483,pos,Farm,IT2
ASV_00168,ASV_00247,0.5555555555555556,pos,Farm,IT2
ASV_00168,ASV_00250,0.5369127516778524,pos,Farm,IT2
ASV_00168,ASV_00251,0.5578231292517006,pos,Farm,IT2
ASV_00168,ASV_00252,0.5555555555555556,pos,Farm,IT2
ASV_00168,ASV_00257,0.5369127516778524,pos,Farm,IT2
ASV_00168,ASV_00263,0.5466666666666666,pos,Farm,IT2
ASV_00168,ASV_00270,0.5723684210526315,pos,Farm,IT2
ASV_00168,ASV_00275,0.5562913907284768,pos,Farm,IT2
ASV_00168,ASV_00276,0.5608108108108109,pos,Farm,IT2
ASV_00168,ASV_00278,0.5436241610738255,pos,Farm,IT2
ASV_00168,ASV_00282,0.5273972602739726,pos,Farm,IT2
ASV_00168,ASV_00283,0.5714285714285714,pos,Farm,IT2
ASV_00168,ASV_00285,0.5416666666666666,pos,Farm,IT2
ASV_00168,ASV_00287,0.5416666666666666,pos,Farm,IT2
ASV_00168,ASV_00288,0.5675675675675675,pos,Farm,IT2
ASV_00168,ASV_00292,0.5821917808219178,pos,Farm,IT2
ASV_00168,ASV_00297,0.5845070422535211,pos,Farm,IT2
ASV_00168,ASV_00299,0.5205479452054794,pos,Farm,IT2
ASV_00168,ASV_00309,0.5369127516778524,pos,Farm,IT2
ASV_00168,ASV_00321,0.5733333333333334,pos,Farm,IT2
ASV_00168,ASV_00323,0.547945205479452,pos,Farm,IT2
ASV_00168,ASV_00324,0.5238095238095238,pos,Farm,IT2
ASV_00168,ASV_00326,0.5347222222222222,pos,Farm,IT2
ASV_00168,ASV_00328,0.5369127516778524,pos,Farm,IT2
ASV_00168,ASV_00331,0.5751633986928104,pos,Farm,IT2
ASV_00168,ASV_00333,0.5472972972972973,pos,Farm,IT2
ASV_00168,ASV_00335,0.5140845070422535,pos,Farm,IT2
ASV_00168,ASV_00337,0.5771812080536913,pos,Farm,IT2
ASV_00168,ASV_00339,0.5103448275862069,pos,Farm,IT2
ASV_00168,ASV_00340,0.5436241610738255,pos,Farm,IT2
ASV_00168,ASV_00346,0.5416666666666666,pos,Farm,IT2
ASV_00168,ASV_00347,0.5714285714285714,pos,Farm,IT2
ASV_00168,ASV_00352,0.5273972602739726,pos,Farm,IT2
ASV_00168,ASV_00354,0.5594405594405595,pos,Farm,IT2
ASV_00168,ASV_00355,0.5944055944055944,pos,Farm,IT2
ASV_00168,ASV_00359,0.55,pos,Farm,IT2
ASV_00168,ASV_00373,0.5172413793103449,pos,Farm,IT2
ASV_00168,ASV_00376,0.5714285714285714,pos,Farm,IT2
ASV_00168,ASV_00377,0.503448275862069,pos,Farm,IT2
ASV_00168,ASV_00380,0.5563380281690141,pos,Farm,IT2
ASV_00168,ASV_00384,0.5625,pos,Farm,IT2
ASV_00168,ASV_00389,0.5337837837837838,pos,Farm,IT2
ASV_00168,ASV_00390,0.5838926174496645,pos,Farm,IT2
ASV_00168,ASV_00395,0.5454545454545454,pos,Farm,IT2
ASV_00168,ASV_00398,0.5472972972972973,pos,Farm,IT2
ASV_00168,ASV_00399,0.5684931506849316,pos,Farm,IT2
ASV_00168,ASV_00403,0.5436241610738255,pos,Farm,IT2
ASV_00168,ASV_00404,0.5531914893617021,pos,Farm,IT2
ASV_00168,ASV_00410,0.5517241379310345,pos,Farm,IT2
ASV_00168,ASV_00411,0.5337837837837838,pos,Farm,IT2
ASV_00168,ASV_00412,0.5103448275862069,pos,Farm,IT2
ASV_00168,ASV_00423,0.5503355704697986,pos,Farm,IT2
ASV_00168,ASV_00438,0.5845070422535211,pos,Farm,IT2
ASV_00168,ASV_00440,0.5347222222222222,pos,Farm,IT2
ASV_00168,ASV_00442,0.5570469798657718,pos,Farm,IT2
ASV_00168,ASV_00443,0.5347222222222222,pos,Farm,IT2
ASV_00168,ASV_00444,0.527027027027027,pos,Farm,IT2
ASV_00168,ASV_00451,0.5704697986577181,pos,Farm,IT2
ASV_00168,ASV_00453,0.5724137931034483,pos,Farm,IT2
ASV_00168,ASV_00460,0.5724137931034483,pos,Farm,IT2
ASV_00168,ASV_00465,0.541095890410959,pos,Farm,IT2
ASV_00168,ASV_00468,0.4785714285714286,pos,Farm,IT2
ASV_00168,ASV_00471,0.5337837837837838,pos,Farm,IT2
ASV_00168,ASV_00477,0.5405405405405406,pos,Farm,IT2
ASV_00168,ASV_00486,0.5629139072847682,pos,Farm,IT2
ASV_00168,ASV_00493,0.5743243243243243,pos,Farm,IT2
ASV_00168,ASV_00494,0.5374149659863946,pos,Farm,IT2
ASV_00168,ASV_00498,0.5357142857142857,pos,Farm,IT2
ASV_00168,ASV_00506,0.5384615384615384,pos,Farm,IT2
ASV_00168,ASV_00508,0.574468085106383,pos,Farm,IT2
ASV_00168,ASV_00511,0.5211267605633803,pos,Farm,IT2
ASV_00168,ASV_00513,0.5517241379310345,pos,Farm,IT2
ASV_00168,ASV_00517,0.5563380281690141,pos,Farm,IT2
ASV_00168,ASV_00518,0.5771812080536913,pos,Farm,IT2
ASV_00168,ASV_00528,0.5524475524475524,pos,Farm,IT2
ASV_00168,ASV_00533,0.5448275862068965,pos,Farm,IT2
ASV_00168,ASV_00534,0.6122448979591837,pos,Farm,IT2
ASV_00168,ASV_00541,0.5625,pos,Farm,IT2
ASV_00168,ASV_00548,0.5390070921985816,pos,Farm,IT2
ASV_00168,ASV_00550,0.5821917808219178,pos,Farm,IT2
ASV_00168,ASV_00555,0.5684931506849316,pos,Farm,IT2
ASV_00168,ASV_00559,0.5238095238095238,pos,Farm,IT2
ASV_00168,ASV_00569,0.5454545454545454,pos,Farm,IT2
ASV_00168,ASV_00571,0.5369127516778524,pos,Farm,IT2
ASV_00168,ASV_00581,0.4930555555555556,pos,Farm,IT2
ASV_00168,ASV_00612,0.5436241610738255,pos,Farm,IT2
ASV_00168,ASV_00615,0.503448275862069,pos,Farm,IT2
ASV_00168,ASV_00620,0.5540540540540541,pos,Farm,IT2
ASV_00168,ASV_00630,0.5069444444444444,pos,Farm,IT2
ASV_00168,ASV_00636,0.6551724137931034,pos,Farm,IT2
ASV_00168,ASV_00638,0.5436241610738255,pos,Farm,IT2
ASV_00168,ASV_00643,0.5586206896551724,pos,Farm,IT2
ASV_00168,ASV_00651,0.5517241379310345,pos,Farm,IT2
ASV_00168,ASV_00654,0.5103448275862069,pos,Farm,IT2
ASV_00168,ASV_00656,0.5337837837837838,pos,Farm,IT2
ASV_00168,ASV_00668,0.5524475524475524,pos,Farm,IT2
ASV_00168,ASV_00673,0.5838926174496645,pos,Farm,IT2
ASV_00168,ASV_00676,0.5704697986577181,pos,Farm,IT2
ASV_00168,ASV_00686,0.5655172413793104,pos,Farm,IT2
ASV_00168,ASV_00687,0.5306122448979592,pos,Farm,IT2
ASV_00168,ASV_00709,0.5306122448979592,pos,Farm,IT2
ASV_00168,ASV_00724,0.5857142857142857,pos,Farm,IT2
ASV_00168,ASV_00728,0.5,pos,Farm,IT2
ASV_00168,ASV_00734,0.5472972972972973,pos,Farm,IT2
ASV_00168,ASV_00760,0.5743243243243243,pos,Farm,IT2
ASV_00168,ASV_00769,0.5517241379310345,pos,Farm,IT2
ASV_00168,ASV_00778,0.5,pos,Farm,IT2
ASV_00168,ASV_00782,0.5625,pos,Farm,IT2
ASV_00168,ASV_00808,0.5205479452054794,pos,Farm,IT2
ASV_00168,ASV_00815,0.5751633986928104,pos,Farm,IT2
ASV_00168,ASV_00821,0.5833333333333334,pos,Farm,IT2
ASV_00168,ASV_00822,0.5547945205479452,pos,Farm,IT2
ASV_00168,ASV_00829,0.5664335664335665,pos,Farm,IT2
ASV_00168,ASV_00848,0.5753424657534246,pos,Farm,IT2
ASV_00168,ASV_00865,0.5547945205479452,pos,Farm,IT2
ASV_00168,ASV_00912,0.5034965034965035,pos,Farm,IT2
ASV_00168,ASV_00929,0.5503355704697986,pos,Farm,IT2
ASV_00168,ASV_00966,0.5034965034965035,pos,Farm,IT2
ASV_00168,ASV_01092,0.5771812080536913,pos,Farm,IT2
ASV_00168,ASV_01119,0.5562913907284768,pos,Farm,IT2
ASV_00168,ASV_01179,0.5384615384615384,pos,Farm,IT2
ASV_00168,ASV_01249,0.5205479452054794,pos,Farm,IT2
ASV_00168,ASV_01276,0.5208333333333334,pos,Farm,IT2
ASV_00168,ASV_01288,0.5472972972972973,pos,Farm,IT2
ASV_00168,ASV_01458,0.5211267605633803,pos,Farm,IT2
ASV_00168,ASV_01491,0.541095890410959,pos,Farm,IT2
ASV_00168,ASV_01578,0.5985915492957746,pos,Farm,IT2
ASV_00168,ASV_02149,0.5277777777777778,pos,Farm,IT2
ASV_00169,ASV_00172,0.5136986301369864,pos,Farm,IT2
ASV_00169,ASV_00173,0.5821917808219178,pos,Farm,IT2
ASV_00169,ASV_00183,0.5310344827586206,pos,Farm,IT2
ASV_00169,ASV_00186,0.5454545454545454,pos,Farm,IT2
ASV_00169,ASV_00187,0.5103448275862069,pos,Farm,IT2
ASV_00169,ASV_00188,0.5306122448979592,pos,Farm,IT2
ASV_00169,ASV_00194,0.5510204081632653,pos,Farm,IT2
ASV_00169,ASV_00195,0.5310344827586206,pos,Farm,IT2
ASV_00169,ASV_00196,0.5251798561151079,pos,Farm,IT2
ASV_00169,ASV_00197,0.5277777777777778,pos,Farm,IT2
ASV_00169,ASV_00199,0.5107913669064749,pos,Farm,IT2
ASV_00169,ASV_00200,0.5070422535211268,pos,Farm,IT2
ASV_00169,ASV_00231,0.5138888888888888,pos,Farm,IT2
ASV_00169,ASV_00233,0.5034965034965035,pos,Farm,IT2
ASV_00169,ASV_00235,0.4927536231884058,pos,Farm,IT2
ASV_00169,ASV_00238,0.5416666666666666,pos,Farm,IT2
ASV_00169,ASV_00240,0.5211267605633803,pos,Farm,IT2
ASV_00169,ASV_00251,0.5273972602739726,pos,Farm,IT2
ASV_00169,ASV_00252,0.5138888888888888,pos,Farm,IT2
ASV_00169,ASV_00259,0.4714285714285714,pos,Farm,IT2
ASV_00169,ASV_00263,0.547945205479452,pos,Farm,IT2
ASV_00169,ASV_00271,0.460431654676259,pos,Farm,IT2
ASV_00169,ASV_00272,0.5208333333333334,pos,Farm,IT2
ASV_00169,ASV_00273,0.5563380281690141,pos,Farm,IT2
ASV_00169,ASV_00275,0.5369127516778524,pos,Farm,IT2
ASV_00169,ASV_00288,0.5915492957746479,pos,Farm,IT2
ASV_00169,ASV_00292,0.5845070422535211,pos,Farm,IT2
ASV_00169,ASV_00295,0.5310344827586206,pos,Farm,IT2
ASV_00169,ASV_00296,0.5071428571428571,pos,Farm,IT2
ASV_00169,ASV_00307,0.5140845070422535,pos,Farm,IT2
ASV_00169,ASV_00323,0.5172413793103449,pos,Farm,IT2
ASV_00169,ASV_00324,0.5138888888888888,pos,Farm,IT2
ASV_00169,ASV_00330,0.5104895104895105,pos,Farm,IT2
ASV_00169,ASV_00334,0.5774647887323944,pos,Farm,IT2
ASV_00169,ASV_00335,0.4928571428571429,pos,Farm,IT2
ASV_00169,ASV_00339,0.5323741007194245,pos,Farm,IT2
ASV_00169,ASV_00345,0.541095890410959,pos,Farm,IT2
ASV_00169,ASV_00367,0.524822695035461,pos,Farm,IT2
ASV_00169,ASV_00376,0.5306122448979592,pos,Farm,IT2
ASV_00169,ASV_00378,0.54421768707483,pos,Farm,IT2
ASV_00169,ASV_00389,0.5347222222222222,pos,Farm,IT2
ASV_00169,ASV_00393,0.5035971223021583,pos,Farm,IT2
ASV_00169,ASV_00398,0.5273972602739726,pos,Farm,IT2
ASV_00169,ASV_00404,0.5214285714285715,pos,Farm,IT2
ASV_00169,ASV_00409,0.5070422535211268,pos,Farm,IT2
ASV_00169,ASV_00410,0.5103448275862069,pos,Farm,IT2
ASV_00169,ASV_00416,0.5103448275862069,pos,Farm,IT2
ASV_00169,ASV_00425,0.5140845070422535,pos,Farm,IT2
ASV_00169,ASV_00438,0.5208333333333334,pos,Farm,IT2
ASV_00169,ASV_00444,0.5172413793103449,pos,Farm,IT2
ASV_00169,ASV_00451,0.5405405405405406,pos,Farm,IT2
ASV_00169,ASV_00463,0.5555555555555556,pos,Farm,IT2
ASV_00169,ASV_00485,0.5379310344827586,pos,Farm,IT2
ASV_00169,ASV_00494,0.5277777777777778,pos,Farm,IT2
ASV_00169,ASV_00495,0.5035460992907801,pos,Farm,IT2
ASV_00169,ASV_00501,0.5136986301369864,pos,Farm,IT2
ASV_00169,ASV_00506,0.5070422535211268,pos,Farm,IT2
ASV_00169,ASV_00508,0.5319148936170213,pos,Farm,IT2
ASV_00169,ASV_00517,0.5140845070422535,pos,Farm,IT2
ASV_00169,ASV_00528,0.5211267605633803,pos,Farm,IT2
ASV_00169,ASV_00533,0.5138888888888888,pos,Farm,IT2
ASV_00169,ASV_00542,0.5369127516778524,pos,Farm,IT2
ASV_00169,ASV_00555,0.5273972602739726,pos,Farm,IT2
ASV_00169,ASV_00587,0.5,pos,Farm,IT2
ASV_00169,ASV_00595,0.5,pos,Farm,IT2
ASV_00169,ASV_00615,0.49295774647887325,pos,Farm,IT2
ASV_00169,ASV_00651,0.5531914893617021,pos,Farm,IT2
ASV_00169,ASV_00654,0.5,pos,Farm,IT2
ASV_00169,ASV_00665,0.49295774647887325,pos,Farm,IT2
ASV_00169,ASV_00676,0.5405405405405406,pos,Farm,IT2
ASV_00169,ASV_00679,0.5342465753424658,pos,Farm,IT2
ASV_00169,ASV_00709,0.5314685314685315,pos,Farm,IT2
ASV_00169,ASV_00726,0.5379310344827586,pos,Farm,IT2
ASV_00169,ASV_00728,0.48936170212765956,pos,Farm,IT2
ASV_00169,ASV_00760,0.5337837837837838,pos,Farm,IT2
ASV_00169,ASV_00769,0.5314685314685315,pos,Farm,IT2
ASV_00169,ASV_00793,0.5,pos,Farm,IT2
ASV_00169,ASV_00808,0.5211267605633803,pos,Farm,IT2
ASV_00169,ASV_00815,0.5666666666666667,pos,Farm,IT2
ASV_00169,ASV_00880,0.5140845070422535,pos,Farm,IT2
ASV_00169,ASV_00890,0.5310344827586206,pos,Farm,IT2
ASV_00169,ASV_00931,0.5,pos,Farm,IT2
ASV_00169,ASV_00989,0.48226950354609927,pos,Farm,IT2
ASV_00169,ASV_01018,0.5,pos,Farm,IT2
ASV_00169,ASV_01288,0.5486111111111112,pos,Farm,IT2
ASV_00169,ASV_01349,0.5277777777777778,pos,Farm,IT2
ASV_00169,ASV_01417,0.5103448275862069,pos,Farm,IT2
ASV_00169,ASV_01941,0.5273972602739726,pos,Farm,IT2
ASV_00170,ASV_00182,0.5894039735099338,pos,Farm,IT2
ASV_00170,ASV_00185,0.5533333333333333,pos,Farm,IT2
ASV_00170,ASV_00186,0.5629139072847682,pos,Farm,IT2
ASV_00170,ASV_00199,0.5202702702702703,pos,Farm,IT2
ASV_00170,ASV_00200,0.5578231292517006,pos,Farm,IT2
ASV_00170,ASV_00212,0.543046357615894,pos,Farm,IT2
ASV_00170,ASV_00229,0.5496688741721855,pos,Farm,IT2
ASV_00170,ASV_00230,0.5761589403973509,pos,Farm,IT2
ASV_00170,ASV_00233,0.5436241610738255,pos,Farm,IT2
ASV_00170,ASV_00235,0.5136986301369864,pos,Farm,IT2
ASV_00170,ASV_00242,0.5102040816326531,pos,Farm,IT2
ASV_00170,ASV_00243,0.5838926174496645,pos,Farm,IT2
ASV_00170,ASV_00247,0.5533333333333333,pos,Farm,IT2
ASV_00170,ASV_00262,0.5827814569536424,pos,Farm,IT2
ASV_00170,ASV_00265,0.5436241610738255,pos,Farm,IT2
ASV_00170,ASV_00275,0.6052631578947368,pos,Farm,IT2
ASV_00170,ASV_00278,0.5933333333333334,pos,Farm,IT2
ASV_00170,ASV_00279,0.527027027027027,pos,Farm,IT2
ASV_00170,ASV_00282,0.5675675675675675,pos,Farm,IT2
ASV_00170,ASV_00287,0.54,pos,Farm,IT2
ASV_00170,ASV_00292,0.5894039735099338,pos,Farm,IT2
ASV_00170,ASV_00299,0.5503355704697986,pos,Farm,IT2
ASV_00170,ASV_00312,0.5789473684210527,pos,Farm,IT2
ASV_00170,ASV_00315,0.5374149659863946,pos,Farm,IT2
ASV_00170,ASV_00318,0.5629139072847682,pos,Farm,IT2
ASV_00170,ASV_00326,0.5333333333333333,pos,Farm,IT2
ASV_00170,ASV_00328,0.5657894736842105,pos,Farm,IT2
ASV_00170,ASV_00331,0.6025641025641025,pos,Farm,IT2
ASV_00170,ASV_00332,0.5466666666666666,pos,Farm,IT2
ASV_00170,ASV_00335,0.5448275862068965,pos,Farm,IT2
ASV_00170,ASV_00336,0.5496688741721855,pos,Farm,IT2
ASV_00170,ASV_00343,0.58,pos,Farm,IT2
ASV_00170,ASV_00347,0.5789473684210527,pos,Farm,IT2
ASV_00170,ASV_00398,0.5657894736842105,pos,Farm,IT2
ASV_00170,ASV_00403,0.5933333333333334,pos,Farm,IT2
ASV_00170,ASV_00406,0.5302013422818792,pos,Farm,IT2
ASV_00170,ASV_00407,0.5675675675675675,pos,Farm,IT2
ASV_00170,ASV_00425,0.5333333333333333,pos,Farm,IT2
ASV_00170,ASV_00428,0.5234899328859061,pos,Farm,IT2
ASV_00170,ASV_00438,0.5496688741721855,pos,Farm,IT2
ASV_00170,ASV_00443,0.5436241610738255,pos,Farm,IT2
ASV_00170,ASV_00453,0.5695364238410596,pos,Farm,IT2
ASV_00170,ASV_00455,0.5608108108108109,pos,Farm,IT2
ASV_00170,ASV_00460,0.5906040268456376,pos,Farm,IT2
ASV_00170,ASV_00477,0.5695364238410596,pos,Farm,IT2
ASV_00170,ASV_00482,0.6114649681528662,pos,Farm,IT2
ASV_00170,ASV_00506,0.5472972972972973,pos,Farm,IT2
ASV_00170,ASV_00507,0.5562913907284768,pos,Farm,IT2
ASV_00170,ASV_00508,0.54,pos,Farm,IT2
ASV_00170,ASV_00512,0.5844155844155844,pos,Farm,IT2
ASV_00170,ASV_00521,0.5816993464052288,pos,Farm,IT2
ASV_00170,ASV_00530,0.5986394557823129,pos,Farm,IT2
ASV_00170,ASV_00569,0.5436241610738255,pos,Farm,IT2
ASV_00170,ASV_00570,0.5510204081632653,pos,Farm,IT2
ASV_00170,ASV_00571,0.5761589403973509,pos,Farm,IT2
ASV_00170,ASV_00620,0.6040268456375839,pos,Farm,IT2
ASV_00170,ASV_00630,0.547945205479452,pos,Farm,IT2
ASV_00170,ASV_00651,0.5704697986577181,pos,Farm,IT2
ASV_00170,ASV_00665,0.5337837837837838,pos,Farm,IT2
ASV_00170,ASV_00671,0.5608108108108109,pos,Farm,IT2
ASV_00170,ASV_00714,0.527027027027027,pos,Farm,IT2
ASV_00170,ASV_00721,0.5374149659863946,pos,Farm,IT2
ASV_00170,ASV_00757,0.5761589403973509,pos,Farm,IT2
ASV_00170,ASV_00801,0.5234899328859061,pos,Farm,IT2
ASV_00170,ASV_00808,0.5503355704697986,pos,Farm,IT2
ASV_00170,ASV_00842,0.5616438356164384,pos,Farm,IT2
ASV_00170,ASV_00891,0.6,pos,Farm,IT2
ASV_00170,ASV_00931,0.5821917808219178,pos,Farm,IT2
ASV_00170,ASV_01119,0.5947712418300654,pos,Farm,IT2
ASV_00170,ASV_01153,0.5436241610738255,pos,Farm,IT2
ASV_00170,ASV_01385,0.5637583892617449,pos,Farm,IT2
ASV_00170,ASV_01417,0.56,pos,Farm,IT2
ASV_00170,ASV_01426,0.5405405405405406,pos,Farm,IT2
ASV_00170,ASV_01491,0.56,pos,Farm,IT2
ASV_00170,ASV_01578,0.5945945945945946,pos,Farm,IT2
ASV_00170,ASV_01840,0.5496688741721855,pos,Farm,IT2
ASV_00170,ASV_02020,0.543046357615894,pos,Farm,IT2
ASV_00171,ASV_00173,0.5850340136054422,pos,Farm,IT2
ASV_00171,ASV_00176,0.4859154929577465,pos,Farm,IT2
ASV_00171,ASV_00177,0.5,pos,Farm,IT2
ASV_00171,ASV_00179,0.5733333333333334,pos,Farm,IT2
ASV_00171,ASV_00194,0.5436241610738255,pos,Farm,IT2
ASV_00171,ASV_00203,0.5205479452054794,pos,Farm,IT2
ASV_00171,ASV_00208,0.5422535211267606,pos,Farm,IT2
ASV_00171,ASV_00229,0.5241379310344828,pos,Farm,IT2
ASV_00171,ASV_00230,0.541095890410959,pos,Farm,IT2
ASV_00171,ASV_00233,0.5174825174825175,pos,Farm,IT2
ASV_00171,ASV_00238,0.5342465753424658,pos,Farm,IT2
ASV_00171,ASV_00263,0.5944055944055944,pos,Farm,IT2
ASV_00171,ASV_00267,0.5357142857142857,pos,Farm,IT2
ASV_00171,ASV_00269,0.5723684210526315,pos,Farm,IT2
ASV_00171,ASV_00271,0.4642857142857143,pos,Farm,IT2
ASV_00171,ASV_00274,0.5533333333333333,pos,Farm,IT2
ASV_00171,ASV_00283,0.5337837837837838,pos,Farm,IT2
ASV_00171,ASV_00290,0.6206896551724138,pos,Farm,IT2
ASV_00171,ASV_00295,0.5238095238095238,pos,Farm,IT2
ASV_00171,ASV_00296,0.5,pos,Farm,IT2
ASV_00171,ASV_00299,0.5244755244755245,pos,Farm,IT2
ASV_00171,ASV_00307,0.5174825174825175,pos,Farm,IT2
ASV_00171,ASV_00318,0.5273972602739726,pos,Farm,IT2
ASV_00171,ASV_00324,0.5492957746478874,pos,Farm,IT2
ASV_00171,ASV_00327,0.5244755244755245,pos,Farm,IT2
ASV_00171,ASV_00333,0.5306122448979592,pos,Farm,IT2
ASV_00171,ASV_00335,0.4859154929577465,pos,Farm,IT2
ASV_00171,ASV_00336,0.5241379310344828,pos,Farm,IT2
ASV_00171,ASV_00340,0.5374149659863946,pos,Farm,IT2
ASV_00171,ASV_00345,0.5547945205479452,pos,Farm,IT2
ASV_00171,ASV_00361,0.54421768707483,pos,Farm,IT2
ASV_00171,ASV_00376,0.5337837837837838,pos,Farm,IT2
ASV_00171,ASV_00391,0.5034965034965035,pos,Farm,IT2
ASV_00171,ASV_00398,0.5306122448979592,pos,Farm,IT2
ASV_00171,ASV_00421,0.541095890410959,pos,Farm,IT2
ASV_00171,ASV_00425,0.5069444444444444,pos,Farm,IT2
ASV_00171,ASV_00453,0.5448275862068965,pos,Farm,IT2
ASV_00171,ASV_00459,0.5448275862068965,pos,Farm,IT2
ASV_00171,ASV_00485,0.5517241379310345,pos,Farm,IT2
ASV_00171,ASV_00494,0.5310344827586206,pos,Farm,IT2
ASV_00171,ASV_00498,0.49645390070921985,pos,Farm,IT2
ASV_00171,ASV_00504,0.5675675675675675,pos,Farm,IT2
ASV_00171,ASV_00506,0.5,pos,Farm,IT2
ASV_00171,ASV_00513,0.5241379310344828,pos,Farm,IT2
ASV_00171,ASV_00533,0.5384615384615384,pos,Farm,IT2
ASV_00171,ASV_00543,0.5306122448979592,pos,Farm,IT2
ASV_00171,ASV_00559,0.5277777777777778,pos,Farm,IT2
ASV_00171,ASV_00561,0.5789473684210527,pos,Farm,IT2
ASV_00171,ASV_00572,0.56,pos,Farm,IT2
ASV_00171,ASV_00592,0.5310344827586206,pos,Farm,IT2
ASV_00171,ASV_00651,0.5241379310344828,pos,Farm,IT2
ASV_00171,ASV_00654,0.5034965034965035,pos,Farm,IT2
ASV_00171,ASV_00666,0.5405405405405406,pos,Farm,IT2
ASV_00171,ASV_00671,0.5460992907801419,pos,Farm,IT2
ASV_00171,ASV_00679,0.5374149659863946,pos,Farm,IT2
ASV_00171,ASV_00686,0.5379310344827586,pos,Farm,IT2
ASV_00171,ASV_00732,0.5103448275862069,pos,Farm,IT2
ASV_00171,ASV_00734,0.541095890410959,pos,Farm,IT2
ASV_00171,ASV_00757,0.541095890410959,pos,Farm,IT2
ASV_00171,ASV_00760,0.5369127516778524,pos,Farm,IT2
ASV_00171,ASV_00772,0.5416666666666666,pos,Farm,IT2
ASV_00171,ASV_00781,0.5563380281690141,pos,Farm,IT2
ASV_00171,ASV_00793,0.5138888888888888,pos,Farm,IT2
ASV_00171,ASV_00801,0.4965034965034965,pos,Farm,IT2
ASV_00171,ASV_00829,0.5277777777777778,pos,Farm,IT2
ASV_00171,ASV_00843,0.5804195804195804,pos,Farm,IT2
ASV_00171,ASV_00959,0.5205479452054794,pos,Farm,IT2
ASV_00171,ASV_00984,0.5273972602739726,pos,Farm,IT2
ASV_00171,ASV_00989,0.4859154929577465,pos,Farm,IT2
ASV_00171,ASV_01048,0.5172413793103449,pos,Farm,IT2
ASV_00171,ASV_01119,0.5608108108108109,pos,Farm,IT2
ASV_00171,ASV_01267,0.5277777777777778,pos,Farm,IT2
ASV_00171,ASV_01288,0.541095890410959,pos,Farm,IT2
ASV_00171,ASV_01491,0.5347222222222222,pos,Farm,IT2
ASV_00171,ASV_01578,0.5379310344827586,pos,Farm,IT2
ASV_00171,ASV_01941,0.5306122448979592,pos,Farm,IT2
ASV_00171,ASV_02332,0.54421768707483,pos,Farm,IT2
ASV_00172,ASV_00177,0.5214285714285715,pos,Farm,IT2
ASV_00172,ASV_00181,0.5594405594405595,pos,Farm,IT2
ASV_00172,ASV_00182,0.5342465753424658,pos,Farm,IT2
ASV_00172,ASV_00183,0.5241379310344828,pos,Farm,IT2
ASV_00172,ASV_00186,0.5172413793103449,pos,Farm,IT2
ASV_00172,ASV_00193,0.5205479452054794,pos,Farm,IT2
ASV_00172,ASV_00208,0.5319148936170213,pos,Farm,IT2
ASV_00172,ASV_00213,0.5724137931034483,pos,Farm,IT2
ASV_00172,ASV_00218,0.5531914893617021,pos,Farm,IT2
ASV_00172,ASV_00227,0.5103448275862069,pos,Farm,IT2
ASV_00172,ASV_00231,0.528169014084507,pos,Farm,IT2
ASV_00172,ASV_00233,0.5507246376811594,pos,Farm,IT2
ASV_00172,ASV_00238,0.5673758865248227,pos,Farm,IT2
ASV_00172,ASV_00242,0.48201438848920863,pos,Farm,IT2
ASV_00172,ASV_00244,0.5422535211267606,pos,Farm,IT2
ASV_00172,ASV_00247,0.528169014084507,pos,Farm,IT2
ASV_00172,ASV_00249,0.5069444444444444,pos,Farm,IT2
ASV_00172,ASV_00251,0.5416666666666666,pos,Farm,IT2
ASV_00172,ASV_00252,0.5390070921985816,pos,Farm,IT2
ASV_00172,ASV_00263,0.5517241379310345,pos,Farm,IT2
ASV_00172,ASV_00266,0.5205479452054794,pos,Farm,IT2
ASV_00172,ASV_00271,0.4852941176470588,pos,Farm,IT2
ASV_00172,ASV_00273,0.5277777777777778,pos,Farm,IT2
ASV_00172,ASV_00275,0.5510204081632653,pos,Farm,IT2
ASV_00172,ASV_00277,0.5369127516778524,pos,Farm,IT2
ASV_00172,ASV_00278,0.5273972602739726,pos,Farm,IT2
ASV_00172,ASV_00283,0.5238095238095238,pos,Farm,IT2
ASV_00172,ASV_00284,0.49295774647887325,pos,Farm,IT2
ASV_00172,ASV_00288,0.5845070422535211,pos,Farm,IT2
ASV_00172,ASV_00291,0.5,pos,Farm,IT2
ASV_00172,ASV_00293,0.5608108108108109,pos,Farm,IT2
ASV_00172,ASV_00296,0.5,pos,Farm,IT2
ASV_00172,ASV_00298,0.5522388059701493,pos,Farm,IT2
ASV_00172,ASV_00304,0.5753424657534246,pos,Farm,IT2
ASV_00172,ASV_00305,0.5586206896551724,pos,Farm,IT2
ASV_00172,ASV_00307,0.4965034965034965,pos,Farm,IT2
ASV_00172,ASV_00312,0.5238095238095238,pos,Farm,IT2
ASV_00172,ASV_00320,0.5251798561151079,pos,Farm,IT2
ASV_00172,ASV_00324,0.5174825174825175,pos,Farm,IT2
ASV_00172,ASV_00334,0.5273972602739726,pos,Farm,IT2
ASV_00172,ASV_00339,0.49295774647887325,pos,Farm,IT2
ASV_00172,ASV_00340,0.5273972602739726,pos,Farm,IT2
ASV_00172,ASV_00347,0.5238095238095238,pos,Farm,IT2
ASV_00172,ASV_00354,0.5319148936170213,pos,Farm,IT2
ASV_00172,ASV_00356,0.547945205479452,pos,Farm,IT2
ASV_00172,ASV_00359,0.48936170212765956,pos,Farm,IT2
ASV_00172,ASV_00369,0.5492957746478874,pos,Farm,IT2
ASV_00172,ASV_00373,0.5106382978723404,pos,Farm,IT2
ASV_00172,ASV_00377,0.4859154929577465,pos,Farm,IT2
ASV_00172,ASV_00378,0.5374149659863946,pos,Farm,IT2
ASV_00172,ASV_00380,0.4965034965034965,pos,Farm,IT2
ASV_00172,ASV_00384,0.5138888888888888,pos,Farm,IT2
ASV_00172,ASV_00390,0.5684931506849316,pos,Farm,IT2
ASV_00172,ASV_00391,0.49295774647887325,pos,Farm,IT2
ASV_00172,ASV_00393,0.4857142857142857,pos,Farm,IT2
ASV_00172,ASV_00398,0.574468085106383,pos,Farm,IT2
ASV_00172,ASV_00399,0.5205479452054794,pos,Farm,IT2
ASV_00172,ASV_00407,0.5,pos,Farm,IT2
ASV_00172,ASV_00411,0.5384615384615384,pos,Farm,IT2
ASV_00172,ASV_00423,0.5238095238095238,pos,Farm,IT2
ASV_00172,ASV_00442,0.541095890410959,pos,Farm,IT2
ASV_00172,ASV_00452,0.5070422535211268,pos,Farm,IT2
ASV_00172,ASV_00467,0.5436241610738255,pos,Farm,IT2
ASV_00172,ASV_00479,0.5342465753424658,pos,Farm,IT2
ASV_00172,ASV_00483,0.54421768707483,pos,Farm,IT2
ASV_00172,ASV_00486,0.5369127516778524,pos,Farm,IT2
ASV_00172,ASV_00488,0.5547945205479452,pos,Farm,IT2
ASV_00172,ASV_00495,0.5401459854014599,pos,Farm,IT2
ASV_00172,ASV_00506,0.5,pos,Farm,IT2
ASV_00172,ASV_00507,0.5103448275862069,pos,Farm,IT2
ASV_00172,ASV_00513,0.5683453237410072,pos,Farm,IT2
ASV_00172,ASV_00514,0.56,pos,Farm,IT2
ASV_00172,ASV_00518,0.5833333333333334,pos,Farm,IT2
ASV_00172,ASV_00521,0.5374149659863946,pos,Farm,IT2
ASV_00172,ASV_00533,0.5069444444444444,pos,Farm,IT2
ASV_00172,ASV_00534,0.564625850340136,pos,Farm,IT2
ASV_00172,ASV_00536,0.5337837837837838,pos,Farm,IT2
ASV_00172,ASV_00542,0.5510204081632653,pos,Farm,IT2
ASV_00172,ASV_00543,0.5205479452054794,pos,Farm,IT2
ASV_00172,ASV_00544,0.5174825174825175,pos,Farm,IT2
ASV_00172,ASV_00548,0.5217391304347826,pos,Farm,IT2
ASV_00172,ASV_00550,0.5342465753424658,pos,Farm,IT2
ASV_00172,ASV_00566,0.5571428571428572,pos,Farm,IT2
ASV_00172,ASV_00572,0.5821917808219178,pos,Farm,IT2
ASV_00172,ASV_00596,0.49640287769784175,pos,Farm,IT2
ASV_00172,ASV_00615,0.5401459854014599,pos,Farm,IT2
ASV_00172,ASV_00622,0.49640287769784175,pos,Farm,IT2
ASV_00172,ASV_00633,0.5241379310344828,pos,Farm,IT2
ASV_00172,ASV_00636,0.5637583892617449,pos,Farm,IT2
ASV_00172,ASV_00645,0.5289855072463768,pos,Farm,IT2
ASV_00172,ASV_00656,0.5172413793103449,pos,Farm,IT2
ASV_00172,ASV_00676,0.5655172413793104,pos,Farm,IT2
ASV_00172,ASV_00687,0.5352112676056338,pos,Farm,IT2
ASV_00172,ASV_00697,0.49295774647887325,pos,Farm,IT2
ASV_00172,ASV_00709,0.5244755244755245,pos,Farm,IT2
ASV_00172,ASV_00734,0.5205479452054794,pos,Farm,IT2
ASV_00172,ASV_00758,0.5563380281690141,pos,Farm,IT2
ASV_00172,ASV_00760,0.5586206896551724,pos,Farm,IT2
ASV_00172,ASV_00772,0.5422535211267606,pos,Farm,IT2
ASV_00172,ASV_00778,0.4714285714285714,pos,Farm,IT2
ASV_00172,ASV_00789,0.5172413793103449,pos,Farm,IT2
ASV_00172,ASV_00807,0.5714285714285714,pos,Farm,IT2
ASV_00172,ASV_00808,0.5140845070422535,pos,Farm,IT2
ASV_00172,ASV_00811,0.5273972602739726,pos,Farm,IT2
ASV_00172,ASV_00815,0.581081081081081,pos,Farm,IT2
ASV_00172,ASV_00817,0.54421768707483,pos,Farm,IT2
ASV_00172,ASV_00848,0.5273972602739726,pos,Farm,IT2
ASV_00172,ASV_00873,0.4859154929577465,pos,Farm,IT2
ASV_00172,ASV_00880,0.5285714285714286,pos,Farm,IT2
ASV_00172,ASV_00912,0.49640287769784175,pos,Farm,IT2
ASV_00172,ASV_00924,0.4892086330935252,pos,Farm,IT2
ASV_00172,ASV_00931,0.5357142857142857,pos,Farm,IT2
ASV_00172,ASV_00935,0.5208333333333334,pos,Farm,IT2
ASV_00172,ASV_00952,0.5285714285714286,pos,Farm,IT2
ASV_00172,ASV_00984,0.5384615384615384,pos,Farm,IT2
ASV_00172,ASV_01018,0.5034965034965035,pos,Farm,IT2
ASV_00172,ASV_01087,0.5347222222222222,pos,Farm,IT2
ASV_00172,ASV_01152,0.55,pos,Farm,IT2
ASV_00172,ASV_01153,0.4965034965034965,pos,Farm,IT2
ASV_00172,ASV_01250,0.5337837837837838,pos,Farm,IT2
ASV_00172,ASV_01288,0.5310344827586206,pos,Farm,IT2
ASV_00172,ASV_01503,0.5241379310344828,pos,Farm,IT2
ASV_00172,ASV_01578,0.5384615384615384,pos,Farm,IT2
ASV_00173,ASV_00186,0.5862068965517241,pos,Farm,IT2
ASV_00173,ASV_00189,0.5306122448979592,pos,Farm,IT2
ASV_00173,ASV_00197,0.5578231292517006,pos,Farm,IT2
ASV_00173,ASV_00199,0.5103448275862069,pos,Farm,IT2
ASV_00173,ASV_00205,0.5723684210526315,pos,Farm,IT2
ASV_00173,ASV_00208,0.5374149659863946,pos,Farm,IT2
ASV_00173,ASV_00211,0.5277777777777778,pos,Farm,IT2
ASV_00173,ASV_00214,0.5616438356164384,pos,Farm,IT2
ASV_00173,ASV_00219,0.5657894736842105,pos,Farm,IT2
ASV_00173,ASV_00227,0.5369127516778524,pos,Farm,IT2
ASV_00173,ASV_00228,0.5310344827586206,pos,Farm,IT2
ASV_00173,ASV_00229,0.5724137931034483,pos,Farm,IT2
ASV_00173,ASV_00230,0.5570469798657718,pos,Farm,IT2
ASV_00173,ASV_00231,0.54421768707483,pos,Farm,IT2
ASV_00173,ASV_00233,0.5342465753424658,pos,Farm,IT2
ASV_00173,ASV_00235,0.524822695035461,pos,Farm,IT2
ASV_00173,ASV_00249,0.54421768707483,pos,Farm,IT2
ASV_00173,ASV_00266,0.5466666666666666,pos,Farm,IT2
ASV_00173,ASV_00272,0.5405405405405406,pos,Farm,IT2
ASV_00173,ASV_00276,0.5704697986577181,pos,Farm,IT2
ASV_00173,ASV_00279,0.5277777777777778,pos,Farm,IT2
ASV_00173,ASV_00290,0.6133333333333333,pos,Farm,IT2
ASV_00173,ASV_00292,0.6027397260273972,pos,Farm,IT2
ASV_00173,ASV_00295,0.5714285714285714,pos,Farm,IT2
ASV_00173,ASV_00303,0.5277777777777778,pos,Farm,IT2
ASV_00173,ASV_00307,0.5448275862068965,pos,Farm,IT2
ASV_00173,ASV_00309,0.5675675675675675,pos,Farm,IT2
ASV_00173,ASV_00312,0.581081081081081,pos,Farm,IT2
ASV_00173,ASV_00320,0.5205479452054794,pos,Farm,IT2
ASV_00173,ASV_00324,0.5337837837837838,pos,Farm,IT2
ASV_00173,ASV_00327,0.541095890410959,pos,Farm,IT2
ASV_00173,ASV_00332,0.5374149659863946,pos,Farm,IT2
ASV_00173,ASV_00333,0.5466666666666666,pos,Farm,IT2
ASV_00173,ASV_00334,0.5533333333333333,pos,Farm,IT2
ASV_00173,ASV_00336,0.5724137931034483,pos,Farm,IT2
ASV_00173,ASV_00339,0.5310344827586206,pos,Farm,IT2
ASV_00173,ASV_00346,0.541095890410959,pos,Farm,IT2
ASV_00173,ASV_00347,0.5704697986577181,pos,Farm,IT2
ASV_00173,ASV_00352,0.527027027027027,pos,Farm,IT2
ASV_00173,ASV_00376,0.56,pos,Farm,IT2
ASV_00173,ASV_00378,0.5629139072847682,pos,Farm,IT2
ASV_00173,ASV_00389,0.564625850340136,pos,Farm,IT2
ASV_00173,ASV_00390,0.5933333333333334,pos,Farm,IT2
ASV_00173,ASV_00393,0.5138888888888888,pos,Farm,IT2
ASV_00173,ASV_00397,0.5369127516778524,pos,Farm,IT2
ASV_00173,ASV_00398,0.5570469798657718,pos,Farm,IT2
ASV_00173,ASV_00407,0.527027027027027,pos,Farm,IT2
ASV_00173,ASV_00409,0.5486111111111112,pos,Farm,IT2
ASV_00173,ASV_00416,0.5405405405405406,pos,Farm,IT2
ASV_00173,ASV_00429,0.5140845070422535,pos,Farm,IT2
ASV_00173,ASV_00444,0.5472972972972973,pos,Farm,IT2
ASV_00173,ASV_00452,0.5555555555555556,pos,Farm,IT2
ASV_00173,ASV_00453,0.5503355704697986,pos,Farm,IT2
ASV_00173,ASV_00463,0.5637583892617449,pos,Farm,IT2
ASV_00173,ASV_00468,0.46853146853146854,pos,Farm,IT2
ASV_00173,ASV_00471,0.5436241610738255,pos,Farm,IT2
ASV_00173,ASV_00477,0.5608108108108109,pos,Farm,IT2
ASV_00173,ASV_00485,0.5570469798657718,pos,Farm,IT2
ASV_00173,ASV_00488,0.5906040268456376,pos,Farm,IT2
ASV_00173,ASV_00495,0.5241379310344828,pos,Farm,IT2
ASV_00173,ASV_00496,0.564625850340136,pos,Farm,IT2
ASV_00173,ASV_00504,0.5723684210526315,pos,Farm,IT2
ASV_00173,ASV_00506,0.5486111111111112,pos,Farm,IT2
ASV_00173,ASV_00507,0.5369127516778524,pos,Farm,IT2
ASV_00173,ASV_00518,0.5761589403973509,pos,Farm,IT2
ASV_00173,ASV_00521,0.5629139072847682,pos,Farm,IT2
ASV_00173,ASV_00528,0.541095890410959,pos,Farm,IT2
ASV_00173,ASV_00542,0.6190476190476191,pos,Farm,IT2
ASV_00173,ASV_00550,0.56,pos,Farm,IT2
ASV_00173,ASV_00554,0.5675675675675675,pos,Farm,IT2
ASV_00173,ASV_00566,0.5510204081632653,pos,Farm,IT2
ASV_00173,ASV_00568,0.581081081081081,pos,Farm,IT2
ASV_00173,ASV_00569,0.5448275862068965,pos,Farm,IT2
ASV_00173,ASV_00570,0.5205479452054794,pos,Farm,IT2
ASV_00173,ASV_00572,0.5855263157894737,pos,Farm,IT2
ASV_00173,ASV_00592,0.5472972972972973,pos,Farm,IT2
ASV_00173,ASV_00595,0.541095890410959,pos,Farm,IT2
ASV_00173,ASV_00613,0.5138888888888888,pos,Farm,IT2
ASV_00173,ASV_00615,0.5241379310344828,pos,Farm,IT2
ASV_00173,ASV_00620,0.5850340136054422,pos,Farm,IT2
ASV_00173,ASV_00628,0.5374149659863946,pos,Farm,IT2
ASV_00173,ASV_00654,0.5205479452054794,pos,Farm,IT2
ASV_00173,ASV_00656,0.564625850340136,pos,Farm,IT2
ASV_00173,ASV_00662,0.5342465753424658,pos,Farm,IT2
ASV_00173,ASV_00671,0.5517241379310345,pos,Farm,IT2
ASV_00173,ASV_00676,0.58,pos,Farm,IT2
ASV_00173,ASV_00679,0.5533333333333333,pos,Farm,IT2
ASV_00173,ASV_00709,0.5510204081632653,pos,Farm,IT2
ASV_00173,ASV_00732,0.5374149659863946,pos,Farm,IT2
ASV_00173,ASV_00757,0.5782312925170068,pos,Farm,IT2
ASV_00173,ASV_00760,0.6164383561643836,pos,Farm,IT2
ASV_00173,ASV_00772,0.5793103448275863,pos,Farm,IT2
ASV_00173,ASV_00781,0.5616438356164384,pos,Farm,IT2
ASV_00173,ASV_00801,0.5136986301369864,pos,Farm,IT2
ASV_00173,ASV_00806,0.5771812080536913,pos,Farm,IT2
ASV_00173,ASV_00809,0.6308724832214765,pos,Farm,IT2
ASV_00173,ASV_00815,0.5844155844155844,pos,Farm,IT2
ASV_00173,ASV_00822,0.5436241610738255,pos,Farm,IT2
ASV_00173,ASV_00843,0.5637583892617449,pos,Farm,IT2
ASV_00173,ASV_00845,0.5172413793103449,pos,Farm,IT2
ASV_00173,ASV_00869,0.5629139072847682,pos,Farm,IT2
ASV_00173,ASV_00875,0.5866666666666667,pos,Farm,IT2
ASV_00173,ASV_00890,0.5714285714285714,pos,Farm,IT2
ASV_00173,ASV_00952,0.5342465753424658,pos,Farm,IT2
ASV_00173,ASV_00984,0.5436241610738255,pos,Farm,IT2
ASV_00173,ASV_01048,0.5337837837837838,pos,Farm,IT2
ASV_00173,ASV_01065,0.5205479452054794,pos,Farm,IT2
ASV_00173,ASV_01071,0.5374149659863946,pos,Farm,IT2
ASV_00173,ASV_01090,0.5878378378378378,pos,Farm,IT2
ASV_00173,ASV_01101,0.5570469798657718,pos,Farm,IT2
ASV_00173,ASV_01119,0.5657894736842105,pos,Farm,IT2
ASV_00173,ASV_01124,0.5369127516778524,pos,Farm,IT2
ASV_00173,ASV_01204,0.5945945945945946,pos,Farm,IT2
ASV_00173,ASV_01385,0.54421768707483,pos,Farm,IT2
ASV_00173,ASV_01491,0.5616438356164384,pos,Farm,IT2
ASV_00173,ASV_01578,0.5753424657534246,pos,Farm,IT2
ASV_00173,ASV_01941,0.5570469798657718,pos,Farm,IT2
ASV_00173,ASV_02332,0.5918367346938775,pos,Farm,IT2
ASV_00176,ASV_00182,0.49295774647887325,pos,Farm,IT2
ASV_00176,ASV_00189,0.47101449275362317,pos,Farm,IT2
ASV_00176,ASV_00191,0.4676258992805755,pos,Farm,IT2
ASV_00176,ASV_00196,0.4740740740740741,pos,Farm,IT2
ASV_00176,ASV_00205,0.496551724137931,pos,Farm,IT2
ASV_00176,ASV_00208,0.4676258992805755,pos,Farm,IT2
ASV_00176,ASV_00211,0.4666666666666667,pos,Farm,IT2
ASV_00176,ASV_00219,0.5211267605633803,pos,Farm,IT2
ASV_00176,ASV_00233,0.4852941176470588,pos,Farm,IT2
ASV_00176,ASV_00235,0.44029850746268656,pos,Farm,IT2
ASV_00176,ASV_00244,0.4892086330935252,pos,Farm,IT2
ASV_00176,ASV_00247,0.5185185185185185,pos,Farm,IT2
ASV_00176,ASV_00251,0.48936170212765956,pos,Farm,IT2
ASV_00176,ASV_00254,0.48951048951048953,pos,Farm,IT2
ASV_00176,ASV_00257,0.5217391304347826,pos,Farm,IT2
ASV_00176,ASV_00266,0.5,pos,Farm,IT2
ASV_00176,ASV_00276,0.49295774647887325,pos,Farm,IT2
ASV_00176,ASV_00278,0.5289855072463768,pos,Farm,IT2
ASV_00176,ASV_00285,0.47101449275362317,pos,Farm,IT2
ASV_00176,ASV_00286,0.5333333333333333,pos,Farm,IT2
ASV_00176,ASV_00287,0.47101449275362317,pos,Farm,IT2
ASV_00176,ASV_00292,0.5035460992907801,pos,Farm,IT2
ASV_00176,ASV_00296,0.4666666666666667,pos,Farm,IT2
ASV_00176,ASV_00299,0.48175182481751827,pos,Farm,IT2
ASV_00176,ASV_00300,0.5244755244755245,pos,Farm,IT2
ASV_00176,ASV_00303,0.48872180451127817,pos,Farm,IT2
ASV_00176,ASV_00305,0.5070422535211268,pos,Farm,IT2
ASV_00176,ASV_00307,0.463768115942029,pos,Farm,IT2
ASV_00176,ASV_00309,0.5,pos,Farm,IT2
ASV_00176,ASV_00315,0.4666666666666667,pos,Farm,IT2
ASV_00176,ASV_00324,0.5185185185185185,pos,Farm,IT2
ASV_00176,ASV_00325,0.4785714285714286,pos,Farm,IT2
ASV_00176,ASV_00328,0.5,pos,Farm,IT2
ASV_00176,ASV_00339,0.45985401459854014,pos,Farm,IT2
ASV_00176,ASV_00346,0.49264705882352944,pos,Farm,IT2
ASV_00176,ASV_00353,0.4676258992805755,pos,Farm,IT2
ASV_00176,ASV_00354,0.4676258992805755,pos,Farm,IT2
ASV_00176,ASV_00355,0.4928571428571429,pos,Farm,IT2
ASV_00176,ASV_00357,0.5,pos,Farm,IT2
ASV_00176,ASV_00361,0.49295774647887325,pos,Farm,IT2
ASV_00176,ASV_00367,0.463768115942029,pos,Farm,IT2
ASV_00176,ASV_00373,0.47794117647058826,pos,Farm,IT2
ASV_00176,ASV_00377,0.4740740740740741,pos,Farm,IT2
ASV_00176,ASV_00390,0.496551724137931,pos,Farm,IT2
ASV_00176,ASV_00391,0.47058823529411764,pos,Farm,IT2
ASV_00176,ASV_00407,0.4676258992805755,pos,Farm,IT2
ASV_00176,ASV_00409,0.46715328467153283,pos,Farm,IT2
ASV_00176,ASV_00412,0.45985401459854014,pos,Farm,IT2
ASV_00176,ASV_00421,0.5107913669064749,pos,Farm,IT2
ASV_00176,ASV_00425,0.463768115942029,pos,Farm,IT2
ASV_00176,ASV_00440,0.4744525547445255,pos,Farm,IT2
ASV_00176,ASV_00445,0.4714285714285714,pos,Farm,IT2
ASV_00176,ASV_00451,0.5034965034965035,pos,Farm,IT2
ASV_00176,ASV_00467,0.5352112676056338,pos,Farm,IT2
ASV_00176,ASV_00477,0.5035971223021583,pos,Farm,IT2
ASV_00176,ASV_00490,0.5138888888888888,pos,Farm,IT2
ASV_00176,ASV_00501,0.4857142857142857,pos,Farm,IT2
ASV_00176,ASV_00507,0.4785714285714286,pos,Farm,IT2
ASV_00176,ASV_00508,0.49264705882352944,pos,Farm,IT2
ASV_00176,ASV_00512,0.5319148936170213,pos,Farm,IT2
ASV_00176,ASV_00513,0.4927536231884058,pos,Farm,IT2
ASV_00176,ASV_00514,0.5102040816326531,pos,Farm,IT2
ASV_00176,ASV_00517,0.4744525547445255,pos,Farm,IT2
ASV_00176,ASV_00518,0.5428571428571428,pos,Farm,IT2
ASV_00176,ASV_00528,0.47101449275362317,pos,Farm,IT2
ASV_00176,ASV_00530,0.5109489051094891,pos,Farm,IT2
ASV_00176,ASV_00536,0.5467625899280576,pos,Farm,IT2
ASV_00176,ASV_00563,0.48936170212765956,pos,Farm,IT2
ASV_00176,ASV_00566,0.4714285714285714,pos,Farm,IT2
ASV_00176,ASV_00568,0.5251798561151079,pos,Farm,IT2
ASV_00176,ASV_00570,0.47058823529411764,pos,Farm,IT2
ASV_00176,ASV_00595,0.5037037037037037,pos,Farm,IT2
ASV_00176,ASV_00620,0.5179856115107914,pos,Farm,IT2
ASV_00176,ASV_00628,0.4782608695652174,pos,Farm,IT2
ASV_00176,ASV_00633,0.4928571428571429,pos,Farm,IT2
ASV_00176,ASV_00635,0.4965034965034965,pos,Farm,IT2
ASV_00176,ASV_00643,0.4785714285714286,pos,Farm,IT2
ASV_00176,ASV_00654,0.48148148148148145,pos,Farm,IT2
ASV_00176,ASV_00662,0.4744525547445255,pos,Farm,IT2
ASV_00176,ASV_00665,0.48507462686567165,pos,Farm,IT2
ASV_00176,ASV_00668,0.48175182481751827,pos,Farm,IT2
ASV_00176,ASV_00679,0.49645390070921985,pos,Farm,IT2
ASV_00176,ASV_00686,0.49640287769784175,pos,Farm,IT2
ASV_00176,ASV_00687,0.4714285714285714,pos,Farm,IT2
ASV_00176,ASV_00772,0.5,pos,Farm,IT2
ASV_00176,ASV_00789,0.4857142857142857,pos,Farm,IT2
ASV_00176,ASV_00798,0.5035460992907801,pos,Farm,IT2
ASV_00176,ASV_00807,0.4857142857142857,pos,Farm,IT2
ASV_00176,ASV_00809,0.5241379310344828,pos,Farm,IT2
ASV_00176,ASV_00815,0.5205479452054794,pos,Farm,IT2
ASV_00176,ASV_00817,0.4930555555555556,pos,Farm,IT2
ASV_00176,ASV_00829,0.4855072463768116,pos,Farm,IT2
ASV_00176,ASV_00843,0.5071428571428571,pos,Farm,IT2
ASV_00176,ASV_00873,0.4740740740740741,pos,Farm,IT2
ASV_00176,ASV_00890,0.5144927536231884,pos,Farm,IT2
ASV_00176,ASV_00912,0.53125,pos,Farm,IT2
ASV_00176,ASV_00929,0.49295774647887325,pos,Farm,IT2
ASV_00176,ASV_00935,0.4892086330935252,pos,Farm,IT2
ASV_00176,ASV_00984,0.5072463768115942,pos,Farm,IT2
ASV_00176,ASV_00989,0.45185185185185184,pos,Farm,IT2
ASV_00176,ASV_01048,0.4855072463768116,pos,Farm,IT2
ASV_00176,ASV_01065,0.47058823529411764,pos,Farm,IT2
ASV_00176,ASV_01119,0.5,pos,Farm,IT2
ASV_00176,ASV_01152,0.5185185185185185,pos,Farm,IT2
ASV_00176,ASV_01328,0.4782608695652174,pos,Farm,IT2
ASV_00176,ASV_01342,0.5138888888888888,pos,Farm,IT2
ASV_00176,ASV_01349,0.4892086330935252,pos,Farm,IT2
ASV_00176,ASV_01417,0.4714285714285714,pos,Farm,IT2
ASV_00176,ASV_01491,0.4714285714285714,pos,Farm,IT2
ASV_00176,ASV_01503,0.5144927536231884,pos,Farm,IT2
ASV_00176,ASV_02332,0.49295774647887325,pos,Farm,IT2
ASV_00177,ASV_00179,0.5694444444444444,pos,Farm,IT2
ASV_00177,ASV_00181,0.5104895104895105,pos,Farm,IT2
ASV_00177,ASV_00184,0.5255474452554745,pos,Farm,IT2
ASV_00177,ASV_00186,0.5,pos,Farm,IT2
ASV_00177,ASV_00191,0.5035971223021583,pos,Farm,IT2
ASV_00177,ASV_00195,0.4965034965034965,pos,Farm,IT2
ASV_00177,ASV_00196,0.4782608695652174,pos,Farm,IT2
ASV_00177,ASV_00200,0.48201438848920863,pos,Farm,IT2
ASV_00177,ASV_00206,0.48175182481751827,pos,Farm,IT2
ASV_00177,ASV_00208,0.4928571428571429,pos,Farm,IT2
ASV_00177,ASV_00212,0.48936170212765956,pos,Farm,IT2
ASV_00177,ASV_00218,0.49295774647887325,pos,Farm,IT2
ASV_00177,ASV_00226,0.4928571428571429,pos,Farm,IT2
ASV_00177,ASV_00228,0.4855072463768116,pos,Farm,IT2
ASV_00177,ASV_00232,0.5069444444444444,pos,Farm,IT2
ASV_00177,ASV_00237,0.5103448275862069,pos,Farm,IT2
ASV_00177,ASV_00238,0.4965034965034965,pos,Farm,IT2
ASV_00177,ASV_00244,0.5035460992907801,pos,Farm,IT2
ASV_00177,ASV_00246,0.5,pos,Farm,IT2
ASV_00177,ASV_00249,0.5107913669064749,pos,Farm,IT2
ASV_00177,ASV_00251,0.5579710144927537,pos,Farm,IT2
ASV_00177,ASV_00252,0.5107913669064749,pos,Farm,IT2
ASV_00177,ASV_00253,0.503448275862069,pos,Farm,IT2
ASV_00177,ASV_00263,0.503448275862069,pos,Farm,IT2
ASV_00177,ASV_00265,0.4785714285714286,pos,Farm,IT2
ASV_00177,ASV_00270,0.5306122448979592,pos,Farm,IT2
ASV_00177,ASV_00272,0.49645390070921985,pos,Farm,IT2
ASV_00177,ASV_00282,0.48226950354609927,pos,Farm,IT2
ASV_00177,ASV_00283,0.5390070921985816,pos,Farm,IT2
ASV_00177,ASV_00288,0.5138888888888888,pos,Farm,IT2
ASV_00177,ASV_00290,0.5625,pos,Farm,IT2
ASV_00177,ASV_00291,0.49264705882352944,pos,Farm,IT2
ASV_00177,ASV_00292,0.5069444444444444,pos,Farm,IT2
ASV_00177,ASV_00293,0.5448275862068965,pos,Farm,IT2
ASV_00177,ASV_00297,0.49645390070921985,pos,Farm,IT2
ASV_00177,ASV_00298,0.46715328467153283,pos,Farm,IT2
ASV_00177,ASV_00299,0.4857142857142857,pos,Farm,IT2
ASV_00177,ASV_00304,0.5594405594405595,pos,Farm,IT2
ASV_00177,ASV_00307,0.4892086330935252,pos,Farm,IT2
ASV_00177,ASV_00312,0.583941605839416,pos,Farm,IT2
ASV_00177,ASV_00333,0.5467625899280576,pos,Farm,IT2
ASV_00177,ASV_00334,0.5,pos,Farm,IT2
ASV_00177,ASV_00339,0.4855072463768116,pos,Farm,IT2
ASV_00177,ASV_00340,0.5319148936170213,pos,Farm,IT2
ASV_00177,ASV_00343,0.5070422535211268,pos,Farm,IT2
ASV_00177,ASV_00346,0.4857142857142857,pos,Farm,IT2
ASV_00177,ASV_00347,0.528169014084507,pos,Farm,IT2
ASV_00177,ASV_00352,0.48226950354609927,pos,Farm,IT2
ASV_00177,ASV_00354,0.4928571428571429,pos,Farm,IT2
ASV_00177,ASV_00359,0.49264705882352944,pos,Farm,IT2
ASV_00177,ASV_00373,0.48201438848920863,pos,Farm,IT2
ASV_00177,ASV_00378,0.5642857142857143,pos,Farm,IT2
ASV_00177,ASV_00398,0.5579710144927537,pos,Farm,IT2
ASV_00177,ASV_00403,0.5766423357664233,pos,Farm,IT2
ASV_00177,ASV_00404,0.4855072463768116,pos,Farm,IT2
ASV_00177,ASV_00406,0.4748201438848921,pos,Farm,IT2
ASV_00177,ASV_00407,0.48226950354609927,pos,Farm,IT2
ASV_00177,ASV_00411,0.5,pos,Farm,IT2
ASV_00177,ASV_00416,0.4859154929577465,pos,Farm,IT2
ASV_00177,ASV_00418,0.4928571428571429,pos,Farm,IT2
ASV_00177,ASV_00421,0.5034965034965035,pos,Farm,IT2
ASV_00177,ASV_00422,0.49645390070921985,pos,Farm,IT2
ASV_00177,ASV_00423,0.5390070921985816,pos,Farm,IT2
ASV_00177,ASV_00425,0.5447761194029851,pos,Farm,IT2
ASV_00177,ASV_00426,0.5405405405405406,pos,Farm,IT2
ASV_00177,ASV_00440,0.5,pos,Farm,IT2
ASV_00177,ASV_00444,0.5035460992907801,pos,Farm,IT2
ASV_00177,ASV_00447,0.5069444444444444,pos,Farm,IT2
ASV_00177,ASV_00451,0.5172413793103449,pos,Farm,IT2
ASV_00177,ASV_00453,0.5070422535211268,pos,Farm,IT2
ASV_00177,ASV_00463,0.5211267605633803,pos,Farm,IT2
ASV_00177,ASV_00482,0.5540540540540541,pos,Farm,IT2
ASV_00177,ASV_00485,0.5034965034965035,pos,Farm,IT2
ASV_00177,ASV_00490,0.5379310344827586,pos,Farm,IT2
ASV_00177,ASV_00495,0.48905109489051096,pos,Farm,IT2
ASV_00177,ASV_00498,0.46715328467153283,pos,Farm,IT2
ASV_00177,ASV_00506,0.5147058823529411,pos,Farm,IT2
ASV_00177,ASV_00508,0.4857142857142857,pos,Farm,IT2
ASV_00177,ASV_00511,0.4852941176470588,pos,Farm,IT2
ASV_00177,ASV_00512,0.5454545454545454,pos,Farm,IT2
ASV_00177,ASV_00514,0.5234899328859061,pos,Farm,IT2
ASV_00177,ASV_00518,0.5241379310344828,pos,Farm,IT2
ASV_00177,ASV_00520,0.5140845070422535,pos,Farm,IT2
ASV_00177,ASV_00524,0.5036496350364964,pos,Farm,IT2
ASV_00177,ASV_00528,0.49640287769784175,pos,Farm,IT2
ASV_00177,ASV_00533,0.5,pos,Farm,IT2
ASV_00177,ASV_00541,0.49645390070921985,pos,Farm,IT2
ASV_00177,ASV_00542,0.5241379310344828,pos,Farm,IT2
ASV_00177,ASV_00550,0.5069444444444444,pos,Farm,IT2
ASV_00177,ASV_00568,0.5069444444444444,pos,Farm,IT2
ASV_00177,ASV_00572,0.5342465753424658,pos,Farm,IT2
ASV_00177,ASV_00592,0.5362318840579711,pos,Farm,IT2
ASV_00177,ASV_00594,0.5362318840579711,pos,Farm,IT2
ASV_00177,ASV_00596,0.4888888888888889,pos,Farm,IT2
ASV_00177,ASV_00612,0.5211267605633803,pos,Farm,IT2
ASV_00177,ASV_00615,0.5111111111111111,pos,Farm,IT2
ASV_00177,ASV_00620,0.5539568345323741,pos,Farm,IT2
ASV_00177,ASV_00622,0.47794117647058826,pos,Farm,IT2
ASV_00177,ASV_00635,0.5103448275862069,pos,Farm,IT2
ASV_00177,ASV_00643,0.5035460992907801,pos,Farm,IT2
ASV_00177,ASV_00645,0.4676258992805755,pos,Farm,IT2
ASV_00177,ASV_00651,0.5401459854014599,pos,Farm,IT2
ASV_00177,ASV_00654,0.5185185185185185,pos,Farm,IT2
ASV_00177,ASV_00656,0.5106382978723404,pos,Farm,IT2
ASV_00177,ASV_00666,0.503448275862069,pos,Farm,IT2
ASV_00177,ASV_00679,0.5104895104895105,pos,Farm,IT2
ASV_00177,ASV_00687,0.49645390070921985,pos,Farm,IT2
ASV_00177,ASV_00727,0.5109489051094891,pos,Farm,IT2
ASV_00177,ASV_00734,0.5140845070422535,pos,Farm,IT2
ASV_00177,ASV_00769,0.4859154929577465,pos,Farm,IT2
ASV_00177,ASV_00793,0.49640287769784175,pos,Farm,IT2
ASV_00177,ASV_00798,0.528169014084507,pos,Farm,IT2
ASV_00177,ASV_00807,0.5106382978723404,pos,Farm,IT2
ASV_00177,ASV_00808,0.49640287769784175,pos,Farm,IT2
ASV_00177,ASV_00809,0.5374149659863946,pos,Farm,IT2
ASV_00177,ASV_00815,0.5234899328859061,pos,Farm,IT2
ASV_00177,ASV_00821,0.4965034965034965,pos,Farm,IT2
ASV_00177,ASV_00829,0.5217391304347826,pos,Farm,IT2
ASV_00177,ASV_00842,0.5073529411764706,pos,Farm,IT2
ASV_00177,ASV_00865,0.5106382978723404,pos,Farm,IT2
ASV_00177,ASV_00890,0.5177304964539007,pos,Farm,IT2
ASV_00177,ASV_00924,0.4925373134328358,pos,Farm,IT2
ASV_00177,ASV_00931,0.5182481751824818,pos,Farm,IT2
ASV_00177,ASV_00935,0.5035460992907801,pos,Farm,IT2
ASV_00177,ASV_00952,0.4892086330935252,pos,Farm,IT2
ASV_00177,ASV_00958,0.4859154929577465,pos,Farm,IT2
ASV_00177,ASV_00959,0.49295774647887325,pos,Farm,IT2
ASV_00177,ASV_00987,0.5072463768115942,pos,Farm,IT2
ASV_00177,ASV_01071,0.48226950354609927,pos,Farm,IT2
ASV_00177,ASV_01092,0.5241379310344828,pos,Farm,IT2
ASV_00177,ASV_01152,0.5107913669064749,pos,Farm,IT2
ASV_00177,ASV_01204,0.5103448275862069,pos,Farm,IT2
ASV_00177,ASV_01328,0.48226950354609927,pos,Farm,IT2
ASV_00177,ASV_01426,0.4748201438848921,pos,Farm,IT2
ASV_00177,ASV_01459,0.48226950354609927,pos,Farm,IT2
ASV_00177,ASV_01491,0.49645390070921985,pos,Farm,IT2
ASV_00177,ASV_01541,0.5070422535211268,pos,Farm,IT2
ASV_00177,ASV_01578,0.5661764705882353,pos,Farm,IT2
ASV_00177,ASV_02332,0.5069444444444444,pos,Farm,IT2
ASV_00178,ASV_00202,0.5071428571428571,pos,Farm,IT2
ASV_00178,ASV_00213,0.564625850340136,pos,Farm,IT2
ASV_00178,ASV_00226,0.5138888888888888,pos,Farm,IT2
ASV_00178,ASV_00230,0.5342465753424658,pos,Farm,IT2
ASV_00178,ASV_00231,0.5208333333333334,pos,Farm,IT2
ASV_00178,ASV_00246,0.5306122448979592,pos,Farm,IT2
ASV_00178,ASV_00266,0.5664335664335665,pos,Farm,IT2
ASV_00178,ASV_00270,0.5496688741721855,pos,Farm,IT2
ASV_00178,ASV_00285,0.55,pos,Farm,IT2
ASV_00178,ASV_00309,0.5664335664335665,pos,Farm,IT2
ASV_00178,ASV_00318,0.5205479452054794,pos,Farm,IT2
ASV_00178,ASV_00334,0.541095890410959,pos,Farm,IT2
ASV_00178,ASV_00336,0.5172413793103449,pos,Farm,IT2
ASV_00178,ASV_00345,0.5586206896551724,pos,Farm,IT2
ASV_00178,ASV_00359,0.49295774647887325,pos,Farm,IT2
ASV_00178,ASV_00368,0.5422535211267606,pos,Farm,IT2
ASV_00178,ASV_00369,0.5205479452054794,pos,Farm,IT2
ASV_00178,ASV_00393,0.5,pos,Farm,IT2
ASV_00178,ASV_00425,0.5104895104895105,pos,Farm,IT2
ASV_00178,ASV_00440,0.5539568345323741,pos,Farm,IT2
ASV_00178,ASV_00444,0.5136986301369864,pos,Farm,IT2
ASV_00178,ASV_00458,0.4965034965034965,pos,Farm,IT2
ASV_00178,ASV_00474,0.5448275862068965,pos,Farm,IT2
ASV_00178,ASV_00486,0.5821917808219178,pos,Farm,IT2
ASV_00178,ASV_00488,0.5578231292517006,pos,Farm,IT2
ASV_00178,ASV_00498,0.48936170212765956,pos,Farm,IT2
ASV_00178,ASV_00503,0.5172413793103449,pos,Farm,IT2
ASV_00178,ASV_00504,0.593103448275862,pos,Farm,IT2
ASV_00178,ASV_00529,0.5142857142857142,pos,Farm,IT2
ASV_00178,ASV_00556,0.5310344827586206,pos,Farm,IT2
ASV_00178,ASV_00563,0.5238095238095238,pos,Farm,IT2
ASV_00178,ASV_00570,0.4965034965034965,pos,Farm,IT2
ASV_00178,ASV_00612,0.5306122448979592,pos,Farm,IT2
ASV_00178,ASV_00636,0.5666666666666667,pos,Farm,IT2
ASV_00178,ASV_00654,0.4965034965034965,pos,Farm,IT2
ASV_00178,ASV_00714,0.5703703703703704,pos,Farm,IT2
ASV_00178,ASV_00718,0.5106382978723404,pos,Farm,IT2
ASV_00178,ASV_00732,0.5244755244755245,pos,Farm,IT2
ASV_00178,ASV_00734,0.5342465753424658,pos,Farm,IT2
ASV_00178,ASV_00758,0.5486111111111112,pos,Farm,IT2
ASV_00178,ASV_00760,0.5616438356164384,pos,Farm,IT2
ASV_00178,ASV_00772,0.5347222222222222,pos,Farm,IT2
ASV_00178,ASV_00778,0.475177304964539,pos,Farm,IT2
ASV_00178,ASV_00821,0.5273972602739726,pos,Farm,IT2
ASV_00178,ASV_00829,0.5103448275862069,pos,Farm,IT2
ASV_00178,ASV_00989,0.48936170212765956,pos,Farm,IT2
ASV_00178,ASV_01101,0.5238095238095238,pos,Farm,IT2
ASV_00178,ASV_01253,0.5241379310344828,pos,Farm,IT2
ASV_00178,ASV_01288,0.5342465753424658,pos,Farm,IT2
ASV_00178,ASV_01458,0.5071428571428571,pos,Farm,IT2
ASV_00179,ASV_00181,0.5733333333333334,pos,Farm,IT2
ASV_00179,ASV_00200,0.5586206896551724,pos,Farm,IT2
ASV_00179,ASV_00203,0.5675675675675675,pos,Farm,IT2
ASV_00179,ASV_00218,0.589041095890411,pos,Farm,IT2
ASV_00179,ASV_00230,0.5562913907284768,pos,Farm,IT2
ASV_00179,ASV_00232,0.6013513513513513,pos,Farm,IT2
ASV_00179,ASV_00239,0.5369127516778524,pos,Farm,IT2
ASV_00179,ASV_00242,0.5208333333333334,pos,Farm,IT2
ASV_00179,ASV_00247,0.5540540540540541,pos,Farm,IT2
ASV_00179,ASV_00266,0.5986394557823129,pos,Farm,IT2
ASV_00179,ASV_00267,0.5306122448979592,pos,Farm,IT2
ASV_00179,ASV_00283,0.5695364238410596,pos,Farm,IT2
ASV_00179,ASV_00290,0.6333333333333333,pos,Farm,IT2
ASV_00179,ASV_00291,0.5379310344827586,pos,Farm,IT2
ASV_00179,ASV_00296,0.5273972602739726,pos,Farm,IT2
ASV_00179,ASV_00299,0.5302013422818792,pos,Farm,IT2
ASV_00179,ASV_00303,0.5170068027210885,pos,Farm,IT2
ASV_00179,ASV_00304,0.5882352941176471,pos,Farm,IT2
ASV_00179,ASV_00308,0.5616438356164384,pos,Farm,IT2
ASV_00179,ASV_00312,0.5592105263157895,pos,Farm,IT2
ASV_00179,ASV_00315,0.5273972602739726,pos,Farm,IT2
ASV_00179,ASV_00332,0.5684931506849316,pos,Farm,IT2
ASV_00179,ASV_00333,0.5986394557823129,pos,Farm,IT2
ASV_00179,ASV_00342,0.54,pos,Farm,IT2
ASV_00179,ASV_00345,0.5592105263157895,pos,Farm,IT2
ASV_00179,ASV_00346,0.5302013422818792,pos,Farm,IT2
ASV_00179,ASV_00347,0.5695364238410596,pos,Farm,IT2
ASV_00179,ASV_00361,0.6232876712328768,pos,Farm,IT2
ASV_00179,ASV_00381,0.5547945205479452,pos,Farm,IT2
ASV_00179,ASV_00416,0.54,pos,Farm,IT2
ASV_00179,ASV_00423,0.58,pos,Farm,IT2
ASV_00179,ASV_00441,0.5302013422818792,pos,Farm,IT2
ASV_00179,ASV_00444,0.5570469798657718,pos,Farm,IT2
ASV_00179,ASV_00453,0.5918367346938775,pos,Farm,IT2
ASV_00179,ASV_00463,0.5733333333333334,pos,Farm,IT2
ASV_00179,ASV_00465,0.5608108108108109,pos,Farm,IT2
ASV_00179,ASV_00468,0.5106382978723404,pos,Farm,IT2
ASV_00179,ASV_00477,0.581081081081081,pos,Farm,IT2
ASV_00179,ASV_00498,0.5241379310344828,pos,Farm,IT2
ASV_00179,ASV_00520,0.5878378378378378,pos,Farm,IT2
ASV_00179,ASV_00524,0.527027027027027,pos,Farm,IT2
ASV_00179,ASV_00529,0.5170068027210885,pos,Farm,IT2
ASV_00179,ASV_00530,0.5675675675675675,pos,Farm,IT2
ASV_00179,ASV_00548,0.5273972602739726,pos,Farm,IT2
ASV_00179,ASV_00556,0.5533333333333333,pos,Farm,IT2
ASV_00179,ASV_00570,0.5306122448979592,pos,Farm,IT2
ASV_00179,ASV_00572,0.6052631578947368,pos,Farm,IT2
ASV_00179,ASV_00594,0.5570469798657718,pos,Farm,IT2
ASV_00179,ASV_00595,0.5302013422818792,pos,Farm,IT2
ASV_00179,ASV_00643,0.589041095890411,pos,Farm,IT2
ASV_00179,ASV_00798,0.5695364238410596,pos,Farm,IT2
ASV_00179,ASV_00848,0.5629139072847682,pos,Farm,IT2
ASV_00179,ASV_00869,0.5933333333333334,pos,Farm,IT2
ASV_00179,ASV_00929,0.5906040268456376,pos,Farm,IT2
ASV_00179,ASV_00931,0.5510204081632653,pos,Farm,IT2
ASV_00179,ASV_00959,0.5782312925170068,pos,Farm,IT2
ASV_00179,ASV_00987,0.5724137931034483,pos,Farm,IT2
ASV_00179,ASV_01065,0.5202702702702703,pos,Farm,IT2
ASV_00179,ASV_01071,0.5472972972972973,pos,Farm,IT2
ASV_00179,ASV_01426,0.541095890410959,pos,Farm,IT2
ASV_00179,ASV_01459,0.5472972972972973,pos,Farm,IT2
ASV_00179,ASV_01503,0.5704697986577181,pos,Farm,IT2
ASV_00179,ASV_01512,0.5273972602739726,pos,Farm,IT2
ASV_00179,ASV_01578,0.5637583892617449,pos,Farm,IT2
ASV_00179,ASV_01941,0.5771812080536913,pos,Farm,IT2
ASV_00181,ASV_00187,0.5241379310344828,pos,Farm,IT2
ASV_00181,ASV_00188,0.5337837837837838,pos,Farm,IT2
ASV_00181,ASV_00189,0.5138888888888888,pos,Farm,IT2
ASV_00181,ASV_00197,0.5310344827586206,pos,Farm,IT2
ASV_00181,ASV_00208,0.5422535211267606,pos,Farm,IT2
ASV_00181,ASV_00213,0.5608108108108109,pos,Farm,IT2
ASV_00181,ASV_00218,0.5205479452054794,pos,Farm,IT2
ASV_00181,ASV_00221,0.5314685314685315,pos,Farm,IT2
ASV_00181,ASV_00229,0.5136986301369864,pos,Farm,IT2
ASV_00181,ASV_00232,0.5655172413793104,pos,Farm,IT2
ASV_00181,ASV_00233,0.5390070921985816,pos,Farm,IT2
ASV_00181,ASV_00240,0.5138888888888888,pos,Farm,IT2
ASV_00181,ASV_00242,0.4928571428571429,pos,Farm,IT2
ASV_00181,ASV_00243,0.5273972602739726,pos,Farm,IT2
ASV_00181,ASV_00244,0.5205479452054794,pos,Farm,IT2
ASV_00181,ASV_00252,0.5492957746478874,pos,Farm,IT2
ASV_00181,ASV_00259,0.4857142857142857,pos,Farm,IT2
ASV_00181,ASV_00267,0.524822695035461,pos,Farm,IT2
ASV_00181,ASV_00269,0.5827814569536424,pos,Farm,IT2
ASV_00181,ASV_00288,0.5405405405405406,pos,Farm,IT2
ASV_00181,ASV_00296,0.48951048951048953,pos,Farm,IT2
ASV_00181,ASV_00304,0.6068965517241379,pos,Farm,IT2
ASV_00181,ASV_00320,0.524822695035461,pos,Farm,IT2
ASV_00181,ASV_00328,0.5845070422535211,pos,Farm,IT2
ASV_00181,ASV_00332,0.5208333333333334,pos,Farm,IT2
ASV_00181,ASV_00333,0.5306122448979592,pos,Farm,IT2
ASV_00181,ASV_00342,0.5347222222222222,pos,Farm,IT2
ASV_00181,ASV_00343,0.5555555555555556,pos,Farm,IT2
ASV_00181,ASV_00347,0.54421768707483,pos,Farm,IT2
ASV_00181,ASV_00354,0.5103448275862069,pos,Farm,IT2
ASV_00181,ASV_00356,0.5472972972972973,pos,Farm,IT2
ASV_00181,ASV_00359,0.48951048951048953,pos,Farm,IT2
ASV_00181,ASV_00361,0.5547945205479452,pos,Farm,IT2
ASV_00181,ASV_00367,0.5069444444444444,pos,Farm,IT2
ASV_00181,ASV_00373,0.5104895104895105,pos,Farm,IT2
ASV_00181,ASV_00399,0.541095890410959,pos,Farm,IT2
ASV_00181,ASV_00403,0.547945205479452,pos,Farm,IT2
ASV_00181,ASV_00421,0.5306122448979592,pos,Farm,IT2
ASV_00181,ASV_00425,0.5174825174825175,pos,Farm,IT2
ASV_00181,ASV_00443,0.5069444444444444,pos,Farm,IT2
ASV_00181,ASV_00447,0.54421768707483,pos,Farm,IT2
ASV_00181,ASV_00453,0.5555555555555556,pos,Farm,IT2
ASV_00181,ASV_00460,0.5238095238095238,pos,Farm,IT2
ASV_00181,ASV_00485,0.5306122448979592,pos,Farm,IT2
ASV_00181,ASV_00486,0.5675675675675675,pos,Farm,IT2
ASV_00181,ASV_00495,0.4965034965034965,pos,Farm,IT2
ASV_00181,ASV_00498,0.49645390070921985,pos,Farm,IT2
ASV_00181,ASV_00513,0.5454545454545454,pos,Farm,IT2
ASV_00181,ASV_00528,0.5138888888888888,pos,Farm,IT2
ASV_00181,ASV_00529,0.5,pos,Farm,IT2
ASV_00181,ASV_00534,0.5533333333333333,pos,Farm,IT2
ASV_00181,ASV_00541,0.5454545454545454,pos,Farm,IT2
ASV_00181,ASV_00542,0.593103448275862,pos,Farm,IT2
ASV_00181,ASV_00543,0.541095890410959,pos,Farm,IT2
ASV_00181,ASV_00550,0.54421768707483,pos,Farm,IT2
ASV_00181,ASV_00555,0.5306122448979592,pos,Farm,IT2
ASV_00181,ASV_00563,0.5845070422535211,pos,Farm,IT2
ASV_00181,ASV_00570,0.524822695035461,pos,Farm,IT2
ASV_00181,ASV_00574,0.54421768707483,pos,Farm,IT2
ASV_00181,ASV_00615,0.4965034965034965,pos,Farm,IT2
ASV_00181,ASV_00633,0.5448275862068965,pos,Farm,IT2
ASV_00181,ASV_00635,0.5578231292517006,pos,Farm,IT2
ASV_00181,ASV_00643,0.5310344827586206,pos,Farm,IT2
ASV_00181,ASV_00687,0.5347222222222222,pos,Farm,IT2
ASV_00181,ASV_00732,0.5531914893617021,pos,Farm,IT2
ASV_00181,ASV_00758,0.5342465753424658,pos,Farm,IT2
ASV_00181,ASV_00793,0.5244755244755245,pos,Farm,IT2
ASV_00181,ASV_00798,0.5655172413793104,pos,Farm,IT2
ASV_00181,ASV_00801,0.5285714285714286,pos,Farm,IT2
ASV_00181,ASV_00815,0.5695364238410596,pos,Farm,IT2
ASV_00181,ASV_00817,0.564625850340136,pos,Farm,IT2
ASV_00181,ASV_00821,0.5774647887323944,pos,Farm,IT2
ASV_00181,ASV_00822,0.5273972602739726,pos,Farm,IT2
ASV_00181,ASV_00842,0.5034965034965035,pos,Farm,IT2
ASV_00181,ASV_00869,0.5472972972972973,pos,Farm,IT2
ASV_00181,ASV_00924,0.5107913669064749,pos,Farm,IT2
ASV_00181,ASV_00931,0.5244755244755245,pos,Farm,IT2
ASV_00181,ASV_01152,0.5492957746478874,pos,Farm,IT2
ASV_00181,ASV_01249,0.5138888888888888,pos,Farm,IT2
ASV_00181,ASV_01276,0.5140845070422535,pos,Farm,IT2
ASV_00181,ASV_01342,0.5533333333333333,pos,Farm,IT2
ASV_00181,ASV_01541,0.5555555555555556,pos,Farm,IT2
ASV_00181,ASV_01578,0.5594405594405595,pos,Farm,IT2
ASV_00182,ASV_00184,0.5384615384615384,pos,Farm,IT2
ASV_00182,ASV_00186,0.5238095238095238,pos,Farm,IT2
ASV_00182,ASV_00191,0.5277777777777778,pos,Farm,IT2
ASV_00182,ASV_00194,0.5503355704697986,pos,Farm,IT2
ASV_00182,ASV_00196,0.5357142857142857,pos,Farm,IT2
ASV_00182,ASV_00200,0.5174825174825175,pos,Farm,IT2
ASV_00182,ASV_00202,0.48951048951048953,pos,Farm,IT2
ASV_00182,ASV_00205,0.5637583892617449,pos,Farm,IT2
ASV_00182,ASV_00210,0.5466666666666666,pos,Farm,IT2
ASV_00182,ASV_00211,0.4965034965034965,pos,Farm,IT2
ASV_00182,ASV_00216,0.5172413793103449,pos,Farm,IT2
ASV_00182,ASV_00228,0.5,pos,Farm,IT2
ASV_00182,ASV_00231,0.5136986301369864,pos,Farm,IT2
ASV_00182,ASV_00232,0.5724137931034483,pos,Farm,IT2
ASV_00182,ASV_00242,0.48936170212765956,pos,Farm,IT2
ASV_00182,ASV_00244,0.5273972602739726,pos,Farm,IT2
ASV_00182,ASV_00247,0.5454545454545454,pos,Farm,IT2
ASV_00182,ASV_00252,0.5454545454545454,pos,Farm,IT2
ASV_00182,ASV_00253,0.5578231292517006,pos,Farm,IT2
ASV_00182,ASV_00259,0.48226950354609927,pos,Farm,IT2
ASV_00182,ASV_00262,0.5337837837837838,pos,Farm,IT2
ASV_00182,ASV_00266,0.5374149659863946,pos,Farm,IT2
ASV_00182,ASV_00267,0.5,pos,Farm,IT2
ASV_00182,ASV_00269,0.5894039735099338,pos,Farm,IT2
ASV_00182,ASV_00272,0.5205479452054794,pos,Farm,IT2
ASV_00182,ASV_00275,0.5675675675675675,pos,Farm,IT2
ASV_00182,ASV_00279,0.5070422535211268,pos,Farm,IT2
ASV_00182,ASV_00282,0.5277777777777778,pos,Farm,IT2
ASV_00182,ASV_00287,0.5103448275862069,pos,Farm,IT2
ASV_00182,ASV_00294,0.547945205479452,pos,Farm,IT2
ASV_00182,ASV_00297,0.5205479452054794,pos,Farm,IT2
ASV_00182,ASV_00304,0.5704697986577181,pos,Farm,IT2
ASV_00182,ASV_00305,0.5540540540540541,pos,Farm,IT2
ASV_00182,ASV_00309,0.5374149659863946,pos,Farm,IT2
ASV_00182,ASV_00312,0.5944055944055944,pos,Farm,IT2
ASV_00182,ASV_00317,0.5454545454545454,pos,Farm,IT2
ASV_00182,ASV_00320,0.5104895104895105,pos,Farm,IT2
ASV_00182,ASV_00324,0.5347222222222222,pos,Farm,IT2
ASV_00182,ASV_00326,0.5460992907801419,pos,Farm,IT2
ASV_00182,ASV_00327,0.5422535211267606,pos,Farm,IT2
ASV_00182,ASV_00339,0.5104895104895105,pos,Farm,IT2
ASV_00182,ASV_00346,0.5314685314685315,pos,Farm,IT2
ASV_00182,ASV_00356,0.5753424657534246,pos,Farm,IT2
ASV_00182,ASV_00367,0.5138888888888888,pos,Farm,IT2
ASV_00182,ASV_00378,0.5753424657534246,pos,Farm,IT2
ASV_00182,ASV_00389,0.5448275862068965,pos,Farm,IT2
ASV_00182,ASV_00398,0.5374149659863946,pos,Farm,IT2
ASV_00182,ASV_00407,0.5384615384615384,pos,Farm,IT2
ASV_00182,ASV_00411,0.5238095238095238,pos,Farm,IT2
ASV_00182,ASV_00421,0.547945205479452,pos,Farm,IT2
ASV_00182,ASV_00422,0.5205479452054794,pos,Farm,IT2
ASV_00182,ASV_00438,0.5524475524475524,pos,Farm,IT2
ASV_00182,ASV_00441,0.5531914893617021,pos,Farm,IT2
ASV_00182,ASV_00445,0.5205479452054794,pos,Farm,IT2
ASV_00182,ASV_00451,0.5503355704697986,pos,Farm,IT2
ASV_00182,ASV_00452,0.503448275862069,pos,Farm,IT2
ASV_00182,ASV_00453,0.541095890410959,pos,Farm,IT2
ASV_00182,ASV_00454,0.5578231292517006,pos,Farm,IT2
ASV_00182,ASV_00459,0.5517241379310345,pos,Farm,IT2
ASV_00182,ASV_00460,0.5517241379310345,pos,Farm,IT2
ASV_00182,ASV_00483,0.5714285714285714,pos,Farm,IT2
ASV_00182,ASV_00490,0.581081081081081,pos,Farm,IT2
ASV_00182,ASV_00495,0.5140845070422535,pos,Farm,IT2
ASV_00182,ASV_00501,0.5664335664335665,pos,Farm,IT2
ASV_00182,ASV_00506,0.5390070921985816,pos,Farm,IT2
ASV_00182,ASV_00513,0.5310344827586206,pos,Farm,IT2
ASV_00182,ASV_00518,0.5675675675675675,pos,Farm,IT2
ASV_00182,ASV_00533,0.5563380281690141,pos,Farm,IT2
ASV_00182,ASV_00544,0.5136986301369864,pos,Farm,IT2
ASV_00182,ASV_00550,0.5405405405405406,pos,Farm,IT2
ASV_00182,ASV_00554,0.5694444444444444,pos,Farm,IT2
ASV_00182,ASV_00556,0.5555555555555556,pos,Farm,IT2
ASV_00182,ASV_00561,0.5751633986928104,pos,Farm,IT2
ASV_00182,ASV_00563,0.5374149659863946,pos,Farm,IT2
ASV_00182,ASV_00570,0.5104895104895105,pos,Farm,IT2
ASV_00182,ASV_00594,0.5486111111111112,pos,Farm,IT2
ASV_00182,ASV_00595,0.5208333333333334,pos,Farm,IT2
ASV_00182,ASV_00613,0.49295774647887325,pos,Farm,IT2
ASV_00182,ASV_00620,0.5655172413793104,pos,Farm,IT2
ASV_00182,ASV_00622,0.5142857142857142,pos,Farm,IT2
ASV_00182,ASV_00638,0.5337837837837838,pos,Farm,IT2
ASV_00182,ASV_00651,0.5310344827586206,pos,Farm,IT2
ASV_00182,ASV_00662,0.503448275862069,pos,Farm,IT2
ASV_00182,ASV_00666,0.5369127516778524,pos,Farm,IT2
ASV_00182,ASV_00668,0.5208333333333334,pos,Farm,IT2
ASV_00182,ASV_00671,0.5531914893617021,pos,Farm,IT2
ASV_00182,ASV_00679,0.5337837837837838,pos,Farm,IT2
ASV_00182,ASV_00687,0.5633802816901409,pos,Farm,IT2
ASV_00182,ASV_00709,0.5205479452054794,pos,Farm,IT2
ASV_00182,ASV_00724,0.5103448275862069,pos,Farm,IT2
ASV_00182,ASV_00728,0.5323741007194245,pos,Farm,IT2
ASV_00182,ASV_00769,0.5205479452054794,pos,Farm,IT2
ASV_00182,ASV_00772,0.5486111111111112,pos,Farm,IT2
ASV_00182,ASV_00781,0.5205479452054794,pos,Farm,IT2
ASV_00182,ASV_00793,0.5208333333333334,pos,Farm,IT2
ASV_00182,ASV_00806,0.5369127516778524,pos,Farm,IT2
ASV_00182,ASV_00808,0.5103448275862069,pos,Farm,IT2
ASV_00182,ASV_00809,0.5695364238410596,pos,Farm,IT2
ASV_00182,ASV_00815,0.5657894736842105,pos,Farm,IT2
ASV_00182,ASV_00822,0.5342465753424658,pos,Farm,IT2
ASV_00182,ASV_00829,0.5347222222222222,pos,Farm,IT2
ASV_00182,ASV_00842,0.5319148936170213,pos,Farm,IT2
ASV_00182,ASV_00845,0.5070422535211268,pos,Farm,IT2
ASV_00182,ASV_00865,0.5342465753424658,pos,Farm,IT2
ASV_00182,ASV_00873,0.5140845070422535,pos,Farm,IT2
ASV_00182,ASV_00891,0.5838926174496645,pos,Farm,IT2
ASV_00182,ASV_00906,0.5918367346938775,pos,Farm,IT2
ASV_00182,ASV_00984,0.5238095238095238,pos,Farm,IT2
ASV_00182,ASV_01023,0.5436241610738255,pos,Farm,IT2
ASV_00182,ASV_01090,0.5369127516778524,pos,Farm,IT2
ASV_00182,ASV_01092,0.5466666666666666,pos,Farm,IT2
ASV_00182,ASV_01124,0.5273972602739726,pos,Farm,IT2
ASV_00182,ASV_01249,0.5422535211267606,pos,Farm,IT2
ASV_00182,ASV_01385,0.5241379310344828,pos,Farm,IT2
ASV_00182,ASV_01578,0.5342465753424658,pos,Farm,IT2
ASV_00182,ASV_02332,0.5944055944055944,pos,Farm,IT2
ASV_00183,ASV_00193,0.5273972602739726,pos,Farm,IT2
ASV_00183,ASV_00200,0.5177304964539007,pos,Farm,IT2
ASV_00183,ASV_00212,0.5138888888888888,pos,Farm,IT2
ASV_00183,ASV_00213,0.5472972972972973,pos,Farm,IT2
ASV_00183,ASV_00227,0.5384615384615384,pos,Farm,IT2
ASV_00183,ASV_00247,0.5138888888888888,pos,Farm,IT2
ASV_00183,ASV_00253,0.547945205479452,pos,Farm,IT2
ASV_00183,ASV_00267,0.5214285714285715,pos,Farm,IT2
ASV_00183,ASV_00275,0.5472972972972973,pos,Farm,IT2
ASV_00183,ASV_00278,0.5342465753424658,pos,Farm,IT2
ASV_00183,ASV_00288,0.547945205479452,pos,Farm,IT2
ASV_00183,ASV_00305,0.5337837837837838,pos,Farm,IT2
ASV_00183,ASV_00309,0.5379310344827586,pos,Farm,IT2
ASV_00183,ASV_00318,0.5454545454545454,pos,Farm,IT2
ASV_00183,ASV_00325,0.5384615384615384,pos,Farm,IT2
ASV_00183,ASV_00327,0.5,pos,Farm,IT2
ASV_00183,ASV_00331,0.5666666666666667,pos,Farm,IT2
ASV_00183,ASV_00337,0.5369127516778524,pos,Farm,IT2
ASV_00183,ASV_00340,0.5555555555555556,pos,Farm,IT2
ASV_00183,ASV_00345,0.541095890410959,pos,Farm,IT2
ASV_00183,ASV_00355,0.5205479452054794,pos,Farm,IT2
ASV_00183,ASV_00372,0.49645390070921985,pos,Farm,IT2
ASV_00183,ASV_00389,0.5241379310344828,pos,Farm,IT2
ASV_00183,ASV_00391,0.5,pos,Farm,IT2
ASV_00183,ASV_00393,0.5035971223021583,pos,Farm,IT2
ASV_00183,ASV_00397,0.5172413793103449,pos,Farm,IT2
ASV_00183,ASV_00399,0.5486111111111112,pos,Farm,IT2
ASV_00183,ASV_00400,0.5238095238095238,pos,Farm,IT2
ASV_00183,ASV_00402,0.475177304964539,pos,Farm,IT2
ASV_00183,ASV_00406,0.5,pos,Farm,IT2
ASV_00183,ASV_00409,0.5070422535211268,pos,Farm,IT2
ASV_00183,ASV_00416,0.5314685314685315,pos,Farm,IT2
ASV_00183,ASV_00458,0.5,pos,Farm,IT2
ASV_00183,ASV_00459,0.5205479452054794,pos,Farm,IT2
ASV_00183,ASV_00464,0.541095890410959,pos,Farm,IT2
ASV_00183,ASV_00474,0.5273972602739726,pos,Farm,IT2
ASV_00183,ASV_00476,0.5104895104895105,pos,Farm,IT2
ASV_00183,ASV_00479,0.541095890410959,pos,Farm,IT2
ASV_00183,ASV_00485,0.5704225352112676,pos,Farm,IT2
ASV_00183,ASV_00488,0.5510204081632653,pos,Farm,IT2
ASV_00183,ASV_00507,0.5172413793103449,pos,Farm,IT2
ASV_00183,ASV_00508,0.5104895104895105,pos,Farm,IT2
ASV_00183,ASV_00512,0.5578231292517006,pos,Farm,IT2
ASV_00183,ASV_00533,0.5138888888888888,pos,Farm,IT2
ASV_00183,ASV_00536,0.5405405405405406,pos,Farm,IT2
ASV_00183,ASV_00561,0.5973154362416108,pos,Farm,IT2
ASV_00183,ASV_00570,0.5106382978723404,pos,Farm,IT2
ASV_00183,ASV_00572,0.5466666666666666,pos,Farm,IT2
ASV_00183,ASV_00612,0.5342465753424658,pos,Farm,IT2
ASV_00183,ASV_00630,0.4859154929577465,pos,Farm,IT2
ASV_00183,ASV_00633,0.5310344827586206,pos,Farm,IT2
ASV_00183,ASV_00636,0.5704697986577181,pos,Farm,IT2
ASV_00183,ASV_00638,0.5555555555555556,pos,Farm,IT2
ASV_00183,ASV_00709,0.5422535211267606,pos,Farm,IT2
ASV_00183,ASV_00721,0.4859154929577465,pos,Farm,IT2
ASV_00183,ASV_00728,0.5,pos,Farm,IT2
ASV_00183,ASV_00789,0.5136986301369864,pos,Farm,IT2
ASV_00183,ASV_00793,0.5104895104895105,pos,Farm,IT2
ASV_00183,ASV_00801,0.5142857142857142,pos,Farm,IT2
ASV_00183,ASV_00815,0.5771812080536913,pos,Farm,IT2
ASV_00183,ASV_00848,0.5238095238095238,pos,Farm,IT2
ASV_00183,ASV_00952,0.5034965034965035,pos,Farm,IT2
ASV_00183,ASV_00966,0.48226950354609927,pos,Farm,IT2
ASV_00183,ASV_00984,0.5136986301369864,pos,Farm,IT2
ASV_00183,ASV_01065,0.5,pos,Farm,IT2
ASV_00183,ASV_01119,0.5578231292517006,pos,Farm,IT2
ASV_00183,ASV_01124,0.5172413793103449,pos,Farm,IT2
ASV_00183,ASV_01153,0.5140845070422535,pos,Farm,IT2
ASV_00183,ASV_01328,0.5174825174825175,pos,Farm,IT2
ASV_00183,ASV_01458,0.48936170212765956,pos,Farm,IT2
ASV_00183,ASV_01941,0.5273972602739726,pos,Farm,IT2
ASV_00183,ASV_02020,0.5352112676056338,pos,Farm,IT2
ASV_00184,ASV_00189,0.49645390070921985,pos,Farm,IT2
ASV_00184,ASV_00196,0.5,pos,Farm,IT2
ASV_00184,ASV_00199,0.4855072463768116,pos,Farm,IT2
ASV_00184,ASV_00202,0.4748201438848921,pos,Farm,IT2
ASV_00184,ASV_00206,0.48201438848920863,pos,Farm,IT2
ASV_00184,ASV_00210,0.5342465753424658,pos,Farm,IT2
ASV_00184,ASV_00212,0.5214285714285715,pos,Farm,IT2
ASV_00184,ASV_00218,0.5034965034965035,pos,Farm,IT2
ASV_00184,ASV_00233,0.48936170212765956,pos,Farm,IT2
ASV_00184,ASV_00242,0.463768115942029,pos,Farm,IT2
ASV_00184,ASV_00250,0.5244755244755245,pos,Farm,IT2
ASV_00184,ASV_00252,0.5,pos,Farm,IT2
ASV_00184,ASV_00253,0.5241379310344828,pos,Farm,IT2
ASV_00184,ASV_00267,0.49640287769784175,pos,Farm,IT2
ASV_00184,ASV_00271,0.45588235294117646,pos,Farm,IT2
ASV_00184,ASV_00274,0.527027027027027,pos,Farm,IT2
ASV_00184,ASV_00282,0.5035460992907801,pos,Farm,IT2
ASV_00184,ASV_00286,0.524822695035461,pos,Farm,IT2
ASV_00184,ASV_00288,0.5347222222222222,pos,Farm,IT2
ASV_00184,ASV_00291,0.48201438848920863,pos,Farm,IT2
ASV_00184,ASV_00297,0.5285714285714286,pos,Farm,IT2
ASV_00184,ASV_00304,0.527027027027027,pos,Farm,IT2
ASV_00184,ASV_00312,0.5277777777777778,pos,Farm,IT2
ASV_00184,ASV_00313,0.528169014084507,pos,Farm,IT2
ASV_00184,ASV_00320,0.5294117647058824,pos,Farm,IT2
ASV_00184,ASV_00324,0.5,pos,Farm,IT2
ASV_00184,ASV_00332,0.49295774647887325,pos,Farm,IT2
ASV_00184,ASV_00335,0.4782608695652174,pos,Farm,IT2
ASV_00184,ASV_00336,0.539568345323741,pos,Farm,IT2
ASV_00184,ASV_00337,0.5555555555555556,pos,Farm,IT2
ASV_00184,ASV_00347,0.5384615384615384,pos,Farm,IT2
ASV_00184,ASV_00352,0.5035460992907801,pos,Farm,IT2
ASV_00184,ASV_00354,0.5035460992907801,pos,Farm,IT2
ASV_00184,ASV_00378,0.5205479452054794,pos,Farm,IT2
ASV_00184,ASV_00389,0.5428571428571428,pos,Farm,IT2
ASV_00184,ASV_00393,0.4676258992805755,pos,Farm,IT2
ASV_00184,ASV_00403,0.5103448275862069,pos,Farm,IT2
ASV_00184,ASV_00410,0.5177304964539007,pos,Farm,IT2
ASV_00184,ASV_00416,0.5070422535211268,pos,Farm,IT2
ASV_00184,ASV_00422,0.4965034965034965,pos,Farm,IT2
ASV_00184,ASV_00441,0.49645390070921985,pos,Farm,IT2
ASV_00184,ASV_00459,0.5174825174825175,pos,Farm,IT2
ASV_00184,ASV_00482,0.5533333333333333,pos,Farm,IT2
ASV_00184,ASV_00493,0.5205479452054794,pos,Farm,IT2
ASV_00184,ASV_00494,0.5034965034965035,pos,Farm,IT2
ASV_00184,ASV_00495,0.5220588235294118,pos,Farm,IT2
ASV_00184,ASV_00498,0.4676258992805755,pos,Farm,IT2
ASV_00184,ASV_00508,0.4859154929577465,pos,Farm,IT2
ASV_00184,ASV_00514,0.564625850340136,pos,Farm,IT2
ASV_00184,ASV_00517,0.48936170212765956,pos,Farm,IT2
ASV_00184,ASV_00518,0.5555555555555556,pos,Farm,IT2
ASV_00184,ASV_00524,0.48226950354609927,pos,Farm,IT2
ASV_00184,ASV_00550,0.5172413793103449,pos,Farm,IT2
ASV_00184,ASV_00554,0.5244755244755245,pos,Farm,IT2
ASV_00184,ASV_00561,0.543046357615894,pos,Farm,IT2
ASV_00184,ASV_00570,0.49640287769784175,pos,Farm,IT2
ASV_00184,ASV_00592,0.5034965034965035,pos,Farm,IT2
ASV_00184,ASV_00612,0.5103448275862069,pos,Farm,IT2
ASV_00184,ASV_00613,0.4676258992805755,pos,Farm,IT2
ASV_00184,ASV_00622,0.5,pos,Farm,IT2
ASV_00184,ASV_00638,0.5531914893617021,pos,Farm,IT2
ASV_00184,ASV_00666,0.5347222222222222,pos,Farm,IT2
ASV_00184,ASV_00671,0.5071428571428571,pos,Farm,IT2
ASV_00184,ASV_00718,0.4785714285714286,pos,Farm,IT2
ASV_00184,ASV_00724,0.49645390070921985,pos,Farm,IT2
ASV_00184,ASV_00728,0.4855072463768116,pos,Farm,IT2
ASV_00184,ASV_00757,0.5352112676056338,pos,Farm,IT2
ASV_00184,ASV_00769,0.5620437956204379,pos,Farm,IT2
ASV_00184,ASV_00772,0.5034965034965035,pos,Farm,IT2
ASV_00184,ASV_00789,0.5104895104895105,pos,Farm,IT2
ASV_00184,ASV_00793,0.5289855072463768,pos,Farm,IT2
ASV_00184,ASV_00806,0.5673758865248227,pos,Farm,IT2
ASV_00184,ASV_00829,0.5106382978723404,pos,Farm,IT2
ASV_00184,ASV_00842,0.5182481751824818,pos,Farm,IT2
ASV_00184,ASV_00865,0.5104895104895105,pos,Farm,IT2
ASV_00184,ASV_00890,0.528169014084507,pos,Farm,IT2
ASV_00184,ASV_00906,0.5694444444444444,pos,Farm,IT2
ASV_00184,ASV_00909,0.4859154929577465,pos,Farm,IT2
ASV_00184,ASV_00966,0.4676258992805755,pos,Farm,IT2
ASV_00184,ASV_01018,0.5289855072463768,pos,Farm,IT2
ASV_00184,ASV_01065,0.49640287769784175,pos,Farm,IT2
ASV_00184,ASV_01087,0.5174825174825175,pos,Farm,IT2
ASV_00184,ASV_01092,0.5238095238095238,pos,Farm,IT2
ASV_00184,ASV_01119,0.5238095238095238,pos,Farm,IT2
ASV_00184,ASV_01152,0.5,pos,Farm,IT2
ASV_00184,ASV_01253,0.5467625899280576,pos,Farm,IT2
ASV_00184,ASV_01385,0.5214285714285715,pos,Farm,IT2
ASV_00184,ASV_01458,0.4748201438848921,pos,Farm,IT2
ASV_00184,ASV_01512,0.5036496350364964,pos,Farm,IT2
ASV_00184,ASV_01941,0.5352112676056338,pos,Farm,IT2
ASV_00184,ASV_02020,0.5,pos,Farm,IT2
ASV_00185,ASV_00200,0.48936170212765956,pos,Farm,IT2
ASV_00185,ASV_00212,0.4965034965034965,pos,Farm,IT2
ASV_00185,ASV_00231,0.5070422535211268,pos,Farm,IT2
ASV_00185,ASV_00269,0.5637583892617449,pos,Farm,IT2
ASV_00185,ASV_00270,0.5369127516778524,pos,Farm,IT2
ASV_00185,ASV_00275,0.5625,pos,Farm,IT2
ASV_00185,ASV_00292,0.5241379310344828,pos,Farm,IT2
ASV_00185,ASV_00325,0.5104895104895105,pos,Farm,IT2
ASV_00185,ASV_00330,0.5362318840579711,pos,Farm,IT2
ASV_00185,ASV_00345,0.5136986301369864,pos,Farm,IT2
ASV_00185,ASV_00346,0.49295774647887325,pos,Farm,IT2
ASV_00185,ASV_00353,0.5106382978723404,pos,Farm,IT2
ASV_00185,ASV_00395,0.49645390070921985,pos,Farm,IT2
ASV_00185,ASV_00406,0.5035971223021583,pos,Farm,IT2
ASV_00185,ASV_00407,0.5,pos,Farm,IT2
ASV_00185,ASV_00418,0.5106382978723404,pos,Farm,IT2
ASV_00185,ASV_00488,0.5238095238095238,pos,Farm,IT2
ASV_00185,ASV_00490,0.5337837837837838,pos,Farm,IT2
ASV_00185,ASV_00507,0.5104895104895105,pos,Farm,IT2
ASV_00185,ASV_00508,0.49295774647887325,pos,Farm,IT2
ASV_00185,ASV_00514,0.5608108108108109,pos,Farm,IT2
ASV_00185,ASV_00554,0.5103448275862069,pos,Farm,IT2
ASV_00185,ASV_00570,0.48226950354609927,pos,Farm,IT2
ASV_00185,ASV_00628,0.5,pos,Farm,IT2
ASV_00185,ASV_00636,0.564625850340136,pos,Farm,IT2
ASV_00185,ASV_00654,0.5035971223021583,pos,Farm,IT2
ASV_00185,ASV_00666,0.5205479452054794,pos,Farm,IT2
ASV_00185,ASV_00721,0.4785714285714286,pos,Farm,IT2
ASV_00185,ASV_00726,0.5208333333333334,pos,Farm,IT2
ASV_00185,ASV_00782,0.5034965034965035,pos,Farm,IT2
ASV_00185,ASV_00815,0.5608108108108109,pos,Farm,IT2
ASV_00185,ASV_00891,0.5369127516778524,pos,Farm,IT2
ASV_00185,ASV_00906,0.54421768707483,pos,Farm,IT2
ASV_00185,ASV_00989,0.4855072463768116,pos,Farm,IT2
ASV_00185,ASV_01124,0.5104895104895105,pos,Farm,IT2
ASV_00185,ASV_01153,0.5289855072463768,pos,Farm,IT2
ASV_00185,ASV_01458,0.5036496350364964,pos,Farm,IT2
ASV_00186,ASV_00187,0.5352112676056338,pos,Farm,IT2
ASV_00186,ASV_00189,0.5467625899280576,pos,Farm,IT2
ASV_00186,ASV_00192,0.5138888888888888,pos,Farm,IT2
ASV_00186,ASV_00193,0.5310344827586206,pos,Farm,IT2
ASV_00186,ASV_00195,0.5347222222222222,pos,Farm,IT2
ASV_00186,ASV_00196,0.5179856115107914,pos,Farm,IT2
ASV_00186,ASV_00198,0.5174825174825175,pos,Farm,IT2
ASV_00186,ASV_00199,0.5144927536231884,pos,Farm,IT2
ASV_00186,ASV_00200,0.5547445255474452,pos,Farm,IT2
ASV_00186,ASV_00202,0.48226950354609927,pos,Farm,IT2
ASV_00186,ASV_00203,0.5208333333333334,pos,Farm,IT2
ASV_00186,ASV_00214,0.5138888888888888,pos,Farm,IT2
ASV_00186,ASV_00216,0.5,pos,Farm,IT2
ASV_00186,ASV_00218,0.5208333333333334,pos,Farm,IT2
ASV_00186,ASV_00227,0.5103448275862069,pos,Farm,IT2
ASV_00186,ASV_00228,0.5035460992907801,pos,Farm,IT2
ASV_00186,ASV_00230,0.5310344827586206,pos,Farm,IT2
ASV_00186,ASV_00232,0.5342465753424658,pos,Farm,IT2
ASV_00186,ASV_00233,0.539568345323741,pos,Farm,IT2
ASV_00186,ASV_00235,0.49635036496350365,pos,Farm,IT2
ASV_00186,ASV_00237,0.5374149659863946,pos,Farm,IT2
ASV_00186,ASV_00240,0.5034965034965035,pos,Farm,IT2
ASV_00186,ASV_00243,0.5172413793103449,pos,Farm,IT2
ASV_00186,ASV_00247,0.5611510791366906,pos,Farm,IT2
ASV_00186,ASV_00249,0.572463768115942,pos,Farm,IT2
ASV_00186,ASV_00251,0.5205479452054794,pos,Farm,IT2
ASV_00186,ASV_00252,0.55,pos,Farm,IT2
ASV_00186,ASV_00259,0.49635036496350365,pos,Farm,IT2
ASV_00186,ASV_00263,0.541095890410959,pos,Farm,IT2
ASV_00186,ASV_00265,0.539568345323741,pos,Farm,IT2
ASV_00186,ASV_00274,0.5540540540540541,pos,Farm,IT2
ASV_00186,ASV_00275,0.5616438356164384,pos,Farm,IT2
ASV_00186,ASV_00277,0.5578231292517006,pos,Farm,IT2
ASV_00186,ASV_00279,0.5107913669064749,pos,Farm,IT2
ASV_00186,ASV_00285,0.5357142857142857,pos,Farm,IT2
ASV_00186,ASV_00288,0.5845070422535211,pos,Farm,IT2
ASV_00186,ASV_00290,0.5466666666666666,pos,Farm,IT2
ASV_00186,ASV_00292,0.5886524822695035,pos,Farm,IT2
ASV_00186,ASV_00294,0.5416666666666666,pos,Farm,IT2
ASV_00186,ASV_00295,0.5563380281690141,pos,Farm,IT2
ASV_00186,ASV_00299,0.5140845070422535,pos,Farm,IT2
ASV_00186,ASV_00303,0.5217391304347826,pos,Farm,IT2
ASV_00186,ASV_00305,0.5804195804195804,pos,Farm,IT2
ASV_00186,ASV_00307,0.5285714285714286,pos,Farm,IT2
ASV_00186,ASV_00315,0.48936170212765956,pos,Farm,IT2
ASV_00186,ASV_00317,0.5069444444444444,pos,Farm,IT2
ASV_00186,ASV_00318,0.5492957746478874,pos,Farm,IT2
ASV_00186,ASV_00320,0.5251798561151079,pos,Farm,IT2
ASV_00186,ASV_00324,0.5955882352941176,pos,Farm,IT2
ASV_00186,ASV_00325,0.5103448275862069,pos,Farm,IT2
ASV_00186,ASV_00327,0.524822695035461,pos,Farm,IT2
ASV_00186,ASV_00328,0.5205479452054794,pos,Farm,IT2
ASV_00186,ASV_00334,0.5815602836879432,pos,Farm,IT2
ASV_00186,ASV_00335,0.4857142857142857,pos,Farm,IT2
ASV_00186,ASV_00337,0.5405405405405406,pos,Farm,IT2
ASV_00186,ASV_00339,0.49295774647887325,pos,Farm,IT2
ASV_00186,ASV_00340,0.5379310344827586,pos,Farm,IT2
ASV_00186,ASV_00343,0.5347222222222222,pos,Farm,IT2
ASV_00186,ASV_00345,0.5342465753424658,pos,Farm,IT2
ASV_00186,ASV_00354,0.5,pos,Farm,IT2
ASV_00186,ASV_00355,0.5136986301369864,pos,Farm,IT2
ASV_00186,ASV_00361,0.5448275862068965,pos,Farm,IT2
ASV_00186,ASV_00365,0.5352112676056338,pos,Farm,IT2
ASV_00186,ASV_00367,0.5177304964539007,pos,Farm,IT2
ASV_00186,ASV_00368,0.5174825174825175,pos,Farm,IT2
ASV_00186,ASV_00369,0.5172413793103449,pos,Farm,IT2
ASV_00186,ASV_00372,0.5441176470588235,pos,Farm,IT2
ASV_00186,ASV_00376,0.5238095238095238,pos,Farm,IT2
ASV_00186,ASV_00377,0.5071428571428571,pos,Farm,IT2
ASV_00186,ASV_00378,0.547945205479452,pos,Farm,IT2
ASV_00186,ASV_00381,0.539568345323741,pos,Farm,IT2
ASV_00186,ASV_00384,0.5244755244755245,pos,Farm,IT2
ASV_00186,ASV_00389,0.5277777777777778,pos,Farm,IT2
ASV_00186,ASV_00390,0.5793103448275863,pos,Farm,IT2
ASV_00186,ASV_00397,0.5314685314685315,pos,Farm,IT2
ASV_00186,ASV_00399,0.5416666666666666,pos,Farm,IT2
ASV_00186,ASV_00402,0.4785714285714286,pos,Farm,IT2
ASV_00186,ASV_00409,0.5214285714285715,pos,Farm,IT2
ASV_00186,ASV_00410,0.5352112676056338,pos,Farm,IT2
ASV_00186,ASV_00428,0.4859154929577465,pos,Farm,IT2
ASV_00186,ASV_00429,0.49635036496350365,pos,Farm,IT2
ASV_00186,ASV_00438,0.5352112676056338,pos,Farm,IT2
ASV_00186,ASV_00441,0.5140845070422535,pos,Farm,IT2
ASV_00186,ASV_00443,0.5070422535211268,pos,Farm,IT2
ASV_00186,ASV_00444,0.5208333333333334,pos,Farm,IT2
ASV_00186,ASV_00445,0.5460992907801419,pos,Farm,IT2
ASV_00186,ASV_00447,0.5664335664335665,pos,Farm,IT2
ASV_00186,ASV_00451,0.5547945205479452,pos,Farm,IT2
ASV_00186,ASV_00453,0.5136986301369864,pos,Farm,IT2
ASV_00186,ASV_00455,0.5808823529411765,pos,Farm,IT2
ASV_00186,ASV_00459,0.5454545454545454,pos,Farm,IT2
ASV_00186,ASV_00460,0.5241379310344828,pos,Farm,IT2
ASV_00186,ASV_00463,0.5273972602739726,pos,Farm,IT2
ASV_00186,ASV_00477,0.5136986301369864,pos,Farm,IT2
ASV_00186,ASV_00479,0.5555555555555556,pos,Farm,IT2
ASV_00186,ASV_00482,0.5906040268456376,pos,Farm,IT2
ASV_00186,ASV_00483,0.5337837837837838,pos,Farm,IT2
ASV_00186,ASV_00485,0.5310344827586206,pos,Farm,IT2
ASV_00186,ASV_00488,0.5337837837837838,pos,Farm,IT2
ASV_00186,ASV_00490,0.5540540540540541,pos,Farm,IT2
ASV_00186,ASV_00495,0.5071428571428571,pos,Farm,IT2
ASV_00186,ASV_00498,0.5294117647058824,pos,Farm,IT2
ASV_00186,ASV_00503,0.5460992907801419,pos,Farm,IT2
ASV_00186,ASV_00507,0.5314685314685315,pos,Farm,IT2
ASV_00186,ASV_00508,0.5579710144927537,pos,Farm,IT2
ASV_00186,ASV_00511,0.5367647058823529,pos,Farm,IT2
ASV_00186,ASV_00512,0.5405405405405406,pos,Farm,IT2
ASV_00186,ASV_00513,0.5352112676056338,pos,Farm,IT2
ASV_00186,ASV_00518,0.5724137931034483,pos,Farm,IT2
ASV_00186,ASV_00524,0.5106382978723404,pos,Farm,IT2
ASV_00186,ASV_00528,0.5693430656934306,pos,Farm,IT2
ASV_00186,ASV_00533,0.528169014084507,pos,Farm,IT2
ASV_00186,ASV_00541,0.5138888888888888,pos,Farm,IT2
ASV_00186,ASV_00542,0.5724137931034483,pos,Farm,IT2
ASV_00186,ASV_00543,0.5633802816901409,pos,Farm,IT2
ASV_00186,ASV_00544,0.528169014084507,pos,Farm,IT2
ASV_00186,ASV_00548,0.5328467153284672,pos,Farm,IT2
ASV_00186,ASV_00550,0.5774647887323944,pos,Farm,IT2
ASV_00186,ASV_00554,0.5310344827586206,pos,Farm,IT2
ASV_00186,ASV_00555,0.5310344827586206,pos,Farm,IT2
ASV_00186,ASV_00559,0.528169014084507,pos,Farm,IT2
ASV_00186,ASV_00568,0.5238095238095238,pos,Farm,IT2
ASV_00186,ASV_00569,0.539568345323741,pos,Farm,IT2
ASV_00186,ASV_00574,0.5448275862068965,pos,Farm,IT2
ASV_00186,ASV_00592,0.5103448275862069,pos,Farm,IT2
ASV_00186,ASV_00594,0.5208333333333334,pos,Farm,IT2
ASV_00186,ASV_00595,0.5357142857142857,pos,Farm,IT2
ASV_00186,ASV_00596,0.5072463768115942,pos,Farm,IT2
ASV_00186,ASV_00615,0.5179856115107914,pos,Farm,IT2
ASV_00186,ASV_00620,0.5486111111111112,pos,Farm,IT2
ASV_00186,ASV_00622,0.4857142857142857,pos,Farm,IT2
ASV_00186,ASV_00628,0.5319148936170213,pos,Farm,IT2
ASV_00186,ASV_00633,0.5136986301369864,pos,Farm,IT2
ASV_00186,ASV_00643,0.5755395683453237,pos,Farm,IT2
ASV_00186,ASV_00654,0.49295774647887325,pos,Farm,IT2
ASV_00186,ASV_00656,0.5602836879432624,pos,Farm,IT2
ASV_00186,ASV_00665,0.5289855072463768,pos,Farm,IT2
ASV_00186,ASV_00671,0.5357142857142857,pos,Farm,IT2
ASV_00186,ASV_00673,0.5793103448275863,pos,Farm,IT2
ASV_00186,ASV_00697,0.49295774647887325,pos,Farm,IT2
ASV_00186,ASV_00709,0.5244755244755245,pos,Farm,IT2
ASV_00186,ASV_00718,0.5179856115107914,pos,Farm,IT2
ASV_00186,ASV_00721,0.5217391304347826,pos,Farm,IT2
ASV_00186,ASV_00727,0.5070422535211268,pos,Farm,IT2
ASV_00186,ASV_00732,0.5211267605633803,pos,Farm,IT2
ASV_00186,ASV_00757,0.5205479452054794,pos,Farm,IT2
ASV_00186,ASV_00758,0.5241379310344828,pos,Farm,IT2
ASV_00186,ASV_00760,0.5374149659863946,pos,Farm,IT2
ASV_00186,ASV_00769,0.5460992907801419,pos,Farm,IT2
ASV_00186,ASV_00778,0.5036496350364964,pos,Farm,IT2
ASV_00186,ASV_00781,0.5460992907801419,pos,Farm,IT2
ASV_00186,ASV_00782,0.5138888888888888,pos,Farm,IT2
ASV_00186,ASV_00798,0.5774647887323944,pos,Farm,IT2
ASV_00186,ASV_00802,0.5374149659863946,pos,Farm,IT2
ASV_00186,ASV_00806,0.5625,pos,Farm,IT2
ASV_00186,ASV_00807,0.5277777777777778,pos,Farm,IT2
ASV_00186,ASV_00808,0.5357142857142857,pos,Farm,IT2
ASV_00186,ASV_00809,0.5958904109589042,pos,Farm,IT2
ASV_00186,ASV_00811,0.5928571428571429,pos,Farm,IT2
ASV_00186,ASV_00815,0.5918367346938775,pos,Farm,IT2
ASV_00186,ASV_00817,0.5985915492957746,pos,Farm,IT2
ASV_00186,ASV_00821,0.5563380281690141,pos,Farm,IT2
ASV_00186,ASV_00822,0.5172413793103449,pos,Farm,IT2
ASV_00186,ASV_00829,0.528169014084507,pos,Farm,IT2
ASV_00186,ASV_00848,0.5704225352112676,pos,Farm,IT2
ASV_00186,ASV_00865,0.5492957746478874,pos,Farm,IT2
ASV_00186,ASV_00875,0.5944055944055944,pos,Farm,IT2
ASV_00186,ASV_00880,0.5507246376811594,pos,Farm,IT2
ASV_00186,ASV_00890,0.5347222222222222,pos,Farm,IT2
ASV_00186,ASV_00906,0.564625850340136,pos,Farm,IT2
ASV_00186,ASV_00924,0.4785714285714286,pos,Farm,IT2
ASV_00186,ASV_00929,0.5664335664335665,pos,Farm,IT2
ASV_00186,ASV_00931,0.5579710144927537,pos,Farm,IT2
ASV_00186,ASV_00935,0.5531914893617021,pos,Farm,IT2
ASV_00186,ASV_00959,0.5314685314685315,pos,Farm,IT2
ASV_00186,ASV_00984,0.5714285714285714,pos,Farm,IT2
ASV_00186,ASV_00989,0.49640287769784175,pos,Farm,IT2
ASV_00186,ASV_01018,0.5034965034965035,pos,Farm,IT2
ASV_00186,ASV_01071,0.5539568345323741,pos,Farm,IT2
ASV_00186,ASV_01092,0.5724137931034483,pos,Farm,IT2
ASV_00186,ASV_01119,0.5510204081632653,pos,Farm,IT2
ASV_00186,ASV_01152,0.5069444444444444,pos,Farm,IT2
ASV_00186,ASV_01179,0.5214285714285715,pos,Farm,IT2
ASV_00186,ASV_01204,0.547945205479452,pos,Farm,IT2
ASV_00186,ASV_01249,0.5140845070422535,pos,Farm,IT2
ASV_00186,ASV_01267,0.5069444444444444,pos,Farm,IT2
ASV_00186,ASV_01288,0.5524475524475524,pos,Farm,IT2
ASV_00186,ASV_01328,0.5104895104895105,pos,Farm,IT2
ASV_00186,ASV_01342,0.5436241610738255,pos,Farm,IT2
ASV_00186,ASV_01368,0.5208333333333334,pos,Farm,IT2
ASV_00186,ASV_01385,0.5390070921985816,pos,Farm,IT2
ASV_00186,ASV_01458,0.5144927536231884,pos,Farm,IT2
ASV_00186,ASV_01491,0.5138888888888888,pos,Farm,IT2
ASV_00186,ASV_01578,0.5277777777777778,pos,Farm,IT2
ASV_00186,ASV_01941,0.5524475524475524,pos,Farm,IT2
ASV_00186,ASV_02149,0.5434782608695652,pos,Farm,IT2
ASV_00186,ASV_02332,0.5238095238095238,pos,Farm,IT2
ASV_00187,ASV_00191,0.5070422535211268,pos,Farm,IT2
ASV_00187,ASV_00192,0.5,pos,Farm,IT2
ASV_00187,ASV_00195,0.5208333333333334,pos,Farm,IT2
ASV_00187,ASV_00196,0.5035971223021583,pos,Farm,IT2
ASV_00187,ASV_00197,0.55,pos,Farm,IT2
ASV_00187,ASV_00213,0.527027027027027,pos,Farm,IT2
ASV_00187,ASV_00214,0.5319148936170213,pos,Farm,IT2
ASV_00187,ASV_00229,0.5,pos,Farm,IT2
ASV_00187,ASV_00230,0.5277777777777778,pos,Farm,IT2
ASV_00187,ASV_00239,0.5177304964539007,pos,Farm,IT2
ASV_00187,ASV_00252,0.5140845070422535,pos,Farm,IT2
ASV_00187,ASV_00263,0.5379310344827586,pos,Farm,IT2
ASV_00187,ASV_00267,0.5217391304347826,pos,Farm,IT2
ASV_00187,ASV_00269,0.6137931034482759,pos,Farm,IT2
ASV_00187,ASV_00271,0.47058823529411764,pos,Farm,IT2
ASV_00187,ASV_00274,0.5405405405405406,pos,Farm,IT2
ASV_00187,ASV_00290,0.5540540540540541,pos,Farm,IT2
ASV_00187,ASV_00292,0.5205479452054794,pos,Farm,IT2
ASV_00187,ASV_00293,0.5369127516778524,pos,Farm,IT2
ASV_00187,ASV_00294,0.5172413793103449,pos,Farm,IT2
ASV_00187,ASV_00295,0.5314685314685315,pos,Farm,IT2
ASV_00187,ASV_00309,0.5492957746478874,pos,Farm,IT2
ASV_00187,ASV_00311,0.5306122448979592,pos,Farm,IT2
ASV_00187,ASV_00317,0.5034965034965035,pos,Farm,IT2
ASV_00187,ASV_00327,0.5661764705882353,pos,Farm,IT2
ASV_00187,ASV_00336,0.5211267605633803,pos,Farm,IT2
ASV_00187,ASV_00343,0.5422535211267606,pos,Farm,IT2
ASV_00187,ASV_00345,0.5310344827586206,pos,Farm,IT2
ASV_00187,ASV_00355,0.5314685314685315,pos,Farm,IT2
ASV_00187,ASV_00356,0.5555555555555556,pos,Farm,IT2
ASV_00187,ASV_00365,0.5104895104895105,pos,Farm,IT2
ASV_00187,ASV_00373,0.4859154929577465,pos,Farm,IT2
ASV_00187,ASV_00377,0.5035971223021583,pos,Farm,IT2
ASV_00187,ASV_00378,0.5342465753424658,pos,Farm,IT2
ASV_00187,ASV_00384,0.5211267605633803,pos,Farm,IT2
ASV_00187,ASV_00407,0.5177304964539007,pos,Farm,IT2
ASV_00187,ASV_00409,0.5179856115107914,pos,Farm,IT2
ASV_00187,ASV_00410,0.5,pos,Farm,IT2
ASV_00187,ASV_00412,0.48936170212765956,pos,Farm,IT2
ASV_00187,ASV_00415,0.5390070921985816,pos,Farm,IT2
ASV_00187,ASV_00425,0.5035460992907801,pos,Farm,IT2
ASV_00187,ASV_00429,0.5037037037037037,pos,Farm,IT2
ASV_00187,ASV_00437,0.5172413793103449,pos,Farm,IT2
ASV_00187,ASV_00438,0.5428571428571428,pos,Farm,IT2
ASV_00187,ASV_00440,0.49295774647887325,pos,Farm,IT2
ASV_00187,ASV_00444,0.5069444444444444,pos,Farm,IT2
ASV_00187,ASV_00447,0.5205479452054794,pos,Farm,IT2
ASV_00187,ASV_00452,0.5142857142857142,pos,Farm,IT2
ASV_00187,ASV_00460,0.5314685314685315,pos,Farm,IT2
ASV_00187,ASV_00463,0.5241379310344828,pos,Farm,IT2
ASV_00187,ASV_00485,0.5277777777777778,pos,Farm,IT2
ASV_00187,ASV_00494,0.528169014084507,pos,Farm,IT2
ASV_00187,ASV_00495,0.48226950354609927,pos,Farm,IT2
ASV_00187,ASV_00498,0.4927536231884058,pos,Farm,IT2
ASV_00187,ASV_00501,0.5138888888888888,pos,Farm,IT2
ASV_00187,ASV_00503,0.5,pos,Farm,IT2
ASV_00187,ASV_00514,0.5570469798657718,pos,Farm,IT2
ASV_00187,ASV_00518,0.527027027027027,pos,Farm,IT2
ASV_00187,ASV_00521,0.5342465753424658,pos,Farm,IT2
ASV_00187,ASV_00524,0.5179856115107914,pos,Farm,IT2
ASV_00187,ASV_00536,0.5517241379310345,pos,Farm,IT2
ASV_00187,ASV_00548,0.5182481751824818,pos,Farm,IT2
ASV_00187,ASV_00555,0.5172413793103449,pos,Farm,IT2
ASV_00187,ASV_00566,0.5,pos,Farm,IT2
ASV_00187,ASV_00574,0.5310344827586206,pos,Farm,IT2
ASV_00187,ASV_00615,0.48226950354609927,pos,Farm,IT2
ASV_00187,ASV_00622,0.48201438848920863,pos,Farm,IT2
ASV_00187,ASV_00633,0.5314685314685315,pos,Farm,IT2
ASV_00187,ASV_00635,0.5342465753424658,pos,Farm,IT2
ASV_00187,ASV_00636,0.54,pos,Farm,IT2
ASV_00187,ASV_00638,0.5136986301369864,pos,Farm,IT2
ASV_00187,ASV_00662,0.5035460992907801,pos,Farm,IT2
ASV_00187,ASV_00665,0.5035971223021583,pos,Farm,IT2
ASV_00187,ASV_00671,0.5,pos,Farm,IT2
ASV_00187,ASV_00679,0.5563380281690141,pos,Farm,IT2
ASV_00187,ASV_00721,0.49640287769784175,pos,Farm,IT2
ASV_00187,ASV_00758,0.5103448275862069,pos,Farm,IT2
ASV_00187,ASV_00769,0.5319148936170213,pos,Farm,IT2
ASV_00187,ASV_00772,0.5069444444444444,pos,Farm,IT2
ASV_00187,ASV_00801,0.48226950354609927,pos,Farm,IT2
ASV_00187,ASV_00808,0.5323741007194245,pos,Farm,IT2
ASV_00187,ASV_00809,0.54,pos,Farm,IT2
ASV_00187,ASV_00815,0.5466666666666666,pos,Farm,IT2
ASV_00187,ASV_00817,0.5306122448979592,pos,Farm,IT2
ASV_00187,ASV_00821,0.5103448275862069,pos,Farm,IT2
ASV_00187,ASV_00848,0.5347222222222222,pos,Farm,IT2
ASV_00187,ASV_00890,0.5103448275862069,pos,Farm,IT2
ASV_00187,ASV_00906,0.5510204081632653,pos,Farm,IT2
ASV_00187,ASV_00912,0.4714285714285714,pos,Farm,IT2
ASV_00187,ASV_00935,0.528169014084507,pos,Farm,IT2
ASV_00187,ASV_01092,0.5586206896551724,pos,Farm,IT2
ASV_00187,ASV_01223,0.49264705882352944,pos,Farm,IT2
ASV_00187,ASV_01288,0.5172413793103449,pos,Farm,IT2
ASV_00187,ASV_01458,0.5333333333333333,pos,Farm,IT2
ASV_00187,ASV_01512,0.49640287769784175,pos,Farm,IT2
ASV_00187,ASV_02149,0.4859154929577465,pos,Farm,IT2
ASV_00188,ASV_00191,0.5172413793103449,pos,Farm,IT2
ASV_00188,ASV_00198,0.5136986301369864,pos,Farm,IT2
ASV_00188,ASV_00199,0.5,pos,Farm,IT2
ASV_00188,ASV_00210,0.5466666666666666,pos,Farm,IT2
ASV_00188,ASV_00213,0.5675675675675675,pos,Farm,IT2
ASV_00188,ASV_00231,0.5347222222222222,pos,Farm,IT2
ASV_00188,ASV_00239,0.5172413793103449,pos,Farm,IT2
ASV_00188,ASV_00244,0.5379310344827586,pos,Farm,IT2
ASV_00188,ASV_00253,0.5472972972972973,pos,Farm,IT2
ASV_00188,ASV_00292,0.5833333333333334,pos,Farm,IT2
ASV_00188,ASV_00305,0.5436241610738255,pos,Farm,IT2
ASV_00188,ASV_00330,0.5103448275862069,pos,Farm,IT2
ASV_00188,ASV_00335,0.5251798561151079,pos,Farm,IT2
ASV_00188,ASV_00340,0.54421768707483,pos,Farm,IT2
ASV_00188,ASV_00342,0.5524475524475524,pos,Farm,IT2
ASV_00188,ASV_00397,0.5273972602739726,pos,Farm,IT2
ASV_00188,ASV_00454,0.5369127516778524,pos,Farm,IT2
ASV_00188,ASV_00486,0.5533333333333333,pos,Farm,IT2
ASV_00188,ASV_00490,0.56,pos,Farm,IT2
ASV_00188,ASV_00494,0.5486111111111112,pos,Farm,IT2
ASV_00188,ASV_00504,0.5743243243243243,pos,Farm,IT2
ASV_00188,ASV_00517,0.5138888888888888,pos,Farm,IT2
ASV_00188,ASV_00529,0.4965034965034965,pos,Farm,IT2
ASV_00188,ASV_00542,0.5466666666666666,pos,Farm,IT2
ASV_00188,ASV_00555,0.547945205479452,pos,Farm,IT2
ASV_00188,ASV_00615,0.5034965034965035,pos,Farm,IT2
ASV_00188,ASV_00651,0.5205479452054794,pos,Farm,IT2
ASV_00188,ASV_00654,0.5104895104895105,pos,Farm,IT2
ASV_00188,ASV_00666,0.5472972972972973,pos,Farm,IT2
ASV_00188,ASV_00676,0.5503355704697986,pos,Farm,IT2
ASV_00188,ASV_00758,0.541095890410959,pos,Farm,IT2
ASV_00188,ASV_00798,0.5405405405405406,pos,Farm,IT2
ASV_00188,ASV_00869,0.5540540540540541,pos,Farm,IT2
ASV_00188,ASV_00935,0.5273972602739726,pos,Farm,IT2
ASV_00188,ASV_02020,0.5136986301369864,pos,Farm,IT2
ASV_00189,ASV_00199,0.4676258992805755,pos,Farm,IT2
ASV_00189,ASV_00205,0.5238095238095238,pos,Farm,IT2
ASV_00189,ASV_00208,0.5401459854014599,pos,Farm,IT2
ASV_00189,ASV_00213,0.5170068027210885,pos,Farm,IT2
ASV_00189,ASV_00218,0.5070422535211268,pos,Farm,IT2
ASV_00189,ASV_00219,0.5170068027210885,pos,Farm,IT2
ASV_00189,ASV_00227,0.5177304964539007,pos,Farm,IT2
ASV_00189,ASV_00228,0.4892086330935252,pos,Farm,IT2
ASV_00189,ASV_00229,0.5,pos,Farm,IT2
ASV_00189,ASV_00233,0.5255474452554745,pos,Farm,IT2
ASV_00189,ASV_00238,0.5211267605633803,pos,Farm,IT2
ASV_00189,ASV_00239,0.4859154929577465,pos,Farm,IT2
ASV_00189,ASV_00243,0.5034965034965035,pos,Farm,IT2
ASV_00189,ASV_00249,0.49295774647887325,pos,Farm,IT2
ASV_00189,ASV_00250,0.5174825174825175,pos,Farm,IT2
ASV_00189,ASV_00263,0.5277777777777778,pos,Farm,IT2
ASV_00189,ASV_00265,0.48226950354609927,pos,Farm,IT2
ASV_00189,ASV_00267,0.4785714285714286,pos,Farm,IT2
ASV_00189,ASV_00273,0.5357142857142857,pos,Farm,IT2
ASV_00189,ASV_00288,0.5172413793103449,pos,Farm,IT2
ASV_00189,ASV_00290,0.5337837837837838,pos,Farm,IT2
ASV_00189,ASV_00291,0.4855072463768116,pos,Farm,IT2
ASV_00189,ASV_00292,0.5422535211267606,pos,Farm,IT2
ASV_00189,ASV_00295,0.5104895104895105,pos,Farm,IT2
ASV_00189,ASV_00299,0.5,pos,Farm,IT2
ASV_00189,ASV_00315,0.4748201438848921,pos,Farm,IT2
ASV_00189,ASV_00324,0.5703703703703704,pos,Farm,IT2
ASV_00189,ASV_00325,0.5285714285714286,pos,Farm,IT2
ASV_00189,ASV_00327,0.5,pos,Farm,IT2
ASV_00189,ASV_00328,0.5069444444444444,pos,Farm,IT2
ASV_00189,ASV_00347,0.5208333333333334,pos,Farm,IT2
ASV_00189,ASV_00352,0.49645390070921985,pos,Farm,IT2
ASV_00189,ASV_00357,0.49640287769784175,pos,Farm,IT2
ASV_00189,ASV_00361,0.5314685314685315,pos,Farm,IT2
ASV_00189,ASV_00372,0.4748201438848921,pos,Farm,IT2
ASV_00189,ASV_00377,0.5036496350364964,pos,Farm,IT2
ASV_00189,ASV_00378,0.5136986301369864,pos,Farm,IT2
ASV_00189,ASV_00381,0.48226950354609927,pos,Farm,IT2
ASV_00189,ASV_00391,0.556390977443609,pos,Farm,IT2
ASV_00189,ASV_00397,0.5070422535211268,pos,Farm,IT2
ASV_00189,ASV_00398,0.5174825174825175,pos,Farm,IT2
ASV_00189,ASV_00400,0.5244755244755245,pos,Farm,IT2
ASV_00189,ASV_00407,0.5179856115107914,pos,Farm,IT2
ASV_00189,ASV_00409,0.5182481751824818,pos,Farm,IT2
ASV_00189,ASV_00418,0.4859154929577465,pos,Farm,IT2
ASV_00189,ASV_00425,0.5035971223021583,pos,Farm,IT2
ASV_00189,ASV_00451,0.5205479452054794,pos,Farm,IT2
ASV_00189,ASV_00452,0.5035971223021583,pos,Farm,IT2
ASV_00189,ASV_00453,0.5211267605633803,pos,Farm,IT2
ASV_00189,ASV_00459,0.5,pos,Farm,IT2
ASV_00189,ASV_00482,0.5466666666666666,pos,Farm,IT2
ASV_00189,ASV_00485,0.5611510791366906,pos,Farm,IT2
ASV_00189,ASV_00495,0.5036496350364964,pos,Farm,IT2
ASV_00189,ASV_00508,0.48936170212765956,pos,Farm,IT2
ASV_00189,ASV_00518,0.5273972602739726,pos,Farm,IT2
ASV_00189,ASV_00528,0.48936170212765956,pos,Farm,IT2
ASV_00189,ASV_00529,0.5298507462686567,pos,Farm,IT2
ASV_00189,ASV_00536,0.5205479452054794,pos,Farm,IT2
ASV_00189,ASV_00542,0.5594405594405595,pos,Farm,IT2
ASV_00189,ASV_00554,0.55,pos,Farm,IT2
ASV_00189,ASV_00568,0.5642857142857143,pos,Farm,IT2
ASV_00189,ASV_00574,0.5531914893617021,pos,Farm,IT2
ASV_00189,ASV_00587,0.48936170212765956,pos,Farm,IT2
ASV_00189,ASV_00615,0.48201438848920863,pos,Farm,IT2
ASV_00189,ASV_00630,0.4748201438848921,pos,Farm,IT2
ASV_00189,ASV_00643,0.539568345323741,pos,Farm,IT2
ASV_00189,ASV_00651,0.5,pos,Farm,IT2
ASV_00189,ASV_00656,0.5140845070422535,pos,Farm,IT2
ASV_00189,ASV_00665,0.4927536231884058,pos,Farm,IT2
ASV_00189,ASV_00666,0.5277777777777778,pos,Farm,IT2
ASV_00189,ASV_00673,0.5238095238095238,pos,Farm,IT2
ASV_00189,ASV_00758,0.5,pos,Farm,IT2
ASV_00189,ASV_00769,0.5323741007194245,pos,Farm,IT2
ASV_00189,ASV_00772,0.5177304964539007,pos,Farm,IT2
ASV_00189,ASV_00801,0.5147058823529411,pos,Farm,IT2
ASV_00189,ASV_00808,0.5217391304347826,pos,Farm,IT2
ASV_00189,ASV_00809,0.5724137931034483,pos,Farm,IT2
ASV_00189,ASV_00811,0.5352112676056338,pos,Farm,IT2
ASV_00189,ASV_00817,0.5310344827586206,pos,Farm,IT2
ASV_00189,ASV_00842,0.5333333333333333,pos,Farm,IT2
ASV_00189,ASV_00865,0.5034965034965035,pos,Farm,IT2
ASV_00189,ASV_00873,0.4927536231884058,pos,Farm,IT2
ASV_00189,ASV_00880,0.5144927536231884,pos,Farm,IT2
ASV_00189,ASV_00931,0.5107913669064749,pos,Farm,IT2
ASV_00189,ASV_00935,0.4965034965034965,pos,Farm,IT2
ASV_00189,ASV_00989,0.5037037037037037,pos,Farm,IT2
ASV_00189,ASV_01018,0.5,pos,Farm,IT2
ASV_00189,ASV_01048,0.5251798561151079,pos,Farm,IT2
ASV_00189,ASV_01065,0.4892086330935252,pos,Farm,IT2
ASV_00189,ASV_01092,0.5379310344827586,pos,Farm,IT2
ASV_00189,ASV_01119,0.5170068027210885,pos,Farm,IT2
ASV_00189,ASV_01152,0.49295774647887325,pos,Farm,IT2
ASV_00189,ASV_01153,0.4928571428571429,pos,Farm,IT2
ASV_00189,ASV_01179,0.5182481751824818,pos,Farm,IT2
ASV_00189,ASV_01288,0.5069444444444444,pos,Farm,IT2
ASV_00189,ASV_01368,0.5070422535211268,pos,Farm,IT2
ASV_00189,ASV_01417,0.5,pos,Farm,IT2
ASV_00189,ASV_01458,0.4782608695652174,pos,Farm,IT2
ASV_00189,ASV_01503,0.5,pos,Farm,IT2
ASV_00189,ASV_02020,0.49295774647887325,pos,Farm,IT2
ASV_00191,ASV_00192,0.4965034965034965,pos,Farm,IT2
ASV_00191,ASV_00193,0.5244755244755245,pos,Farm,IT2
ASV_00191,ASV_00195,0.5069444444444444,pos,Farm,IT2
ASV_00191,ASV_00199,0.4748201438848921,pos,Farm,IT2
ASV_00191,ASV_00203,0.524822695035461,pos,Farm,IT2
ASV_00191,ASV_00210,0.5342465753424658,pos,Farm,IT2
ASV_00191,ASV_00213,0.5448275862068965,pos,Farm,IT2
ASV_00191,ASV_00214,0.5070422535211268,pos,Farm,IT2
ASV_00191,ASV_00228,0.4857142857142857,pos,Farm,IT2
ASV_00191,ASV_00230,0.5683453237410072,pos,Farm,IT2
ASV_00191,ASV_00231,0.5106382978723404,pos,Farm,IT2
ASV_00191,ASV_00237,0.5205479452054794,pos,Farm,IT2
ASV_00191,ASV_00239,0.5362318840579711,pos,Farm,IT2
ASV_00191,ASV_00242,0.463768115942029,pos,Farm,IT2
ASV_00191,ASV_00247,0.5106382978723404,pos,Farm,IT2
ASV_00191,ASV_00252,0.5214285714285715,pos,Farm,IT2
ASV_00191,ASV_00254,0.5136986301369864,pos,Farm,IT2
ASV_00191,ASV_00263,0.5347222222222222,pos,Farm,IT2
ASV_00191,ASV_00265,0.5,pos,Farm,IT2
ASV_00191,ASV_00266,0.5244755244755245,pos,Farm,IT2
ASV_00191,ASV_00269,0.5466666666666666,pos,Farm,IT2
ASV_00191,ASV_00272,0.5070422535211268,pos,Farm,IT2
ASV_00191,ASV_00275,0.5238095238095238,pos,Farm,IT2
ASV_00191,ASV_00285,0.4859154929577465,pos,Farm,IT2
ASV_00191,ASV_00290,0.5405405405405406,pos,Farm,IT2
ASV_00191,ASV_00294,0.5244755244755245,pos,Farm,IT2
ASV_00191,ASV_00296,0.4927536231884058,pos,Farm,IT2
ASV_00191,ASV_00297,0.5070422535211268,pos,Farm,IT2
ASV_00191,ASV_00300,0.527027027027027,pos,Farm,IT2
ASV_00191,ASV_00303,0.48201438848920863,pos,Farm,IT2
ASV_00191,ASV_00312,0.5277777777777778,pos,Farm,IT2
ASV_00191,ASV_00324,0.5,pos,Farm,IT2
ASV_00191,ASV_00326,0.5,pos,Farm,IT2
ASV_00191,ASV_00328,0.5138888888888888,pos,Farm,IT2
ASV_00191,ASV_00333,0.5138888888888888,pos,Farm,IT2
ASV_00191,ASV_00335,0.4676258992805755,pos,Farm,IT2
ASV_00191,ASV_00342,0.4965034965034965,pos,Farm,IT2
ASV_00191,ASV_00346,0.49645390070921985,pos,Farm,IT2
ASV_00191,ASV_00352,0.5474452554744526,pos,Farm,IT2
ASV_00191,ASV_00354,0.5142857142857142,pos,Farm,IT2
ASV_00191,ASV_00355,0.55,pos,Farm,IT2
ASV_00191,ASV_00356,0.574468085106383,pos,Farm,IT2
ASV_00191,ASV_00359,0.48201438848920863,pos,Farm,IT2
ASV_00191,ASV_00376,0.5714285714285714,pos,Farm,IT2
ASV_00191,ASV_00380,0.5,pos,Farm,IT2
ASV_00191,ASV_00403,0.5208333333333334,pos,Farm,IT2
ASV_00191,ASV_00416,0.5177304964539007,pos,Farm,IT2
ASV_00191,ASV_00421,0.5138888888888888,pos,Farm,IT2
ASV_00191,ASV_00422,0.5070422535211268,pos,Farm,IT2
ASV_00191,ASV_00428,0.4785714285714286,pos,Farm,IT2
ASV_00191,ASV_00429,0.4888888888888889,pos,Farm,IT2
ASV_00191,ASV_00440,0.5328467153284672,pos,Farm,IT2
ASV_00191,ASV_00454,0.5241379310344828,pos,Farm,IT2
ASV_00191,ASV_00479,0.5384615384615384,pos,Farm,IT2
ASV_00191,ASV_00494,0.5034965034965035,pos,Farm,IT2
ASV_00191,ASV_00496,0.5104895104895105,pos,Farm,IT2
ASV_00191,ASV_00498,0.5111111111111111,pos,Farm,IT2
ASV_00191,ASV_00501,0.5,pos,Farm,IT2
ASV_00191,ASV_00506,0.48226950354609927,pos,Farm,IT2
ASV_00191,ASV_00513,0.5070422535211268,pos,Farm,IT2
ASV_00191,ASV_00518,0.5342465753424658,pos,Farm,IT2
ASV_00191,ASV_00533,0.5106382978723404,pos,Farm,IT2
ASV_00191,ASV_00541,0.4965034965034965,pos,Farm,IT2
ASV_00191,ASV_00550,0.5172413793103449,pos,Farm,IT2
ASV_00191,ASV_00561,0.5637583892617449,pos,Farm,IT2
ASV_00191,ASV_00566,0.4965034965034965,pos,Farm,IT2
ASV_00191,ASV_00570,0.5072463768115942,pos,Farm,IT2
ASV_00191,ASV_00581,0.4676258992805755,pos,Farm,IT2
ASV_00191,ASV_00594,0.5140845070422535,pos,Farm,IT2
ASV_00191,ASV_00595,0.49645390070921985,pos,Farm,IT2
ASV_00191,ASV_00596,0.4676258992805755,pos,Farm,IT2
ASV_00191,ASV_00620,0.5208333333333334,pos,Farm,IT2
ASV_00191,ASV_00622,0.4782608695652174,pos,Farm,IT2
ASV_00191,ASV_00628,0.5362318840579711,pos,Farm,IT2
ASV_00191,ASV_00636,0.5369127516778524,pos,Farm,IT2
ASV_00191,ASV_00643,0.524822695035461,pos,Farm,IT2
ASV_00191,ASV_00651,0.5620437956204379,pos,Farm,IT2
ASV_00191,ASV_00665,0.4892086330935252,pos,Farm,IT2
ASV_00191,ASV_00666,0.5136986301369864,pos,Farm,IT2
ASV_00191,ASV_00668,0.4859154929577465,pos,Farm,IT2
ASV_00191,ASV_00679,0.5314685314685315,pos,Farm,IT2
ASV_00191,ASV_00686,0.5319148936170213,pos,Farm,IT2
ASV_00191,ASV_00687,0.4965034965034965,pos,Farm,IT2
ASV_00191,ASV_00697,0.5182481751824818,pos,Farm,IT2
ASV_00191,ASV_00718,0.4892086330935252,pos,Farm,IT2
ASV_00191,ASV_00724,0.5401459854014599,pos,Farm,IT2
ASV_00191,ASV_00726,0.5138888888888888,pos,Farm,IT2
ASV_00191,ASV_00727,0.48936170212765956,pos,Farm,IT2
ASV_00191,ASV_00757,0.5244755244755245,pos,Farm,IT2
ASV_00191,ASV_00758,0.5069444444444444,pos,Farm,IT2
ASV_00191,ASV_00760,0.5524475524475524,pos,Farm,IT2
ASV_00191,ASV_00769,0.5070422535211268,pos,Farm,IT2
ASV_00191,ASV_00781,0.5177304964539007,pos,Farm,IT2
ASV_00191,ASV_00798,0.5172413793103449,pos,Farm,IT2
ASV_00191,ASV_00806,0.5347222222222222,pos,Farm,IT2
ASV_00191,ASV_00808,0.5289855072463768,pos,Farm,IT2
ASV_00191,ASV_00821,0.528169014084507,pos,Farm,IT2
ASV_00191,ASV_00822,0.5104895104895105,pos,Farm,IT2
ASV_00191,ASV_00829,0.5214285714285715,pos,Farm,IT2
ASV_00191,ASV_00875,0.5238095238095238,pos,Farm,IT2
ASV_00191,ASV_00906,0.5804195804195804,pos,Farm,IT2
ASV_00191,ASV_00912,0.5,pos,Farm,IT2
ASV_00191,ASV_00929,0.5492957746478874,pos,Farm,IT2
ASV_00191,ASV_00958,0.5285714285714286,pos,Farm,IT2
ASV_00191,ASV_00987,0.4859154929577465,pos,Farm,IT2
ASV_00191,ASV_01023,0.5524475524475524,pos,Farm,IT2
ASV_00191,ASV_01048,0.5,pos,Farm,IT2
ASV_00191,ASV_01092,0.5664335664335665,pos,Farm,IT2
ASV_00191,ASV_01124,0.5140845070422535,pos,Farm,IT2
ASV_00191,ASV_01249,0.5071428571428571,pos,Farm,IT2
ASV_00191,ASV_01253,0.5140845070422535,pos,Farm,IT2
ASV_00191,ASV_01276,0.49640287769784175,pos,Farm,IT2
ASV_00191,ASV_01458,0.4748201438848921,pos,Farm,IT2
ASV_00191,ASV_01491,0.5177304964539007,pos,Farm,IT2
ASV_00191,ASV_01512,0.5036496350364964,pos,Farm,IT2
ASV_00191,ASV_01578,0.5104895104895105,pos,Farm,IT2
ASV_00192,ASV_00206,0.4857142857142857,pos,Farm,IT2
ASV_00192,ASV_00214,0.5104895104895105,pos,Farm,IT2
ASV_00192,ASV_00216,0.5070422535211268,pos,Farm,IT2
ASV_00192,ASV_00229,0.5104895104895105,pos,Farm,IT2
ASV_00192,ASV_00237,0.5342465753424658,pos,Farm,IT2
ASV_00192,ASV_00242,0.4782608695652174,pos,Farm,IT2
ASV_00192,ASV_00244,0.5174825174825175,pos,Farm,IT2
ASV_00192,ASV_00252,0.5357142857142857,pos,Farm,IT2
ASV_00192,ASV_00254,0.5486111111111112,pos,Farm,IT2
ASV_00192,ASV_00259,0.47101449275362317,pos,Farm,IT2
ASV_00192,ASV_00262,0.5241379310344828,pos,Farm,IT2
ASV_00192,ASV_00267,0.5,pos,Farm,IT2
ASV_00192,ASV_00269,0.5496688741721855,pos,Farm,IT2
ASV_00192,ASV_00270,0.5753424657534246,pos,Farm,IT2
ASV_00192,ASV_00271,0.45985401459854014,pos,Farm,IT2
ASV_00192,ASV_00274,0.5616438356164384,pos,Farm,IT2
ASV_00192,ASV_00282,0.4965034965034965,pos,Farm,IT2
ASV_00192,ASV_00284,0.5217391304347826,pos,Farm,IT2
ASV_00192,ASV_00295,0.5314685314685315,pos,Farm,IT2
ASV_00192,ASV_00296,0.49640287769784175,pos,Farm,IT2
ASV_00192,ASV_00297,0.5211267605633803,pos,Farm,IT2
ASV_00192,ASV_00299,0.5,pos,Farm,IT2
ASV_00192,ASV_00312,0.5524475524475524,pos,Farm,IT2
ASV_00192,ASV_00324,0.524822695035461,pos,Farm,IT2
ASV_00192,ASV_00330,0.5106382978723404,pos,Farm,IT2
ASV_00192,ASV_00331,0.5675675675675675,pos,Farm,IT2
ASV_00192,ASV_00337,0.547945205479452,pos,Farm,IT2
ASV_00192,ASV_00340,0.5673758865248227,pos,Farm,IT2
ASV_00192,ASV_00345,0.5310344827586206,pos,Farm,IT2
ASV_00192,ASV_00346,0.5214285714285715,pos,Farm,IT2
ASV_00192,ASV_00353,0.5070422535211268,pos,Farm,IT2
ASV_00192,ASV_00355,0.5103448275862069,pos,Farm,IT2
ASV_00192,ASV_00357,0.5071428571428571,pos,Farm,IT2
ASV_00192,ASV_00369,0.5352112676056338,pos,Farm,IT2
ASV_00192,ASV_00372,0.4857142857142857,pos,Farm,IT2
ASV_00192,ASV_00373,0.5071428571428571,pos,Farm,IT2
ASV_00192,ASV_00376,0.5205479452054794,pos,Farm,IT2
ASV_00192,ASV_00377,0.48226950354609927,pos,Farm,IT2
ASV_00192,ASV_00378,0.5238095238095238,pos,Farm,IT2
ASV_00192,ASV_00390,0.5337837837837838,pos,Farm,IT2
ASV_00192,ASV_00391,0.5107913669064749,pos,Farm,IT2
ASV_00192,ASV_00403,0.5136986301369864,pos,Farm,IT2
ASV_00192,ASV_00418,0.5285714285714286,pos,Farm,IT2
ASV_00192,ASV_00421,0.5172413793103449,pos,Farm,IT2
ASV_00192,ASV_00440,0.49295774647887325,pos,Farm,IT2
ASV_00192,ASV_00443,0.5251798561151079,pos,Farm,IT2
ASV_00192,ASV_00445,0.5104895104895105,pos,Farm,IT2
ASV_00192,ASV_00452,0.49295774647887325,pos,Farm,IT2
ASV_00192,ASV_00459,0.5314685314685315,pos,Farm,IT2
ASV_00192,ASV_00482,0.5666666666666667,pos,Farm,IT2
ASV_00192,ASV_00490,0.5405405405405406,pos,Farm,IT2
ASV_00192,ASV_00493,0.5342465753424658,pos,Farm,IT2
ASV_00192,ASV_00494,0.5174825174825175,pos,Farm,IT2
ASV_00192,ASV_00503,0.5104895104895105,pos,Farm,IT2
ASV_00192,ASV_00518,0.547945205479452,pos,Farm,IT2
ASV_00192,ASV_00524,0.4859154929577465,pos,Farm,IT2
ASV_00192,ASV_00544,0.5034965034965035,pos,Farm,IT2
ASV_00192,ASV_00556,0.5460992907801419,pos,Farm,IT2
ASV_00192,ASV_00572,0.5472972972972973,pos,Farm,IT2
ASV_00192,ASV_00574,0.5205479452054794,pos,Farm,IT2
ASV_00192,ASV_00594,0.528169014084507,pos,Farm,IT2
ASV_00192,ASV_00595,0.5323741007194245,pos,Farm,IT2
ASV_00192,ASV_00615,0.48226950354609927,pos,Farm,IT2
ASV_00192,ASV_00620,0.5241379310344828,pos,Farm,IT2
ASV_00192,ASV_00622,0.4927536231884058,pos,Farm,IT2
ASV_00192,ASV_00628,0.4965034965034965,pos,Farm,IT2
ASV_00192,ASV_00638,0.5241379310344828,pos,Farm,IT2
ASV_00192,ASV_00645,0.4928571428571429,pos,Farm,IT2
ASV_00192,ASV_00668,0.5323741007194245,pos,Farm,IT2
ASV_00192,ASV_00671,0.5323741007194245,pos,Farm,IT2
ASV_00192,ASV_00679,0.5673758865248227,pos,Farm,IT2
ASV_00192,ASV_00687,0.5428571428571428,pos,Farm,IT2
ASV_00192,ASV_00714,0.49640287769784175,pos,Farm,IT2
ASV_00192,ASV_00721,0.4857142857142857,pos,Farm,IT2
ASV_00192,ASV_00726,0.5277777777777778,pos,Farm,IT2
ASV_00192,ASV_00755,0.5586206896551724,pos,Farm,IT2
ASV_00192,ASV_00772,0.5611510791366906,pos,Farm,IT2
ASV_00192,ASV_00789,0.5138888888888888,pos,Farm,IT2
ASV_00192,ASV_00808,0.5,pos,Farm,IT2
ASV_00192,ASV_00815,0.5570469798657718,pos,Farm,IT2
ASV_00192,ASV_00821,0.5103448275862069,pos,Farm,IT2
ASV_00192,ASV_00829,0.5140845070422535,pos,Farm,IT2
ASV_00192,ASV_00842,0.48936170212765956,pos,Farm,IT2
ASV_00192,ASV_00843,0.5347222222222222,pos,Farm,IT2
ASV_00192,ASV_00848,0.5136986301369864,pos,Farm,IT2
ASV_00192,ASV_00865,0.5138888888888888,pos,Farm,IT2
ASV_00192,ASV_00880,0.5142857142857142,pos,Farm,IT2
ASV_00192,ASV_00891,0.5540540540540541,pos,Farm,IT2
ASV_00192,ASV_00984,0.5138888888888888,pos,Farm,IT2
ASV_00192,ASV_00987,0.5106382978723404,pos,Farm,IT2
ASV_00192,ASV_01023,0.5238095238095238,pos,Farm,IT2
ASV_00192,ASV_01048,0.524822695035461,pos,Farm,IT2
ASV_00192,ASV_01065,0.48936170212765956,pos,Farm,IT2
ASV_00192,ASV_01071,0.5070422535211268,pos,Farm,IT2
ASV_00192,ASV_01092,0.527027027027027,pos,Farm,IT2
ASV_00192,ASV_01119,0.527027027027027,pos,Farm,IT2
ASV_00192,ASV_01276,0.48936170212765956,pos,Farm,IT2
ASV_00192,ASV_01342,0.5510204081632653,pos,Farm,IT2
ASV_00192,ASV_01368,0.5390070921985816,pos,Farm,IT2
ASV_00192,ASV_01385,0.5140845070422535,pos,Farm,IT2
ASV_00192,ASV_01491,0.5652173913043478,pos,Farm,IT2
ASV_00192,ASV_01941,0.5277777777777778,pos,Farm,IT2
ASV_00192,ASV_02332,0.5310344827586206,pos,Farm,IT2
ASV_00193,ASV_00196,0.5106382978723404,pos,Farm,IT2
ASV_00193,ASV_00199,0.5289855072463768,pos,Farm,IT2
ASV_00193,ASV_00227,0.5136986301369864,pos,Farm,IT2
ASV_00193,ASV_00230,0.5342465753424658,pos,Farm,IT2
ASV_00193,ASV_00240,0.528169014084507,pos,Farm,IT2
ASV_00193,ASV_00247,0.5103448275862069,pos,Farm,IT2
ASV_00193,ASV_00249,0.5208333333333334,pos,Farm,IT2
ASV_00193,ASV_00259,0.5109489051094891,pos,Farm,IT2
ASV_00193,ASV_00265,0.5,pos,Farm,IT2
ASV_00193,ASV_00269,0.5657894736842105,pos,Farm,IT2
ASV_00193,ASV_00270,0.5496688741721855,pos,Farm,IT2
ASV_00193,ASV_00286,0.5136986301369864,pos,Farm,IT2
ASV_00193,ASV_00291,0.49295774647887325,pos,Farm,IT2
ASV_00193,ASV_00309,0.5448275862068965,pos,Farm,IT2
ASV_00193,ASV_00315,0.49295774647887325,pos,Farm,IT2
ASV_00193,ASV_00320,0.5070422535211268,pos,Farm,IT2
ASV_00193,ASV_00324,0.5208333333333334,pos,Farm,IT2
ASV_00193,ASV_00326,0.5104895104895105,pos,Farm,IT2
ASV_00193,ASV_00333,0.5342465753424658,pos,Farm,IT2
ASV_00193,ASV_00335,0.48936170212765956,pos,Farm,IT2
ASV_00193,ASV_00340,0.541095890410959,pos,Farm,IT2
ASV_00193,ASV_00342,0.5172413793103449,pos,Farm,IT2
ASV_00193,ASV_00354,0.5138888888888888,pos,Farm,IT2
ASV_00193,ASV_00356,0.5944055944055944,pos,Farm,IT2
ASV_00193,ASV_00368,0.5103448275862069,pos,Farm,IT2
ASV_00193,ASV_00376,0.5694444444444444,pos,Farm,IT2
ASV_00193,ASV_00380,0.5,pos,Farm,IT2
ASV_00193,ASV_00398,0.5238095238095238,pos,Farm,IT2
ASV_00193,ASV_00403,0.5306122448979592,pos,Farm,IT2
ASV_00193,ASV_00404,0.5285714285714286,pos,Farm,IT2
ASV_00193,ASV_00410,0.5172413793103449,pos,Farm,IT2
ASV_00193,ASV_00437,0.5238095238095238,pos,Farm,IT2
ASV_00193,ASV_00443,0.5211267605633803,pos,Farm,IT2
ASV_00193,ASV_00451,0.5369127516778524,pos,Farm,IT2
ASV_00193,ASV_00454,0.5337837837837838,pos,Farm,IT2
ASV_00193,ASV_00460,0.5273972602739726,pos,Farm,IT2
ASV_00193,ASV_00479,0.547945205479452,pos,Farm,IT2
ASV_00193,ASV_00488,0.5472972972972973,pos,Farm,IT2
ASV_00193,ASV_00501,0.5205479452054794,pos,Farm,IT2
ASV_00193,ASV_00506,0.5140845070422535,pos,Farm,IT2
ASV_00193,ASV_00507,0.5563380281690141,pos,Farm,IT2
ASV_00193,ASV_00508,0.5390070921985816,pos,Farm,IT2
ASV_00193,ASV_00534,0.5675675675675675,pos,Farm,IT2
ASV_00193,ASV_00554,0.5448275862068965,pos,Farm,IT2
ASV_00193,ASV_00559,0.5103448275862069,pos,Farm,IT2
ASV_00193,ASV_00569,0.5104895104895105,pos,Farm,IT2
ASV_00193,ASV_00622,0.5107913669064749,pos,Farm,IT2
ASV_00193,ASV_00630,0.5035460992907801,pos,Farm,IT2
ASV_00193,ASV_00638,0.541095890410959,pos,Farm,IT2
ASV_00193,ASV_00641,0.5405405405405406,pos,Farm,IT2
ASV_00193,ASV_00643,0.5454545454545454,pos,Farm,IT2
ASV_00193,ASV_00645,0.48951048951048953,pos,Farm,IT2
ASV_00193,ASV_00697,0.4965034965034965,pos,Farm,IT2
ASV_00193,ASV_00728,0.4859154929577465,pos,Farm,IT2
ASV_00193,ASV_00757,0.5342465753424658,pos,Farm,IT2
ASV_00193,ASV_00798,0.5374149659863946,pos,Farm,IT2
ASV_00193,ASV_00806,0.5655172413793104,pos,Farm,IT2
ASV_00193,ASV_00809,0.5771812080536913,pos,Farm,IT2
ASV_00193,ASV_00829,0.5103448275862069,pos,Farm,IT2
ASV_00193,ASV_00848,0.541095890410959,pos,Farm,IT2
ASV_00193,ASV_00873,0.48951048951048953,pos,Farm,IT2
ASV_00193,ASV_00906,0.5675675675675675,pos,Farm,IT2
ASV_00193,ASV_00912,0.5217391304347826,pos,Farm,IT2
ASV_00193,ASV_00959,0.5136986301369864,pos,Farm,IT2
ASV_00193,ASV_00966,0.48936170212765956,pos,Farm,IT2
ASV_00193,ASV_00987,0.5069444444444444,pos,Farm,IT2
ASV_00193,ASV_01071,0.5460992907801419,pos,Farm,IT2
ASV_00193,ASV_01253,0.5136986301369864,pos,Farm,IT2
ASV_00194,ASV_00202,0.5104895104895105,pos,Farm,IT2
ASV_00194,ASV_00206,0.5069444444444444,pos,Farm,IT2
ASV_00194,ASV_00208,0.5273972602739726,pos,Farm,IT2
ASV_00194,ASV_00233,0.5454545454545454,pos,Farm,IT2
ASV_00194,ASV_00263,0.5675675675675675,pos,Farm,IT2
ASV_00194,ASV_00276,0.5608108108108109,pos,Farm,IT2
ASV_00194,ASV_00286,0.527027027027027,pos,Farm,IT2
ASV_00194,ASV_00292,0.5503355704697986,pos,Farm,IT2
ASV_00194,ASV_00294,0.5684931506849316,pos,Farm,IT2
ASV_00194,ASV_00321,0.5733333333333334,pos,Farm,IT2
ASV_00194,ASV_00328,0.5369127516778524,pos,Farm,IT2
ASV_00194,ASV_00339,0.5103448275862069,pos,Farm,IT2
ASV_00194,ASV_00345,0.5714285714285714,pos,Farm,IT2
ASV_00194,ASV_00346,0.5310344827586206,pos,Farm,IT2
ASV_00194,ASV_00352,0.5486111111111112,pos,Farm,IT2
ASV_00194,ASV_00355,0.5616438356164384,pos,Farm,IT2
ASV_00194,ASV_00377,0.5352112676056338,pos,Farm,IT2
ASV_00194,ASV_00389,0.5985915492957746,pos,Farm,IT2
ASV_00194,ASV_00393,0.5140845070422535,pos,Farm,IT2
ASV_00194,ASV_00409,0.5172413793103449,pos,Farm,IT2
ASV_00194,ASV_00412,0.5208333333333334,pos,Farm,IT2
ASV_00194,ASV_00421,0.5472972972972973,pos,Farm,IT2
ASV_00194,ASV_00440,0.5136986301369864,pos,Farm,IT2
ASV_00194,ASV_00451,0.5704697986577181,pos,Farm,IT2
ASV_00194,ASV_00453,0.5405405405405406,pos,Farm,IT2
ASV_00194,ASV_00485,0.5369127516778524,pos,Farm,IT2
ASV_00194,ASV_00495,0.5138888888888888,pos,Farm,IT2
ASV_00194,ASV_00542,0.5562913907284768,pos,Farm,IT2
ASV_00194,ASV_00576,0.5448275862068965,pos,Farm,IT2
ASV_00194,ASV_00595,0.5205479452054794,pos,Farm,IT2
ASV_00194,ASV_00656,0.5337837837837838,pos,Farm,IT2
ASV_00194,ASV_00734,0.5472972972972973,pos,Farm,IT2
ASV_00194,ASV_00802,0.5533333333333333,pos,Farm,IT2
ASV_00194,ASV_00821,0.5510204081632653,pos,Farm,IT2
ASV_00194,ASV_00822,0.5547945205479452,pos,Farm,IT2
ASV_00194,ASV_00842,0.5208333333333334,pos,Farm,IT2
ASV_00194,ASV_00865,0.54421768707483,pos,Farm,IT2
ASV_00194,ASV_00873,0.5138888888888888,pos,Farm,IT2
ASV_00194,ASV_00890,0.5510204081632653,pos,Farm,IT2
ASV_00194,ASV_01023,0.5533333333333333,pos,Farm,IT2
ASV_00194,ASV_01253,0.527027027027027,pos,Farm,IT2
ASV_00194,ASV_01342,0.6013513513513513,pos,Farm,IT2
ASV_00194,ASV_01578,0.5337837837837838,pos,Farm,IT2
ASV_00194,ASV_02332,0.5503355704697986,pos,Farm,IT2
ASV_00195,ASV_00200,0.5285714285714286,pos,Farm,IT2
ASV_00195,ASV_00208,0.5069444444444444,pos,Farm,IT2
ASV_00195,ASV_00216,0.5069444444444444,pos,Farm,IT2
ASV_00195,ASV_00221,0.5174825174825175,pos,Farm,IT2
ASV_00195,ASV_00226,0.5174825174825175,pos,Farm,IT2
ASV_00195,ASV_00233,0.5140845070422535,pos,Farm,IT2
ASV_00195,ASV_00263,0.5694444444444444,pos,Farm,IT2
ASV_00195,ASV_00265,0.5034965034965035,pos,Farm,IT2
ASV_00195,ASV_00267,0.5106382978723404,pos,Farm,IT2
ASV_00195,ASV_00270,0.5533333333333333,pos,Farm,IT2
ASV_00195,ASV_00278,0.5448275862068965,pos,Farm,IT2
ASV_00195,ASV_00292,0.541095890410959,pos,Farm,IT2
ASV_00195,ASV_00303,0.4859154929577465,pos,Farm,IT2
ASV_00195,ASV_00308,0.5104895104895105,pos,Farm,IT2
ASV_00195,ASV_00312,0.541095890410959,pos,Farm,IT2
ASV_00195,ASV_00326,0.5034965034965035,pos,Farm,IT2
ASV_00195,ASV_00335,0.4928571428571429,pos,Farm,IT2
ASV_00195,ASV_00339,0.5,pos,Farm,IT2
ASV_00195,ASV_00340,0.5448275862068965,pos,Farm,IT2
ASV_00195,ASV_00343,0.5205479452054794,pos,Farm,IT2
ASV_00195,ASV_00346,0.5211267605633803,pos,Farm,IT2
ASV_00195,ASV_00355,0.5524475524475524,pos,Farm,IT2
ASV_00195,ASV_00361,0.5306122448979592,pos,Farm,IT2
ASV_00195,ASV_00389,0.5136986301369864,pos,Farm,IT2
ASV_00195,ASV_00393,0.48226950354609927,pos,Farm,IT2
ASV_00195,ASV_00404,0.5,pos,Farm,IT2
ASV_00195,ASV_00425,0.5140845070422535,pos,Farm,IT2
ASV_00195,ASV_00438,0.5208333333333334,pos,Farm,IT2
ASV_00195,ASV_00441,0.5211267605633803,pos,Farm,IT2
ASV_00195,ASV_00442,0.5374149659863946,pos,Farm,IT2
ASV_00195,ASV_00445,0.5208333333333334,pos,Farm,IT2
ASV_00195,ASV_00452,0.5034965034965035,pos,Farm,IT2
ASV_00195,ASV_00453,0.5205479452054794,pos,Farm,IT2
ASV_00195,ASV_00459,0.5971223021582733,pos,Farm,IT2
ASV_00195,ASV_00471,0.5136986301369864,pos,Farm,IT2
ASV_00195,ASV_00518,0.5369127516778524,pos,Farm,IT2
ASV_00195,ASV_00551,0.5205479452054794,pos,Farm,IT2
ASV_00195,ASV_00574,0.5517241379310345,pos,Farm,IT2
ASV_00195,ASV_00611,0.5486111111111112,pos,Farm,IT2
ASV_00195,ASV_00622,0.48226950354609927,pos,Farm,IT2
ASV_00195,ASV_00636,0.5704697986577181,pos,Farm,IT2
ASV_00195,ASV_00671,0.5211267605633803,pos,Farm,IT2
ASV_00195,ASV_00769,0.5103448275862069,pos,Farm,IT2
ASV_00195,ASV_00808,0.5,pos,Farm,IT2
ASV_00195,ASV_00815,0.5666666666666667,pos,Farm,IT2
ASV_00195,ASV_00821,0.5971223021582733,pos,Farm,IT2
ASV_00195,ASV_00822,0.5241379310344828,pos,Farm,IT2
ASV_00195,ASV_00843,0.5448275862068965,pos,Farm,IT2
ASV_00195,ASV_00848,0.5448275862068965,pos,Farm,IT2
ASV_00195,ASV_00890,0.5416666666666666,pos,Farm,IT2
ASV_00195,ASV_00924,0.5072463768115942,pos,Farm,IT2
ASV_00195,ASV_00931,0.5319148936170213,pos,Farm,IT2
ASV_00195,ASV_00959,0.5277777777777778,pos,Farm,IT2
ASV_00195,ASV_01092,0.5793103448275863,pos,Farm,IT2
ASV_00195,ASV_01119,0.5578231292517006,pos,Farm,IT2
ASV_00195,ASV_01153,0.5034965034965035,pos,Farm,IT2
ASV_00195,ASV_01417,0.5208333333333334,pos,Farm,IT2
ASV_00195,ASV_02149,0.4965034965034965,pos,Farm,IT2
ASV_00196,ASV_00202,0.45985401459854014,pos,Farm,IT2
ASV_00196,ASV_00205,0.5384615384615384,pos,Farm,IT2
ASV_00196,ASV_00208,0.5220588235294118,pos,Farm,IT2
ASV_00196,ASV_00221,0.4785714285714286,pos,Farm,IT2
ASV_00196,ASV_00229,0.4928571428571429,pos,Farm,IT2
ASV_00196,ASV_00233,0.4748201438848921,pos,Farm,IT2
ASV_00196,ASV_00240,0.48201438848920863,pos,Farm,IT2
ASV_00196,ASV_00244,0.5107913669064749,pos,Farm,IT2
ASV_00196,ASV_00251,0.5,pos,Farm,IT2
ASV_00196,ASV_00253,0.5104895104895105,pos,Farm,IT2
ASV_00196,ASV_00259,0.48484848484848486,pos,Farm,IT2
ASV_00196,ASV_00265,0.4855072463768116,pos,Farm,IT2
ASV_00196,ASV_00267,0.549618320610687,pos,Farm,IT2
ASV_00196,ASV_00269,0.5337837837837838,pos,Farm,IT2
ASV_00196,ASV_00275,0.5208333333333334,pos,Farm,IT2
ASV_00196,ASV_00293,0.5310344827586206,pos,Farm,IT2
ASV_00196,ASV_00297,0.48226950354609927,pos,Farm,IT2
ASV_00196,ASV_00303,0.5,pos,Farm,IT2
ASV_00196,ASV_00305,0.5069444444444444,pos,Farm,IT2
ASV_00196,ASV_00309,0.5,pos,Farm,IT2
ASV_00196,ASV_00325,0.5,pos,Farm,IT2
ASV_00196,ASV_00327,0.5036496350364964,pos,Farm,IT2
ASV_00196,ASV_00328,0.5214285714285715,pos,Farm,IT2
ASV_00196,ASV_00332,0.4892086330935252,pos,Farm,IT2
ASV_00196,ASV_00335,0.4632352941176471,pos,Farm,IT2
ASV_00196,ASV_00340,0.5177304964539007,pos,Farm,IT2
ASV_00196,ASV_00343,0.5035460992907801,pos,Farm,IT2
ASV_00196,ASV_00354,0.4785714285714286,pos,Farm,IT2
ASV_00196,ASV_00357,0.4676258992805755,pos,Farm,IT2
ASV_00196,ASV_00367,0.5185185185185185,pos,Farm,IT2
ASV_00196,ASV_00377,0.463768115942029,pos,Farm,IT2
ASV_00196,ASV_00389,0.4859154929577465,pos,Farm,IT2
ASV_00196,ASV_00390,0.5068493150684932,pos,Farm,IT2
ASV_00196,ASV_00404,0.47101449275362317,pos,Farm,IT2
ASV_00196,ASV_00410,0.4928571428571429,pos,Farm,IT2
ASV_00196,ASV_00416,0.5255474452554745,pos,Farm,IT2
ASV_00196,ASV_00442,0.5104895104895105,pos,Farm,IT2
ASV_00196,ASV_00447,0.5034965034965035,pos,Farm,IT2
ASV_00196,ASV_00452,0.4748201438848921,pos,Farm,IT2
ASV_00196,ASV_00454,0.5,pos,Farm,IT2
ASV_00196,ASV_00455,0.4927536231884058,pos,Farm,IT2
ASV_00196,ASV_00477,0.49295774647887325,pos,Farm,IT2
ASV_00196,ASV_00501,0.49645390070921985,pos,Farm,IT2
ASV_00196,ASV_00503,0.48226950354609927,pos,Farm,IT2
ASV_00196,ASV_00507,0.5,pos,Farm,IT2
ASV_00196,ASV_00508,0.48201438848920863,pos,Farm,IT2
ASV_00196,ASV_00518,0.5103448275862069,pos,Farm,IT2
ASV_00196,ASV_00528,0.4927536231884058,pos,Farm,IT2
ASV_00196,ASV_00536,0.5244755244755245,pos,Farm,IT2
ASV_00196,ASV_00581,0.4740740740740741,pos,Farm,IT2
ASV_00196,ASV_00587,0.4927536231884058,pos,Farm,IT2
ASV_00196,ASV_00596,0.4740740740740741,pos,Farm,IT2
ASV_00196,ASV_00612,0.4965034965034965,pos,Farm,IT2
ASV_00196,ASV_00633,0.5251798561151079,pos,Farm,IT2
ASV_00196,ASV_00638,0.5070422535211268,pos,Farm,IT2
ASV_00196,ASV_00654,0.49264705882352944,pos,Farm,IT2
ASV_00196,ASV_00662,0.4748201438848921,pos,Farm,IT2
ASV_00196,ASV_00666,0.5,pos,Farm,IT2
ASV_00196,ASV_00671,0.4927536231884058,pos,Farm,IT2
ASV_00196,ASV_00679,0.4965034965034965,pos,Farm,IT2
ASV_00196,ASV_00728,0.48148148148148145,pos,Farm,IT2
ASV_00196,ASV_00734,0.5106382978723404,pos,Farm,IT2
ASV_00196,ASV_00769,0.48226950354609927,pos,Farm,IT2
ASV_00196,ASV_00772,0.5107913669064749,pos,Farm,IT2
ASV_00196,ASV_00782,0.48226950354609927,pos,Farm,IT2
ASV_00196,ASV_00793,0.5147058823529411,pos,Farm,IT2
ASV_00196,ASV_00808,0.4927536231884058,pos,Farm,IT2
ASV_00196,ASV_00821,0.49295774647887325,pos,Farm,IT2
ASV_00196,ASV_00843,0.4965034965034965,pos,Farm,IT2
ASV_00196,ASV_00848,0.5285714285714286,pos,Farm,IT2
ASV_00196,ASV_00891,0.5379310344827586,pos,Farm,IT2
ASV_00196,ASV_00912,0.4740740740740741,pos,Farm,IT2
ASV_00196,ASV_00958,0.48226950354609927,pos,Farm,IT2
ASV_00196,ASV_00984,0.4859154929577465,pos,Farm,IT2
ASV_00196,ASV_01092,0.5208333333333334,pos,Farm,IT2
ASV_00196,ASV_01153,0.4855072463768116,pos,Farm,IT2
ASV_00196,ASV_01385,0.49640287769784175,pos,Farm,IT2
ASV_00196,ASV_01512,0.46715328467153283,pos,Farm,IT2
ASV_00196,ASV_01578,0.4859154929577465,pos,Farm,IT2
ASV_00196,ASV_01941,0.5106382978723404,pos,Farm,IT2
ASV_00197,ASV_00230,0.5347222222222222,pos,Farm,IT2
ASV_00197,ASV_00233,0.5214285714285715,pos,Farm,IT2
ASV_00197,ASV_00235,0.4782608695652174,pos,Farm,IT2
ASV_00197,ASV_00239,0.5357142857142857,pos,Farm,IT2
ASV_00197,ASV_00240,0.5177304964539007,pos,Farm,IT2
ASV_00197,ASV_00244,0.5244755244755245,pos,Farm,IT2
ASV_00197,ASV_00259,0.4676258992805755,pos,Farm,IT2
ASV_00197,ASV_00264,0.5035460992907801,pos,Farm,IT2
ASV_00197,ASV_00266,0.5136986301369864,pos,Farm,IT2
ASV_00197,ASV_00274,0.5369127516778524,pos,Farm,IT2
ASV_00197,ASV_00279,0.5367647058823529,pos,Farm,IT2
ASV_00197,ASV_00280,0.5620437956204379,pos,Farm,IT2
ASV_00197,ASV_00292,0.5379310344827586,pos,Farm,IT2
ASV_00197,ASV_00297,0.5174825174825175,pos,Farm,IT2
ASV_00197,ASV_00305,0.541095890410959,pos,Farm,IT2
ASV_00197,ASV_00317,0.5,pos,Farm,IT2
ASV_00197,ASV_00320,0.5071428571428571,pos,Farm,IT2
ASV_00197,ASV_00321,0.5510204081632653,pos,Farm,IT2
ASV_00197,ASV_00327,0.5070422535211268,pos,Farm,IT2
ASV_00197,ASV_00333,0.5136986301369864,pos,Farm,IT2
ASV_00197,ASV_00334,0.5416666666666666,pos,Farm,IT2
ASV_00197,ASV_00345,0.5379310344827586,pos,Farm,IT2
ASV_00197,ASV_00356,0.5517241379310345,pos,Farm,IT2
ASV_00197,ASV_00365,0.5069444444444444,pos,Farm,IT2
ASV_00197,ASV_00369,0.5103448275862069,pos,Farm,IT2
ASV_00197,ASV_00393,0.4892086330935252,pos,Farm,IT2
ASV_00197,ASV_00463,0.5205479452054794,pos,Farm,IT2
ASV_00197,ASV_00468,0.4740740740740741,pos,Farm,IT2
ASV_00197,ASV_00477,0.5172413793103449,pos,Farm,IT2
ASV_00197,ASV_00485,0.5563380281690141,pos,Farm,IT2
ASV_00197,ASV_00490,0.5684931506849316,pos,Farm,IT2
ASV_00197,ASV_00495,0.48936170212765956,pos,Farm,IT2
ASV_00197,ASV_00507,0.5244755244755245,pos,Farm,IT2
ASV_00197,ASV_00518,0.54421768707483,pos,Farm,IT2
ASV_00197,ASV_00521,0.5517241379310345,pos,Farm,IT2
ASV_00197,ASV_00528,0.4965034965034965,pos,Farm,IT2
ASV_00197,ASV_00533,0.5211267605633803,pos,Farm,IT2
ASV_00197,ASV_00543,0.5563380281690141,pos,Farm,IT2
ASV_00197,ASV_00544,0.5,pos,Farm,IT2
ASV_00197,ASV_00615,0.48936170212765956,pos,Farm,IT2
ASV_00197,ASV_00630,0.48226950354609927,pos,Farm,IT2
ASV_00197,ASV_00643,0.5138888888888888,pos,Farm,IT2
ASV_00197,ASV_00654,0.5071428571428571,pos,Farm,IT2
ASV_00197,ASV_00676,0.5915492957746479,pos,Farm,IT2
ASV_00197,ASV_00714,0.5035971223021583,pos,Farm,IT2
ASV_00197,ASV_00732,0.5034965034965035,pos,Farm,IT2
ASV_00197,ASV_00757,0.5241379310344828,pos,Farm,IT2
ASV_00197,ASV_00801,0.5328467153284672,pos,Farm,IT2
ASV_00197,ASV_00829,0.5,pos,Farm,IT2
ASV_00197,ASV_00880,0.5,pos,Farm,IT2
ASV_00197,ASV_00906,0.5369127516778524,pos,Farm,IT2
ASV_00197,ASV_00984,0.5208333333333334,pos,Farm,IT2
ASV_00197,ASV_01023,0.5306122448979592,pos,Farm,IT2
ASV_00197,ASV_01090,0.5342465753424658,pos,Farm,IT2
ASV_00197,ASV_01119,0.5337837837837838,pos,Farm,IT2
ASV_00197,ASV_01267,0.5,pos,Farm,IT2
ASV_00197,ASV_01288,0.5136986301369864,pos,Farm,IT2
ASV_00197,ASV_01342,0.5369127516778524,pos,Farm,IT2
ASV_00197,ASV_01512,0.4928571428571429,pos,Farm,IT2
ASV_00197,ASV_01541,0.5172413793103449,pos,Farm,IT2
ASV_00197,ASV_02332,0.5273972602739726,pos,Farm,IT2
ASV_00198,ASV_00199,0.4714285714285714,pos,Farm,IT2
ASV_00198,ASV_00200,0.5555555555555556,pos,Farm,IT2
ASV_00198,ASV_00206,0.5,pos,Farm,IT2
ASV_00198,ASV_00213,0.5517241379310345,pos,Farm,IT2
ASV_00198,ASV_00218,0.5428571428571428,pos,Farm,IT2
ASV_00198,ASV_00233,0.5071428571428571,pos,Farm,IT2
ASV_00198,ASV_00244,0.5104895104895105,pos,Farm,IT2
ASV_00198,ASV_00257,0.5208333333333334,pos,Farm,IT2
ASV_00198,ASV_00265,0.4859154929577465,pos,Farm,IT2
ASV_00198,ASV_00279,0.4785714285714286,pos,Farm,IT2
ASV_00198,ASV_00286,0.5104895104895105,pos,Farm,IT2
ASV_00198,ASV_00292,0.5241379310344828,pos,Farm,IT2
ASV_00198,ASV_00295,0.5571428571428572,pos,Farm,IT2
ASV_00198,ASV_00311,0.5238095238095238,pos,Farm,IT2
ASV_00198,ASV_00312,0.5563380281690141,pos,Farm,IT2
ASV_00198,ASV_00320,0.5144927536231884,pos,Farm,IT2
ASV_00198,ASV_00328,0.5208333333333334,pos,Farm,IT2
ASV_00198,ASV_00335,0.49635036496350365,pos,Farm,IT2
ASV_00198,ASV_00346,0.5142857142857142,pos,Farm,IT2
ASV_00198,ASV_00347,0.5136986301369864,pos,Farm,IT2
ASV_00198,ASV_00365,0.5357142857142857,pos,Farm,IT2
ASV_00198,ASV_00377,0.5182481751824818,pos,Farm,IT2
ASV_00198,ASV_00389,0.5174825174825175,pos,Farm,IT2
ASV_00198,ASV_00390,0.547945205479452,pos,Farm,IT2
ASV_00198,ASV_00395,0.49645390070921985,pos,Farm,IT2
ASV_00198,ASV_00397,0.5,pos,Farm,IT2
ASV_00198,ASV_00407,0.5214285714285715,pos,Farm,IT2
ASV_00198,ASV_00416,0.5034965034965035,pos,Farm,IT2
ASV_00198,ASV_00425,0.4859154929577465,pos,Farm,IT2
ASV_00198,ASV_00428,0.4857142857142857,pos,Farm,IT2
ASV_00198,ASV_00441,0.5142857142857142,pos,Farm,IT2
ASV_00198,ASV_00476,0.49295774647887325,pos,Farm,IT2
ASV_00198,ASV_00482,0.5704697986577181,pos,Farm,IT2
ASV_00198,ASV_00485,0.5103448275862069,pos,Farm,IT2
ASV_00198,ASV_00486,0.5804195804195804,pos,Farm,IT2
ASV_00198,ASV_00490,0.5547945205479452,pos,Farm,IT2
ASV_00198,ASV_00496,0.528169014084507,pos,Farm,IT2
ASV_00198,ASV_00503,0.5034965034965035,pos,Farm,IT2
ASV_00198,ASV_00504,0.527027027027027,pos,Farm,IT2
ASV_00198,ASV_00511,0.5036496350364964,pos,Farm,IT2
ASV_00198,ASV_00513,0.524822695035461,pos,Farm,IT2
ASV_00198,ASV_00514,0.54,pos,Farm,IT2
ASV_00198,ASV_00536,0.5238095238095238,pos,Farm,IT2
ASV_00198,ASV_00550,0.5454545454545454,pos,Farm,IT2
ASV_00198,ASV_00554,0.5103448275862069,pos,Farm,IT2
ASV_00198,ASV_00572,0.5405405405405406,pos,Farm,IT2
ASV_00198,ASV_00574,0.5241379310344828,pos,Farm,IT2
ASV_00198,ASV_00576,0.5177304964539007,pos,Farm,IT2
ASV_00198,ASV_00581,0.4855072463768116,pos,Farm,IT2
ASV_00198,ASV_00673,0.5694444444444444,pos,Farm,IT2
ASV_00198,ASV_00686,0.5390070921985816,pos,Farm,IT2
ASV_00198,ASV_00697,0.4928571428571429,pos,Farm,IT2
ASV_00198,ASV_00709,0.5034965034965035,pos,Farm,IT2
ASV_00198,ASV_00724,0.5362318840579711,pos,Farm,IT2
ASV_00198,ASV_00757,0.5422535211267606,pos,Farm,IT2
ASV_00198,ASV_00772,0.5211267605633803,pos,Farm,IT2
ASV_00198,ASV_00798,0.5454545454545454,pos,Farm,IT2
ASV_00198,ASV_00807,0.55,pos,Farm,IT2
ASV_00198,ASV_00843,0.5384615384615384,pos,Farm,IT2
ASV_00198,ASV_00865,0.5174825174825175,pos,Farm,IT2
ASV_00198,ASV_00875,0.5517241379310345,pos,Farm,IT2
ASV_00198,ASV_00912,0.4748201438848921,pos,Farm,IT2
ASV_00198,ASV_00989,0.5073529411764706,pos,Farm,IT2
ASV_00198,ASV_01119,0.5306122448979592,pos,Farm,IT2
ASV_00198,ASV_01124,0.5766423357664233,pos,Farm,IT2
ASV_00198,ASV_01152,0.4965034965034965,pos,Farm,IT2
ASV_00198,ASV_01204,0.5486111111111112,pos,Farm,IT2
ASV_00198,ASV_01249,0.49295774647887325,pos,Farm,IT2
ASV_00198,ASV_01349,0.5211267605633803,pos,Farm,IT2
ASV_00199,ASV_00203,0.5407407407407407,pos,Farm,IT2
ASV_00199,ASV_00218,0.5294117647058824,pos,Farm,IT2
ASV_00199,ASV_00229,0.4785714285714286,pos,Farm,IT2
ASV_00199,ASV_00233,0.49264705882352944,pos,Farm,IT2
ASV_00199,ASV_00240,0.5,pos,Farm,IT2
ASV_00199,ASV_00242,0.4444444444444444,pos,Farm,IT2
ASV_00199,ASV_00243,0.48226950354609927,pos,Farm,IT2
ASV_00199,ASV_00249,0.4927536231884058,pos,Farm,IT2
ASV_00199,ASV_00251,0.5071428571428571,pos,Farm,IT2
ASV_00199,ASV_00252,0.48201438848920863,pos,Farm,IT2
ASV_00199,ASV_00253,0.5070422535211268,pos,Farm,IT2
ASV_00199,ASV_00254,0.539568345323741,pos,Farm,IT2
ASV_00199,ASV_00272,0.4785714285714286,pos,Farm,IT2
ASV_00199,ASV_00273,0.5367647058823529,pos,Farm,IT2
ASV_00199,ASV_00275,0.5390070921985816,pos,Farm,IT2
ASV_00199,ASV_00283,0.48951048951048953,pos,Farm,IT2
ASV_00199,ASV_00284,0.46715328467153283,pos,Farm,IT2
ASV_00199,ASV_00291,0.4632352941176471,pos,Farm,IT2
ASV_00199,ASV_00292,0.5661764705882353,pos,Farm,IT2
ASV_00199,ASV_00297,0.4892086330935252,pos,Farm,IT2
ASV_00199,ASV_00299,0.4782608695652174,pos,Farm,IT2
ASV_00199,ASV_00312,0.5214285714285715,pos,Farm,IT2
ASV_00199,ASV_00313,0.5,pos,Farm,IT2
ASV_00199,ASV_00315,0.4740740740740741,pos,Farm,IT2
ASV_00199,ASV_00323,0.4857142857142857,pos,Farm,IT2
ASV_00199,ASV_00327,0.4676258992805755,pos,Farm,IT2
ASV_00199,ASV_00330,0.4782608695652174,pos,Farm,IT2
ASV_00199,ASV_00333,0.49645390070921985,pos,Farm,IT2
ASV_00199,ASV_00336,0.4785714285714286,pos,Farm,IT2
ASV_00199,ASV_00337,0.528169014084507,pos,Farm,IT2
ASV_00199,ASV_00361,0.48951048951048953,pos,Farm,IT2
ASV_00199,ASV_00376,0.5,pos,Farm,IT2
ASV_00199,ASV_00380,0.49264705882352944,pos,Farm,IT2
ASV_00199,ASV_00382,0.5035460992907801,pos,Farm,IT2
ASV_00199,ASV_00390,0.5352112676056338,pos,Farm,IT2
ASV_00199,ASV_00393,0.45925925925925926,pos,Farm,IT2
ASV_00199,ASV_00397,0.49640287769784175,pos,Farm,IT2
ASV_00199,ASV_00398,0.49645390070921985,pos,Farm,IT2
ASV_00199,ASV_00402,0.47368421052631576,pos,Farm,IT2
ASV_00199,ASV_00410,0.4785714285714286,pos,Farm,IT2
ASV_00199,ASV_00416,0.5109489051094891,pos,Farm,IT2
ASV_00199,ASV_00425,0.47101449275362317,pos,Farm,IT2
ASV_00199,ASV_00428,0.47058823529411764,pos,Farm,IT2
ASV_00199,ASV_00437,0.4859154929577465,pos,Farm,IT2
ASV_00199,ASV_00438,0.4785714285714286,pos,Farm,IT2
ASV_00199,ASV_00441,0.4676258992805755,pos,Farm,IT2
ASV_00199,ASV_00447,0.5214285714285715,pos,Farm,IT2
ASV_00199,ASV_00458,0.4888888888888889,pos,Farm,IT2
ASV_00199,ASV_00459,0.5,pos,Farm,IT2
ASV_00199,ASV_00463,0.5251798561151079,pos,Farm,IT2
ASV_00199,ASV_00485,0.5071428571428571,pos,Farm,IT2
ASV_00199,ASV_00490,0.5642857142857143,pos,Farm,IT2
ASV_00199,ASV_00494,0.5072463768115942,pos,Farm,IT2
ASV_00199,ASV_00495,0.45985401459854014,pos,Farm,IT2
ASV_00199,ASV_00498,0.45925925925925926,pos,Farm,IT2
ASV_00199,ASV_00501,0.4928571428571429,pos,Farm,IT2
ASV_00199,ASV_00506,0.518796992481203,pos,Farm,IT2
ASV_00199,ASV_00534,0.5314685314685315,pos,Farm,IT2
ASV_00199,ASV_00542,0.5174825174825175,pos,Farm,IT2
ASV_00199,ASV_00543,0.4859154929577465,pos,Farm,IT2
ASV_00199,ASV_00550,0.48951048951048953,pos,Farm,IT2
ASV_00199,ASV_00554,0.4859154929577465,pos,Farm,IT2
ASV_00199,ASV_00555,0.4859154929577465,pos,Farm,IT2
ASV_00199,ASV_00561,0.547945205479452,pos,Farm,IT2
ASV_00199,ASV_00566,0.5109489051094891,pos,Farm,IT2
ASV_00199,ASV_00571,0.4859154929577465,pos,Farm,IT2
ASV_00199,ASV_00574,0.48951048951048953,pos,Farm,IT2
ASV_00199,ASV_00611,0.5071428571428571,pos,Farm,IT2
ASV_00199,ASV_00620,0.5251798561151079,pos,Farm,IT2
ASV_00199,ASV_00635,0.5034965034965035,pos,Farm,IT2
ASV_00199,ASV_00641,0.524822695035461,pos,Farm,IT2
ASV_00199,ASV_00643,0.5294117647058824,pos,Farm,IT2
ASV_00199,ASV_00651,0.4892086330935252,pos,Farm,IT2
ASV_00199,ASV_00656,0.4928571428571429,pos,Farm,IT2
ASV_00199,ASV_00671,0.5111111111111111,pos,Farm,IT2
ASV_00199,ASV_00673,0.5797101449275363,pos,Farm,IT2
ASV_00199,ASV_00709,0.4785714285714286,pos,Farm,IT2
ASV_00199,ASV_00721,0.49624060150375937,pos,Farm,IT2
ASV_00199,ASV_00724,0.5,pos,Farm,IT2
ASV_00199,ASV_00769,0.4892086330935252,pos,Farm,IT2
ASV_00199,ASV_00781,0.4785714285714286,pos,Farm,IT2
ASV_00199,ASV_00798,0.48951048951048953,pos,Farm,IT2
ASV_00199,ASV_00806,0.4965034965034965,pos,Farm,IT2
ASV_00199,ASV_00807,0.5255474452554745,pos,Farm,IT2
ASV_00199,ASV_00808,0.4782608695652174,pos,Farm,IT2
ASV_00199,ASV_00829,0.48201438848920863,pos,Farm,IT2
ASV_00199,ASV_00842,0.5,pos,Farm,IT2
ASV_00199,ASV_00865,0.5144927536231884,pos,Farm,IT2
ASV_00199,ASV_00869,0.524822695035461,pos,Farm,IT2
ASV_00199,ASV_00890,0.5217391304347826,pos,Farm,IT2
ASV_00199,ASV_00906,0.5103448275862069,pos,Farm,IT2
ASV_00199,ASV_00931,0.4676258992805755,pos,Farm,IT2
ASV_00199,ASV_00935,0.5182481751824818,pos,Farm,IT2
ASV_00199,ASV_00952,0.48175182481751827,pos,Farm,IT2
ASV_00199,ASV_00959,0.49640287769784175,pos,Farm,IT2
ASV_00199,ASV_00987,0.4676258992805755,pos,Farm,IT2
ASV_00199,ASV_01018,0.4676258992805755,pos,Farm,IT2
ASV_00199,ASV_01023,0.5034965034965035,pos,Farm,IT2
ASV_00199,ASV_01065,0.46715328467153283,pos,Farm,IT2
ASV_00199,ASV_01071,0.5185185185185185,pos,Farm,IT2
ASV_00199,ASV_01092,0.528169014084507,pos,Farm,IT2
ASV_00199,ASV_01101,0.4859154929577465,pos,Farm,IT2
ASV_00199,ASV_01119,0.528169014084507,pos,Farm,IT2
ASV_00199,ASV_01153,0.48175182481751827,pos,Farm,IT2
ASV_00199,ASV_01179,0.4744525547445255,pos,Farm,IT2
ASV_00199,ASV_01249,0.4676258992805755,pos,Farm,IT2
ASV_00199,ASV_01253,0.4857142857142857,pos,Farm,IT2
ASV_00199,ASV_01267,0.4714285714285714,pos,Farm,IT2
ASV_00199,ASV_01276,0.46715328467153283,pos,Farm,IT2
ASV_00199,ASV_01288,0.5179856115107914,pos,Farm,IT2
ASV_00199,ASV_01328,0.4748201438848921,pos,Farm,IT2
ASV_00199,ASV_01368,0.49640287769784175,pos,Farm,IT2
ASV_00199,ASV_01941,0.4859154929577465,pos,Farm,IT2
ASV_00199,ASV_02020,0.5259259259259259,pos,Farm,IT2
ASV_00200,ASV_00213,0.5136986301369864,pos,Farm,IT2
ASV_00200,ASV_00218,0.5251798561151079,pos,Farm,IT2
ASV_00200,ASV_00228,0.4748201438848921,pos,Farm,IT2
ASV_00200,ASV_00230,0.5693430656934306,pos,Farm,IT2
ASV_00200,ASV_00231,0.5217391304347826,pos,Farm,IT2
ASV_00200,ASV_00232,0.55,pos,Farm,IT2
ASV_00200,ASV_00237,0.5314685314685315,pos,Farm,IT2
ASV_00200,ASV_00240,0.5182481751824818,pos,Farm,IT2
ASV_00200,ASV_00243,0.5,pos,Farm,IT2
ASV_00200,ASV_00250,0.5140845070422535,pos,Farm,IT2
ASV_00200,ASV_00259,0.47761194029850745,pos,Farm,IT2
ASV_00200,ASV_00262,0.5,pos,Farm,IT2
ASV_00200,ASV_00267,0.4748201438848921,pos,Farm,IT2
ASV_00200,ASV_00270,0.5517241379310345,pos,Farm,IT2
ASV_00200,ASV_00271,0.4444444444444444,pos,Farm,IT2
ASV_00200,ASV_00274,0.5273972602739726,pos,Farm,IT2
ASV_00200,ASV_00275,0.5136986301369864,pos,Farm,IT2
ASV_00200,ASV_00279,0.48175182481751827,pos,Farm,IT2
ASV_00200,ASV_00285,0.4857142857142857,pos,Farm,IT2
ASV_00200,ASV_00290,0.5306122448979592,pos,Farm,IT2
ASV_00200,ASV_00292,0.55,pos,Farm,IT2
ASV_00200,ASV_00295,0.5177304964539007,pos,Farm,IT2
ASV_00200,ASV_00297,0.4859154929577465,pos,Farm,IT2
ASV_00200,ASV_00304,0.5170068027210885,pos,Farm,IT2
ASV_00200,ASV_00305,0.5422535211267606,pos,Farm,IT2
ASV_00200,ASV_00312,0.528169014084507,pos,Farm,IT2
ASV_00200,ASV_00313,0.5070422535211268,pos,Farm,IT2
ASV_00200,ASV_00315,0.47101449275362317,pos,Farm,IT2
ASV_00200,ASV_00318,0.5214285714285715,pos,Farm,IT2
ASV_00200,ASV_00321,0.5205479452054794,pos,Farm,IT2
ASV_00200,ASV_00330,0.49640287769784175,pos,Farm,IT2
ASV_00200,ASV_00333,0.5034965034965035,pos,Farm,IT2
ASV_00200,ASV_00335,0.47794117647058826,pos,Farm,IT2
ASV_00200,ASV_00336,0.49645390070921985,pos,Farm,IT2
ASV_00200,ASV_00340,0.5104895104895105,pos,Farm,IT2
ASV_00200,ASV_00342,0.4859154929577465,pos,Farm,IT2
ASV_00200,ASV_00343,0.4965034965034965,pos,Farm,IT2
ASV_00200,ASV_00345,0.5069444444444444,pos,Farm,IT2
ASV_00200,ASV_00346,0.49640287769784175,pos,Farm,IT2
ASV_00200,ASV_00347,0.5390070921985816,pos,Farm,IT2
ASV_00200,ASV_00356,0.5103448275862069,pos,Farm,IT2
ASV_00200,ASV_00359,0.5037037037037037,pos,Farm,IT2
ASV_00200,ASV_00372,0.47101449275362317,pos,Farm,IT2
ASV_00200,ASV_00373,0.48201438848920863,pos,Farm,IT2
ASV_00200,ASV_00381,0.5109489051094891,pos,Farm,IT2
ASV_00200,ASV_00384,0.5179856115107914,pos,Farm,IT2
ASV_00200,ASV_00391,0.4748201438848921,pos,Farm,IT2
ASV_00200,ASV_00393,0.47794117647058826,pos,Farm,IT2
ASV_00200,ASV_00397,0.49295774647887325,pos,Farm,IT2
ASV_00200,ASV_00398,0.5357142857142857,pos,Farm,IT2
ASV_00200,ASV_00402,0.47058823529411764,pos,Farm,IT2
ASV_00200,ASV_00403,0.5211267605633803,pos,Farm,IT2
ASV_00200,ASV_00418,0.4928571428571429,pos,Farm,IT2
ASV_00200,ASV_00423,0.5390070921985816,pos,Farm,IT2
ASV_00200,ASV_00425,0.5220588235294118,pos,Farm,IT2
ASV_00200,ASV_00426,0.5302013422818792,pos,Farm,IT2
ASV_00200,ASV_00438,0.49645390070921985,pos,Farm,IT2
ASV_00200,ASV_00441,0.5294117647058824,pos,Farm,IT2
ASV_00200,ASV_00442,0.503448275862069,pos,Farm,IT2
ASV_00200,ASV_00444,0.5251798561151079,pos,Farm,IT2
ASV_00200,ASV_00445,0.5289855072463768,pos,Farm,IT2
ASV_00200,ASV_00453,0.4965034965034965,pos,Farm,IT2
ASV_00200,ASV_00455,0.4857142857142857,pos,Farm,IT2
ASV_00200,ASV_00463,0.5,pos,Farm,IT2
ASV_00200,ASV_00482,0.564625850340136,pos,Farm,IT2
ASV_00200,ASV_00485,0.5034965034965035,pos,Farm,IT2
ASV_00200,ASV_00486,0.5310344827586206,pos,Farm,IT2
ASV_00200,ASV_00488,0.5277777777777778,pos,Farm,IT2
ASV_00200,ASV_00490,0.5273972602739726,pos,Farm,IT2
ASV_00200,ASV_00494,0.5035460992907801,pos,Farm,IT2
ASV_00200,ASV_00495,0.4782608695652174,pos,Farm,IT2
ASV_00200,ASV_00503,0.5289855072463768,pos,Farm,IT2
ASV_00200,ASV_00506,0.5036496350364964,pos,Farm,IT2
ASV_00200,ASV_00507,0.5142857142857142,pos,Farm,IT2
ASV_00200,ASV_00511,0.463768115942029,pos,Farm,IT2
ASV_00200,ASV_00512,0.5136986301369864,pos,Farm,IT2
ASV_00200,ASV_00518,0.5454545454545454,pos,Farm,IT2
ASV_00200,ASV_00533,0.5328467153284672,pos,Farm,IT2
ASV_00200,ASV_00534,0.5170068027210885,pos,Farm,IT2
ASV_00200,ASV_00541,0.4859154929577465,pos,Farm,IT2
ASV_00200,ASV_00548,0.48175182481751827,pos,Farm,IT2
ASV_00200,ASV_00550,0.55,pos,Farm,IT2
ASV_00200,ASV_00554,0.5140845070422535,pos,Farm,IT2
ASV_00200,ASV_00555,0.5034965034965035,pos,Farm,IT2
ASV_00200,ASV_00559,0.5328467153284672,pos,Farm,IT2
ASV_00200,ASV_00566,0.4859154929577465,pos,Farm,IT2
ASV_00200,ASV_00568,0.5174825174825175,pos,Farm,IT2
ASV_00200,ASV_00570,0.4855072463768116,pos,Farm,IT2
ASV_00200,ASV_00576,0.48936170212765956,pos,Farm,IT2
ASV_00200,ASV_00612,0.5104895104895105,pos,Farm,IT2
ASV_00200,ASV_00620,0.5104895104895105,pos,Farm,IT2
ASV_00200,ASV_00628,0.48226950354609927,pos,Farm,IT2
ASV_00200,ASV_00630,0.5378787878787878,pos,Farm,IT2
ASV_00200,ASV_00636,0.527027027027027,pos,Farm,IT2
ASV_00200,ASV_00643,0.5362318840579711,pos,Farm,IT2
ASV_00200,ASV_00651,0.49645390070921985,pos,Farm,IT2
ASV_00200,ASV_00656,0.5323741007194245,pos,Farm,IT2
ASV_00200,ASV_00662,0.4892086330935252,pos,Farm,IT2
ASV_00200,ASV_00665,0.4782608695652174,pos,Farm,IT2
ASV_00200,ASV_00666,0.5138888888888888,pos,Farm,IT2
ASV_00200,ASV_00673,0.5205479452054794,pos,Farm,IT2
ASV_00200,ASV_00679,0.5,pos,Farm,IT2
ASV_00200,ASV_00686,0.5106382978723404,pos,Farm,IT2
ASV_00200,ASV_00709,0.5746268656716418,pos,Farm,IT2
ASV_00200,ASV_00755,0.5454545454545454,pos,Farm,IT2
ASV_00200,ASV_00758,0.5177304964539007,pos,Farm,IT2
ASV_00200,ASV_00769,0.5071428571428571,pos,Farm,IT2
ASV_00200,ASV_00772,0.49295774647887325,pos,Farm,IT2
ASV_00200,ASV_00778,0.49624060150375937,pos,Farm,IT2
ASV_00200,ASV_00781,0.5071428571428571,pos,Farm,IT2
ASV_00200,ASV_00798,0.528169014084507,pos,Farm,IT2
ASV_00200,ASV_00801,0.4782608695652174,pos,Farm,IT2
ASV_00200,ASV_00802,0.5208333333333334,pos,Farm,IT2
ASV_00200,ASV_00821,0.4965034965034965,pos,Farm,IT2
ASV_00200,ASV_00829,0.48936170212765956,pos,Farm,IT2
ASV_00200,ASV_00848,0.5539568345323741,pos,Farm,IT2
ASV_00200,ASV_00869,0.5422535211267606,pos,Farm,IT2
ASV_00200,ASV_00875,0.5241379310344828,pos,Farm,IT2
ASV_00200,ASV_00890,0.5177304964539007,pos,Farm,IT2
ASV_00200,ASV_00891,0.5202702702702703,pos,Farm,IT2
ASV_00200,ASV_00912,0.46715328467153283,pos,Farm,IT2
ASV_00200,ASV_00924,0.48148148148148145,pos,Farm,IT2
ASV_00200,ASV_00931,0.49640287769784175,pos,Farm,IT2
ASV_00200,ASV_00984,0.5,pos,Farm,IT2
ASV_00200,ASV_00989,0.5227272727272727,pos,Farm,IT2
ASV_00200,ASV_01101,0.524822695035461,pos,Farm,IT2
ASV_00200,ASV_01119,0.5241379310344828,pos,Farm,IT2
ASV_00200,ASV_01152,0.48936170212765956,pos,Farm,IT2
ASV_00200,ASV_01179,0.48201438848920863,pos,Farm,IT2
ASV_00200,ASV_01204,0.5314685314685315,pos,Farm,IT2
ASV_00200,ASV_01249,0.5407407407407407,pos,Farm,IT2
ASV_00200,ASV_01253,0.49295774647887325,pos,Farm,IT2
ASV_00200,ASV_01267,0.48936170212765956,pos,Farm,IT2
ASV_00200,ASV_01288,0.524822695035461,pos,Farm,IT2
ASV_00200,ASV_01328,0.5144927536231884,pos,Farm,IT2
ASV_00200,ASV_01368,0.49295774647887325,pos,Farm,IT2
ASV_00200,ASV_01385,0.5,pos,Farm,IT2
ASV_00200,ASV_01458,0.4852941176470588,pos,Farm,IT2
ASV_00200,ASV_01541,0.4965034965034965,pos,Farm,IT2
ASV_00200,ASV_01578,0.5106382978723404,pos,Farm,IT2
ASV_00200,ASV_02149,0.48201438848920863,pos,Farm,IT2
ASV_00200,ASV_02332,0.5174825174825175,pos,Farm,IT2
ASV_00202,ASV_00210,0.528169014084507,pos,Farm,IT2
ASV_00202,ASV_00216,0.4855072463768116,pos,Farm,IT2
ASV_00202,ASV_00233,0.47101449275362317,pos,Farm,IT2
ASV_00202,ASV_00235,0.44776119402985076,pos,Farm,IT2
ASV_00202,ASV_00240,0.4782608695652174,pos,Farm,IT2
ASV_00202,ASV_00249,0.4714285714285714,pos,Farm,IT2
ASV_00202,ASV_00251,0.4859154929577465,pos,Farm,IT2
ASV_00202,ASV_00266,0.4859154929577465,pos,Farm,IT2
ASV_00202,ASV_00292,0.5106382978723404,pos,Farm,IT2
ASV_00202,ASV_00294,0.4859154929577465,pos,Farm,IT2
ASV_00202,ASV_00296,0.48507462686567165,pos,Farm,IT2
ASV_00202,ASV_00297,0.4785714285714286,pos,Farm,IT2
ASV_00202,ASV_00299,0.4676258992805755,pos,Farm,IT2
ASV_00202,ASV_00309,0.49645390070921985,pos,Farm,IT2
ASV_00202,ASV_00315,0.4740740740740741,pos,Farm,IT2
ASV_00202,ASV_00346,0.5,pos,Farm,IT2
ASV_00202,ASV_00352,0.5073529411764706,pos,Farm,IT2
ASV_00202,ASV_00354,0.4855072463768116,pos,Farm,IT2
ASV_00202,ASV_00355,0.5107913669064749,pos,Farm,IT2
ASV_00202,ASV_00373,0.4962962962962963,pos,Farm,IT2
ASV_00202,ASV_00384,0.5220588235294118,pos,Farm,IT2
ASV_00202,ASV_00409,0.4852941176470588,pos,Farm,IT2
ASV_00202,ASV_00421,0.4859154929577465,pos,Farm,IT2
ASV_00202,ASV_00441,0.48905109489051096,pos,Farm,IT2
ASV_00202,ASV_00443,0.48175182481751827,pos,Farm,IT2
ASV_00202,ASV_00447,0.5,pos,Farm,IT2
ASV_00202,ASV_00451,0.5211267605633803,pos,Farm,IT2
ASV_00202,ASV_00452,0.47101449275362317,pos,Farm,IT2
ASV_00202,ASV_00458,0.47794117647058826,pos,Farm,IT2
ASV_00202,ASV_00465,0.4892086330935252,pos,Farm,IT2
ASV_00202,ASV_00474,0.5071428571428571,pos,Farm,IT2
ASV_00202,ASV_00482,0.5167785234899329,pos,Farm,IT2
ASV_00202,ASV_00493,0.5034965034965035,pos,Farm,IT2
ASV_00202,ASV_00503,0.4785714285714286,pos,Farm,IT2
ASV_00202,ASV_00511,0.45588235294117646,pos,Farm,IT2
ASV_00202,ASV_00524,0.518796992481203,pos,Farm,IT2
ASV_00202,ASV_00528,0.48905109489051096,pos,Farm,IT2
ASV_00202,ASV_00534,0.5103448275862069,pos,Farm,IT2
ASV_00202,ASV_00536,0.5428571428571428,pos,Farm,IT2
ASV_00202,ASV_00544,0.4714285714285714,pos,Farm,IT2
ASV_00202,ASV_00550,0.5106382978723404,pos,Farm,IT2
ASV_00202,ASV_00551,0.5107913669064749,pos,Farm,IT2
ASV_00202,ASV_00554,0.5179856115107914,pos,Farm,IT2
ASV_00202,ASV_00556,0.4928571428571429,pos,Farm,IT2
ASV_00202,ASV_00581,0.4701492537313433,pos,Farm,IT2
ASV_00202,ASV_00595,0.48905109489051096,pos,Farm,IT2
ASV_00202,ASV_00656,0.5035971223021583,pos,Farm,IT2
ASV_00202,ASV_00671,0.4782608695652174,pos,Farm,IT2
ASV_00202,ASV_00687,0.5220588235294118,pos,Farm,IT2
ASV_00202,ASV_00718,0.4925373134328358,pos,Farm,IT2
ASV_00202,ASV_00721,0.4740740740740741,pos,Farm,IT2
ASV_00202,ASV_00769,0.5109489051094891,pos,Farm,IT2
ASV_00202,ASV_00778,0.4552238805970149,pos,Farm,IT2
ASV_00202,ASV_00793,0.4782608695652174,pos,Farm,IT2
ASV_00202,ASV_00808,0.5,pos,Farm,IT2
ASV_00202,ASV_00815,0.5273972602739726,pos,Farm,IT2
ASV_00202,ASV_00865,0.5144927536231884,pos,Farm,IT2
ASV_00202,ASV_00869,0.4930555555555556,pos,Farm,IT2
ASV_00202,ASV_00891,0.5241379310344828,pos,Farm,IT2
ASV_00202,ASV_00909,0.4782608695652174,pos,Farm,IT2
ASV_00202,ASV_00959,0.49640287769784175,pos,Farm,IT2
ASV_00202,ASV_00984,0.48226950354609927,pos,Farm,IT2
ASV_00202,ASV_01018,0.4676258992805755,pos,Farm,IT2
ASV_00202,ASV_01119,0.496551724137931,pos,Farm,IT2
ASV_00202,ASV_01223,0.44776119402985076,pos,Farm,IT2
ASV_00202,ASV_01253,0.49640287769784175,pos,Farm,IT2
ASV_00202,ASV_01385,0.4714285714285714,pos,Farm,IT2
ASV_00202,ASV_01417,0.4785714285714286,pos,Farm,IT2
ASV_00202,ASV_01458,0.45588235294117646,pos,Farm,IT2
ASV_00202,ASV_01459,0.5413533834586466,pos,Farm,IT2
ASV_00202,ASV_01491,0.4892086330935252,pos,Farm,IT2
ASV_00202,ASV_02332,0.48951048951048953,pos,Farm,IT2
ASV_00203,ASV_00210,0.54421768707483,pos,Farm,IT2
ASV_00203,ASV_00243,0.5208333333333334,pos,Farm,IT2
ASV_00203,ASV_00250,0.5136986301369864,pos,Farm,IT2
ASV_00203,ASV_00251,0.5347222222222222,pos,Farm,IT2
ASV_00203,ASV_00259,0.4676258992805755,pos,Farm,IT2
ASV_00203,ASV_00274,0.5578231292517006,pos,Farm,IT2
ASV_00203,ASV_00275,0.5763888888888888,pos,Farm,IT2
ASV_00203,ASV_00282,0.5034965034965035,pos,Farm,IT2
ASV_00203,ASV_00299,0.4965034965034965,pos,Farm,IT2
ASV_00203,ASV_00303,0.48226950354609927,pos,Farm,IT2
ASV_00203,ASV_00309,0.5136986301369864,pos,Farm,IT2
ASV_00203,ASV_00321,0.5405405405405406,pos,Farm,IT2
ASV_00203,ASV_00333,0.5136986301369864,pos,Farm,IT2
ASV_00203,ASV_00334,0.5633802816901409,pos,Farm,IT2
ASV_00203,ASV_00340,0.5310344827586206,pos,Farm,IT2
ASV_00203,ASV_00342,0.5390070921985816,pos,Farm,IT2
ASV_00203,ASV_00350,0.4676258992805755,pos,Farm,IT2
ASV_00203,ASV_00353,0.5034965034965035,pos,Farm,IT2
ASV_00203,ASV_00390,0.5405405405405406,pos,Farm,IT2
ASV_00203,ASV_00393,0.4785714285714286,pos,Farm,IT2
ASV_00203,ASV_00416,0.5069444444444444,pos,Farm,IT2
ASV_00203,ASV_00425,0.5,pos,Farm,IT2
ASV_00203,ASV_00445,0.5069444444444444,pos,Farm,IT2
ASV_00203,ASV_00458,0.5071428571428571,pos,Farm,IT2
ASV_00203,ASV_00471,0.5208333333333334,pos,Farm,IT2
ASV_00203,ASV_00477,0.5172413793103449,pos,Farm,IT2
ASV_00203,ASV_00490,0.5369127516778524,pos,Farm,IT2
ASV_00203,ASV_00498,0.5,pos,Farm,IT2
ASV_00203,ASV_00506,0.49295774647887325,pos,Farm,IT2
ASV_00203,ASV_00511,0.49640287769784175,pos,Farm,IT2
ASV_00203,ASV_00533,0.5104895104895105,pos,Farm,IT2
ASV_00203,ASV_00548,0.48226950354609927,pos,Farm,IT2
ASV_00203,ASV_00550,0.5379310344827586,pos,Farm,IT2
ASV_00203,ASV_00561,0.5629139072847682,pos,Farm,IT2
ASV_00203,ASV_00563,0.5136986301369864,pos,Farm,IT2
ASV_00203,ASV_00572,0.5436241610738255,pos,Farm,IT2
ASV_00203,ASV_00595,0.4965034965034965,pos,Farm,IT2
ASV_00203,ASV_00620,0.5524475524475524,pos,Farm,IT2
ASV_00203,ASV_00628,0.5140845070422535,pos,Farm,IT2
ASV_00203,ASV_00636,0.5466666666666666,pos,Farm,IT2
ASV_00203,ASV_00654,0.4859154929577465,pos,Farm,IT2
ASV_00203,ASV_00662,0.5547445255474452,pos,Farm,IT2
ASV_00203,ASV_00676,0.527027027027027,pos,Farm,IT2
ASV_00203,ASV_00686,0.5103448275862069,pos,Farm,IT2
ASV_00203,ASV_00721,0.4928571428571429,pos,Farm,IT2
ASV_00203,ASV_00781,0.5174825174825175,pos,Farm,IT2
ASV_00203,ASV_00798,0.5273972602739726,pos,Farm,IT2
ASV_00203,ASV_00809,0.5466666666666666,pos,Farm,IT2
ASV_00203,ASV_00829,0.5211267605633803,pos,Farm,IT2
ASV_00203,ASV_00865,0.5314685314685315,pos,Farm,IT2
ASV_00203,ASV_00912,0.4785714285714286,pos,Farm,IT2
ASV_00203,ASV_00952,0.5323741007194245,pos,Farm,IT2
ASV_00203,ASV_00987,0.6090225563909775,pos,Farm,IT2
ASV_00203,ASV_01065,0.49645390070921985,pos,Farm,IT2
ASV_00203,ASV_01087,0.5172413793103449,pos,Farm,IT2
ASV_00203,ASV_01124,0.5138888888888888,pos,Farm,IT2
ASV_00203,ASV_01204,0.5306122448979592,pos,Farm,IT2
ASV_00203,ASV_01288,0.5136986301369864,pos,Farm,IT2
ASV_00205,ASV_00208,0.5517241379310345,pos,Farm,IT2
ASV_00205,ASV_00211,0.5103448275862069,pos,Farm,IT2
ASV_00205,ASV_00212,0.547945205479452,pos,Farm,IT2
ASV_00205,ASV_00231,0.5374149659863946,pos,Farm,IT2
ASV_00205,ASV_00232,0.5637583892617449,pos,Farm,IT2
ASV_00205,ASV_00233,0.5170068027210885,pos,Farm,IT2
ASV_00205,ASV_00238,0.5436241610738255,pos,Farm,IT2
ASV_00205,ASV_00240,0.5555555555555556,pos,Farm,IT2
ASV_00205,ASV_00242,0.4930555555555556,pos,Farm,IT2
ASV_00205,ASV_00244,0.5616438356164384,pos,Farm,IT2
ASV_00205,ASV_00246,0.5782312925170068,pos,Farm,IT2
ASV_00205,ASV_00252,0.527027027027027,pos,Farm,IT2
ASV_00205,ASV_00254,0.581081081081081,pos,Farm,IT2
ASV_00205,ASV_00262,0.5466666666666666,pos,Farm,IT2
ASV_00205,ASV_00266,0.5821917808219178,pos,Farm,IT2
ASV_00205,ASV_00267,0.5241379310344828,pos,Farm,IT2
ASV_00205,ASV_00269,0.5909090909090909,pos,Farm,IT2
ASV_00205,ASV_00273,0.5472972972972973,pos,Farm,IT2
ASV_00205,ASV_00282,0.541095890410959,pos,Farm,IT2
ASV_00205,ASV_00287,0.5342465753424658,pos,Farm,IT2
ASV_00205,ASV_00290,0.5960264900662252,pos,Farm,IT2
ASV_00205,ASV_00291,0.5103448275862069,pos,Farm,IT2
ASV_00205,ASV_00292,0.5637583892617449,pos,Farm,IT2
ASV_00205,ASV_00293,0.5789473684210527,pos,Farm,IT2
ASV_00205,ASV_00294,0.5608108108108109,pos,Farm,IT2
ASV_00205,ASV_00300,0.5723684210526315,pos,Farm,IT2
ASV_00205,ASV_00303,0.5103448275862069,pos,Farm,IT2
ASV_00205,ASV_00305,0.5666666666666667,pos,Farm,IT2
ASV_00205,ASV_00312,0.5637583892617449,pos,Farm,IT2
ASV_00205,ASV_00318,0.5369127516778524,pos,Farm,IT2
ASV_00205,ASV_00327,0.5555555555555556,pos,Farm,IT2
ASV_00205,ASV_00328,0.5608108108108109,pos,Farm,IT2
ASV_00205,ASV_00330,0.5342465753424658,pos,Farm,IT2
ASV_00205,ASV_00333,0.5608108108108109,pos,Farm,IT2
ASV_00205,ASV_00339,0.5563380281690141,pos,Farm,IT2
ASV_00205,ASV_00343,0.5540540540540541,pos,Farm,IT2
ASV_00205,ASV_00346,0.5238095238095238,pos,Farm,IT2
ASV_00205,ASV_00347,0.5533333333333333,pos,Farm,IT2
ASV_00205,ASV_00356,0.5562913907284768,pos,Farm,IT2
ASV_00205,ASV_00369,0.5793103448275863,pos,Farm,IT2
ASV_00205,ASV_00378,0.5878378378378378,pos,Farm,IT2
ASV_00205,ASV_00391,0.5136986301369864,pos,Farm,IT2
ASV_00205,ASV_00399,0.5608108108108109,pos,Farm,IT2
ASV_00205,ASV_00403,0.5570469798657718,pos,Farm,IT2
ASV_00205,ASV_00412,0.5347222222222222,pos,Farm,IT2
ASV_00205,ASV_00415,0.5405405405405406,pos,Farm,IT2
ASV_00205,ASV_00418,0.5306122448979592,pos,Farm,IT2
ASV_00205,ASV_00425,0.5486111111111112,pos,Farm,IT2
ASV_00205,ASV_00426,0.5844155844155844,pos,Farm,IT2
ASV_00205,ASV_00429,0.5177304964539007,pos,Farm,IT2
ASV_00205,ASV_00438,0.5547945205479452,pos,Farm,IT2
ASV_00205,ASV_00440,0.5170068027210885,pos,Farm,IT2
ASV_00205,ASV_00442,0.5704697986577181,pos,Farm,IT2
ASV_00205,ASV_00445,0.5874125874125874,pos,Farm,IT2
ASV_00205,ASV_00447,0.5533333333333333,pos,Farm,IT2
ASV_00205,ASV_00454,0.6137931034482759,pos,Farm,IT2
ASV_00205,ASV_00471,0.5578231292517006,pos,Farm,IT2
ASV_00205,ASV_00477,0.5436241610738255,pos,Farm,IT2
ASV_00205,ASV_00486,0.5657894736842105,pos,Farm,IT2
ASV_00205,ASV_00490,0.5723684210526315,pos,Farm,IT2
ASV_00205,ASV_00498,0.5069444444444444,pos,Farm,IT2
ASV_00205,ASV_00501,0.5472972972972973,pos,Farm,IT2
ASV_00205,ASV_00504,0.5761589403973509,pos,Farm,IT2
ASV_00205,ASV_00511,0.503448275862069,pos,Farm,IT2
ASV_00205,ASV_00513,0.54421768707483,pos,Farm,IT2
ASV_00205,ASV_00521,0.5666666666666667,pos,Farm,IT2
ASV_00205,ASV_00528,0.5555555555555556,pos,Farm,IT2
ASV_00205,ASV_00529,0.5103448275862069,pos,Farm,IT2
ASV_00205,ASV_00530,0.5616438356164384,pos,Farm,IT2
ASV_00205,ASV_00536,0.5629139072847682,pos,Farm,IT2
ASV_00205,ASV_00541,0.5337837837837838,pos,Farm,IT2
ASV_00205,ASV_00548,0.5103448275862069,pos,Farm,IT2
ASV_00205,ASV_00550,0.5743243243243243,pos,Farm,IT2
ASV_00205,ASV_00581,0.496551724137931,pos,Farm,IT2
ASV_00205,ASV_00594,0.5616438356164384,pos,Farm,IT2
ASV_00205,ASV_00620,0.5466666666666666,pos,Farm,IT2
ASV_00205,ASV_00638,0.5675675675675675,pos,Farm,IT2
ASV_00205,ASV_00651,0.5655172413793104,pos,Farm,IT2
ASV_00205,ASV_00662,0.5379310344827586,pos,Farm,IT2
ASV_00205,ASV_00665,0.5384615384615384,pos,Farm,IT2
ASV_00205,ASV_00666,0.56,pos,Farm,IT2
ASV_00205,ASV_00676,0.5838926174496645,pos,Farm,IT2
ASV_00205,ASV_00687,0.54421768707483,pos,Farm,IT2
ASV_00205,ASV_00709,0.5655172413793104,pos,Farm,IT2
ASV_00205,ASV_00724,0.5555555555555556,pos,Farm,IT2
ASV_00205,ASV_00732,0.5845070422535211,pos,Farm,IT2
ASV_00205,ASV_00734,0.5714285714285714,pos,Farm,IT2
ASV_00205,ASV_00758,0.5753424657534246,pos,Farm,IT2
ASV_00205,ASV_00760,0.5986394557823129,pos,Farm,IT2
ASV_00205,ASV_00769,0.54421768707483,pos,Farm,IT2
ASV_00205,ASV_00772,0.5724137931034483,pos,Farm,IT2
ASV_00205,ASV_00778,0.5467625899280576,pos,Farm,IT2
ASV_00205,ASV_00782,0.54421768707483,pos,Farm,IT2
ASV_00205,ASV_00801,0.5068493150684932,pos,Farm,IT2
ASV_00205,ASV_00802,0.5562913907284768,pos,Farm,IT2
ASV_00205,ASV_00808,0.5238095238095238,pos,Farm,IT2
ASV_00205,ASV_00809,0.5921052631578947,pos,Farm,IT2
ASV_00205,ASV_00815,0.5882352941176471,pos,Farm,IT2
ASV_00205,ASV_00821,0.564625850340136,pos,Farm,IT2
ASV_00205,ASV_00829,0.5374149659863946,pos,Farm,IT2
ASV_00205,ASV_00848,0.5466666666666666,pos,Farm,IT2
ASV_00205,ASV_00875,0.5906040268456376,pos,Farm,IT2
ASV_00205,ASV_00880,0.5170068027210885,pos,Farm,IT2
ASV_00205,ASV_00890,0.5436241610738255,pos,Farm,IT2
ASV_00205,ASV_00891,0.5751633986928104,pos,Farm,IT2
ASV_00205,ASV_01018,0.5555555555555556,pos,Farm,IT2
ASV_00205,ASV_01065,0.5347222222222222,pos,Farm,IT2
ASV_00205,ASV_01119,0.6013513513513513,pos,Farm,IT2
ASV_00205,ASV_01153,0.5379310344827586,pos,Farm,IT2
ASV_00205,ASV_01249,0.5342465753424658,pos,Farm,IT2
ASV_00205,ASV_01267,0.527027027027027,pos,Farm,IT2
ASV_00205,ASV_01459,0.541095890410959,pos,Farm,IT2
ASV_00205,ASV_01578,0.5369127516778524,pos,Farm,IT2
ASV_00205,ASV_02020,0.5374149659863946,pos,Farm,IT2
ASV_00206,ASV_00208,0.5036496350364964,pos,Farm,IT2
ASV_00206,ASV_00226,0.48201438848920863,pos,Farm,IT2
ASV_00206,ASV_00229,0.49640287769784175,pos,Farm,IT2
ASV_00206,ASV_00233,0.48905109489051096,pos,Farm,IT2
ASV_00206,ASV_00237,0.5,pos,Farm,IT2
ASV_00206,ASV_00244,0.48226950354609927,pos,Farm,IT2
ASV_00206,ASV_00247,0.5,pos,Farm,IT2
ASV_00206,ASV_00252,0.4785714285714286,pos,Farm,IT2
ASV_00206,ASV_00262,0.48951048951048953,pos,Farm,IT2
ASV_00206,ASV_00267,0.4852941176470588,pos,Farm,IT2
ASV_00206,ASV_00271,0.45454545454545453,pos,Farm,IT2
ASV_00206,ASV_00279,0.45985401459854014,pos,Farm,IT2
ASV_00206,ASV_00286,0.48226950354609927,pos,Farm,IT2
ASV_00206,ASV_00297,0.4857142857142857,pos,Farm,IT2
ASV_00206,ASV_00298,0.48872180451127817,pos,Farm,IT2
ASV_00206,ASV_00312,0.4965034965034965,pos,Farm,IT2
ASV_00206,ASV_00323,0.4928571428571429,pos,Farm,IT2
ASV_00206,ASV_00324,0.4785714285714286,pos,Farm,IT2
ASV_00206,ASV_00326,0.4782608695652174,pos,Farm,IT2
ASV_00206,ASV_00337,0.503448275862069,pos,Farm,IT2
ASV_00206,ASV_00340,0.5,pos,Farm,IT2
ASV_00206,ASV_00346,0.4748201438848921,pos,Farm,IT2
ASV_00206,ASV_00354,0.48201438848920863,pos,Farm,IT2
ASV_00206,ASV_00355,0.49645390070921985,pos,Farm,IT2
ASV_00206,ASV_00369,0.48936170212765956,pos,Farm,IT2
ASV_00206,ASV_00372,0.45985401459854014,pos,Farm,IT2
ASV_00206,ASV_00377,0.47794117647058826,pos,Farm,IT2
ASV_00206,ASV_00384,0.4857142857142857,pos,Farm,IT2
ASV_00206,ASV_00389,0.5,pos,Farm,IT2
ASV_00206,ASV_00412,0.4852941176470588,pos,Farm,IT2
ASV_00206,ASV_00421,0.5362318840579711,pos,Farm,IT2
ASV_00206,ASV_00426,0.5202702702702703,pos,Farm,IT2
ASV_00206,ASV_00429,0.4444444444444444,pos,Farm,IT2
ASV_00206,ASV_00443,0.4676258992805755,pos,Farm,IT2
ASV_00206,ASV_00450,0.49645390070921985,pos,Farm,IT2
ASV_00206,ASV_00460,0.4859154929577465,pos,Farm,IT2
ASV_00206,ASV_00463,0.48951048951048953,pos,Farm,IT2
ASV_00206,ASV_00477,0.5289855072463768,pos,Farm,IT2
ASV_00206,ASV_00482,0.5234899328859061,pos,Farm,IT2
ASV_00206,ASV_00488,0.5069444444444444,pos,Farm,IT2
ASV_00206,ASV_00495,0.4888888888888889,pos,Farm,IT2
ASV_00206,ASV_00496,0.5441176470588235,pos,Farm,IT2
ASV_00206,ASV_00498,0.45588235294117646,pos,Farm,IT2
ASV_00206,ASV_00514,0.5448275862068965,pos,Farm,IT2
ASV_00206,ASV_00536,0.528169014084507,pos,Farm,IT2
ASV_00206,ASV_00542,0.5460992907801419,pos,Farm,IT2
ASV_00206,ASV_00551,0.5179856115107914,pos,Farm,IT2
ASV_00206,ASV_00554,0.5251798561151079,pos,Farm,IT2
ASV_00206,ASV_00612,0.48951048951048953,pos,Farm,IT2
ASV_00206,ASV_00615,0.46715328467153283,pos,Farm,IT2
ASV_00206,ASV_00622,0.45588235294117646,pos,Farm,IT2
ASV_00206,ASV_00638,0.5106382978723404,pos,Farm,IT2
ASV_00206,ASV_00665,0.46715328467153283,pos,Farm,IT2
ASV_00206,ASV_00676,0.5069444444444444,pos,Farm,IT2
ASV_00206,ASV_00679,0.5,pos,Farm,IT2
ASV_00206,ASV_00760,0.5428571428571428,pos,Farm,IT2
ASV_00206,ASV_00821,0.5071428571428571,pos,Farm,IT2
ASV_00206,ASV_00843,0.5,pos,Farm,IT2
ASV_00206,ASV_00880,0.48905109489051096,pos,Farm,IT2
ASV_00206,ASV_00890,0.49645390070921985,pos,Farm,IT2
ASV_00206,ASV_00984,0.5,pos,Farm,IT2
ASV_00206,ASV_01087,0.5289855072463768,pos,Farm,IT2
ASV_00206,ASV_01124,0.48226950354609927,pos,Farm,IT2
ASV_00206,ASV_01204,0.5319148936170213,pos,Farm,IT2
ASV_00206,ASV_01253,0.48226950354609927,pos,Farm,IT2
ASV_00206,ASV_01267,0.5,pos,Farm,IT2
ASV_00206,ASV_01276,0.4852941176470588,pos,Farm,IT2
ASV_00206,ASV_01342,0.5068493150684932,pos,Farm,IT2
ASV_00206,ASV_01385,0.5,pos,Farm,IT2
ASV_00206,ASV_01512,0.48148148148148145,pos,Farm,IT2
ASV_00206,ASV_02332,0.4965034965034965,pos,Farm,IT2
ASV_00208,ASV_00211,0.48201438848920863,pos,Farm,IT2
ASV_00208,ASV_00228,0.5072463768115942,pos,Farm,IT2
ASV_00208,ASV_00231,0.5214285714285715,pos,Farm,IT2
ASV_00208,ASV_00233,0.6030534351145038,pos,Farm,IT2
ASV_00208,ASV_00235,0.5,pos,Farm,IT2
ASV_00208,ASV_00242,0.5074626865671642,pos,Farm,IT2
ASV_00208,ASV_00243,0.5211267605633803,pos,Farm,IT2
ASV_00208,ASV_00247,0.5547445255474452,pos,Farm,IT2
ASV_00208,ASV_00251,0.5797101449275363,pos,Farm,IT2
ASV_00208,ASV_00253,0.5241379310344828,pos,Farm,IT2
ASV_00208,ASV_00259,0.47794117647058826,pos,Farm,IT2
ASV_00208,ASV_00263,0.5347222222222222,pos,Farm,IT2
ASV_00208,ASV_00264,0.48226950354609927,pos,Farm,IT2
ASV_00208,ASV_00265,0.5,pos,Farm,IT2
ASV_00208,ASV_00271,0.5,pos,Farm,IT2
ASV_00208,ASV_00275,0.5448275862068965,pos,Farm,IT2
ASV_00208,ASV_00279,0.4927536231884058,pos,Farm,IT2
ASV_00208,ASV_00288,0.5136986301369864,pos,Farm,IT2
ASV_00208,ASV_00291,0.48201438848920863,pos,Farm,IT2
ASV_00208,ASV_00292,0.5384615384615384,pos,Farm,IT2
ASV_00208,ASV_00296,0.48201438848920863,pos,Farm,IT2
ASV_00208,ASV_00299,0.5071428571428571,pos,Farm,IT2
ASV_00208,ASV_00303,0.4927536231884058,pos,Farm,IT2
ASV_00208,ASV_00305,0.5416666666666666,pos,Farm,IT2
ASV_00208,ASV_00309,0.5244755244755245,pos,Farm,IT2
ASV_00208,ASV_00312,0.5492957746478874,pos,Farm,IT2
ASV_00208,ASV_00323,0.5034965034965035,pos,Farm,IT2
ASV_00208,ASV_00327,0.5179856115107914,pos,Farm,IT2
ASV_00208,ASV_00332,0.5251798561151079,pos,Farm,IT2
ASV_00208,ASV_00333,0.5352112676056338,pos,Farm,IT2
ASV_00208,ASV_00334,0.5314685314685315,pos,Farm,IT2
ASV_00208,ASV_00336,0.5070422535211268,pos,Farm,IT2
ASV_00208,ASV_00339,0.5407407407407407,pos,Farm,IT2
ASV_00208,ASV_00343,0.528169014084507,pos,Farm,IT2
ASV_00208,ASV_00346,0.5071428571428571,pos,Farm,IT2
ASV_00208,ASV_00347,0.5384615384615384,pos,Farm,IT2
ASV_00208,ASV_00354,0.5362318840579711,pos,Farm,IT2
ASV_00208,ASV_00357,0.5255474452554745,pos,Farm,IT2
ASV_00208,ASV_00361,0.5172413793103449,pos,Farm,IT2
ASV_00208,ASV_00369,0.5,pos,Farm,IT2
ASV_00208,ASV_00377,0.5,pos,Farm,IT2
ASV_00208,ASV_00381,0.5107913669064749,pos,Farm,IT2
ASV_00208,ASV_00382,0.5103448275862069,pos,Farm,IT2
ASV_00208,ASV_00409,0.5255474452554745,pos,Farm,IT2
ASV_00208,ASV_00410,0.4965034965034965,pos,Farm,IT2
ASV_00208,ASV_00411,0.5,pos,Farm,IT2
ASV_00208,ASV_00421,0.5683453237410072,pos,Farm,IT2
ASV_00208,ASV_00425,0.48936170212765956,pos,Farm,IT2
ASV_00208,ASV_00442,0.5347222222222222,pos,Farm,IT2
ASV_00208,ASV_00444,0.524822695035461,pos,Farm,IT2
ASV_00208,ASV_00451,0.5379310344827586,pos,Farm,IT2
ASV_00208,ASV_00455,0.5179856115107914,pos,Farm,IT2
ASV_00208,ASV_00459,0.5069444444444444,pos,Farm,IT2
ASV_00208,ASV_00463,0.5103448275862069,pos,Farm,IT2
ASV_00208,ASV_00468,0.45185185185185184,pos,Farm,IT2
ASV_00208,ASV_00482,0.5533333333333333,pos,Farm,IT2
ASV_00208,ASV_00485,0.5244755244755245,pos,Farm,IT2
ASV_00208,ASV_00486,0.5306122448979592,pos,Farm,IT2
ASV_00208,ASV_00488,0.5379310344827586,pos,Farm,IT2
ASV_00208,ASV_00495,0.4785714285714286,pos,Farm,IT2
ASV_00208,ASV_00496,0.5,pos,Farm,IT2
ASV_00208,ASV_00498,0.5,pos,Farm,IT2
ASV_00208,ASV_00513,0.5177304964539007,pos,Farm,IT2
ASV_00208,ASV_00518,0.5448275862068965,pos,Farm,IT2
ASV_00208,ASV_00521,0.5205479452054794,pos,Farm,IT2
ASV_00208,ASV_00533,0.5214285714285715,pos,Farm,IT2
ASV_00208,ASV_00534,0.5804195804195804,pos,Farm,IT2
ASV_00208,ASV_00536,0.5594405594405595,pos,Farm,IT2
ASV_00208,ASV_00542,0.5664335664335665,pos,Farm,IT2
ASV_00208,ASV_00548,0.5259259259259259,pos,Farm,IT2
ASV_00208,ASV_00551,0.5174825174825175,pos,Farm,IT2
ASV_00208,ASV_00568,0.5277777777777778,pos,Farm,IT2
ASV_00208,ASV_00581,0.5338345864661654,pos,Farm,IT2
ASV_00208,ASV_00587,0.5514705882352942,pos,Farm,IT2
ASV_00208,ASV_00615,0.4785714285714286,pos,Farm,IT2
ASV_00208,ASV_00618,0.5177304964539007,pos,Farm,IT2
ASV_00208,ASV_00622,0.4676258992805755,pos,Farm,IT2
ASV_00208,ASV_00628,0.5142857142857142,pos,Farm,IT2
ASV_00208,ASV_00633,0.5174825174825175,pos,Farm,IT2
ASV_00208,ASV_00645,0.4785714285714286,pos,Farm,IT2
ASV_00208,ASV_00651,0.5851851851851851,pos,Farm,IT2
ASV_00208,ASV_00654,0.49640287769784175,pos,Farm,IT2
ASV_00208,ASV_00656,0.5104895104895105,pos,Farm,IT2
ASV_00208,ASV_00665,0.4892086330935252,pos,Farm,IT2
ASV_00208,ASV_00666,0.5347222222222222,pos,Farm,IT2
ASV_00208,ASV_00671,0.5071428571428571,pos,Farm,IT2
ASV_00208,ASV_00673,0.5306122448979592,pos,Farm,IT2
ASV_00208,ASV_00686,0.5319148936170213,pos,Farm,IT2
ASV_00208,ASV_00727,0.5107913669064749,pos,Farm,IT2
ASV_00208,ASV_00734,0.5460992907801419,pos,Farm,IT2
ASV_00208,ASV_00758,0.5069444444444444,pos,Farm,IT2
ASV_00208,ASV_00760,0.5310344827586206,pos,Farm,IT2
ASV_00208,ASV_00769,0.4965034965034965,pos,Farm,IT2
ASV_00208,ASV_00772,0.524822695035461,pos,Farm,IT2
ASV_00208,ASV_00778,0.463768115942029,pos,Farm,IT2
ASV_00208,ASV_00801,0.5,pos,Farm,IT2
ASV_00208,ASV_00802,0.5416666666666666,pos,Farm,IT2
ASV_00208,ASV_00809,0.5793103448275863,pos,Farm,IT2
ASV_00208,ASV_00821,0.5390070921985816,pos,Farm,IT2
ASV_00208,ASV_00829,0.5214285714285715,pos,Farm,IT2
ASV_00208,ASV_00848,0.5103448275862069,pos,Farm,IT2
ASV_00208,ASV_00873,0.5,pos,Farm,IT2
ASV_00208,ASV_00880,0.48936170212765956,pos,Farm,IT2
ASV_00208,ASV_00890,0.5390070921985816,pos,Farm,IT2
ASV_00208,ASV_00912,0.5338345864661654,pos,Farm,IT2
ASV_00208,ASV_00958,0.4965034965034965,pos,Farm,IT2
ASV_00208,ASV_00959,0.5140845070422535,pos,Farm,IT2
ASV_00208,ASV_01018,0.5179856115107914,pos,Farm,IT2
ASV_00208,ASV_01048,0.5214285714285715,pos,Farm,IT2
ASV_00208,ASV_01065,0.4857142857142857,pos,Farm,IT2
ASV_00208,ASV_01090,0.5241379310344828,pos,Farm,IT2
ASV_00208,ASV_01092,0.5342465753424658,pos,Farm,IT2
ASV_00208,ASV_01124,0.5034965034965035,pos,Farm,IT2
ASV_00208,ASV_01152,0.5214285714285715,pos,Farm,IT2
ASV_00208,ASV_01276,0.5072463768115942,pos,Farm,IT2
ASV_00208,ASV_01288,0.5460992907801419,pos,Farm,IT2
ASV_00208,ASV_01385,0.5,pos,Farm,IT2
ASV_00208,ASV_01417,0.5177304964539007,pos,Farm,IT2
ASV_00208,ASV_01459,0.5035460992907801,pos,Farm,IT2
ASV_00208,ASV_01503,0.5174825174825175,pos,Farm,IT2
ASV_00208,ASV_02332,0.5277777777777778,pos,Farm,IT2
ASV_00210,ASV_00218,0.54421768707483,pos,Farm,IT2
ASV_00210,ASV_00231,0.5306122448979592,pos,Farm,IT2
ASV_00210,ASV_00279,0.503448275862069,pos,Farm,IT2
ASV_00210,ASV_00292,0.5466666666666666,pos,Farm,IT2
ASV_00210,ASV_00295,0.5369127516778524,pos,Farm,IT2
ASV_00210,ASV_00296,0.5460992907801419,pos,Farm,IT2
ASV_00210,ASV_00297,0.5374149659863946,pos,Farm,IT2
ASV_00210,ASV_00299,0.5273972602739726,pos,Farm,IT2
ASV_00210,ASV_00300,0.5657894736842105,pos,Farm,IT2
ASV_00210,ASV_00332,0.5664335664335665,pos,Farm,IT2
ASV_00210,ASV_00336,0.527027027027027,pos,Farm,IT2
ASV_00210,ASV_00346,0.5170068027210885,pos,Farm,IT2
ASV_00210,ASV_00380,0.5310344827586206,pos,Farm,IT2
ASV_00210,ASV_00387,0.5405405405405406,pos,Farm,IT2
ASV_00210,ASV_00399,0.5436241610738255,pos,Farm,IT2
ASV_00210,ASV_00411,0.5405405405405406,pos,Farm,IT2
ASV_00210,ASV_00422,0.527027027027027,pos,Farm,IT2
ASV_00210,ASV_00426,0.5882352941176471,pos,Farm,IT2
ASV_00210,ASV_00459,0.5369127516778524,pos,Farm,IT2
ASV_00210,ASV_00463,0.5503355704697986,pos,Farm,IT2
ASV_00210,ASV_00468,0.4647887323943662,pos,Farm,IT2
ASV_00210,ASV_00474,0.5753424657534246,pos,Farm,IT2
ASV_00210,ASV_00483,0.5562913907284768,pos,Farm,IT2
ASV_00210,ASV_00485,0.5540540540540541,pos,Farm,IT2
ASV_00210,ASV_00490,0.5973154362416108,pos,Farm,IT2
ASV_00210,ASV_00511,0.5069444444444444,pos,Farm,IT2
ASV_00210,ASV_00514,0.5816993464052288,pos,Farm,IT2
ASV_00210,ASV_00521,0.56,pos,Farm,IT2
ASV_00210,ASV_00524,0.5241379310344828,pos,Farm,IT2
ASV_00210,ASV_00534,0.5657894736842105,pos,Farm,IT2
ASV_00210,ASV_00541,0.5374149659863946,pos,Farm,IT2
ASV_00210,ASV_00550,0.5782312925170068,pos,Farm,IT2
ASV_00210,ASV_00556,0.5616438356164384,pos,Farm,IT2
ASV_00210,ASV_00570,0.5068493150684932,pos,Farm,IT2
ASV_00210,ASV_00592,0.5655172413793104,pos,Farm,IT2
ASV_00210,ASV_00594,0.5763888888888888,pos,Farm,IT2
ASV_00210,ASV_00595,0.5170068027210885,pos,Farm,IT2
ASV_00210,ASV_00628,0.5238095238095238,pos,Farm,IT2
ASV_00210,ASV_00633,0.5369127516778524,pos,Farm,IT2
ASV_00210,ASV_00636,0.5855263157894737,pos,Farm,IT2
ASV_00210,ASV_00641,0.5918367346938775,pos,Farm,IT2
ASV_00210,ASV_00651,0.527027027027027,pos,Farm,IT2
ASV_00210,ASV_00666,0.5637583892617449,pos,Farm,IT2
ASV_00210,ASV_00673,0.5695364238410596,pos,Farm,IT2
ASV_00210,ASV_00757,0.564625850340136,pos,Farm,IT2
ASV_00210,ASV_00769,0.527027027027027,pos,Farm,IT2
ASV_00210,ASV_00815,0.5816993464052288,pos,Farm,IT2
ASV_00210,ASV_00842,0.5172413793103449,pos,Farm,IT2
ASV_00210,ASV_00906,0.5761589403973509,pos,Farm,IT2
ASV_00210,ASV_00984,0.5405405405405406,pos,Farm,IT2
ASV_00210,ASV_01023,0.5704697986577181,pos,Farm,IT2
ASV_00210,ASV_01087,0.5578231292517006,pos,Farm,IT2
ASV_00210,ASV_01249,0.5594405594405595,pos,Farm,IT2
ASV_00210,ASV_01459,0.5555555555555556,pos,Farm,IT2
ASV_00210,ASV_02332,0.5570469798657718,pos,Farm,IT2
ASV_00211,ASV_00218,0.5144927536231884,pos,Farm,IT2
ASV_00211,ASV_00219,0.5352112676056338,pos,Farm,IT2
ASV_00211,ASV_00231,0.5220588235294118,pos,Farm,IT2
ASV_00211,ASV_00232,0.4965034965034965,pos,Farm,IT2
ASV_00211,ASV_00233,0.4676258992805755,pos,Farm,IT2
ASV_00211,ASV_00238,0.5071428571428571,pos,Farm,IT2
ASV_00211,ASV_00266,0.5142857142857142,pos,Farm,IT2
ASV_00211,ASV_00270,0.5524475524475524,pos,Farm,IT2
ASV_00211,ASV_00275,0.5138888888888888,pos,Farm,IT2
ASV_00211,ASV_00293,0.5241379310344828,pos,Farm,IT2
ASV_00211,ASV_00308,0.4855072463768116,pos,Farm,IT2
ASV_00211,ASV_00318,0.48936170212765956,pos,Farm,IT2
ASV_00211,ASV_00320,0.4744525547445255,pos,Farm,IT2
ASV_00211,ASV_00325,0.4928571428571429,pos,Farm,IT2
ASV_00211,ASV_00332,0.4927536231884058,pos,Farm,IT2
ASV_00211,ASV_00339,0.4744525547445255,pos,Farm,IT2
ASV_00211,ASV_00340,0.48951048951048953,pos,Farm,IT2
ASV_00211,ASV_00346,0.49635036496350365,pos,Farm,IT2
ASV_00211,ASV_00361,0.5177304964539007,pos,Farm,IT2
ASV_00211,ASV_00373,0.49264705882352944,pos,Farm,IT2
ASV_00211,ASV_00378,0.5,pos,Farm,IT2
ASV_00211,ASV_00381,0.4782608695652174,pos,Farm,IT2
ASV_00211,ASV_00382,0.48951048951048953,pos,Farm,IT2
ASV_00211,ASV_00399,0.5035460992907801,pos,Farm,IT2
ASV_00211,ASV_00415,0.48226950354609927,pos,Farm,IT2
ASV_00211,ASV_00421,0.5251798561151079,pos,Farm,IT2
ASV_00211,ASV_00422,0.4857142857142857,pos,Farm,IT2
ASV_00211,ASV_00425,0.48905109489051096,pos,Farm,IT2
ASV_00211,ASV_00440,0.4782608695652174,pos,Farm,IT2
ASV_00211,ASV_00443,0.4676258992805755,pos,Farm,IT2
ASV_00211,ASV_00463,0.48951048951048953,pos,Farm,IT2
ASV_00211,ASV_00477,0.4859154929577465,pos,Farm,IT2
ASV_00211,ASV_00486,0.5422535211267606,pos,Farm,IT2
ASV_00211,ASV_00490,0.5068493150684932,pos,Farm,IT2
ASV_00211,ASV_00504,0.5208333333333334,pos,Farm,IT2
ASV_00211,ASV_00507,0.48226950354609927,pos,Farm,IT2
ASV_00211,ASV_00530,0.48226950354609927,pos,Farm,IT2
ASV_00211,ASV_00534,0.5172413793103449,pos,Farm,IT2
ASV_00211,ASV_00556,0.5107913669064749,pos,Farm,IT2
ASV_00211,ASV_00581,0.47761194029850745,pos,Farm,IT2
ASV_00211,ASV_00587,0.4748201438848921,pos,Farm,IT2
ASV_00211,ASV_00595,0.49635036496350365,pos,Farm,IT2
ASV_00211,ASV_00628,0.4927536231884058,pos,Farm,IT2
ASV_00211,ASV_00636,0.5170068027210885,pos,Farm,IT2
ASV_00211,ASV_00645,0.46715328467153283,pos,Farm,IT2
ASV_00211,ASV_00651,0.49640287769784175,pos,Farm,IT2
ASV_00211,ASV_00666,0.4930555555555556,pos,Farm,IT2
ASV_00211,ASV_00668,0.4748201438848921,pos,Farm,IT2
ASV_00211,ASV_00718,0.46715328467153283,pos,Farm,IT2
ASV_00211,ASV_00801,0.46715328467153283,pos,Farm,IT2
ASV_00211,ASV_00809,0.5379310344827586,pos,Farm,IT2
ASV_00211,ASV_00821,0.5289855072463768,pos,Farm,IT2
ASV_00211,ASV_00829,0.5109489051094891,pos,Farm,IT2
ASV_00211,ASV_00842,0.463768115942029,pos,Farm,IT2
ASV_00211,ASV_00843,0.48951048951048953,pos,Farm,IT2
ASV_00211,ASV_00845,0.47058823529411764,pos,Farm,IT2
ASV_00211,ASV_00875,0.503448275862069,pos,Farm,IT2
ASV_00211,ASV_00929,0.4965034965034965,pos,Farm,IT2
ASV_00211,ASV_01071,0.5147058823529411,pos,Farm,IT2
ASV_00211,ASV_01101,0.5035460992907801,pos,Farm,IT2
ASV_00211,ASV_01119,0.5138888888888888,pos,Farm,IT2
ASV_00211,ASV_01153,0.5111111111111111,pos,Farm,IT2
ASV_00211,ASV_01267,0.4892086330935252,pos,Farm,IT2
ASV_00211,ASV_01288,0.5362318840579711,pos,Farm,IT2
ASV_00211,ASV_01385,0.4785714285714286,pos,Farm,IT2
ASV_00211,ASV_01491,0.5072463768115942,pos,Farm,IT2
ASV_00211,ASV_01578,0.5217391304347826,pos,Farm,IT2
ASV_00212,ASV_00214,0.5140845070422535,pos,Farm,IT2
ASV_00212,ASV_00230,0.5642857142857143,pos,Farm,IT2
ASV_00212,ASV_00231,0.5507246376811594,pos,Farm,IT2
ASV_00212,ASV_00232,0.5241379310344828,pos,Farm,IT2
ASV_00212,ASV_00233,0.49645390070921985,pos,Farm,IT2
ASV_00212,ASV_00237,0.5379310344827586,pos,Farm,IT2
ASV_00212,ASV_00238,0.5244755244755245,pos,Farm,IT2
ASV_00212,ASV_00249,0.4965034965034965,pos,Farm,IT2
ASV_00212,ASV_00273,0.5069444444444444,pos,Farm,IT2
ASV_00212,ASV_00283,0.5347222222222222,pos,Farm,IT2
ASV_00212,ASV_00291,0.4892086330935252,pos,Farm,IT2
ASV_00212,ASV_00294,0.5642857142857143,pos,Farm,IT2
ASV_00212,ASV_00299,0.49295774647887325,pos,Farm,IT2
ASV_00212,ASV_00331,0.54,pos,Farm,IT2
ASV_00212,ASV_00347,0.5241379310344828,pos,Farm,IT2
ASV_00212,ASV_00368,0.5070422535211268,pos,Farm,IT2
ASV_00212,ASV_00376,0.5136986301369864,pos,Farm,IT2
ASV_00212,ASV_00387,0.5174825174825175,pos,Farm,IT2
ASV_00212,ASV_00395,0.49645390070921985,pos,Farm,IT2
ASV_00212,ASV_00397,0.5428571428571428,pos,Farm,IT2
ASV_00212,ASV_00406,0.4928571428571429,pos,Farm,IT2
ASV_00212,ASV_00407,0.5,pos,Farm,IT2
ASV_00212,ASV_00423,0.5136986301369864,pos,Farm,IT2
ASV_00212,ASV_00429,0.4852941176470588,pos,Farm,IT2
ASV_00212,ASV_00441,0.5035460992907801,pos,Farm,IT2
ASV_00212,ASV_00447,0.5241379310344828,pos,Farm,IT2
ASV_00212,ASV_00453,0.5460992907801419,pos,Farm,IT2
ASV_00212,ASV_00454,0.5310344827586206,pos,Farm,IT2
ASV_00212,ASV_00485,0.5531914893617021,pos,Farm,IT2
ASV_00212,ASV_00504,0.5374149659863946,pos,Farm,IT2
ASV_00212,ASV_00506,0.5,pos,Farm,IT2
ASV_00212,ASV_00517,0.5289855072463768,pos,Farm,IT2
ASV_00212,ASV_00533,0.4965034965034965,pos,Farm,IT2
ASV_00212,ASV_00541,0.5357142857142857,pos,Farm,IT2
ASV_00212,ASV_00548,0.4892086330935252,pos,Farm,IT2
ASV_00212,ASV_00571,0.5642857142857143,pos,Farm,IT2
ASV_00212,ASV_00612,0.5172413793103449,pos,Farm,IT2
ASV_00212,ASV_00622,0.4855072463768116,pos,Farm,IT2
ASV_00212,ASV_00686,0.5174825174825175,pos,Farm,IT2
ASV_00212,ASV_00721,0.5109489051094891,pos,Farm,IT2
ASV_00212,ASV_00724,0.5035460992907801,pos,Farm,IT2
ASV_00212,ASV_00727,0.49645390070921985,pos,Farm,IT2
ASV_00212,ASV_00758,0.5138888888888888,pos,Farm,IT2
ASV_00212,ASV_00781,0.5140845070422535,pos,Farm,IT2
ASV_00212,ASV_00848,0.5172413793103449,pos,Farm,IT2
ASV_00212,ASV_00909,0.49295774647887325,pos,Farm,IT2
ASV_00212,ASV_00984,0.5069444444444444,pos,Farm,IT2
ASV_00212,ASV_01018,0.5035460992907801,pos,Farm,IT2
ASV_00212,ASV_01092,0.5306122448979592,pos,Farm,IT2
ASV_00212,ASV_01119,0.5517241379310345,pos,Farm,IT2
ASV_00212,ASV_01179,0.5107913669064749,pos,Farm,IT2
ASV_00212,ASV_01249,0.5142857142857142,pos,Farm,IT2
ASV_00212,ASV_01288,0.5422535211267606,pos,Farm,IT2
ASV_00212,ASV_01508,0.5310344827586206,pos,Farm,IT2
ASV_00212,ASV_01512,0.4892086330935252,pos,Farm,IT2
ASV_00213,ASV_00227,0.5337837837837838,pos,Farm,IT2
ASV_00213,ASV_00229,0.5694444444444444,pos,Farm,IT2
ASV_00213,ASV_00231,0.541095890410959,pos,Farm,IT2
ASV_00213,ASV_00237,0.5704697986577181,pos,Farm,IT2
ASV_00213,ASV_00242,0.5177304964539007,pos,Farm,IT2
ASV_00213,ASV_00244,0.5655172413793104,pos,Farm,IT2
ASV_00213,ASV_00251,0.5436241610738255,pos,Farm,IT2
ASV_00213,ASV_00252,0.5845070422535211,pos,Farm,IT2
ASV_00213,ASV_00257,0.564625850340136,pos,Farm,IT2
ASV_00213,ASV_00267,0.5492957746478874,pos,Farm,IT2
ASV_00213,ASV_00274,0.6190476190476191,pos,Farm,IT2
ASV_00213,ASV_00280,0.5170068027210885,pos,Farm,IT2
ASV_00213,ASV_00285,0.5273972602739726,pos,Farm,IT2
ASV_00213,ASV_00296,0.5352112676056338,pos,Farm,IT2
ASV_00213,ASV_00297,0.5374149659863946,pos,Farm,IT2
ASV_00213,ASV_00298,0.5,pos,Farm,IT2
ASV_00213,ASV_00305,0.5704697986577181,pos,Farm,IT2
ASV_00213,ASV_00312,0.5466666666666666,pos,Farm,IT2
ASV_00213,ASV_00320,0.5277777777777778,pos,Farm,IT2
ASV_00213,ASV_00323,0.5337837837837838,pos,Farm,IT2
ASV_00213,ASV_00327,0.5170068027210885,pos,Farm,IT2
ASV_00213,ASV_00328,0.5436241610738255,pos,Farm,IT2
ASV_00213,ASV_00339,0.5492957746478874,pos,Farm,IT2
ASV_00213,ASV_00342,0.527027027027027,pos,Farm,IT2
ASV_00213,ASV_00345,0.5782312925170068,pos,Farm,IT2
ASV_00213,ASV_00346,0.5170068027210885,pos,Farm,IT2
ASV_00213,ASV_00347,0.5782312925170068,pos,Farm,IT2
ASV_00213,ASV_00352,0.5342465753424658,pos,Farm,IT2
ASV_00213,ASV_00354,0.5448275862068965,pos,Farm,IT2
ASV_00213,ASV_00359,0.5138888888888888,pos,Farm,IT2
ASV_00213,ASV_00367,0.5416666666666666,pos,Farm,IT2
ASV_00213,ASV_00369,0.5405405405405406,pos,Farm,IT2
ASV_00213,ASV_00373,0.5454545454545454,pos,Farm,IT2
ASV_00213,ASV_00377,0.5314685314685315,pos,Farm,IT2
ASV_00213,ASV_00384,0.527027027027027,pos,Farm,IT2
ASV_00213,ASV_00391,0.5068493150684932,pos,Farm,IT2
ASV_00213,ASV_00393,0.5,pos,Farm,IT2
ASV_00213,ASV_00402,0.5140845070422535,pos,Farm,IT2
ASV_00213,ASV_00404,0.5068493150684932,pos,Farm,IT2
ASV_00213,ASV_00412,0.5068493150684932,pos,Farm,IT2
ASV_00213,ASV_00418,0.5238095238095238,pos,Farm,IT2
ASV_00213,ASV_00426,0.609271523178808,pos,Farm,IT2
ASV_00213,ASV_00429,0.48951048951048953,pos,Farm,IT2
ASV_00213,ASV_00447,0.5675675675675675,pos,Farm,IT2
ASV_00213,ASV_00452,0.5524475524475524,pos,Farm,IT2
ASV_00213,ASV_00453,0.5369127516778524,pos,Farm,IT2
ASV_00213,ASV_00454,0.5533333333333333,pos,Farm,IT2
ASV_00213,ASV_00460,0.5793103448275863,pos,Farm,IT2
ASV_00213,ASV_00490,0.5657894736842105,pos,Farm,IT2
ASV_00213,ASV_00495,0.5422535211267606,pos,Farm,IT2
ASV_00213,ASV_00498,0.5211267605633803,pos,Farm,IT2
ASV_00213,ASV_00501,0.5510204081632653,pos,Farm,IT2
ASV_00213,ASV_00513,0.5374149659863946,pos,Farm,IT2
ASV_00213,ASV_00514,0.5816993464052288,pos,Farm,IT2
ASV_00213,ASV_00518,0.5629139072847682,pos,Farm,IT2
ASV_00213,ASV_00529,0.5138888888888888,pos,Farm,IT2
ASV_00213,ASV_00533,0.541095890410959,pos,Farm,IT2
ASV_00213,ASV_00536,0.5666666666666667,pos,Farm,IT2
ASV_00213,ASV_00541,0.5586206896551724,pos,Farm,IT2
ASV_00213,ASV_00542,0.5838926174496645,pos,Farm,IT2
ASV_00213,ASV_00544,0.5517241379310345,pos,Farm,IT2
ASV_00213,ASV_00548,0.5244755244755245,pos,Farm,IT2
ASV_00213,ASV_00551,0.5472972972972973,pos,Farm,IT2
ASV_00213,ASV_00566,0.527027027027027,pos,Farm,IT2
ASV_00213,ASV_00571,0.5540540540540541,pos,Farm,IT2
ASV_00213,ASV_00581,0.5539568345323741,pos,Farm,IT2
ASV_00213,ASV_00633,0.5472972972972973,pos,Farm,IT2
ASV_00213,ASV_00638,0.5821917808219178,pos,Farm,IT2
ASV_00213,ASV_00643,0.5337837837837838,pos,Farm,IT2
ASV_00213,ASV_00651,0.527027027027027,pos,Farm,IT2
ASV_00213,ASV_00676,0.5562913907284768,pos,Farm,IT2
ASV_00213,ASV_00679,0.593103448275862,pos,Farm,IT2
ASV_00213,ASV_00709,0.5374149659863946,pos,Farm,IT2
ASV_00213,ASV_00721,0.5138888888888888,pos,Farm,IT2
ASV_00213,ASV_00724,0.5379310344827586,pos,Farm,IT2
ASV_00213,ASV_00726,0.5540540540540541,pos,Farm,IT2
ASV_00213,ASV_00734,0.564625850340136,pos,Farm,IT2
ASV_00213,ASV_00758,0.5684931506849316,pos,Farm,IT2
ASV_00213,ASV_00760,0.581081081081081,pos,Farm,IT2
ASV_00213,ASV_00772,0.5655172413793104,pos,Farm,IT2
ASV_00213,ASV_00789,0.5510204081632653,pos,Farm,IT2
ASV_00213,ASV_00801,0.5314685314685315,pos,Farm,IT2
ASV_00213,ASV_00802,0.581081081081081,pos,Farm,IT2
ASV_00213,ASV_00806,0.5743243243243243,pos,Farm,IT2
ASV_00213,ASV_00808,0.5594405594405595,pos,Farm,IT2
ASV_00213,ASV_00821,0.5369127516778524,pos,Farm,IT2
ASV_00213,ASV_00842,0.5068493150684932,pos,Farm,IT2
ASV_00213,ASV_00891,0.5789473684210527,pos,Farm,IT2
ASV_00213,ASV_00906,0.5761589403973509,pos,Farm,IT2
ASV_00213,ASV_00952,0.5205479452054794,pos,Farm,IT2
ASV_00213,ASV_01018,0.5273972602739726,pos,Farm,IT2
ASV_00213,ASV_01065,0.5384615384615384,pos,Farm,IT2
ASV_00213,ASV_01124,0.5337837837837838,pos,Farm,IT2
ASV_00213,ASV_01179,0.5454545454545454,pos,Farm,IT2
ASV_00213,ASV_01250,0.5562913907284768,pos,Farm,IT2
ASV_00213,ASV_01253,0.54421768707483,pos,Farm,IT2
ASV_00213,ASV_01276,0.5384615384615384,pos,Farm,IT2
ASV_00213,ASV_01342,0.5657894736842105,pos,Farm,IT2
ASV_00213,ASV_01458,0.5069444444444444,pos,Farm,IT2
ASV_00213,ASV_01459,0.5238095238095238,pos,Farm,IT2
ASV_00213,ASV_01503,0.5369127516778524,pos,Farm,IT2
ASV_00214,ASV_00219,0.5374149659863946,pos,Farm,IT2
ASV_00214,ASV_00228,0.48936170212765956,pos,Farm,IT2
ASV_00214,ASV_00229,0.5,pos,Farm,IT2
ASV_00214,ASV_00249,0.5034965034965035,pos,Farm,IT2
ASV_00214,ASV_00263,0.5273972602739726,pos,Farm,IT2
ASV_00214,ASV_00264,0.4859154929577465,pos,Farm,IT2
ASV_00214,ASV_00269,0.56,pos,Farm,IT2
ASV_00214,ASV_00272,0.5,pos,Farm,IT2
ASV_00214,ASV_00273,0.5244755244755245,pos,Farm,IT2
ASV_00214,ASV_00280,0.5106382978723404,pos,Farm,IT2
ASV_00214,ASV_00285,0.5,pos,Farm,IT2
ASV_00214,ASV_00298,0.48201438848920863,pos,Farm,IT2
ASV_00214,ASV_00299,0.5,pos,Farm,IT2
ASV_00214,ASV_00324,0.524822695035461,pos,Farm,IT2
ASV_00214,ASV_00325,0.5069444444444444,pos,Farm,IT2
ASV_00214,ASV_00339,0.5107913669064749,pos,Farm,IT2
ASV_00214,ASV_00342,0.5,pos,Farm,IT2
ASV_00214,ASV_00359,0.5294117647058824,pos,Farm,IT2
ASV_00214,ASV_00365,0.5,pos,Farm,IT2
ASV_00214,ASV_00369,0.5138888888888888,pos,Farm,IT2
ASV_00214,ASV_00378,0.5555555555555556,pos,Farm,IT2
ASV_00214,ASV_00380,0.5035460992907801,pos,Farm,IT2
ASV_00214,ASV_00390,0.54421768707483,pos,Farm,IT2
ASV_00214,ASV_00398,0.5277777777777778,pos,Farm,IT2
ASV_00214,ASV_00406,0.48936170212765956,pos,Farm,IT2
ASV_00214,ASV_00407,0.4965034965034965,pos,Farm,IT2
ASV_00214,ASV_00415,0.5174825174825175,pos,Farm,IT2
ASV_00214,ASV_00438,0.5,pos,Farm,IT2
ASV_00214,ASV_00440,0.49295774647887325,pos,Farm,IT2
ASV_00214,ASV_00444,0.5069444444444444,pos,Farm,IT2
ASV_00214,ASV_00447,0.5416666666666666,pos,Farm,IT2
ASV_00214,ASV_00450,0.5103448275862069,pos,Farm,IT2
ASV_00214,ASV_00465,0.5,pos,Farm,IT2
ASV_00214,ASV_00486,0.5547945205479452,pos,Farm,IT2
ASV_00214,ASV_00488,0.5306122448979592,pos,Farm,IT2
ASV_00214,ASV_00493,0.5342465753424658,pos,Farm,IT2
ASV_00214,ASV_00498,0.4927536231884058,pos,Farm,IT2
ASV_00214,ASV_00503,0.5,pos,Farm,IT2
ASV_00214,ASV_00513,0.5104895104895105,pos,Farm,IT2
ASV_00214,ASV_00517,0.5035460992907801,pos,Farm,IT2
ASV_00214,ASV_00542,0.5586206896551724,pos,Farm,IT2
ASV_00214,ASV_00563,0.5172413793103449,pos,Farm,IT2
ASV_00214,ASV_00566,0.5211267605633803,pos,Farm,IT2
ASV_00214,ASV_00571,0.5277777777777778,pos,Farm,IT2
ASV_00214,ASV_00572,0.5369127516778524,pos,Farm,IT2
ASV_00214,ASV_00574,0.5205479452054794,pos,Farm,IT2
ASV_00214,ASV_00592,0.5174825174825175,pos,Farm,IT2
ASV_00214,ASV_00613,0.4714285714285714,pos,Farm,IT2
ASV_00214,ASV_00628,0.5851851851851851,pos,Farm,IT2
ASV_00214,ASV_00630,0.4857142857142857,pos,Farm,IT2
ASV_00214,ASV_00668,0.5,pos,Farm,IT2
ASV_00214,ASV_00671,0.5106382978723404,pos,Farm,IT2
ASV_00214,ASV_00679,0.5136986301369864,pos,Farm,IT2
ASV_00214,ASV_00687,0.5104895104895105,pos,Farm,IT2
ASV_00214,ASV_00718,0.48226950354609927,pos,Farm,IT2
ASV_00214,ASV_00724,0.5106382978723404,pos,Farm,IT2
ASV_00214,ASV_00732,0.4965034965034965,pos,Farm,IT2
ASV_00214,ASV_00769,0.5,pos,Farm,IT2
ASV_00214,ASV_00778,0.4676258992805755,pos,Farm,IT2
ASV_00214,ASV_00781,0.5211267605633803,pos,Farm,IT2
ASV_00214,ASV_00798,0.5310344827586206,pos,Farm,IT2
ASV_00214,ASV_00808,0.5106382978723404,pos,Farm,IT2
ASV_00214,ASV_00865,0.5138888888888888,pos,Farm,IT2
ASV_00214,ASV_00906,0.5510204081632653,pos,Farm,IT2
ASV_00214,ASV_00989,0.4714285714285714,pos,Farm,IT2
ASV_00214,ASV_01065,0.48936170212765956,pos,Farm,IT2
ASV_00214,ASV_01071,0.5070422535211268,pos,Farm,IT2
ASV_00214,ASV_01124,0.528169014084507,pos,Farm,IT2
ASV_00214,ASV_01179,0.4859154929577465,pos,Farm,IT2
ASV_00214,ASV_01249,0.5106382978723404,pos,Farm,IT2
ASV_00214,ASV_01491,0.5428571428571428,pos,Farm,IT2
ASV_00214,ASV_02149,0.4859154929577465,pos,Farm,IT2
ASV_00216,ASV_00226,0.5362318840579711,pos,Farm,IT2
ASV_00216,ASV_00228,0.49640287769784175,pos,Farm,IT2
ASV_00216,ASV_00230,0.5352112676056338,pos,Farm,IT2
ASV_00216,ASV_00235,0.4888888888888889,pos,Farm,IT2
ASV_00216,ASV_00246,0.5208333333333334,pos,Farm,IT2
ASV_00216,ASV_00251,0.5138888888888888,pos,Farm,IT2
ASV_00216,ASV_00262,0.5422535211267606,pos,Farm,IT2
ASV_00216,ASV_00263,0.5136986301369864,pos,Farm,IT2
ASV_00216,ASV_00270,0.5302013422818792,pos,Farm,IT2
ASV_00216,ASV_00277,0.541095890410959,pos,Farm,IT2
ASV_00216,ASV_00282,0.49295774647887325,pos,Farm,IT2
ASV_00216,ASV_00288,0.5136986301369864,pos,Farm,IT2
ASV_00216,ASV_00292,0.5277777777777778,pos,Farm,IT2
ASV_00216,ASV_00294,0.5352112676056338,pos,Farm,IT2
ASV_00216,ASV_00297,0.4965034965034965,pos,Farm,IT2
ASV_00216,ASV_00299,0.5071428571428571,pos,Farm,IT2
ASV_00216,ASV_00317,0.5106382978723404,pos,Farm,IT2
ASV_00216,ASV_00318,0.5104895104895105,pos,Farm,IT2
ASV_00216,ASV_00320,0.4857142857142857,pos,Farm,IT2
ASV_00216,ASV_00321,0.5306122448979592,pos,Farm,IT2
ASV_00216,ASV_00323,0.5034965034965035,pos,Farm,IT2
ASV_00216,ASV_00330,0.4859154929577465,pos,Farm,IT2
ASV_00216,ASV_00333,0.5244755244755245,pos,Farm,IT2
ASV_00216,ASV_00334,0.5314685314685315,pos,Farm,IT2
ASV_00216,ASV_00340,0.5531914893617021,pos,Farm,IT2
ASV_00216,ASV_00343,0.5069444444444444,pos,Farm,IT2
ASV_00216,ASV_00352,0.49295774647887325,pos,Farm,IT2
ASV_00216,ASV_00353,0.49295774647887325,pos,Farm,IT2
ASV_00216,ASV_00361,0.5492957746478874,pos,Farm,IT2
ASV_00216,ASV_00373,0.48226950354609927,pos,Farm,IT2
ASV_00216,ASV_00389,0.5,pos,Farm,IT2
ASV_00216,ASV_00403,0.5208333333333334,pos,Farm,IT2
ASV_00216,ASV_00404,0.49640287769784175,pos,Farm,IT2
ASV_00216,ASV_00410,0.5070422535211268,pos,Farm,IT2
ASV_00216,ASV_00423,0.5172413793103449,pos,Farm,IT2
ASV_00216,ASV_00425,0.48936170212765956,pos,Farm,IT2
ASV_00216,ASV_00438,0.4965034965034965,pos,Farm,IT2
ASV_00216,ASV_00447,0.5492957746478874,pos,Farm,IT2
ASV_00216,ASV_00451,0.5273972602739726,pos,Farm,IT2
ASV_00216,ASV_00458,0.5182481751824818,pos,Farm,IT2
ASV_00216,ASV_00459,0.55,pos,Farm,IT2
ASV_00216,ASV_00476,0.4859154929577465,pos,Farm,IT2
ASV_00216,ASV_00486,0.5306122448979592,pos,Farm,IT2
ASV_00216,ASV_00498,0.5111111111111111,pos,Farm,IT2
ASV_00216,ASV_00503,0.4965034965034965,pos,Farm,IT2
ASV_00216,ASV_00524,0.5035971223021583,pos,Farm,IT2
ASV_00216,ASV_00528,0.5071428571428571,pos,Farm,IT2
ASV_00216,ASV_00530,0.5140845070422535,pos,Farm,IT2
ASV_00216,ASV_00548,0.48201438848920863,pos,Farm,IT2
ASV_00216,ASV_00556,0.5104895104895105,pos,Farm,IT2
ASV_00216,ASV_00594,0.5034965034965035,pos,Farm,IT2
ASV_00216,ASV_00620,0.5208333333333334,pos,Farm,IT2
ASV_00216,ASV_00628,0.49295774647887325,pos,Farm,IT2
ASV_00216,ASV_00630,0.48201438848920863,pos,Farm,IT2
ASV_00216,ASV_00636,0.5369127516778524,pos,Farm,IT2
ASV_00216,ASV_00641,0.5310344827586206,pos,Farm,IT2
ASV_00216,ASV_00662,0.5,pos,Farm,IT2
ASV_00216,ASV_00671,0.5179856115107914,pos,Farm,IT2
ASV_00216,ASV_00679,0.5422535211267606,pos,Farm,IT2
ASV_00216,ASV_00687,0.4965034965034965,pos,Farm,IT2
ASV_00216,ASV_00734,0.5138888888888888,pos,Farm,IT2
ASV_00216,ASV_00782,0.4965034965034965,pos,Farm,IT2
ASV_00216,ASV_00793,0.5179856115107914,pos,Farm,IT2
ASV_00216,ASV_00809,0.5578231292517006,pos,Farm,IT2
ASV_00216,ASV_00811,0.5103448275862069,pos,Farm,IT2
ASV_00216,ASV_00821,0.5174825174825175,pos,Farm,IT2
ASV_00216,ASV_00822,0.5104895104895105,pos,Farm,IT2
ASV_00216,ASV_00829,0.5434782608695652,pos,Farm,IT2
ASV_00216,ASV_00848,0.5103448275862069,pos,Farm,IT2
ASV_00216,ASV_00869,0.5205479452054794,pos,Farm,IT2
ASV_00216,ASV_00873,0.4785714285714286,pos,Farm,IT2
ASV_00216,ASV_00880,0.5,pos,Farm,IT2
ASV_00216,ASV_00959,0.5034965034965035,pos,Farm,IT2
ASV_00216,ASV_00989,0.48905109489051096,pos,Farm,IT2
ASV_00216,ASV_01090,0.5241379310344828,pos,Farm,IT2
ASV_00216,ASV_01092,0.5238095238095238,pos,Farm,IT2
ASV_00216,ASV_01101,0.5244755244755245,pos,Farm,IT2
ASV_00216,ASV_01276,0.5182481751824818,pos,Farm,IT2
ASV_00216,ASV_01385,0.5214285714285715,pos,Farm,IT2
ASV_00216,ASV_01491,0.4965034965034965,pos,Farm,IT2
ASV_00218,ASV_00219,0.5655172413793104,pos,Farm,IT2
ASV_00218,ASV_00233,0.5323741007194245,pos,Farm,IT2
ASV_00218,ASV_00250,0.5136986301369864,pos,Farm,IT2
ASV_00218,ASV_00252,0.5,pos,Farm,IT2
ASV_00218,ASV_00254,0.5238095238095238,pos,Farm,IT2
ASV_00218,ASV_00262,0.5205479452054794,pos,Farm,IT2
ASV_00218,ASV_00264,0.49295774647887325,pos,Farm,IT2
ASV_00218,ASV_00269,0.5666666666666667,pos,Farm,IT2
ASV_00218,ASV_00270,0.5821917808219178,pos,Farm,IT2
ASV_00218,ASV_00271,0.45652173913043476,pos,Farm,IT2
ASV_00218,ASV_00272,0.5069444444444444,pos,Farm,IT2
ASV_00218,ASV_00275,0.5337837837837838,pos,Farm,IT2
ASV_00218,ASV_00278,0.5310344827586206,pos,Farm,IT2
ASV_00218,ASV_00287,0.4965034965034965,pos,Farm,IT2
ASV_00218,ASV_00290,0.5503355704697986,pos,Farm,IT2
ASV_00218,ASV_00292,0.5486111111111112,pos,Farm,IT2
ASV_00218,ASV_00296,0.48226950354609927,pos,Farm,IT2
ASV_00218,ASV_00300,0.5369127516778524,pos,Farm,IT2
ASV_00218,ASV_00307,0.5,pos,Farm,IT2
ASV_00218,ASV_00312,0.5273972602739726,pos,Farm,IT2
ASV_00218,ASV_00315,0.5035971223021583,pos,Farm,IT2
ASV_00218,ASV_00318,0.5103448275862069,pos,Farm,IT2
ASV_00218,ASV_00320,0.4859154929577465,pos,Farm,IT2
ASV_00218,ASV_00323,0.5138888888888888,pos,Farm,IT2
ASV_00218,ASV_00326,0.5214285714285715,pos,Farm,IT2
ASV_00218,ASV_00343,0.5172413793103449,pos,Farm,IT2
ASV_00218,ASV_00346,0.5177304964539007,pos,Farm,IT2
ASV_00218,ASV_00359,0.5367647058823529,pos,Farm,IT2
ASV_00218,ASV_00361,0.5379310344827586,pos,Farm,IT2
ASV_00218,ASV_00368,0.5,pos,Farm,IT2
ASV_00218,ASV_00369,0.5314685314685315,pos,Farm,IT2
ASV_00218,ASV_00381,0.5,pos,Farm,IT2
ASV_00218,ASV_00387,0.5314685314685315,pos,Farm,IT2
ASV_00218,ASV_00390,0.5405405405405406,pos,Farm,IT2
ASV_00218,ASV_00398,0.5136986301369864,pos,Farm,IT2
ASV_00218,ASV_00403,0.5416666666666666,pos,Farm,IT2
ASV_00218,ASV_00416,0.5174825174825175,pos,Farm,IT2
ASV_00218,ASV_00421,0.5136986301369864,pos,Farm,IT2
ASV_00218,ASV_00441,0.4965034965034965,pos,Farm,IT2
ASV_00218,ASV_00443,0.5106382978723404,pos,Farm,IT2
ASV_00218,ASV_00452,0.5,pos,Farm,IT2
ASV_00218,ASV_00458,0.4859154929577465,pos,Farm,IT2
ASV_00218,ASV_00482,0.5629139072847682,pos,Farm,IT2
ASV_00218,ASV_00485,0.5241379310344828,pos,Farm,IT2
ASV_00218,ASV_00493,0.5517241379310345,pos,Farm,IT2
ASV_00218,ASV_00494,0.5138888888888888,pos,Farm,IT2
ASV_00218,ASV_00495,0.48936170212765956,pos,Farm,IT2
ASV_00218,ASV_00498,0.4785714285714286,pos,Farm,IT2
ASV_00218,ASV_00507,0.5460992907801419,pos,Farm,IT2
ASV_00218,ASV_00513,0.5069444444444444,pos,Farm,IT2
ASV_00218,ASV_00518,0.54421768707483,pos,Farm,IT2
ASV_00218,ASV_00524,0.49295774647887325,pos,Farm,IT2
ASV_00218,ASV_00528,0.5177304964539007,pos,Farm,IT2
ASV_00218,ASV_00534,0.5578231292517006,pos,Farm,IT2
ASV_00218,ASV_00536,0.5374149659863946,pos,Farm,IT2
ASV_00218,ASV_00541,0.5174825174825175,pos,Farm,IT2
ASV_00218,ASV_00554,0.5563380281690141,pos,Farm,IT2
ASV_00218,ASV_00555,0.5136986301369864,pos,Farm,IT2
ASV_00218,ASV_00556,0.5314685314685315,pos,Farm,IT2
ASV_00218,ASV_00563,0.5241379310344828,pos,Farm,IT2
ASV_00218,ASV_00568,0.5594405594405595,pos,Farm,IT2
ASV_00218,ASV_00570,0.4859154929577465,pos,Farm,IT2
ASV_00218,ASV_00595,0.4965034965034965,pos,Farm,IT2
ASV_00218,ASV_00615,0.48936170212765956,pos,Farm,IT2
ASV_00218,ASV_00622,0.5109489051094891,pos,Farm,IT2
ASV_00218,ASV_00628,0.5140845070422535,pos,Farm,IT2
ASV_00218,ASV_00636,0.5570469798657718,pos,Farm,IT2
ASV_00218,ASV_00643,0.5244755244755245,pos,Farm,IT2
ASV_00218,ASV_00651,0.5069444444444444,pos,Farm,IT2
ASV_00218,ASV_00721,0.5144927536231884,pos,Farm,IT2
ASV_00218,ASV_00757,0.5136986301369864,pos,Farm,IT2
ASV_00218,ASV_00758,0.5277777777777778,pos,Farm,IT2
ASV_00218,ASV_00772,0.5244755244755245,pos,Farm,IT2
ASV_00218,ASV_00781,0.5069444444444444,pos,Farm,IT2
ASV_00218,ASV_00807,0.5208333333333334,pos,Farm,IT2
ASV_00218,ASV_00808,0.5070422535211268,pos,Farm,IT2
ASV_00218,ASV_00822,0.5208333333333334,pos,Farm,IT2
ASV_00218,ASV_00829,0.5,pos,Farm,IT2
ASV_00218,ASV_00842,0.49645390070921985,pos,Farm,IT2
ASV_00218,ASV_00869,0.5517241379310345,pos,Farm,IT2
ASV_00218,ASV_00875,0.5337837837837838,pos,Farm,IT2
ASV_00218,ASV_00880,0.5,pos,Farm,IT2
ASV_00218,ASV_00924,0.48201438848920863,pos,Farm,IT2
ASV_00218,ASV_00931,0.5507246376811594,pos,Farm,IT2
ASV_00218,ASV_00984,0.5103448275862069,pos,Farm,IT2
ASV_00218,ASV_01065,0.5071428571428571,pos,Farm,IT2
ASV_00218,ASV_01071,0.5467625899280576,pos,Farm,IT2
ASV_00218,ASV_01092,0.5547945205479452,pos,Farm,IT2
ASV_00218,ASV_01119,0.5337837837837838,pos,Farm,IT2
ASV_00218,ASV_01152,0.5319148936170213,pos,Farm,IT2
ASV_00218,ASV_01204,0.5517241379310345,pos,Farm,IT2
ASV_00218,ASV_01250,0.5694444444444444,pos,Farm,IT2
ASV_00218,ASV_01253,0.5138888888888888,pos,Farm,IT2
ASV_00218,ASV_01276,0.562962962962963,pos,Farm,IT2
ASV_00218,ASV_01288,0.5136986301369864,pos,Farm,IT2
ASV_00218,ASV_01368,0.5352112676056338,pos,Farm,IT2
ASV_00218,ASV_01426,0.5071428571428571,pos,Farm,IT2
ASV_00218,ASV_01491,0.5069444444444444,pos,Farm,IT2
ASV_00218,ASV_01541,0.5492957746478874,pos,Farm,IT2
ASV_00218,ASV_01578,0.5103448275862069,pos,Farm,IT2
ASV_00218,ASV_02149,0.5251798561151079,pos,Farm,IT2
ASV_00218,ASV_02332,0.5273972602739726,pos,Farm,IT2
ASV_00219,ASV_00228,0.5277777777777778,pos,Farm,IT2
ASV_00219,ASV_00230,0.5436241610738255,pos,Farm,IT2
ASV_00219,ASV_00233,0.5416666666666666,pos,Farm,IT2
ASV_00219,ASV_00235,0.48951048951048953,pos,Farm,IT2
ASV_00219,ASV_00244,0.54421768707483,pos,Farm,IT2
ASV_00219,ASV_00251,0.564625850340136,pos,Farm,IT2
ASV_00219,ASV_00264,0.5136986301369864,pos,Farm,IT2
ASV_00219,ASV_00274,0.5657894736842105,pos,Farm,IT2
ASV_00219,ASV_00275,0.5733333333333334,pos,Farm,IT2
ASV_00219,ASV_00280,0.5170068027210885,pos,Farm,IT2
ASV_00219,ASV_00287,0.5379310344827586,pos,Farm,IT2
ASV_00219,ASV_00293,0.5723684210526315,pos,Farm,IT2
ASV_00219,ASV_00296,0.503448275862069,pos,Farm,IT2
ASV_00219,ASV_00297,0.5374149659863946,pos,Farm,IT2
ASV_00219,ASV_00309,0.5436241610738255,pos,Farm,IT2
ASV_00219,ASV_00315,0.5138888888888888,pos,Farm,IT2
ASV_00219,ASV_00318,0.5724137931034483,pos,Farm,IT2
ASV_00219,ASV_00321,0.5695364238410596,pos,Farm,IT2
ASV_00219,ASV_00325,0.5874125874125874,pos,Farm,IT2
ASV_00219,ASV_00326,0.5416666666666666,pos,Farm,IT2
ASV_00219,ASV_00330,0.5704225352112676,pos,Farm,IT2
ASV_00219,ASV_00332,0.5342465753424658,pos,Farm,IT2
ASV_00219,ASV_00334,0.5503355704697986,pos,Farm,IT2
ASV_00219,ASV_00339,0.5068493150684932,pos,Farm,IT2
ASV_00219,ASV_00343,0.5369127516778524,pos,Farm,IT2
ASV_00219,ASV_00346,0.5486111111111112,pos,Farm,IT2
ASV_00219,ASV_00347,0.5570469798657718,pos,Farm,IT2
ASV_00219,ASV_00353,0.5238095238095238,pos,Farm,IT2
ASV_00219,ASV_00359,0.5352112676056338,pos,Farm,IT2
ASV_00219,ASV_00380,0.5205479452054794,pos,Farm,IT2
ASV_00219,ASV_00381,0.5524475524475524,pos,Farm,IT2
ASV_00219,ASV_00387,0.5616438356164384,pos,Farm,IT2
ASV_00219,ASV_00393,0.5104895104895105,pos,Farm,IT2
ASV_00219,ASV_00398,0.5436241610738255,pos,Farm,IT2
ASV_00219,ASV_00409,0.5673758865248227,pos,Farm,IT2
ASV_00219,ASV_00416,0.5586206896551724,pos,Farm,IT2
ASV_00219,ASV_00440,0.5205479452054794,pos,Farm,IT2
ASV_00219,ASV_00444,0.5547945205479452,pos,Farm,IT2
ASV_00219,ASV_00455,0.5273972602739726,pos,Farm,IT2
ASV_00219,ASV_00468,0.49640287769784175,pos,Farm,IT2
ASV_00219,ASV_00482,0.6333333333333333,pos,Farm,IT2
ASV_00219,ASV_00485,0.564625850340136,pos,Farm,IT2
ASV_00219,ASV_00490,0.5761589403973509,pos,Farm,IT2
ASV_00219,ASV_00493,0.581081081081081,pos,Farm,IT2
ASV_00219,ASV_00494,0.5547945205479452,pos,Farm,IT2
ASV_00219,ASV_00507,0.5337837837837838,pos,Farm,IT2
ASV_00219,ASV_00517,0.5205479452054794,pos,Farm,IT2
ASV_00219,ASV_00518,0.5733333333333334,pos,Farm,IT2
ASV_00219,ASV_00528,0.5273972602739726,pos,Farm,IT2
ASV_00219,ASV_00530,0.5547945205479452,pos,Farm,IT2
ASV_00219,ASV_00533,0.5517241379310345,pos,Farm,IT2
ASV_00219,ASV_00536,0.5562913907284768,pos,Farm,IT2
ASV_00219,ASV_00556,0.5510204081632653,pos,Farm,IT2
ASV_00219,ASV_00559,0.5517241379310345,pos,Farm,IT2
ASV_00219,ASV_00570,0.5068493150684932,pos,Farm,IT2
ASV_00219,ASV_00592,0.5763888888888888,pos,Farm,IT2
ASV_00219,ASV_00613,0.5,pos,Farm,IT2
ASV_00219,ASV_00618,0.527027027027027,pos,Farm,IT2
ASV_00219,ASV_00628,0.5238095238095238,pos,Farm,IT2
ASV_00219,ASV_00635,0.56,pos,Farm,IT2
ASV_00219,ASV_00638,0.5503355704697986,pos,Farm,IT2
ASV_00219,ASV_00643,0.5337837837837838,pos,Farm,IT2
ASV_00219,ASV_00645,0.5103448275862069,pos,Farm,IT2
ASV_00219,ASV_00654,0.5277777777777778,pos,Farm,IT2
ASV_00219,ASV_00671,0.5273972602739726,pos,Farm,IT2
ASV_00219,ASV_00718,0.5208333333333334,pos,Farm,IT2
ASV_00219,ASV_00798,0.5466666666666666,pos,Farm,IT2
ASV_00219,ASV_00801,0.5531914893617021,pos,Farm,IT2
ASV_00219,ASV_00808,0.5273972602739726,pos,Farm,IT2
ASV_00219,ASV_00809,0.5960264900662252,pos,Farm,IT2
ASV_00219,ASV_00815,0.5816993464052288,pos,Farm,IT2
ASV_00219,ASV_00829,0.5517241379310345,pos,Farm,IT2
ASV_00219,ASV_00875,0.5629139072847682,pos,Farm,IT2
ASV_00219,ASV_00931,0.5170068027210885,pos,Farm,IT2
ASV_00219,ASV_00958,0.527027027027027,pos,Farm,IT2
ASV_00219,ASV_01023,0.56,pos,Farm,IT2
ASV_00219,ASV_01092,0.5629139072847682,pos,Farm,IT2
ASV_00219,ASV_01119,0.5733333333333334,pos,Farm,IT2
ASV_00219,ASV_01250,0.5666666666666667,pos,Farm,IT2
ASV_00219,ASV_01276,0.5277777777777778,pos,Farm,IT2
ASV_00219,ASV_01417,0.5374149659863946,pos,Farm,IT2
ASV_00219,ASV_01503,0.5472972972972973,pos,Farm,IT2
ASV_00219,ASV_01541,0.5472972972972973,pos,Farm,IT2
ASV_00221,ASV_00233,0.48936170212765956,pos,Farm,IT2
ASV_00221,ASV_00238,0.5069444444444444,pos,Farm,IT2
ASV_00221,ASV_00239,0.5035460992907801,pos,Farm,IT2
ASV_00221,ASV_00240,0.5071428571428571,pos,Farm,IT2
ASV_00221,ASV_00242,0.463768115942029,pos,Farm,IT2
ASV_00221,ASV_00263,0.5136986301369864,pos,Farm,IT2
ASV_00221,ASV_00264,0.48226950354609927,pos,Farm,IT2
ASV_00221,ASV_00269,0.6,pos,Farm,IT2
ASV_00221,ASV_00270,0.5302013422818792,pos,Farm,IT2
ASV_00221,ASV_00272,0.5070422535211268,pos,Farm,IT2
ASV_00221,ASV_00282,0.49295774647887325,pos,Farm,IT2
ASV_00221,ASV_00297,0.4965034965034965,pos,Farm,IT2
ASV_00221,ASV_00299,0.5071428571428571,pos,Farm,IT2
ASV_00221,ASV_00307,0.5107913669064749,pos,Farm,IT2
ASV_00221,ASV_00321,0.5306122448979592,pos,Farm,IT2
ASV_00221,ASV_00324,0.5214285714285715,pos,Farm,IT2
ASV_00221,ASV_00325,0.5140845070422535,pos,Farm,IT2
ASV_00221,ASV_00327,0.4859154929577465,pos,Farm,IT2
ASV_00221,ASV_00332,0.5362318840579711,pos,Farm,IT2
ASV_00221,ASV_00343,0.5174825174825175,pos,Farm,IT2
ASV_00221,ASV_00346,0.5179856115107914,pos,Farm,IT2
ASV_00221,ASV_00380,0.48936170212765956,pos,Farm,IT2
ASV_00221,ASV_00390,0.5517241379310345,pos,Farm,IT2
ASV_00221,ASV_00391,0.4857142857142857,pos,Farm,IT2
ASV_00221,ASV_00393,0.48905109489051096,pos,Farm,IT2
ASV_00221,ASV_00411,0.5211267605633803,pos,Farm,IT2
ASV_00221,ASV_00441,0.4859154929577465,pos,Farm,IT2
ASV_00221,ASV_00443,0.48936170212765956,pos,Farm,IT2
ASV_00221,ASV_00444,0.5034965034965035,pos,Farm,IT2
ASV_00221,ASV_00445,0.4965034965034965,pos,Farm,IT2
ASV_00221,ASV_00460,0.5174825174825175,pos,Farm,IT2
ASV_00221,ASV_00485,0.5352112676056338,pos,Farm,IT2
ASV_00221,ASV_00486,0.5306122448979592,pos,Farm,IT2
ASV_00221,ASV_00490,0.5374149659863946,pos,Farm,IT2
ASV_00221,ASV_00494,0.5034965034965035,pos,Farm,IT2
ASV_00221,ASV_00506,0.48226950354609927,pos,Farm,IT2
ASV_00221,ASV_00507,0.5034965034965035,pos,Farm,IT2
ASV_00221,ASV_00508,0.5179856115107914,pos,Farm,IT2
ASV_00221,ASV_00513,0.5070422535211268,pos,Farm,IT2
ASV_00221,ASV_00528,0.4859154929577465,pos,Farm,IT2
ASV_00221,ASV_00530,0.5357142857142857,pos,Farm,IT2
ASV_00221,ASV_00534,0.527027027027027,pos,Farm,IT2
ASV_00221,ASV_00541,0.4965034965034965,pos,Farm,IT2
ASV_00221,ASV_00543,0.5244755244755245,pos,Farm,IT2
ASV_00221,ASV_00551,0.5174825174825175,pos,Farm,IT2
ASV_00221,ASV_00555,0.5138888888888888,pos,Farm,IT2
ASV_00221,ASV_00570,0.4857142857142857,pos,Farm,IT2
ASV_00221,ASV_00595,0.5401459854014599,pos,Farm,IT2
ASV_00221,ASV_00611,0.5244755244755245,pos,Farm,IT2
ASV_00221,ASV_00618,0.5070422535211268,pos,Farm,IT2
ASV_00221,ASV_00628,0.5035460992907801,pos,Farm,IT2
ASV_00221,ASV_00645,0.4785714285714286,pos,Farm,IT2
ASV_00221,ASV_00654,0.49640287769784175,pos,Farm,IT2
ASV_00221,ASV_00662,0.48936170212765956,pos,Farm,IT2
ASV_00221,ASV_00666,0.5241379310344828,pos,Farm,IT2
ASV_00221,ASV_00673,0.541095890410959,pos,Farm,IT2
ASV_00221,ASV_00687,0.5070422535211268,pos,Farm,IT2
ASV_00221,ASV_00728,0.5073529411764706,pos,Farm,IT2
ASV_00221,ASV_00732,0.5362318840579711,pos,Farm,IT2
ASV_00221,ASV_00778,0.463768115942029,pos,Farm,IT2
ASV_00221,ASV_00793,0.4859154929577465,pos,Farm,IT2
ASV_00221,ASV_00808,0.5071428571428571,pos,Farm,IT2
ASV_00221,ASV_00809,0.5578231292517006,pos,Farm,IT2
ASV_00221,ASV_00811,0.5422535211267606,pos,Farm,IT2
ASV_00221,ASV_00815,0.5436241610738255,pos,Farm,IT2
ASV_00221,ASV_00822,0.5882352941176471,pos,Farm,IT2
ASV_00221,ASV_00843,0.5314685314685315,pos,Farm,IT2
ASV_00221,ASV_00865,0.5,pos,Farm,IT2
ASV_00221,ASV_00875,0.5238095238095238,pos,Farm,IT2
ASV_00221,ASV_00891,0.5616438356164384,pos,Farm,IT2
ASV_00221,ASV_00912,0.48905109489051096,pos,Farm,IT2
ASV_00221,ASV_00931,0.5401459854014599,pos,Farm,IT2
ASV_00221,ASV_01018,0.5071428571428571,pos,Farm,IT2
ASV_00221,ASV_01179,0.48226950354609927,pos,Farm,IT2
ASV_00221,ASV_01249,0.5179856115107914,pos,Farm,IT2
ASV_00221,ASV_01458,0.4748201438848921,pos,Farm,IT2
ASV_00226,ASV_00247,0.5,pos,Farm,IT2
ASV_00226,ASV_00251,0.5352112676056338,pos,Farm,IT2
ASV_00226,ASV_00290,0.5405405405405406,pos,Farm,IT2
ASV_00226,ASV_00295,0.5069444444444444,pos,Farm,IT2
ASV_00226,ASV_00307,0.48936170212765956,pos,Farm,IT2
ASV_00226,ASV_00326,0.48936170212765956,pos,Farm,IT2
ASV_00226,ASV_00333,0.5138888888888888,pos,Farm,IT2
ASV_00226,ASV_00345,0.5277777777777778,pos,Farm,IT2
ASV_00226,ASV_00346,0.4859154929577465,pos,Farm,IT2
ASV_00226,ASV_00355,0.528169014084507,pos,Farm,IT2
ASV_00226,ASV_00368,0.5106382978723404,pos,Farm,IT2
ASV_00226,ASV_00372,0.48201438848920863,pos,Farm,IT2
ASV_00226,ASV_00395,0.5107913669064749,pos,Farm,IT2
ASV_00226,ASV_00416,0.4965034965034965,pos,Farm,IT2
ASV_00226,ASV_00418,0.49295774647887325,pos,Farm,IT2
ASV_00226,ASV_00441,0.4859154929577465,pos,Farm,IT2
ASV_00226,ASV_00459,0.528169014084507,pos,Farm,IT2
ASV_00226,ASV_00460,0.528169014084507,pos,Farm,IT2
ASV_00226,ASV_00476,0.5179856115107914,pos,Farm,IT2
ASV_00226,ASV_00503,0.5070422535211268,pos,Farm,IT2
ASV_00226,ASV_00541,0.4965034965034965,pos,Farm,IT2
ASV_00226,ASV_00542,0.5238095238095238,pos,Farm,IT2
ASV_00226,ASV_00574,0.5277777777777778,pos,Farm,IT2
ASV_00226,ASV_00594,0.524822695035461,pos,Farm,IT2
ASV_00226,ASV_00687,0.4965034965034965,pos,Farm,IT2
ASV_00226,ASV_00721,0.48201438848920863,pos,Farm,IT2
ASV_00226,ASV_00769,0.4965034965034965,pos,Farm,IT2
ASV_00226,ASV_00815,0.564625850340136,pos,Farm,IT2
ASV_00226,ASV_01087,0.5069444444444444,pos,Farm,IT2
ASV_00227,ASV_00247,0.5319148936170213,pos,Farm,IT2
ASV_00227,ASV_00257,0.5136986301369864,pos,Farm,IT2
ASV_00227,ASV_00290,0.5503355704697986,pos,Farm,IT2
ASV_00227,ASV_00294,0.5347222222222222,pos,Farm,IT2
ASV_00227,ASV_00295,0.5172413793103449,pos,Farm,IT2
ASV_00227,ASV_00311,0.5374149659863946,pos,Farm,IT2
ASV_00227,ASV_00324,0.5319148936170213,pos,Farm,IT2
ASV_00227,ASV_00333,0.5136986301369864,pos,Farm,IT2
ASV_00227,ASV_00346,0.4965034965034965,pos,Farm,IT2
ASV_00227,ASV_00350,0.5,pos,Farm,IT2
ASV_00227,ASV_00353,0.5034965034965035,pos,Farm,IT2
ASV_00227,ASV_00361,0.5273972602739726,pos,Farm,IT2
ASV_00227,ASV_00372,0.5035971223021583,pos,Farm,IT2
ASV_00227,ASV_00391,0.5289855072463768,pos,Farm,IT2
ASV_00227,ASV_00409,0.49295774647887325,pos,Farm,IT2
ASV_00227,ASV_00416,0.528169014084507,pos,Farm,IT2
ASV_00227,ASV_00429,0.4676258992805755,pos,Farm,IT2
ASV_00227,ASV_00452,0.5323741007194245,pos,Farm,IT2
ASV_00227,ASV_00465,0.5069444444444444,pos,Farm,IT2
ASV_00227,ASV_00468,0.4740740740740741,pos,Farm,IT2
ASV_00227,ASV_00477,0.5172413793103449,pos,Farm,IT2
ASV_00227,ASV_00479,0.5704225352112676,pos,Farm,IT2
ASV_00227,ASV_00488,0.5694444444444444,pos,Farm,IT2
ASV_00227,ASV_00498,0.4785714285714286,pos,Farm,IT2
ASV_00227,ASV_00524,0.49295774647887325,pos,Farm,IT2
ASV_00227,ASV_00533,0.5104895104895105,pos,Farm,IT2
ASV_00227,ASV_00542,0.5337837837837838,pos,Farm,IT2
ASV_00227,ASV_00543,0.5136986301369864,pos,Farm,IT2
ASV_00227,ASV_00554,0.5454545454545454,pos,Farm,IT2
ASV_00227,ASV_00574,0.5273972602739726,pos,Farm,IT2
ASV_00227,ASV_00581,0.5220588235294118,pos,Farm,IT2
ASV_00227,ASV_00592,0.5138888888888888,pos,Farm,IT2
ASV_00227,ASV_00618,0.5069444444444444,pos,Farm,IT2
ASV_00227,ASV_00633,0.5172413793103449,pos,Farm,IT2
ASV_00227,ASV_00638,0.5971223021582733,pos,Farm,IT2
ASV_00227,ASV_00641,0.5306122448979592,pos,Farm,IT2
ASV_00227,ASV_00651,0.5174825174825175,pos,Farm,IT2
ASV_00227,ASV_00679,0.5416666666666666,pos,Farm,IT2
ASV_00227,ASV_00697,0.49645390070921985,pos,Farm,IT2
ASV_00227,ASV_00726,0.5136986301369864,pos,Farm,IT2
ASV_00227,ASV_00806,0.5342465753424658,pos,Farm,IT2
ASV_00227,ASV_00807,0.5103448275862069,pos,Farm,IT2
ASV_00227,ASV_00811,0.5310344827586206,pos,Farm,IT2
ASV_00227,ASV_00817,0.527027027027027,pos,Farm,IT2
ASV_00227,ASV_00842,0.49645390070921985,pos,Farm,IT2
ASV_00227,ASV_00845,0.48226950354609927,pos,Farm,IT2
ASV_00227,ASV_00906,0.5369127516778524,pos,Farm,IT2
ASV_00227,ASV_00987,0.4965034965034965,pos,Farm,IT2
ASV_00227,ASV_01071,0.5034965034965035,pos,Farm,IT2
ASV_00227,ASV_01941,0.5241379310344828,pos,Farm,IT2
ASV_00228,ASV_00242,0.4666666666666667,pos,Farm,IT2
ASV_00228,ASV_00246,0.5034965034965035,pos,Farm,IT2
ASV_00228,ASV_00247,0.5597014925373134,pos,Farm,IT2
ASV_00228,ASV_00249,0.4928571428571429,pos,Farm,IT2
ASV_00228,ASV_00251,0.5177304964539007,pos,Farm,IT2
ASV_00228,ASV_00257,0.4965034965034965,pos,Farm,IT2
ASV_00228,ASV_00264,0.4748201438848921,pos,Farm,IT2
ASV_00228,ASV_00265,0.48201438848920863,pos,Farm,IT2
ASV_00228,ASV_00267,0.4676258992805755,pos,Farm,IT2
ASV_00228,ASV_00274,0.5310344827586206,pos,Farm,IT2
ASV_00228,ASV_00275,0.5384615384615384,pos,Farm,IT2
ASV_00228,ASV_00277,0.5136986301369864,pos,Farm,IT2
ASV_00228,ASV_00279,0.518796992481203,pos,Farm,IT2
ASV_00228,ASV_00283,0.5104895104895105,pos,Farm,IT2
ASV_00228,ASV_00287,0.4785714285714286,pos,Farm,IT2
ASV_00228,ASV_00292,0.5211267605633803,pos,Farm,IT2
ASV_00228,ASV_00299,0.4785714285714286,pos,Farm,IT2
ASV_00228,ASV_00304,0.5205479452054794,pos,Farm,IT2
ASV_00228,ASV_00317,0.5035971223021583,pos,Farm,IT2
ASV_00228,ASV_00318,0.5142857142857142,pos,Farm,IT2
ASV_00228,ASV_00323,0.5071428571428571,pos,Farm,IT2
ASV_00228,ASV_00332,0.4857142857142857,pos,Farm,IT2
ASV_00228,ASV_00336,0.48936170212765956,pos,Farm,IT2
ASV_00228,ASV_00339,0.5,pos,Farm,IT2
ASV_00228,ASV_00343,0.5,pos,Farm,IT2
ASV_00228,ASV_00346,0.5,pos,Farm,IT2
ASV_00228,ASV_00354,0.5294117647058824,pos,Farm,IT2
ASV_00228,ASV_00369,0.49295774647887325,pos,Farm,IT2
ASV_00228,ASV_00373,0.49635036496350365,pos,Farm,IT2
ASV_00228,ASV_00377,0.47101449275362317,pos,Farm,IT2
ASV_00228,ASV_00381,0.5036496350364964,pos,Farm,IT2
ASV_00228,ASV_00382,0.5140845070422535,pos,Farm,IT2
ASV_00228,ASV_00384,0.5328467153284672,pos,Farm,IT2
ASV_00228,ASV_00389,0.5035460992907801,pos,Farm,IT2
ASV_00228,ASV_00395,0.4927536231884058,pos,Farm,IT2
ASV_00228,ASV_00409,0.5185185185185185,pos,Farm,IT2
ASV_00228,ASV_00411,0.5362318840579711,pos,Farm,IT2
ASV_00228,ASV_00415,0.4859154929577465,pos,Farm,IT2
ASV_00228,ASV_00421,0.4965034965034965,pos,Farm,IT2
ASV_00228,ASV_00425,0.4927536231884058,pos,Farm,IT2
ASV_00228,ASV_00426,0.54421768707483,pos,Farm,IT2
ASV_00228,ASV_00429,0.4701492537313433,pos,Farm,IT2
ASV_00228,ASV_00438,0.48936170212765956,pos,Farm,IT2
ASV_00228,ASV_00440,0.5147058823529411,pos,Farm,IT2
ASV_00228,ASV_00442,0.5069444444444444,pos,Farm,IT2
ASV_00228,ASV_00444,0.4859154929577465,pos,Farm,IT2
ASV_00228,ASV_00447,0.5319148936170213,pos,Farm,IT2
ASV_00228,ASV_00453,0.5214285714285715,pos,Farm,IT2
ASV_00228,ASV_00460,0.5106382978723404,pos,Farm,IT2
ASV_00228,ASV_00474,0.5070422535211268,pos,Farm,IT2
ASV_00228,ASV_00476,0.5,pos,Farm,IT2
ASV_00228,ASV_00482,0.6013986013986014,pos,Farm,IT2
ASV_00228,ASV_00485,0.5177304964539007,pos,Farm,IT2
ASV_00228,ASV_00494,0.5289855072463768,pos,Farm,IT2
ASV_00228,ASV_00496,0.5142857142857142,pos,Farm,IT2
ASV_00228,ASV_00503,0.5217391304347826,pos,Farm,IT2
ASV_00228,ASV_00507,0.49645390070921985,pos,Farm,IT2
ASV_00228,ASV_00508,0.4785714285714286,pos,Farm,IT2
ASV_00228,ASV_00518,0.5068493150684932,pos,Farm,IT2
ASV_00228,ASV_00521,0.5244755244755245,pos,Farm,IT2
ASV_00228,ASV_00528,0.5109489051094891,pos,Farm,IT2
ASV_00228,ASV_00536,0.5208333333333334,pos,Farm,IT2
ASV_00228,ASV_00542,0.5172413793103449,pos,Farm,IT2
ASV_00228,ASV_00544,0.4928571428571429,pos,Farm,IT2
ASV_00228,ASV_00548,0.4852941176470588,pos,Farm,IT2
ASV_00228,ASV_00554,0.5177304964539007,pos,Farm,IT2
ASV_00228,ASV_00570,0.5,pos,Farm,IT2
ASV_00228,ASV_00576,0.5035971223021583,pos,Farm,IT2
ASV_00228,ASV_00612,0.5140845070422535,pos,Farm,IT2
ASV_00228,ASV_00613,0.45985401459854014,pos,Farm,IT2
ASV_00228,ASV_00628,0.49640287769784175,pos,Farm,IT2
ASV_00228,ASV_00633,0.5106382978723404,pos,Farm,IT2
ASV_00228,ASV_00651,0.5107913669064749,pos,Farm,IT2
ASV_00228,ASV_00654,0.4676258992805755,pos,Farm,IT2
ASV_00228,ASV_00662,0.5036496350364964,pos,Farm,IT2
ASV_00228,ASV_00665,0.49264705882352944,pos,Farm,IT2
ASV_00228,ASV_00668,0.5220588235294118,pos,Farm,IT2
ASV_00228,ASV_00671,0.4785714285714286,pos,Farm,IT2
ASV_00228,ASV_00686,0.49295774647887325,pos,Farm,IT2
ASV_00228,ASV_00697,0.4676258992805755,pos,Farm,IT2
ASV_00228,ASV_00718,0.5149253731343284,pos,Farm,IT2
ASV_00228,ASV_00732,0.4857142857142857,pos,Farm,IT2
ASV_00228,ASV_00757,0.4965034965034965,pos,Farm,IT2
ASV_00228,ASV_00769,0.5441176470588235,pos,Farm,IT2
ASV_00228,ASV_00772,0.5289855072463768,pos,Farm,IT2
ASV_00228,ASV_00798,0.5,pos,Farm,IT2
ASV_00228,ASV_00807,0.5035460992907801,pos,Farm,IT2
ASV_00228,ASV_00808,0.5,pos,Farm,IT2
ASV_00228,ASV_00815,0.527027027027027,pos,Farm,IT2
ASV_00228,ASV_00817,0.5314685314685315,pos,Farm,IT2
ASV_00228,ASV_00822,0.5142857142857142,pos,Farm,IT2
ASV_00228,ASV_00829,0.5255474452554745,pos,Farm,IT2
ASV_00228,ASV_00842,0.4782608695652174,pos,Farm,IT2
ASV_00228,ASV_00869,0.5138888888888888,pos,Farm,IT2
ASV_00228,ASV_00875,0.5068493150684932,pos,Farm,IT2
ASV_00228,ASV_00958,0.5107913669064749,pos,Farm,IT2
ASV_00228,ASV_00959,0.5179856115107914,pos,Farm,IT2
ASV_00228,ASV_01018,0.4785714285714286,pos,Farm,IT2
ASV_00228,ASV_01092,0.5172413793103449,pos,Farm,IT2
ASV_00228,ASV_01101,0.539568345323741,pos,Farm,IT2
ASV_00228,ASV_01267,0.48226950354609927,pos,Farm,IT2
ASV_00228,ASV_01385,0.5035971223021583,pos,Farm,IT2
ASV_00228,ASV_01426,0.5,pos,Farm,IT2
ASV_00228,ASV_01458,0.46715328467153283,pos,Farm,IT2
ASV_00228,ASV_01491,0.5,pos,Farm,IT2
ASV_00228,ASV_01508,0.5069444444444444,pos,Farm,IT2
ASV_00228,ASV_01578,0.5142857142857142,pos,Farm,IT2
ASV_00228,ASV_01941,0.5177304964539007,pos,Farm,IT2
ASV_00228,ASV_02149,0.49635036496350365,pos,Farm,IT2
ASV_00228,ASV_02332,0.5211267605633803,pos,Farm,IT2
ASV_00229,ASV_00233,0.5703703703703704,pos,Farm,IT2
ASV_00229,ASV_00238,0.5208333333333334,pos,Farm,IT2
ASV_00229,ASV_00262,0.5136986301369864,pos,Farm,IT2
ASV_00229,ASV_00267,0.5107913669064749,pos,Farm,IT2
ASV_00229,ASV_00273,0.5138888888888888,pos,Farm,IT2
ASV_00229,ASV_00274,0.5510204081632653,pos,Farm,IT2
ASV_00229,ASV_00284,0.5,pos,Farm,IT2
ASV_00229,ASV_00290,0.5436241610738255,pos,Farm,IT2
ASV_00229,ASV_00293,0.5369127516778524,pos,Farm,IT2
ASV_00229,ASV_00295,0.5208333333333334,pos,Farm,IT2
ASV_00229,ASV_00297,0.5104895104895105,pos,Farm,IT2
ASV_00229,ASV_00312,0.5416666666666666,pos,Farm,IT2
ASV_00229,ASV_00324,0.5140845070422535,pos,Farm,IT2
ASV_00229,ASV_00326,0.5035460992907801,pos,Farm,IT2
ASV_00229,ASV_00327,0.5214285714285715,pos,Farm,IT2
ASV_00229,ASV_00333,0.5277777777777778,pos,Farm,IT2
ASV_00229,ASV_00336,0.5,pos,Farm,IT2
ASV_00229,ASV_00340,0.5347222222222222,pos,Farm,IT2
ASV_00229,ASV_00342,0.5,pos,Farm,IT2
ASV_00229,ASV_00350,0.48175182481751827,pos,Farm,IT2
ASV_00229,ASV_00389,0.5138888888888888,pos,Farm,IT2
ASV_00229,ASV_00391,0.48936170212765956,pos,Farm,IT2
ASV_00229,ASV_00400,0.5136986301369864,pos,Farm,IT2
ASV_00229,ASV_00402,0.4748201438848921,pos,Farm,IT2
ASV_00229,ASV_00412,0.5,pos,Farm,IT2
ASV_00229,ASV_00418,0.5177304964539007,pos,Farm,IT2
ASV_00229,ASV_00445,0.5,pos,Farm,IT2
ASV_00229,ASV_00450,0.5422535211267606,pos,Farm,IT2
ASV_00229,ASV_00452,0.49295774647887325,pos,Farm,IT2
ASV_00229,ASV_00454,0.5486111111111112,pos,Farm,IT2
ASV_00229,ASV_00455,0.5106382978723404,pos,Farm,IT2
ASV_00229,ASV_00459,0.5314685314685315,pos,Farm,IT2
ASV_00229,ASV_00460,0.5531914893617021,pos,Farm,IT2
ASV_00229,ASV_00464,0.5310344827586206,pos,Farm,IT2
ASV_00229,ASV_00482,0.5562913907284768,pos,Farm,IT2
ASV_00229,ASV_00506,0.5179856115107914,pos,Farm,IT2
ASV_00229,ASV_00507,0.5069444444444444,pos,Farm,IT2
ASV_00229,ASV_00518,0.547945205479452,pos,Farm,IT2
ASV_00229,ASV_00542,0.5374149659863946,pos,Farm,IT2
ASV_00229,ASV_00544,0.5034965034965035,pos,Farm,IT2
ASV_00229,ASV_00551,0.5422535211267606,pos,Farm,IT2
ASV_00229,ASV_00554,0.5277777777777778,pos,Farm,IT2
ASV_00229,ASV_00566,0.5211267605633803,pos,Farm,IT2
ASV_00229,ASV_00612,0.5241379310344828,pos,Farm,IT2
ASV_00229,ASV_00628,0.4965034965034965,pos,Farm,IT2
ASV_00229,ASV_00656,0.5138888888888888,pos,Farm,IT2
ASV_00229,ASV_00662,0.5035460992907801,pos,Farm,IT2
ASV_00229,ASV_00671,0.5214285714285715,pos,Farm,IT2
ASV_00229,ASV_00679,0.5454545454545454,pos,Farm,IT2
ASV_00229,ASV_00709,0.5104895104895105,pos,Farm,IT2
ASV_00229,ASV_00728,0.5109489051094891,pos,Farm,IT2
ASV_00229,ASV_00757,0.5172413793103449,pos,Farm,IT2
ASV_00229,ASV_00772,0.583941605839416,pos,Farm,IT2
ASV_00229,ASV_00801,0.48226950354609927,pos,Farm,IT2
ASV_00229,ASV_00809,0.54,pos,Farm,IT2
ASV_00229,ASV_00843,0.5241379310344828,pos,Farm,IT2
ASV_00229,ASV_00875,0.5374149659863946,pos,Farm,IT2
ASV_00229,ASV_00891,0.5540540540540541,pos,Farm,IT2
ASV_00229,ASV_00924,0.5298507462686567,pos,Farm,IT2
ASV_00229,ASV_01087,0.5422535211267606,pos,Farm,IT2
ASV_00229,ASV_01119,0.527027027027027,pos,Farm,IT2
ASV_00229,ASV_01153,0.5142857142857142,pos,Farm,IT2
ASV_00229,ASV_01250,0.541095890410959,pos,Farm,IT2
ASV_00229,ASV_01342,0.5510204081632653,pos,Farm,IT2
ASV_00229,ASV_01385,0.5034965034965035,pos,Farm,IT2
ASV_00229,ASV_01426,0.5,pos,Farm,IT2
ASV_00229,ASV_01458,0.4892086330935252,pos,Farm,IT2
ASV_00229,ASV_01491,0.5,pos,Farm,IT2
ASV_00229,ASV_01941,0.5277777777777778,pos,Farm,IT2
ASV_00230,ASV_00232,0.547945205479452,pos,Farm,IT2
ASV_00230,ASV_00235,0.5,pos,Farm,IT2
ASV_00230,ASV_00237,0.5833333333333334,pos,Farm,IT2
ASV_00230,ASV_00240,0.5069444444444444,pos,Farm,IT2
ASV_00230,ASV_00249,0.5103448275862069,pos,Farm,IT2
ASV_00230,ASV_00253,0.5337837837837838,pos,Farm,IT2
ASV_00230,ASV_00259,0.4892086330935252,pos,Farm,IT2
ASV_00230,ASV_00263,0.5337837837837838,pos,Farm,IT2
ASV_00230,ASV_00269,0.5761589403973509,pos,Farm,IT2
ASV_00230,ASV_00270,0.625,pos,Farm,IT2
ASV_00230,ASV_00271,0.4782608695652174,pos,Farm,IT2
ASV_00230,ASV_00275,0.5436241610738255,pos,Farm,IT2
ASV_00230,ASV_00280,0.528169014084507,pos,Farm,IT2
ASV_00230,ASV_00290,0.581081081081081,pos,Farm,IT2
ASV_00230,ASV_00294,0.5448275862068965,pos,Farm,IT2
ASV_00230,ASV_00303,0.49295774647887325,pos,Farm,IT2
ASV_00230,ASV_00312,0.5374149659863946,pos,Farm,IT2
ASV_00230,ASV_00315,0.5251798561151079,pos,Farm,IT2
ASV_00230,ASV_00320,0.5177304964539007,pos,Farm,IT2
ASV_00230,ASV_00327,0.5174825174825175,pos,Farm,IT2
ASV_00230,ASV_00333,0.5664335664335665,pos,Farm,IT2
ASV_00230,ASV_00340,0.5306122448979592,pos,Farm,IT2
ASV_00230,ASV_00352,0.5138888888888888,pos,Farm,IT2
ASV_00230,ASV_00355,0.5273972602739726,pos,Farm,IT2
ASV_00230,ASV_00356,0.5616438356164384,pos,Farm,IT2
ASV_00230,ASV_00361,0.5694444444444444,pos,Farm,IT2
ASV_00230,ASV_00368,0.5208333333333334,pos,Farm,IT2
ASV_00230,ASV_00372,0.49295774647887325,pos,Farm,IT2
ASV_00230,ASV_00373,0.5140845070422535,pos,Farm,IT2
ASV_00230,ASV_00380,0.5,pos,Farm,IT2
ASV_00230,ASV_00381,0.5319148936170213,pos,Farm,IT2
ASV_00230,ASV_00393,0.48936170212765956,pos,Farm,IT2
ASV_00230,ASV_00397,0.5136986301369864,pos,Farm,IT2
ASV_00230,ASV_00406,0.5070422535211268,pos,Farm,IT2
ASV_00230,ASV_00409,0.524822695035461,pos,Farm,IT2
ASV_00230,ASV_00412,0.5070422535211268,pos,Farm,IT2
ASV_00230,ASV_00415,0.5563380281690141,pos,Farm,IT2
ASV_00230,ASV_00416,0.5277777777777778,pos,Farm,IT2
ASV_00230,ASV_00425,0.5,pos,Farm,IT2
ASV_00230,ASV_00429,0.4785714285714286,pos,Farm,IT2
ASV_00230,ASV_00438,0.5277777777777778,pos,Farm,IT2
ASV_00230,ASV_00441,0.5069444444444444,pos,Farm,IT2
ASV_00230,ASV_00443,0.5,pos,Farm,IT2
ASV_00230,ASV_00454,0.5337837837837838,pos,Farm,IT2
ASV_00230,ASV_00477,0.5379310344827586,pos,Farm,IT2
ASV_00230,ASV_00485,0.5448275862068965,pos,Farm,IT2
ASV_00230,ASV_00495,0.5214285714285715,pos,Farm,IT2
ASV_00230,ASV_00506,0.5034965034965035,pos,Farm,IT2
ASV_00230,ASV_00517,0.5319148936170213,pos,Farm,IT2
ASV_00230,ASV_00528,0.528169014084507,pos,Farm,IT2
ASV_00230,ASV_00529,0.49295774647887325,pos,Farm,IT2
ASV_00230,ASV_00530,0.5673758865248227,pos,Farm,IT2
ASV_00230,ASV_00533,0.5103448275862069,pos,Farm,IT2
ASV_00230,ASV_00548,0.49295774647887325,pos,Farm,IT2
ASV_00230,ASV_00556,0.5205479452054794,pos,Farm,IT2
ASV_00230,ASV_00570,0.5070422535211268,pos,Farm,IT2
ASV_00230,ASV_00592,0.5136986301369864,pos,Farm,IT2
ASV_00230,ASV_00596,0.5217391304347826,pos,Farm,IT2
ASV_00230,ASV_00611,0.5448275862068965,pos,Farm,IT2
ASV_00230,ASV_00620,0.5517241379310345,pos,Farm,IT2
ASV_00230,ASV_00630,0.5035460992907801,pos,Farm,IT2
ASV_00230,ASV_00643,0.5347222222222222,pos,Farm,IT2
ASV_00230,ASV_00645,0.48951048951048953,pos,Farm,IT2
ASV_00230,ASV_00656,0.5416666666666666,pos,Farm,IT2
ASV_00230,ASV_00662,0.5104895104895105,pos,Farm,IT2
ASV_00230,ASV_00665,0.48951048951048953,pos,Farm,IT2
ASV_00230,ASV_00671,0.5174825174825175,pos,Farm,IT2
ASV_00230,ASV_00686,0.5310344827586206,pos,Farm,IT2
ASV_00230,ASV_00697,0.539568345323741,pos,Farm,IT2
ASV_00230,ASV_00721,0.5035460992907801,pos,Farm,IT2
ASV_00230,ASV_00727,0.5428571428571428,pos,Farm,IT2
ASV_00230,ASV_00755,0.564625850340136,pos,Farm,IT2
ASV_00230,ASV_00760,0.5405405405405406,pos,Farm,IT2
ASV_00230,ASV_00798,0.5586206896551724,pos,Farm,IT2
ASV_00230,ASV_00808,0.55,pos,Farm,IT2
ASV_00230,ASV_00821,0.5704225352112676,pos,Farm,IT2
ASV_00230,ASV_00822,0.5310344827586206,pos,Farm,IT2
ASV_00230,ASV_00829,0.5422535211267606,pos,Farm,IT2
ASV_00230,ASV_00843,0.5306122448979592,pos,Farm,IT2
ASV_00230,ASV_00865,0.5205479452054794,pos,Farm,IT2
ASV_00230,ASV_00869,0.5616438356164384,pos,Farm,IT2
ASV_00230,ASV_00875,0.564625850340136,pos,Farm,IT2
ASV_00230,ASV_00890,0.5379310344827586,pos,Farm,IT2
ASV_00230,ASV_00906,0.5466666666666666,pos,Farm,IT2
ASV_00230,ASV_00912,0.48936170212765956,pos,Farm,IT2
ASV_00230,ASV_00929,0.547945205479452,pos,Farm,IT2
ASV_00230,ASV_00952,0.5,pos,Farm,IT2
ASV_00230,ASV_00966,0.48936170212765956,pos,Farm,IT2
ASV_00230,ASV_00989,0.5,pos,Farm,IT2
ASV_00230,ASV_01090,0.5337837837837838,pos,Farm,IT2
ASV_00230,ASV_01092,0.5540540540540541,pos,Farm,IT2
ASV_00230,ASV_01119,0.564625850340136,pos,Farm,IT2
ASV_00230,ASV_01204,0.5405405405405406,pos,Farm,IT2
ASV_00230,ASV_01249,0.528169014084507,pos,Farm,IT2
ASV_00230,ASV_01267,0.5208333333333334,pos,Farm,IT2
ASV_00230,ASV_01288,0.5555555555555556,pos,Farm,IT2
ASV_00230,ASV_01840,0.5172413793103449,pos,Farm,IT2
ASV_00230,ASV_02020,0.5422535211267606,pos,Farm,IT2
ASV_00231,ASV_00232,0.5899280575539568,pos,Farm,IT2
ASV_00231,ASV_00233,0.5071428571428571,pos,Farm,IT2
ASV_00231,ASV_00238,0.5460992907801419,pos,Farm,IT2
ASV_00231,ASV_00246,0.5172413793103449,pos,Farm,IT2
ASV_00231,ASV_00247,0.5070422535211268,pos,Farm,IT2
ASV_00231,ASV_00249,0.5070422535211268,pos,Farm,IT2
ASV_00231,ASV_00262,0.5277777777777778,pos,Farm,IT2
ASV_00231,ASV_00266,0.5985401459854015,pos,Farm,IT2
ASV_00231,ASV_00271,0.45255474452554745,pos,Farm,IT2
ASV_00231,ASV_00275,0.5625,pos,Farm,IT2
ASV_00231,ASV_00284,0.4928571428571429,pos,Farm,IT2
ASV_00231,ASV_00288,0.5205479452054794,pos,Farm,IT2
ASV_00231,ASV_00292,0.5563380281690141,pos,Farm,IT2
ASV_00231,ASV_00294,0.5422535211267606,pos,Farm,IT2
ASV_00231,ASV_00305,0.5273972602739726,pos,Farm,IT2
ASV_00231,ASV_00312,0.5347222222222222,pos,Farm,IT2
ASV_00231,ASV_00318,0.528169014084507,pos,Farm,IT2
ASV_00231,ASV_00320,0.5144927536231884,pos,Farm,IT2
ASV_00231,ASV_00330,0.49295774647887325,pos,Farm,IT2
ASV_00231,ASV_00334,0.5384615384615384,pos,Farm,IT2
ASV_00231,ASV_00339,0.5481481481481482,pos,Farm,IT2
ASV_00231,ASV_00342,0.5034965034965035,pos,Farm,IT2
ASV_00231,ASV_00350,0.4744525547445255,pos,Farm,IT2
ASV_00231,ASV_00353,0.5,pos,Farm,IT2
ASV_00231,ASV_00354,0.5,pos,Farm,IT2
ASV_00231,ASV_00369,0.528169014084507,pos,Farm,IT2
ASV_00231,ASV_00377,0.4857142857142857,pos,Farm,IT2
ASV_00231,ASV_00380,0.4859154929577465,pos,Farm,IT2
ASV_00231,ASV_00391,0.5035971223021583,pos,Farm,IT2
ASV_00231,ASV_00395,0.5179856115107914,pos,Farm,IT2
ASV_00231,ASV_00397,0.5,pos,Farm,IT2
ASV_00231,ASV_00399,0.5314685314685315,pos,Farm,IT2
ASV_00231,ASV_00407,0.5547445255474452,pos,Farm,IT2
ASV_00231,ASV_00421,0.5208333333333334,pos,Farm,IT2
ASV_00231,ASV_00422,0.5034965034965035,pos,Farm,IT2
ASV_00231,ASV_00441,0.49295774647887325,pos,Farm,IT2
ASV_00231,ASV_00445,0.5693430656934306,pos,Farm,IT2
ASV_00231,ASV_00447,0.5563380281690141,pos,Farm,IT2
ASV_00231,ASV_00453,0.5138888888888888,pos,Farm,IT2
ASV_00231,ASV_00464,0.5241379310344828,pos,Farm,IT2
ASV_00231,ASV_00467,0.54421768707483,pos,Farm,IT2
ASV_00231,ASV_00468,0.4701492537313433,pos,Farm,IT2
ASV_00231,ASV_00471,0.5069444444444444,pos,Farm,IT2
ASV_00231,ASV_00482,0.56,pos,Farm,IT2
ASV_00231,ASV_00486,0.5694444444444444,pos,Farm,IT2
ASV_00231,ASV_00488,0.6,pos,Farm,IT2
ASV_00231,ASV_00490,0.5547945205479452,pos,Farm,IT2
ASV_00231,ASV_00498,0.49635036496350365,pos,Farm,IT2
ASV_00231,ASV_00504,0.5694444444444444,pos,Farm,IT2
ASV_00231,ASV_00511,0.4714285714285714,pos,Farm,IT2
ASV_00231,ASV_00513,0.5579710144927537,pos,Farm,IT2
ASV_00231,ASV_00514,0.54,pos,Farm,IT2
ASV_00231,ASV_00517,0.5071428571428571,pos,Farm,IT2
ASV_00231,ASV_00529,0.5220588235294118,pos,Farm,IT2
ASV_00231,ASV_00533,0.5285714285714286,pos,Farm,IT2
ASV_00231,ASV_00541,0.5140845070422535,pos,Farm,IT2
ASV_00231,ASV_00544,0.4965034965034965,pos,Farm,IT2
ASV_00231,ASV_00550,0.5241379310344828,pos,Farm,IT2
ASV_00231,ASV_00559,0.4965034965034965,pos,Farm,IT2
ASV_00231,ASV_00563,0.5208333333333334,pos,Farm,IT2
ASV_00231,ASV_00566,0.5140845070422535,pos,Farm,IT2
ASV_00231,ASV_00568,0.5241379310344828,pos,Farm,IT2
ASV_00231,ASV_00569,0.5071428571428571,pos,Farm,IT2
ASV_00231,ASV_00570,0.4928571428571429,pos,Farm,IT2
ASV_00231,ASV_00572,0.5510204081632653,pos,Farm,IT2
ASV_00231,ASV_00576,0.5070422535211268,pos,Farm,IT2
ASV_00231,ASV_00581,0.49635036496350365,pos,Farm,IT2
ASV_00231,ASV_00587,0.5035460992907801,pos,Farm,IT2
ASV_00231,ASV_00595,0.5474452554744526,pos,Farm,IT2
ASV_00231,ASV_00615,0.5407407407407407,pos,Farm,IT2
ASV_00231,ASV_00618,0.524822695035461,pos,Farm,IT2
ASV_00231,ASV_00620,0.5277777777777778,pos,Farm,IT2
ASV_00231,ASV_00622,0.4855072463768116,pos,Farm,IT2
ASV_00231,ASV_00628,0.5214285714285715,pos,Farm,IT2
ASV_00231,ASV_00636,0.5540540540540541,pos,Farm,IT2
ASV_00231,ASV_00651,0.5034965034965035,pos,Farm,IT2
ASV_00231,ASV_00656,0.5069444444444444,pos,Farm,IT2
ASV_00231,ASV_00666,0.5310344827586206,pos,Farm,IT2
ASV_00231,ASV_00687,0.5034965034965035,pos,Farm,IT2
ASV_00231,ASV_00709,0.524822695035461,pos,Farm,IT2
ASV_00231,ASV_00714,0.4785714285714286,pos,Farm,IT2
ASV_00231,ASV_00718,0.4857142857142857,pos,Farm,IT2
ASV_00231,ASV_00726,0.5422535211267606,pos,Farm,IT2
ASV_00231,ASV_00727,0.4859154929577465,pos,Farm,IT2
ASV_00231,ASV_00734,0.5208333333333334,pos,Farm,IT2
ASV_00231,ASV_00760,0.5273972602739726,pos,Farm,IT2
ASV_00231,ASV_00798,0.5241379310344828,pos,Farm,IT2
ASV_00231,ASV_00809,0.5540540540540541,pos,Farm,IT2
ASV_00231,ASV_00815,0.5608108108108109,pos,Farm,IT2
ASV_00231,ASV_00848,0.5384615384615384,pos,Farm,IT2
ASV_00231,ASV_00875,0.5734265734265734,pos,Farm,IT2
ASV_00231,ASV_00931,0.49295774647887325,pos,Farm,IT2
ASV_00231,ASV_01018,0.49295774647887325,pos,Farm,IT2
ASV_00231,ASV_01023,0.5815602836879432,pos,Farm,IT2
ASV_00231,ASV_01065,0.48226950354609927,pos,Farm,IT2
ASV_00231,ASV_01101,0.5208333333333334,pos,Farm,IT2
ASV_00231,ASV_01179,0.48936170212765956,pos,Farm,IT2
ASV_00231,ASV_01249,0.49295774647887325,pos,Farm,IT2
ASV_00231,ASV_01250,0.5555555555555556,pos,Farm,IT2
ASV_00231,ASV_01267,0.4965034965034965,pos,Farm,IT2
ASV_00231,ASV_01288,0.5869565217391305,pos,Farm,IT2
ASV_00231,ASV_01417,0.5034965034965035,pos,Farm,IT2
ASV_00231,ASV_01458,0.4714285714285714,pos,Farm,IT2
ASV_00231,ASV_01459,0.5214285714285715,pos,Farm,IT2
ASV_00231,ASV_01503,0.5138888888888888,pos,Farm,IT2
ASV_00231,ASV_01578,0.528169014084507,pos,Farm,IT2
ASV_00232,ASV_00237,0.6312056737588653,pos,Farm,IT2
ASV_00232,ASV_00244,0.5273972602739726,pos,Farm,IT2
ASV_00232,ASV_00251,0.5374149659863946,pos,Farm,IT2
ASV_00232,ASV_00252,0.5241379310344828,pos,Farm,IT2
ASV_00232,ASV_00259,0.4928571428571429,pos,Farm,IT2
ASV_00232,ASV_00262,0.54421768707483,pos,Farm,IT2
ASV_00232,ASV_00283,0.5405405405405406,pos,Farm,IT2
ASV_00232,ASV_00284,0.5,pos,Farm,IT2
ASV_00232,ASV_00287,0.5642857142857143,pos,Farm,IT2
ASV_00232,ASV_00290,0.5733333333333334,pos,Farm,IT2
ASV_00232,ASV_00291,0.5070422535211268,pos,Farm,IT2
ASV_00232,ASV_00292,0.5405405405405406,pos,Farm,IT2
ASV_00232,ASV_00293,0.5562913907284768,pos,Farm,IT2
ASV_00232,ASV_00294,0.5586206896551724,pos,Farm,IT2
ASV_00232,ASV_00304,0.6137931034482759,pos,Farm,IT2
ASV_00232,ASV_00305,0.564625850340136,pos,Farm,IT2
ASV_00232,ASV_00308,0.5103448275862069,pos,Farm,IT2
ASV_00232,ASV_00312,0.5616438356164384,pos,Farm,IT2
ASV_00232,ASV_00318,0.5774647887323944,pos,Farm,IT2
ASV_00232,ASV_00320,0.5882352941176471,pos,Farm,IT2
ASV_00232,ASV_00330,0.5314685314685315,pos,Farm,IT2
ASV_00232,ASV_00333,0.5694444444444444,pos,Farm,IT2
ASV_00232,ASV_00342,0.5205479452054794,pos,Farm,IT2
ASV_00232,ASV_00343,0.541095890410959,pos,Farm,IT2
ASV_00232,ASV_00345,0.5510204081632653,pos,Farm,IT2
ASV_00232,ASV_00347,0.5510204081632653,pos,Farm,IT2
ASV_00232,ASV_00354,0.5492957746478874,pos,Farm,IT2
ASV_00232,ASV_00361,0.5405405405405406,pos,Farm,IT2
ASV_00232,ASV_00372,0.5177304964539007,pos,Farm,IT2
ASV_00232,ASV_00373,0.528169014084507,pos,Farm,IT2
ASV_00232,ASV_00377,0.5140845070422535,pos,Farm,IT2
ASV_00232,ASV_00389,0.5664335664335665,pos,Farm,IT2
ASV_00232,ASV_00395,0.5244755244755245,pos,Farm,IT2
ASV_00232,ASV_00416,0.5416666666666666,pos,Farm,IT2
ASV_00232,ASV_00421,0.5586206896551724,pos,Farm,IT2
ASV_00232,ASV_00425,0.5138888888888888,pos,Farm,IT2
ASV_00232,ASV_00438,0.5205479452054794,pos,Farm,IT2
ASV_00232,ASV_00440,0.503448275862069,pos,Farm,IT2
ASV_00232,ASV_00441,0.5314685314685315,pos,Farm,IT2
ASV_00232,ASV_00443,0.5138888888888888,pos,Farm,IT2
ASV_00232,ASV_00445,0.5857142857142857,pos,Farm,IT2
ASV_00232,ASV_00453,0.5306122448979592,pos,Farm,IT2
ASV_00232,ASV_00455,0.5103448275862069,pos,Farm,IT2
ASV_00232,ASV_00458,0.5,pos,Farm,IT2
ASV_00232,ASV_00482,0.5855263157894737,pos,Farm,IT2
ASV_00232,ASV_00490,0.56,pos,Farm,IT2
ASV_00232,ASV_00498,0.49295774647887325,pos,Farm,IT2
ASV_00232,ASV_00503,0.5310344827586206,pos,Farm,IT2
ASV_00232,ASV_00513,0.5205479452054794,pos,Farm,IT2
ASV_00232,ASV_00517,0.5138888888888888,pos,Farm,IT2
ASV_00232,ASV_00518,0.5570469798657718,pos,Farm,IT2
ASV_00232,ASV_00533,0.5454545454545454,pos,Farm,IT2
ASV_00232,ASV_00542,0.5675675675675675,pos,Farm,IT2
ASV_00232,ASV_00550,0.5405405405405406,pos,Farm,IT2
ASV_00232,ASV_00556,0.5342465753424658,pos,Farm,IT2
ASV_00232,ASV_00559,0.5136986301369864,pos,Farm,IT2
ASV_00232,ASV_00576,0.5136986301369864,pos,Farm,IT2
ASV_00232,ASV_00587,0.5103448275862069,pos,Farm,IT2
ASV_00232,ASV_00595,0.5103448275862069,pos,Farm,IT2
ASV_00232,ASV_00612,0.5763888888888888,pos,Farm,IT2
ASV_00232,ASV_00656,0.5448275862068965,pos,Farm,IT2
ASV_00232,ASV_00671,0.5103448275862069,pos,Farm,IT2
ASV_00232,ASV_00673,0.5533333333333333,pos,Farm,IT2
ASV_00232,ASV_00686,0.5448275862068965,pos,Farm,IT2
ASV_00232,ASV_00721,0.5070422535211268,pos,Farm,IT2
ASV_00232,ASV_00726,0.5804195804195804,pos,Farm,IT2
ASV_00232,ASV_00727,0.503448275862069,pos,Farm,IT2
ASV_00232,ASV_00755,0.5570469798657718,pos,Farm,IT2
ASV_00232,ASV_00760,0.5436241610738255,pos,Farm,IT2
ASV_00232,ASV_00772,0.5486111111111112,pos,Farm,IT2
ASV_00232,ASV_00781,0.5205479452054794,pos,Farm,IT2
ASV_00232,ASV_00798,0.5616438356164384,pos,Farm,IT2
ASV_00232,ASV_00807,0.5555555555555556,pos,Farm,IT2
ASV_00232,ASV_00822,0.5448275862068965,pos,Farm,IT2
ASV_00232,ASV_00829,0.5563380281690141,pos,Farm,IT2
ASV_00232,ASV_00843,0.5337837837837838,pos,Farm,IT2
ASV_00232,ASV_00848,0.54421768707483,pos,Farm,IT2
ASV_00232,ASV_00873,0.5140845070422535,pos,Farm,IT2
ASV_00232,ASV_00891,0.5629139072847682,pos,Farm,IT2
ASV_00232,ASV_00929,0.5510204081632653,pos,Farm,IT2
ASV_00232,ASV_00952,0.503448275862069,pos,Farm,IT2
ASV_00232,ASV_00958,0.5205479452054794,pos,Farm,IT2
ASV_00232,ASV_00959,0.5379310344827586,pos,Farm,IT2
ASV_00232,ASV_00984,0.5342465753424658,pos,Farm,IT2
ASV_00232,ASV_00987,0.5103448275862069,pos,Farm,IT2
ASV_00232,ASV_01023,0.5436241610738255,pos,Farm,IT2
ASV_00232,ASV_01368,0.5379310344827586,pos,Farm,IT2
ASV_00232,ASV_01541,0.5625,pos,Farm,IT2
ASV_00232,ASV_01578,0.5555555555555556,pos,Farm,IT2
ASV_00232,ASV_01941,0.547945205479452,pos,Farm,IT2
ASV_00233,ASV_00235,0.45255474452554745,pos,Farm,IT2
ASV_00233,ASV_00238,0.5693430656934306,pos,Farm,IT2
ASV_00233,ASV_00244,0.5323741007194245,pos,Farm,IT2
ASV_00233,ASV_00247,0.5289855072463768,pos,Farm,IT2
ASV_00233,ASV_00249,0.49645390070921985,pos,Farm,IT2
ASV_00233,ASV_00250,0.5,pos,Farm,IT2
ASV_00233,ASV_00252,0.49645390070921985,pos,Farm,IT2
ASV_00233,ASV_00254,0.5208333333333334,pos,Farm,IT2
ASV_00233,ASV_00259,0.45255474452554745,pos,Farm,IT2
ASV_00233,ASV_00263,0.5531914893617021,pos,Farm,IT2
ASV_00233,ASV_00264,0.4892086330935252,pos,Farm,IT2
ASV_00233,ASV_00265,0.4857142857142857,pos,Farm,IT2
ASV_00233,ASV_00269,0.5333333333333333,pos,Farm,IT2
ASV_00233,ASV_00271,0.5076923076923077,pos,Farm,IT2
ASV_00233,ASV_00274,0.5238095238095238,pos,Farm,IT2
ASV_00233,ASV_00275,0.5310344827586206,pos,Farm,IT2
ASV_00233,ASV_00278,0.528169014084507,pos,Farm,IT2
ASV_00233,ASV_00279,0.5338345864661654,pos,Farm,IT2
ASV_00233,ASV_00282,0.5328467153284672,pos,Farm,IT2
ASV_00233,ASV_00288,0.5531914893617021,pos,Farm,IT2
ASV_00233,ASV_00291,0.5,pos,Farm,IT2
ASV_00233,ASV_00292,0.5138888888888888,pos,Farm,IT2
ASV_00233,ASV_00293,0.5202702702702703,pos,Farm,IT2
ASV_00233,ASV_00297,0.5251798561151079,pos,Farm,IT2
ASV_00233,ASV_00299,0.5255474452554745,pos,Farm,IT2
ASV_00233,ASV_00300,0.5342465753424658,pos,Farm,IT2
ASV_00233,ASV_00303,0.5223880597014925,pos,Farm,IT2
ASV_00233,ASV_00305,0.5714285714285714,pos,Farm,IT2
ASV_00233,ASV_00312,0.5244755244755245,pos,Farm,IT2
ASV_00233,ASV_00315,0.48905109489051096,pos,Farm,IT2
ASV_00233,ASV_00317,0.5179856115107914,pos,Farm,IT2
ASV_00233,ASV_00320,0.5036496350364964,pos,Farm,IT2
ASV_00233,ASV_00324,0.5289855072463768,pos,Farm,IT2
ASV_00233,ASV_00325,0.5214285714285715,pos,Farm,IT2
ASV_00233,ASV_00326,0.4857142857142857,pos,Farm,IT2
ASV_00233,ASV_00327,0.5035971223021583,pos,Farm,IT2
ASV_00233,ASV_00328,0.5,pos,Farm,IT2
ASV_00233,ASV_00333,0.5104895104895105,pos,Farm,IT2
ASV_00233,ASV_00334,0.5069444444444444,pos,Farm,IT2
ASV_00233,ASV_00340,0.5174825174825175,pos,Farm,IT2
ASV_00233,ASV_00346,0.48226950354609927,pos,Farm,IT2
ASV_00233,ASV_00347,0.503448275862069,pos,Farm,IT2
ASV_00233,ASV_00350,0.4632352941176471,pos,Farm,IT2
ASV_00233,ASV_00353,0.5671641791044776,pos,Farm,IT2
ASV_00233,ASV_00357,0.4892086330935252,pos,Farm,IT2
ASV_00233,ASV_00361,0.503448275862069,pos,Farm,IT2
ASV_00233,ASV_00369,0.4965034965034965,pos,Farm,IT2
ASV_00233,ASV_00377,0.4748201438848921,pos,Farm,IT2
ASV_00233,ASV_00380,0.4857142857142857,pos,Farm,IT2
ASV_00233,ASV_00387,0.5851851851851851,pos,Farm,IT2
ASV_00233,ASV_00389,0.5285714285714286,pos,Farm,IT2
ASV_00233,ASV_00390,0.5379310344827586,pos,Farm,IT2
ASV_00233,ASV_00391,0.5036496350364964,pos,Farm,IT2
ASV_00233,ASV_00393,0.5074626865671642,pos,Farm,IT2
ASV_00233,ASV_00397,0.5323741007194245,pos,Farm,IT2
ASV_00233,ASV_00403,0.5174825174825175,pos,Farm,IT2
ASV_00233,ASV_00404,0.48201438848920863,pos,Farm,IT2
ASV_00233,ASV_00406,0.5259259259259259,pos,Farm,IT2
ASV_00233,ASV_00409,0.4785714285714286,pos,Farm,IT2
ASV_00233,ASV_00410,0.49295774647887325,pos,Farm,IT2
ASV_00233,ASV_00412,0.5036496350364964,pos,Farm,IT2
ASV_00233,ASV_00425,0.49640287769784175,pos,Farm,IT2
ASV_00233,ASV_00429,0.45255474452554745,pos,Farm,IT2
ASV_00233,ASV_00441,0.5144927536231884,pos,Farm,IT2
ASV_00233,ASV_00447,0.503448275862069,pos,Farm,IT2
ASV_00233,ASV_00455,0.48226950354609927,pos,Farm,IT2
ASV_00233,ASV_00459,0.5579710144927537,pos,Farm,IT2
ASV_00233,ASV_00464,0.503448275862069,pos,Farm,IT2
ASV_00233,ASV_00465,0.49295774647887325,pos,Farm,IT2
ASV_00233,ASV_00468,0.44776119402985076,pos,Farm,IT2
ASV_00233,ASV_00482,0.5503355704697986,pos,Farm,IT2
ASV_00233,ASV_00485,0.5652173913043478,pos,Farm,IT2
ASV_00233,ASV_00488,0.5136986301369864,pos,Farm,IT2
ASV_00233,ASV_00490,0.5886524822695035,pos,Farm,IT2
ASV_00233,ASV_00495,0.4748201438848921,pos,Farm,IT2
ASV_00233,ASV_00498,0.4962962962962963,pos,Farm,IT2
ASV_00233,ASV_00503,0.49295774647887325,pos,Farm,IT2
ASV_00233,ASV_00504,0.5170068027210885,pos,Farm,IT2
ASV_00233,ASV_00507,0.5106382978723404,pos,Farm,IT2
ASV_00233,ASV_00513,0.5251798561151079,pos,Farm,IT2
ASV_00233,ASV_00514,0.5405405405405406,pos,Farm,IT2
ASV_00233,ASV_00518,0.5633802816901409,pos,Farm,IT2
ASV_00233,ASV_00528,0.5144927536231884,pos,Farm,IT2
ASV_00233,ASV_00534,0.5448275862068965,pos,Farm,IT2
ASV_00233,ASV_00536,0.5454545454545454,pos,Farm,IT2
ASV_00233,ASV_00541,0.5035460992907801,pos,Farm,IT2
ASV_00233,ASV_00543,0.5,pos,Farm,IT2
ASV_00233,ASV_00548,0.48905109489051096,pos,Farm,IT2
ASV_00233,ASV_00551,0.5357142857142857,pos,Farm,IT2
ASV_00233,ASV_00554,0.5,pos,Farm,IT2
ASV_00233,ASV_00563,0.5319148936170213,pos,Farm,IT2
ASV_00233,ASV_00566,0.49295774647887325,pos,Farm,IT2
ASV_00233,ASV_00571,0.5,pos,Farm,IT2
ASV_00233,ASV_00572,0.5517241379310345,pos,Farm,IT2
ASV_00233,ASV_00576,0.4859154929577465,pos,Farm,IT2
ASV_00233,ASV_00592,0.5323741007194245,pos,Farm,IT2
ASV_00233,ASV_00612,0.5069444444444444,pos,Farm,IT2
ASV_00233,ASV_00615,0.5073529411764706,pos,Farm,IT2
ASV_00233,ASV_00618,0.5035460992907801,pos,Farm,IT2
ASV_00233,ASV_00628,0.5217391304347826,pos,Farm,IT2
ASV_00233,ASV_00633,0.524822695035461,pos,Farm,IT2
ASV_00233,ASV_00636,0.5337837837837838,pos,Farm,IT2
ASV_00233,ASV_00643,0.5,pos,Farm,IT2
ASV_00233,ASV_00645,0.5073529411764706,pos,Farm,IT2
ASV_00233,ASV_00651,0.5251798561151079,pos,Farm,IT2
ASV_00233,ASV_00665,0.49635036496350365,pos,Farm,IT2
ASV_00233,ASV_00671,0.5255474452554745,pos,Farm,IT2
ASV_00233,ASV_00673,0.5594405594405595,pos,Farm,IT2
ASV_00233,ASV_00676,0.5241379310344828,pos,Farm,IT2
ASV_00233,ASV_00686,0.4965034965034965,pos,Farm,IT2
ASV_00233,ASV_00687,0.5035460992907801,pos,Farm,IT2
ASV_00233,ASV_00709,0.49295774647887325,pos,Farm,IT2
ASV_00233,ASV_00714,0.4676258992805755,pos,Farm,IT2
ASV_00233,ASV_00718,0.5073529411764706,pos,Farm,IT2
ASV_00233,ASV_00757,0.5104895104895105,pos,Farm,IT2
ASV_00233,ASV_00772,0.5106382978723404,pos,Farm,IT2
ASV_00233,ASV_00789,0.5070422535211268,pos,Farm,IT2
ASV_00233,ASV_00801,0.5185185185185185,pos,Farm,IT2
ASV_00233,ASV_00802,0.5172413793103449,pos,Farm,IT2
ASV_00233,ASV_00809,0.5547945205479452,pos,Farm,IT2
ASV_00233,ASV_00815,0.5616438356164384,pos,Farm,IT2
ASV_00233,ASV_00817,0.5241379310344828,pos,Farm,IT2
ASV_00233,ASV_00821,0.5034965034965035,pos,Farm,IT2
ASV_00233,ASV_00842,0.5147058823529411,pos,Farm,IT2
ASV_00233,ASV_00845,0.4676258992805755,pos,Farm,IT2
ASV_00233,ASV_00880,0.5072463768115942,pos,Farm,IT2
ASV_00233,ASV_00891,0.5374149659863946,pos,Farm,IT2
ASV_00233,ASV_00909,0.48226950354609927,pos,Farm,IT2
ASV_00233,ASV_00912,0.463768115942029,pos,Farm,IT2
ASV_00233,ASV_00924,0.5112781954887218,pos,Farm,IT2
ASV_00233,ASV_00931,0.4928571428571429,pos,Farm,IT2
ASV_00233,ASV_00959,0.5,pos,Farm,IT2
ASV_00233,ASV_00984,0.539568345323741,pos,Farm,IT2
ASV_00233,ASV_00987,0.48226950354609927,pos,Farm,IT2
ASV_00233,ASV_01023,0.5277777777777778,pos,Farm,IT2
ASV_00233,ASV_01071,0.48936170212765956,pos,Farm,IT2
ASV_00233,ASV_01092,0.5416666666666666,pos,Farm,IT2
ASV_00233,ASV_01119,0.5416666666666666,pos,Farm,IT2
ASV_00233,ASV_01152,0.5071428571428571,pos,Farm,IT2
ASV_00233,ASV_01153,0.5407407407407407,pos,Farm,IT2
ASV_00233,ASV_01249,0.48226950354609927,pos,Farm,IT2
ASV_00233,ASV_01250,0.5241379310344828,pos,Farm,IT2
ASV_00233,ASV_01253,0.5106382978723404,pos,Farm,IT2
ASV_00233,ASV_01288,0.5104895104895105,pos,Farm,IT2
ASV_00233,ASV_01342,0.5664335664335665,pos,Farm,IT2
ASV_00233,ASV_01385,0.5289855072463768,pos,Farm,IT2
ASV_00233,ASV_01491,0.5251798561151079,pos,Farm,IT2
ASV_00233,ASV_01508,0.5208333333333334,pos,Farm,IT2
ASV_00233,ASV_01512,0.4676258992805755,pos,Farm,IT2
ASV_00233,ASV_01541,0.5140845070422535,pos,Farm,IT2
ASV_00233,ASV_01941,0.5,pos,Farm,IT2
ASV_00233,ASV_02332,0.5244755244755245,pos,Farm,IT2
ASV_00235,ASV_00237,0.49645390070921985,pos,Farm,IT2
ASV_00235,ASV_00243,0.4855072463768116,pos,Farm,IT2
ASV_00235,ASV_00249,0.463768115942029,pos,Farm,IT2
ASV_00235,ASV_00262,0.475177304964539,pos,Farm,IT2
ASV_00235,ASV_00264,0.45588235294117646,pos,Farm,IT2
ASV_00235,ASV_00265,0.45255474452554745,pos,Farm,IT2
ASV_00235,ASV_00279,0.4772727272727273,pos,Farm,IT2
ASV_00235,ASV_00280,0.45985401459854014,pos,Farm,IT2
ASV_00235,ASV_00292,0.5255474452554745,pos,Farm,IT2
ASV_00235,ASV_00293,0.5104895104895105,pos,Farm,IT2
ASV_00235,ASV_00294,0.5109489051094891,pos,Farm,IT2
ASV_00235,ASV_00295,0.48201438848920863,pos,Farm,IT2
ASV_00235,ASV_00297,0.47101449275362317,pos,Farm,IT2
ASV_00235,ASV_00303,0.4444444444444444,pos,Farm,IT2
ASV_00235,ASV_00315,0.5,pos,Farm,IT2
ASV_00235,ASV_00317,0.4744525547445255,pos,Farm,IT2
ASV_00235,ASV_00320,0.45925925925925926,pos,Farm,IT2
ASV_00235,ASV_00321,0.4861111111111111,pos,Farm,IT2
ASV_00235,ASV_00333,0.4785714285714286,pos,Farm,IT2
ASV_00235,ASV_00334,0.4857142857142857,pos,Farm,IT2
ASV_00235,ASV_00336,0.47101449275362317,pos,Farm,IT2
ASV_00235,ASV_00354,0.47794117647058826,pos,Farm,IT2
ASV_00235,ASV_00373,0.48872180451127817,pos,Farm,IT2
ASV_00235,ASV_00382,0.49640287769784175,pos,Farm,IT2
ASV_00235,ASV_00389,0.4748201438848921,pos,Farm,IT2
ASV_00235,ASV_00391,0.45925925925925926,pos,Farm,IT2
ASV_00235,ASV_00409,0.4666666666666667,pos,Farm,IT2
ASV_00235,ASV_00415,0.4676258992805755,pos,Farm,IT2
ASV_00235,ASV_00423,0.48226950354609927,pos,Farm,IT2
ASV_00235,ASV_00425,0.45255474452554745,pos,Farm,IT2
ASV_00235,ASV_00429,0.45038167938931295,pos,Farm,IT2
ASV_00235,ASV_00444,0.4782608695652174,pos,Farm,IT2
ASV_00235,ASV_00447,0.48226950354609927,pos,Farm,IT2
ASV_00235,ASV_00451,0.4825174825174825,pos,Farm,IT2
ASV_00235,ASV_00483,0.4825174825174825,pos,Farm,IT2
ASV_00235,ASV_00495,0.5193798449612403,pos,Farm,IT2
ASV_00235,ASV_00504,0.4861111111111111,pos,Farm,IT2
ASV_00235,ASV_00506,0.4666666666666667,pos,Farm,IT2
ASV_00235,ASV_00511,0.49230769230769234,pos,Farm,IT2
ASV_00235,ASV_00518,0.5,pos,Farm,IT2
ASV_00235,ASV_00521,0.49645390070921985,pos,Farm,IT2
ASV_00235,ASV_00528,0.5151515151515151,pos,Farm,IT2
ASV_00235,ASV_00529,0.4552238805970149,pos,Farm,IT2
ASV_00235,ASV_00530,0.4676258992805755,pos,Farm,IT2
ASV_00235,ASV_00533,0.4962962962962963,pos,Farm,IT2
ASV_00235,ASV_00534,0.5140845070422535,pos,Farm,IT2
ASV_00235,ASV_00536,0.49295774647887325,pos,Farm,IT2
ASV_00235,ASV_00543,0.5,pos,Farm,IT2
ASV_00235,ASV_00548,0.4444444444444444,pos,Farm,IT2
ASV_00235,ASV_00550,0.4928571428571429,pos,Farm,IT2
ASV_00235,ASV_00568,0.5144927536231884,pos,Farm,IT2
ASV_00235,ASV_00569,0.48507462686567165,pos,Farm,IT2
ASV_00235,ASV_00594,0.5,pos,Farm,IT2
ASV_00235,ASV_00613,0.44029850746268656,pos,Farm,IT2
ASV_00235,ASV_00620,0.475177304964539,pos,Farm,IT2
ASV_00235,ASV_00638,0.4857142857142857,pos,Farm,IT2
ASV_00235,ASV_00651,0.49264705882352944,pos,Farm,IT2
ASV_00235,ASV_00656,0.4855072463768116,pos,Farm,IT2
ASV_00235,ASV_00662,0.45255474452554745,pos,Farm,IT2
ASV_00235,ASV_00665,0.45185185185185184,pos,Farm,IT2
ASV_00235,ASV_00673,0.5070422535211268,pos,Farm,IT2
ASV_00235,ASV_00718,0.45185185185185184,pos,Farm,IT2
ASV_00235,ASV_00798,0.4928571428571429,pos,Farm,IT2
ASV_00235,ASV_00806,0.4788732394366197,pos,Farm,IT2
ASV_00235,ASV_00808,0.5384615384615384,pos,Farm,IT2
ASV_00235,ASV_00809,0.5460992907801419,pos,Farm,IT2
ASV_00235,ASV_00829,0.463768115942029,pos,Farm,IT2
ASV_00235,ASV_00880,0.4740740740740741,pos,Farm,IT2
ASV_00235,ASV_00890,0.48201438848920863,pos,Farm,IT2
ASV_00235,ASV_00931,0.45985401459854014,pos,Farm,IT2
ASV_00235,ASV_00952,0.4740740740740741,pos,Farm,IT2
ASV_00235,ASV_00966,0.4621212121212121,pos,Farm,IT2
ASV_00235,ASV_01124,0.4676258992805755,pos,Farm,IT2
ASV_00235,ASV_01152,0.5074626865671642,pos,Farm,IT2
ASV_00235,ASV_01179,0.45588235294117646,pos,Farm,IT2
ASV_00235,ASV_01249,0.45985401459854014,pos,Farm,IT2
ASV_00235,ASV_01276,0.45925925925925926,pos,Farm,IT2
ASV_00235,ASV_01288,0.4785714285714286,pos,Farm,IT2
ASV_00235,ASV_01342,0.5140845070422535,pos,Farm,IT2
ASV_00235,ASV_01385,0.4852941176470588,pos,Farm,IT2
ASV_00235,ASV_01417,0.47101449275362317,pos,Farm,IT2
ASV_00235,ASV_01503,0.4714285714285714,pos,Farm,IT2
ASV_00235,ASV_02332,0.48226950354609927,pos,Farm,IT2
ASV_00237,ASV_00265,0.5172413793103449,pos,Farm,IT2
ASV_00237,ASV_00267,0.5138888888888888,pos,Farm,IT2
ASV_00237,ASV_00270,0.5761589403973509,pos,Farm,IT2
ASV_00237,ASV_00282,0.5416666666666666,pos,Farm,IT2
ASV_00237,ASV_00284,0.503448275862069,pos,Farm,IT2
ASV_00237,ASV_00285,0.5347222222222222,pos,Farm,IT2
ASV_00237,ASV_00292,0.5753424657534246,pos,Farm,IT2
ASV_00237,ASV_00294,0.5405405405405406,pos,Farm,IT2
ASV_00237,ASV_00297,0.5555555555555556,pos,Farm,IT2
ASV_00237,ASV_00300,0.5629139072847682,pos,Farm,IT2
ASV_00237,ASV_00312,0.5753424657534246,pos,Farm,IT2
ASV_00237,ASV_00313,0.5337837837837838,pos,Farm,IT2
ASV_00237,ASV_00320,0.5460992907801419,pos,Farm,IT2
ASV_00237,ASV_00331,0.5894039735099338,pos,Farm,IT2
ASV_00237,ASV_00333,0.5616438356164384,pos,Farm,IT2
ASV_00237,ASV_00336,0.5555555555555556,pos,Farm,IT2
ASV_00237,ASV_00337,0.5704697986577181,pos,Farm,IT2
ASV_00237,ASV_00340,0.5369127516778524,pos,Farm,IT2
ASV_00237,ASV_00342,0.5448275862068965,pos,Farm,IT2
ASV_00237,ASV_00367,0.5277777777777778,pos,Farm,IT2
ASV_00237,ASV_00368,0.5379310344827586,pos,Farm,IT2
ASV_00237,ASV_00372,0.5,pos,Farm,IT2
ASV_00237,ASV_00373,0.5208333333333334,pos,Farm,IT2
ASV_00237,ASV_00389,0.547945205479452,pos,Farm,IT2
ASV_00237,ASV_00402,0.48951048951048953,pos,Farm,IT2
ASV_00237,ASV_00415,0.541095890410959,pos,Farm,IT2
ASV_00237,ASV_00416,0.5774647887323944,pos,Farm,IT2
ASV_00237,ASV_00438,0.5342465753424658,pos,Farm,IT2
ASV_00237,ASV_00451,0.5533333333333333,pos,Farm,IT2
ASV_00237,ASV_00452,0.5172413793103449,pos,Farm,IT2
ASV_00237,ASV_00468,0.4927536231884058,pos,Farm,IT2
ASV_00237,ASV_00479,0.5540540540540541,pos,Farm,IT2
ASV_00237,ASV_00495,0.5069444444444444,pos,Farm,IT2
ASV_00237,ASV_00496,0.5374149659863946,pos,Farm,IT2
ASV_00237,ASV_00504,0.5562913907284768,pos,Farm,IT2
ASV_00237,ASV_00506,0.5314685314685315,pos,Farm,IT2
ASV_00237,ASV_00534,0.5733333333333334,pos,Farm,IT2
ASV_00237,ASV_00541,0.5886524822695035,pos,Farm,IT2
ASV_00237,ASV_00543,0.5510204081632653,pos,Farm,IT2
ASV_00237,ASV_00544,0.5486111111111112,pos,Farm,IT2
ASV_00237,ASV_00550,0.5972222222222222,pos,Farm,IT2
ASV_00237,ASV_00612,0.5684931506849316,pos,Farm,IT2
ASV_00237,ASV_00615,0.5174825174825175,pos,Farm,IT2
ASV_00237,ASV_00641,0.5466666666666666,pos,Farm,IT2
ASV_00237,ASV_00656,0.5804195804195804,pos,Farm,IT2
ASV_00237,ASV_00671,0.5136986301369864,pos,Farm,IT2
ASV_00237,ASV_00673,0.5666666666666667,pos,Farm,IT2
ASV_00237,ASV_00676,0.5743243243243243,pos,Farm,IT2
ASV_00237,ASV_00686,0.5804195804195804,pos,Farm,IT2
ASV_00237,ASV_00709,0.5238095238095238,pos,Farm,IT2
ASV_00237,ASV_00714,0.5211267605633803,pos,Farm,IT2
ASV_00237,ASV_00726,0.5510204081632653,pos,Farm,IT2
ASV_00237,ASV_00781,0.5238095238095238,pos,Farm,IT2
ASV_00237,ASV_00806,0.5503355704697986,pos,Farm,IT2
ASV_00237,ASV_00807,0.5374149659863946,pos,Farm,IT2
ASV_00237,ASV_00808,0.5347222222222222,pos,Farm,IT2
ASV_00237,ASV_00821,0.54421768707483,pos,Farm,IT2
ASV_00237,ASV_00843,0.5369127516778524,pos,Farm,IT2
ASV_00237,ASV_00848,0.5369127516778524,pos,Farm,IT2
ASV_00237,ASV_00890,0.5655172413793104,pos,Farm,IT2
ASV_00237,ASV_00931,0.5136986301369864,pos,Farm,IT2
ASV_00237,ASV_01092,0.5704697986577181,pos,Farm,IT2
ASV_00237,ASV_01152,0.5273972602739726,pos,Farm,IT2
ASV_00237,ASV_01179,0.5103448275862069,pos,Farm,IT2
ASV_00237,ASV_01368,0.541095890410959,pos,Farm,IT2
ASV_00237,ASV_01385,0.5273972602739726,pos,Farm,IT2
ASV_00237,ASV_01508,0.5503355704697986,pos,Farm,IT2
ASV_00237,ASV_01512,0.5539568345323741,pos,Farm,IT2
ASV_00237,ASV_01941,0.5616438356164384,pos,Farm,IT2
ASV_00237,ASV_02149,0.5208333333333334,pos,Farm,IT2
ASV_00238,ASV_00250,0.5379310344827586,pos,Farm,IT2
ASV_00238,ASV_00251,0.5379310344827586,pos,Farm,IT2
ASV_00238,ASV_00266,0.5379310344827586,pos,Farm,IT2
ASV_00238,ASV_00282,0.528169014084507,pos,Farm,IT2
ASV_00238,ASV_00284,0.5214285714285715,pos,Farm,IT2
ASV_00238,ASV_00290,0.5958904109589042,pos,Farm,IT2
ASV_00238,ASV_00291,0.49645390070921985,pos,Farm,IT2
ASV_00238,ASV_00294,0.5379310344827586,pos,Farm,IT2
ASV_00238,ASV_00297,0.5314685314685315,pos,Farm,IT2
ASV_00238,ASV_00299,0.5,pos,Farm,IT2
ASV_00238,ASV_00300,0.5503355704697986,pos,Farm,IT2
ASV_00238,ASV_00307,0.5140845070422535,pos,Farm,IT2
ASV_00238,ASV_00317,0.5138888888888888,pos,Farm,IT2
ASV_00238,ASV_00318,0.5136986301369864,pos,Farm,IT2
ASV_00238,ASV_00324,0.5138888888888888,pos,Farm,IT2
ASV_00238,ASV_00334,0.5448275862068965,pos,Farm,IT2
ASV_00238,ASV_00340,0.5342465753424658,pos,Farm,IT2
ASV_00238,ASV_00347,0.5306122448979592,pos,Farm,IT2
ASV_00238,ASV_00353,0.5174825174825175,pos,Farm,IT2
ASV_00238,ASV_00354,0.5174825174825175,pos,Farm,IT2
ASV_00238,ASV_00361,0.5306122448979592,pos,Farm,IT2
ASV_00238,ASV_00369,0.5241379310344828,pos,Farm,IT2
ASV_00238,ASV_00373,0.5070422535211268,pos,Farm,IT2
ASV_00238,ASV_00378,0.5547945205479452,pos,Farm,IT2
ASV_00238,ASV_00384,0.5208333333333334,pos,Farm,IT2
ASV_00238,ASV_00403,0.5238095238095238,pos,Farm,IT2
ASV_00238,ASV_00407,0.5069444444444444,pos,Farm,IT2
ASV_00238,ASV_00411,0.5136986301369864,pos,Farm,IT2
ASV_00238,ASV_00422,0.5103448275862069,pos,Farm,IT2
ASV_00238,ASV_00425,0.5034965034965035,pos,Farm,IT2
ASV_00238,ASV_00444,0.5277777777777778,pos,Farm,IT2
ASV_00238,ASV_00464,0.5517241379310345,pos,Farm,IT2
ASV_00238,ASV_00486,0.5540540540540541,pos,Farm,IT2
ASV_00238,ASV_00494,0.5277777777777778,pos,Farm,IT2
ASV_00238,ASV_00498,0.5255474452554745,pos,Farm,IT2
ASV_00238,ASV_00501,0.5136986301369864,pos,Farm,IT2
ASV_00238,ASV_00503,0.5103448275862069,pos,Farm,IT2
ASV_00238,ASV_00504,0.564625850340136,pos,Farm,IT2
ASV_00238,ASV_00507,0.5277777777777778,pos,Farm,IT2
ASV_00238,ASV_00517,0.5034965034965035,pos,Farm,IT2
ASV_00238,ASV_00533,0.5138888888888888,pos,Farm,IT2
ASV_00238,ASV_00543,0.5273972602739726,pos,Farm,IT2
ASV_00238,ASV_00551,0.5416666666666666,pos,Farm,IT2
ASV_00238,ASV_00556,0.5347222222222222,pos,Farm,IT2
ASV_00238,ASV_00566,0.5103448275862069,pos,Farm,IT2
ASV_00238,ASV_00571,0.5379310344827586,pos,Farm,IT2
ASV_00238,ASV_00572,0.5675675675675675,pos,Farm,IT2
ASV_00238,ASV_00612,0.5238095238095238,pos,Farm,IT2
ASV_00238,ASV_00615,0.5035460992907801,pos,Farm,IT2
ASV_00238,ASV_00618,0.5422535211267606,pos,Farm,IT2
ASV_00238,ASV_00622,0.48226950354609927,pos,Farm,IT2
ASV_00238,ASV_00645,0.5251798561151079,pos,Farm,IT2
ASV_00238,ASV_00651,0.5531914893617021,pos,Farm,IT2
ASV_00238,ASV_00676,0.5405405405405406,pos,Farm,IT2
ASV_00238,ASV_00709,0.5103448275862069,pos,Farm,IT2
ASV_00238,ASV_00721,0.5179856115107914,pos,Farm,IT2
ASV_00238,ASV_00732,0.5069444444444444,pos,Farm,IT2
ASV_00238,ASV_00772,0.5172413793103449,pos,Farm,IT2
ASV_00238,ASV_00809,0.5704697986577181,pos,Farm,IT2
ASV_00238,ASV_00875,0.5472972972972973,pos,Farm,IT2
ASV_00238,ASV_00924,0.49640287769784175,pos,Farm,IT2
ASV_00238,ASV_00958,0.5103448275862069,pos,Farm,IT2
ASV_00238,ASV_01023,0.5337837837837838,pos,Farm,IT2
ASV_00238,ASV_01071,0.5174825174825175,pos,Farm,IT2
ASV_00238,ASV_01101,0.5379310344827586,pos,Farm,IT2
ASV_00238,ASV_01119,0.5369127516778524,pos,Farm,IT2
ASV_00238,ASV_01153,0.5140845070422535,pos,Farm,IT2
ASV_00238,ASV_01249,0.5,pos,Farm,IT2
ASV_00238,ASV_01253,0.5172413793103449,pos,Farm,IT2
ASV_00238,ASV_01288,0.5594405594405595,pos,Farm,IT2
ASV_00238,ASV_01417,0.5103448275862069,pos,Farm,IT2
ASV_00238,ASV_01459,0.55,pos,Farm,IT2
ASV_00238,ASV_01578,0.5563380281690141,pos,Farm,IT2
ASV_00238,ASV_01941,0.5379310344827586,pos,Farm,IT2
ASV_00239,ASV_00244,0.5034965034965035,pos,Farm,IT2
ASV_00239,ASV_00253,0.5454545454545454,pos,Farm,IT2
ASV_00239,ASV_00259,0.4888888888888889,pos,Farm,IT2
ASV_00239,ASV_00290,0.5405405405405406,pos,Farm,IT2
ASV_00239,ASV_00292,0.5714285714285714,pos,Farm,IT2
ASV_00239,ASV_00298,0.4676258992805755,pos,Farm,IT2
ASV_00239,ASV_00311,0.5273972602739726,pos,Farm,IT2
ASV_00239,ASV_00312,0.5492957746478874,pos,Farm,IT2
ASV_00239,ASV_00333,0.5460992907801419,pos,Farm,IT2
ASV_00239,ASV_00346,0.4859154929577465,pos,Farm,IT2
ASV_00239,ASV_00356,0.5524475524475524,pos,Farm,IT2
ASV_00239,ASV_00357,0.4928571428571429,pos,Farm,IT2
ASV_00239,ASV_00373,0.48226950354609927,pos,Farm,IT2
ASV_00239,ASV_00380,0.5,pos,Farm,IT2
ASV_00239,ASV_00403,0.5208333333333334,pos,Farm,IT2
ASV_00239,ASV_00415,0.5034965034965035,pos,Farm,IT2
ASV_00239,ASV_00452,0.5107913669064749,pos,Farm,IT2
ASV_00239,ASV_00471,0.5,pos,Farm,IT2
ASV_00239,ASV_00490,0.5586206896551724,pos,Farm,IT2
ASV_00239,ASV_00494,0.5357142857142857,pos,Farm,IT2
ASV_00239,ASV_00498,0.4676258992805755,pos,Farm,IT2
ASV_00239,ASV_00501,0.5,pos,Farm,IT2
ASV_00239,ASV_00548,0.48201438848920863,pos,Farm,IT2
ASV_00239,ASV_00618,0.5177304964539007,pos,Farm,IT2
ASV_00239,ASV_00628,0.5251798561151079,pos,Farm,IT2
ASV_00239,ASV_00638,0.5422535211267606,pos,Farm,IT2
ASV_00239,ASV_00654,0.4857142857142857,pos,Farm,IT2
ASV_00239,ASV_00665,0.4785714285714286,pos,Farm,IT2
ASV_00239,ASV_00686,0.5,pos,Farm,IT2
ASV_00239,ASV_00778,0.463768115942029,pos,Farm,IT2
ASV_00239,ASV_00782,0.4965034965034965,pos,Farm,IT2
ASV_00239,ASV_00801,0.5,pos,Farm,IT2
ASV_00239,ASV_00845,0.4927536231884058,pos,Farm,IT2
ASV_00239,ASV_00848,0.5103448275862069,pos,Farm,IT2
ASV_00239,ASV_00869,0.5310344827586206,pos,Farm,IT2
ASV_00239,ASV_00873,0.4785714285714286,pos,Farm,IT2
ASV_00239,ASV_00880,0.5,pos,Farm,IT2
ASV_00239,ASV_00906,0.527027027027027,pos,Farm,IT2
ASV_00239,ASV_00931,0.49645390070921985,pos,Farm,IT2
ASV_00239,ASV_00984,0.5,pos,Farm,IT2
ASV_00239,ASV_00987,0.5071428571428571,pos,Farm,IT2
ASV_00239,ASV_01023,0.5310344827586206,pos,Farm,IT2
ASV_00239,ASV_01090,0.5136986301369864,pos,Farm,IT2
ASV_00239,ASV_01512,0.4927536231884058,pos,Farm,IT2
ASV_00240,ASV_00242,0.46715328467153283,pos,Farm,IT2
ASV_00240,ASV_00247,0.5142857142857142,pos,Farm,IT2
ASV_00240,ASV_00249,0.5035460992907801,pos,Farm,IT2
ASV_00240,ASV_00253,0.5714285714285714,pos,Farm,IT2
ASV_00240,ASV_00259,0.5503875968992248,pos,Farm,IT2
ASV_00240,ASV_00262,0.5244755244755245,pos,Farm,IT2
ASV_00240,ASV_00267,0.5,pos,Farm,IT2
ASV_00240,ASV_00269,0.54,pos,Farm,IT2
ASV_00240,ASV_00271,0.4485294117647059,pos,Farm,IT2
ASV_00240,ASV_00275,0.5273972602739726,pos,Farm,IT2
ASV_00240,ASV_00277,0.5448275862068965,pos,Farm,IT2
ASV_00240,ASV_00284,0.5,pos,Farm,IT2
ASV_00240,ASV_00292,0.5869565217391305,pos,Farm,IT2
ASV_00240,ASV_00296,0.4855072463768116,pos,Farm,IT2
ASV_00240,ASV_00303,0.49635036496350365,pos,Farm,IT2
ASV_00240,ASV_00304,0.5306122448979592,pos,Farm,IT2
ASV_00240,ASV_00307,0.48226950354609927,pos,Farm,IT2
ASV_00240,ASV_00308,0.5328467153284672,pos,Farm,IT2
ASV_00240,ASV_00312,0.5531914893617021,pos,Farm,IT2
ASV_00240,ASV_00313,0.5211267605633803,pos,Farm,IT2
ASV_00240,ASV_00317,0.49295774647887325,pos,Farm,IT2
ASV_00240,ASV_00320,0.5109489051094891,pos,Farm,IT2
ASV_00240,ASV_00321,0.5448275862068965,pos,Farm,IT2
ASV_00240,ASV_00327,0.5,pos,Farm,IT2
ASV_00240,ASV_00330,0.5328467153284672,pos,Farm,IT2
ASV_00240,ASV_00331,0.5472972972972973,pos,Farm,IT2
ASV_00240,ASV_00332,0.4859154929577465,pos,Farm,IT2
ASV_00240,ASV_00336,0.5,pos,Farm,IT2
ASV_00240,ASV_00340,0.5352112676056338,pos,Farm,IT2
ASV_00240,ASV_00343,0.5211267605633803,pos,Farm,IT2
ASV_00240,ASV_00347,0.5103448275862069,pos,Farm,IT2
ASV_00240,ASV_00353,0.49645390070921985,pos,Farm,IT2
ASV_00240,ASV_00365,0.5214285714285715,pos,Farm,IT2
ASV_00240,ASV_00367,0.48226950354609927,pos,Farm,IT2
ASV_00240,ASV_00389,0.5034965034965035,pos,Farm,IT2
ASV_00240,ASV_00391,0.4785714285714286,pos,Farm,IT2
ASV_00240,ASV_00393,0.49264705882352944,pos,Farm,IT2
ASV_00240,ASV_00402,0.4744525547445255,pos,Farm,IT2
ASV_00240,ASV_00403,0.5244755244755245,pos,Farm,IT2
ASV_00240,ASV_00411,0.5034965034965035,pos,Farm,IT2
ASV_00240,ASV_00415,0.4965034965034965,pos,Farm,IT2
ASV_00240,ASV_00422,0.5,pos,Farm,IT2
ASV_00240,ASV_00425,0.5144927536231884,pos,Farm,IT2
ASV_00240,ASV_00438,0.5106382978723404,pos,Farm,IT2
ASV_00240,ASV_00443,0.48226950354609927,pos,Farm,IT2
ASV_00240,ASV_00451,0.5310344827586206,pos,Farm,IT2
ASV_00240,ASV_00452,0.4928571428571429,pos,Farm,IT2
ASV_00240,ASV_00453,0.5,pos,Farm,IT2
ASV_00240,ASV_00458,0.4785714285714286,pos,Farm,IT2
ASV_00240,ASV_00459,0.5,pos,Farm,IT2
ASV_00240,ASV_00463,0.5244755244755245,pos,Farm,IT2
ASV_00240,ASV_00464,0.5314685314685315,pos,Farm,IT2
ASV_00240,ASV_00494,0.5070422535211268,pos,Farm,IT2
ASV_00240,ASV_00501,0.524822695035461,pos,Farm,IT2
ASV_00240,ASV_00503,0.5,pos,Farm,IT2
ASV_00240,ASV_00507,0.5177304964539007,pos,Farm,IT2
ASV_00240,ASV_00528,0.5,pos,Farm,IT2
ASV_00240,ASV_00530,0.5177304964539007,pos,Farm,IT2
ASV_00240,ASV_00543,0.5174825174825175,pos,Farm,IT2
ASV_00240,ASV_00550,0.5208333333333334,pos,Farm,IT2
ASV_00240,ASV_00551,0.5,pos,Farm,IT2
ASV_00240,ASV_00554,0.5390070921985816,pos,Farm,IT2
ASV_00240,ASV_00556,0.5140845070422535,pos,Farm,IT2
ASV_00240,ASV_00568,0.5422535211267606,pos,Farm,IT2
ASV_00240,ASV_00569,0.48226950354609927,pos,Farm,IT2
ASV_00240,ASV_00570,0.5109489051094891,pos,Farm,IT2
ASV_00240,ASV_00612,0.5244755244755245,pos,Farm,IT2
ASV_00240,ASV_00636,0.5405405405405406,pos,Farm,IT2
ASV_00240,ASV_00638,0.5352112676056338,pos,Farm,IT2
ASV_00240,ASV_00643,0.5070422535211268,pos,Farm,IT2
ASV_00240,ASV_00656,0.524822695035461,pos,Farm,IT2
ASV_00240,ASV_00662,0.4928571428571429,pos,Farm,IT2
ASV_00240,ASV_00666,0.5384615384615384,pos,Farm,IT2
ASV_00240,ASV_00671,0.48936170212765956,pos,Farm,IT2
ASV_00240,ASV_00686,0.5034965034965035,pos,Farm,IT2
ASV_00240,ASV_00687,0.5214285714285715,pos,Farm,IT2
ASV_00240,ASV_00709,0.5,pos,Farm,IT2
ASV_00240,ASV_00714,0.4855072463768116,pos,Farm,IT2
ASV_00240,ASV_00772,0.4965034965034965,pos,Farm,IT2
ASV_00240,ASV_00793,0.5328467153284672,pos,Farm,IT2
ASV_00240,ASV_00821,0.5211267605633803,pos,Farm,IT2
ASV_00240,ASV_00865,0.524822695035461,pos,Farm,IT2
ASV_00240,ASV_00873,0.5259259259259259,pos,Farm,IT2
ASV_00240,ASV_00890,0.5211267605633803,pos,Farm,IT2
ASV_00240,ASV_00891,0.5337837837837838,pos,Farm,IT2
ASV_00240,ASV_00912,0.49264705882352944,pos,Farm,IT2
ASV_00240,ASV_00952,0.5144927536231884,pos,Farm,IT2
ASV_00240,ASV_00984,0.5034965034965035,pos,Farm,IT2
ASV_00240,ASV_00989,0.5037037037037037,pos,Farm,IT2
ASV_00240,ASV_01018,0.48936170212765956,pos,Farm,IT2
ASV_00240,ASV_01090,0.5277777777777778,pos,Farm,IT2
ASV_00240,ASV_01092,0.5379310344827586,pos,Farm,IT2
ASV_00240,ASV_01119,0.5486111111111112,pos,Farm,IT2
ASV_00240,ASV_01152,0.5142857142857142,pos,Farm,IT2
ASV_00240,ASV_01249,0.48936170212765956,pos,Farm,IT2
ASV_00240,ASV_01276,0.4892086330935252,pos,Farm,IT2
ASV_00240,ASV_01288,0.528169014084507,pos,Farm,IT2
ASV_00240,ASV_01459,0.4859154929577465,pos,Farm,IT2
ASV_00240,ASV_02332,0.5314685314685315,pos,Farm,IT2
ASV_00242,ASV_00244,0.49635036496350365,pos,Farm,IT2
ASV_00242,ASV_00252,0.47101449275362317,pos,Farm,IT2
ASV_00242,ASV_00254,0.5071428571428571,pos,Farm,IT2
ASV_00242,ASV_00257,0.475177304964539,pos,Farm,IT2
ASV_00242,ASV_00262,0.5035971223021583,pos,Farm,IT2
ASV_00242,ASV_00266,0.5072463768115942,pos,Farm,IT2
ASV_00242,ASV_00267,0.4666666666666667,pos,Farm,IT2
ASV_00242,ASV_00269,0.5205479452054794,pos,Farm,IT2
ASV_00242,ASV_00277,0.5140845070422535,pos,Farm,IT2
ASV_00242,ASV_00278,0.48226950354609927,pos,Farm,IT2
ASV_00242,ASV_00292,0.48936170212765956,pos,Farm,IT2
ASV_00242,ASV_00304,0.5319148936170213,pos,Farm,IT2
ASV_00242,ASV_00308,0.5112781954887218,pos,Farm,IT2
ASV_00242,ASV_00312,0.5,pos,Farm,IT2
ASV_00242,ASV_00323,0.49635036496350365,pos,Farm,IT2
ASV_00242,ASV_00328,0.4857142857142857,pos,Farm,IT2
ASV_00242,ASV_00332,0.4852941176470588,pos,Farm,IT2
ASV_00242,ASV_00336,0.4676258992805755,pos,Farm,IT2
ASV_00242,ASV_00347,0.5217391304347826,pos,Farm,IT2
ASV_00242,ASV_00352,0.463768115942029,pos,Farm,IT2
ASV_00242,ASV_00353,0.4852941176470588,pos,Farm,IT2
ASV_00242,ASV_00355,0.4892086330935252,pos,Farm,IT2
ASV_00242,ASV_00359,0.45185185185185184,pos,Farm,IT2
ASV_00242,ASV_00369,0.4927536231884058,pos,Farm,IT2
ASV_00242,ASV_00384,0.4782608695652174,pos,Farm,IT2
ASV_00242,ASV_00397,0.4748201438848921,pos,Farm,IT2
ASV_00242,ASV_00407,0.4852941176470588,pos,Farm,IT2
ASV_00242,ASV_00411,0.4714285714285714,pos,Farm,IT2
ASV_00242,ASV_00421,0.49640287769784175,pos,Farm,IT2
ASV_00242,ASV_00425,0.47058823529411764,pos,Farm,IT2
ASV_00242,ASV_00438,0.4676258992805755,pos,Farm,IT2
ASV_00242,ASV_00440,0.45985401459854014,pos,Farm,IT2
ASV_00242,ASV_00443,0.48148148148148145,pos,Farm,IT2
ASV_00242,ASV_00444,0.4855072463768116,pos,Farm,IT2
ASV_00242,ASV_00445,0.4782608695652174,pos,Farm,IT2
ASV_00242,ASV_00447,0.5,pos,Farm,IT2
ASV_00242,ASV_00453,0.556390977443609,pos,Farm,IT2
ASV_00242,ASV_00459,0.4785714285714286,pos,Farm,IT2
ASV_00242,ASV_00463,0.5035971223021583,pos,Farm,IT2
ASV_00242,ASV_00465,0.4676258992805755,pos,Farm,IT2
ASV_00242,ASV_00467,0.5428571428571428,pos,Farm,IT2
ASV_00242,ASV_00476,0.46715328467153283,pos,Farm,IT2
ASV_00242,ASV_00486,0.4930555555555556,pos,Farm,IT2
ASV_00242,ASV_00495,0.4701492537313433,pos,Farm,IT2
ASV_00242,ASV_00506,0.4632352941176471,pos,Farm,IT2
ASV_00242,ASV_00511,0.4552238805970149,pos,Farm,IT2
ASV_00242,ASV_00529,0.45185185185185184,pos,Farm,IT2
ASV_00242,ASV_00533,0.48175182481751827,pos,Farm,IT2
ASV_00242,ASV_00548,0.47368421052631576,pos,Farm,IT2
ASV_00242,ASV_00550,0.48936170212765956,pos,Farm,IT2
ASV_00242,ASV_00563,0.4857142857142857,pos,Farm,IT2
ASV_00242,ASV_00566,0.4676258992805755,pos,Farm,IT2
ASV_00242,ASV_00568,0.5,pos,Farm,IT2
ASV_00242,ASV_00570,0.48872180451127817,pos,Farm,IT2
ASV_00242,ASV_00596,0.44776119402985076,pos,Farm,IT2
ASV_00242,ASV_00613,0.44776119402985076,pos,Farm,IT2
ASV_00242,ASV_00615,0.4485294117647059,pos,Farm,IT2
ASV_00242,ASV_00618,0.5,pos,Farm,IT2
ASV_00242,ASV_00628,0.463768115942029,pos,Farm,IT2
ASV_00242,ASV_00638,0.4928571428571429,pos,Farm,IT2
ASV_00242,ASV_00668,0.4888888888888889,pos,Farm,IT2
ASV_00242,ASV_00686,0.4927536231884058,pos,Farm,IT2
ASV_00242,ASV_00687,0.4782608695652174,pos,Farm,IT2
ASV_00242,ASV_00697,0.47761194029850745,pos,Farm,IT2
ASV_00242,ASV_00721,0.47368421052631576,pos,Farm,IT2
ASV_00242,ASV_00727,0.47058823529411764,pos,Farm,IT2
ASV_00242,ASV_00778,0.44360902255639095,pos,Farm,IT2
ASV_00242,ASV_00789,0.4714285714285714,pos,Farm,IT2
ASV_00242,ASV_00801,0.45925925925925926,pos,Farm,IT2
ASV_00242,ASV_00808,0.4888888888888889,pos,Farm,IT2
ASV_00242,ASV_00821,0.4892086330935252,pos,Farm,IT2
ASV_00242,ASV_00842,0.45588235294117646,pos,Farm,IT2
ASV_00242,ASV_00848,0.4928571428571429,pos,Farm,IT2
ASV_00242,ASV_00931,0.46715328467153283,pos,Farm,IT2
ASV_00242,ASV_00959,0.5073529411764706,pos,Farm,IT2
ASV_00242,ASV_00987,0.47794117647058826,pos,Farm,IT2
ASV_00242,ASV_01018,0.47794117647058826,pos,Farm,IT2
ASV_00242,ASV_01023,0.4825174825174825,pos,Farm,IT2
ASV_00242,ASV_01124,0.4855072463768116,pos,Farm,IT2
ASV_00242,ASV_01204,0.4825174825174825,pos,Farm,IT2
ASV_00242,ASV_01249,0.5,pos,Farm,IT2
ASV_00242,ASV_01276,0.4666666666666667,pos,Farm,IT2
ASV_00242,ASV_01503,0.4892086330935252,pos,Farm,IT2
ASV_00242,ASV_01578,0.5036496350364964,pos,Farm,IT2
ASV_00242,ASV_02332,0.4788732394366197,pos,Farm,IT2
ASV_00243,ASV_00247,0.5174825174825175,pos,Farm,IT2
ASV_00243,ASV_00251,0.5310344827586206,pos,Farm,IT2
ASV_00243,ASV_00253,0.5517241379310345,pos,Farm,IT2
ASV_00243,ASV_00265,0.5070422535211268,pos,Farm,IT2
ASV_00243,ASV_00279,0.48936170212765956,pos,Farm,IT2
ASV_00243,ASV_00282,0.5,pos,Farm,IT2
ASV_00243,ASV_00286,0.5208333333333334,pos,Farm,IT2
ASV_00243,ASV_00299,0.5357142857142857,pos,Farm,IT2
ASV_00243,ASV_00304,0.5436241610738255,pos,Farm,IT2
ASV_00243,ASV_00313,0.5136986301369864,pos,Farm,IT2
ASV_00243,ASV_00321,0.5369127516778524,pos,Farm,IT2
ASV_00243,ASV_00323,0.5208333333333334,pos,Farm,IT2
ASV_00243,ASV_00325,0.5208333333333334,pos,Farm,IT2
ASV_00243,ASV_00347,0.5448275862068965,pos,Farm,IT2
ASV_00243,ASV_00353,0.5,pos,Farm,IT2
ASV_00243,ASV_00387,0.5602836879432624,pos,Farm,IT2
ASV_00243,ASV_00398,0.5310344827586206,pos,Farm,IT2
ASV_00243,ASV_00399,0.5205479452054794,pos,Farm,IT2
ASV_00243,ASV_00402,0.4892086330935252,pos,Farm,IT2
ASV_00243,ASV_00403,0.5379310344827586,pos,Farm,IT2
ASV_00243,ASV_00422,0.5352112676056338,pos,Farm,IT2
ASV_00243,ASV_00423,0.5238095238095238,pos,Farm,IT2
ASV_00243,ASV_00437,0.5205479452054794,pos,Farm,IT2
ASV_00243,ASV_00443,0.5070422535211268,pos,Farm,IT2
ASV_00243,ASV_00444,0.5314685314685315,pos,Farm,IT2
ASV_00243,ASV_00458,0.5035460992907801,pos,Farm,IT2
ASV_00243,ASV_00463,0.5273972602739726,pos,Farm,IT2
ASV_00243,ASV_00482,0.58,pos,Farm,IT2
ASV_00243,ASV_00485,0.5310344827586206,pos,Farm,IT2
ASV_00243,ASV_00490,0.5540540540540541,pos,Farm,IT2
ASV_00243,ASV_00498,0.5072463768115942,pos,Farm,IT2
ASV_00243,ASV_00528,0.5034965034965035,pos,Farm,IT2
ASV_00243,ASV_00529,0.5,pos,Farm,IT2
ASV_00243,ASV_00530,0.5208333333333334,pos,Farm,IT2
ASV_00243,ASV_00541,0.5138888888888888,pos,Farm,IT2
ASV_00243,ASV_00550,0.5664335664335665,pos,Farm,IT2
ASV_00243,ASV_00555,0.5310344827586206,pos,Farm,IT2
ASV_00243,ASV_00561,0.5592105263157895,pos,Farm,IT2
ASV_00243,ASV_00595,0.5140845070422535,pos,Farm,IT2
ASV_00243,ASV_00620,0.5594405594405595,pos,Farm,IT2
ASV_00243,ASV_00628,0.5104895104895105,pos,Farm,IT2
ASV_00243,ASV_00633,0.5136986301369864,pos,Farm,IT2
ASV_00243,ASV_00636,0.5743243243243243,pos,Farm,IT2
ASV_00243,ASV_00643,0.5314685314685315,pos,Farm,IT2
ASV_00243,ASV_00651,0.5138888888888888,pos,Farm,IT2
ASV_00243,ASV_00654,0.5035460992907801,pos,Farm,IT2
ASV_00243,ASV_00671,0.5034965034965035,pos,Farm,IT2
ASV_00243,ASV_00686,0.5492957746478874,pos,Farm,IT2
ASV_00243,ASV_00718,0.5289855072463768,pos,Farm,IT2
ASV_00243,ASV_00769,0.5138888888888888,pos,Farm,IT2
ASV_00243,ASV_00801,0.5071428571428571,pos,Farm,IT2
ASV_00243,ASV_00822,0.5172413793103449,pos,Farm,IT2
ASV_00243,ASV_00829,0.5069444444444444,pos,Farm,IT2
ASV_00243,ASV_00865,0.5172413793103449,pos,Farm,IT2
ASV_00243,ASV_00890,0.5454545454545454,pos,Farm,IT2
ASV_00243,ASV_00931,0.5357142857142857,pos,Farm,IT2
ASV_00243,ASV_00935,0.5314685314685315,pos,Farm,IT2
ASV_00243,ASV_00984,0.5172413793103449,pos,Farm,IT2
ASV_00243,ASV_01023,0.547945205479452,pos,Farm,IT2
ASV_00243,ASV_01071,0.5,pos,Farm,IT2
ASV_00243,ASV_01090,0.5306122448979592,pos,Farm,IT2
ASV_00243,ASV_01101,0.5205479452054794,pos,Farm,IT2
ASV_00243,ASV_01179,0.5106382978723404,pos,Farm,IT2
ASV_00243,ASV_01253,0.5422535211267606,pos,Farm,IT2
ASV_00243,ASV_01276,0.5035460992907801,pos,Farm,IT2
ASV_00243,ASV_01328,0.5104895104895105,pos,Farm,IT2
ASV_00243,ASV_01342,0.5436241610738255,pos,Farm,IT2
ASV_00243,ASV_01385,0.5174825174825175,pos,Farm,IT2
ASV_00243,ASV_01417,0.5138888888888888,pos,Farm,IT2
ASV_00244,ASV_00246,0.5416666666666666,pos,Farm,IT2
ASV_00244,ASV_00250,0.5241379310344828,pos,Farm,IT2
ASV_00244,ASV_00251,0.5454545454545454,pos,Farm,IT2
ASV_00244,ASV_00252,0.6,pos,Farm,IT2
ASV_00244,ASV_00259,0.4676258992805755,pos,Farm,IT2
ASV_00244,ASV_00262,0.5524475524475524,pos,Farm,IT2
ASV_00244,ASV_00266,0.5241379310344828,pos,Farm,IT2
ASV_00244,ASV_00274,0.5472972972972973,pos,Farm,IT2
ASV_00244,ASV_00278,0.574468085106383,pos,Farm,IT2
ASV_00244,ASV_00288,0.5448275862068965,pos,Farm,IT2
ASV_00244,ASV_00292,0.5379310344827586,pos,Farm,IT2
ASV_00244,ASV_00293,0.564625850340136,pos,Farm,IT2
ASV_00244,ASV_00297,0.5174825174825175,pos,Farm,IT2
ASV_00244,ASV_00303,0.4928571428571429,pos,Farm,IT2
ASV_00244,ASV_00304,0.5369127516778524,pos,Farm,IT2
ASV_00244,ASV_00305,0.541095890410959,pos,Farm,IT2
ASV_00244,ASV_00308,0.4965034965034965,pos,Farm,IT2
ASV_00244,ASV_00309,0.5454545454545454,pos,Farm,IT2
ASV_00244,ASV_00312,0.5273972602739726,pos,Farm,IT2
ASV_00244,ASV_00320,0.4859154929577465,pos,Farm,IT2
ASV_00244,ASV_00324,0.5104895104895105,pos,Farm,IT2
ASV_00244,ASV_00327,0.5070422535211268,pos,Farm,IT2
ASV_00244,ASV_00330,0.4965034965034965,pos,Farm,IT2
ASV_00244,ASV_00339,0.4859154929577465,pos,Farm,IT2
ASV_00244,ASV_00353,0.524822695035461,pos,Farm,IT2
ASV_00244,ASV_00354,0.5357142857142857,pos,Farm,IT2
ASV_00244,ASV_00356,0.5517241379310345,pos,Farm,IT2
ASV_00244,ASV_00373,0.5703703703703704,pos,Farm,IT2
ASV_00244,ASV_00387,0.5103448275862069,pos,Farm,IT2
ASV_00244,ASV_00391,0.5071428571428571,pos,Farm,IT2
ASV_00244,ASV_00393,0.4892086330935252,pos,Farm,IT2
ASV_00244,ASV_00395,0.5214285714285715,pos,Farm,IT2
ASV_00244,ASV_00398,0.5136986301369864,pos,Farm,IT2
ASV_00244,ASV_00404,0.4859154929577465,pos,Farm,IT2
ASV_00244,ASV_00407,0.5034965034965035,pos,Farm,IT2
ASV_00244,ASV_00423,0.5379310344827586,pos,Farm,IT2
ASV_00244,ASV_00426,0.56,pos,Farm,IT2
ASV_00244,ASV_00429,0.5,pos,Farm,IT2
ASV_00244,ASV_00438,0.5069444444444444,pos,Farm,IT2
ASV_00244,ASV_00451,0.5374149659863946,pos,Farm,IT2
ASV_00244,ASV_00453,0.5172413793103449,pos,Farm,IT2
ASV_00244,ASV_00454,0.5342465753424658,pos,Farm,IT2
ASV_00244,ASV_00468,0.4632352941176471,pos,Farm,IT2
ASV_00244,ASV_00471,0.5103448275862069,pos,Farm,IT2
ASV_00244,ASV_00476,0.5177304964539007,pos,Farm,IT2
ASV_00244,ASV_00479,0.5379310344827586,pos,Farm,IT2
ASV_00244,ASV_00483,0.5374149659863946,pos,Farm,IT2
ASV_00244,ASV_00486,0.5724137931034483,pos,Farm,IT2
ASV_00244,ASV_00490,0.6126760563380281,pos,Farm,IT2
ASV_00244,ASV_00498,0.4892086330935252,pos,Farm,IT2
ASV_00244,ASV_00503,0.5174825174825175,pos,Farm,IT2
ASV_00244,ASV_00508,0.4965034965034965,pos,Farm,IT2
ASV_00244,ASV_00512,0.5655172413793104,pos,Farm,IT2
ASV_00244,ASV_00518,0.5547945205479452,pos,Farm,IT2
ASV_00244,ASV_00533,0.5319148936170213,pos,Farm,IT2
ASV_00244,ASV_00536,0.5694444444444444,pos,Farm,IT2
ASV_00244,ASV_00543,0.5136986301369864,pos,Farm,IT2
ASV_00244,ASV_00566,0.5069444444444444,pos,Farm,IT2
ASV_00244,ASV_00568,0.5273972602739726,pos,Farm,IT2
ASV_00244,ASV_00572,0.5436241610738255,pos,Farm,IT2
ASV_00244,ASV_00613,0.4892086330935252,pos,Farm,IT2
ASV_00244,ASV_00615,0.48936170212765956,pos,Farm,IT2
ASV_00244,ASV_00620,0.5310344827586206,pos,Farm,IT2
ASV_00244,ASV_00636,0.5466666666666666,pos,Farm,IT2
ASV_00244,ASV_00638,0.5857142857142857,pos,Farm,IT2
ASV_00244,ASV_00643,0.5138888888888888,pos,Farm,IT2
ASV_00244,ASV_00651,0.5174825174825175,pos,Farm,IT2
ASV_00244,ASV_00654,0.49645390070921985,pos,Farm,IT2
ASV_00244,ASV_00665,0.5,pos,Farm,IT2
ASV_00244,ASV_00666,0.5448275862068965,pos,Farm,IT2
ASV_00244,ASV_00714,0.48226950354609927,pos,Farm,IT2
ASV_00244,ASV_00726,0.5241379310344828,pos,Farm,IT2
ASV_00244,ASV_00757,0.5241379310344828,pos,Farm,IT2
ASV_00244,ASV_00760,0.5517241379310345,pos,Farm,IT2
ASV_00244,ASV_00778,0.4748201438848921,pos,Farm,IT2
ASV_00244,ASV_00789,0.5103448275862069,pos,Farm,IT2
ASV_00244,ASV_00807,0.5422535211267606,pos,Farm,IT2
ASV_00244,ASV_00808,0.5070422535211268,pos,Farm,IT2
ASV_00244,ASV_00815,0.5533333333333333,pos,Farm,IT2
ASV_00244,ASV_00821,0.5172413793103449,pos,Farm,IT2
ASV_00244,ASV_00829,0.5104895104895105,pos,Farm,IT2
ASV_00244,ASV_00873,0.48936170212765956,pos,Farm,IT2
ASV_00244,ASV_00891,0.593103448275862,pos,Farm,IT2
ASV_00244,ASV_00906,0.5369127516778524,pos,Farm,IT2
ASV_00244,ASV_00912,0.4785714285714286,pos,Farm,IT2
ASV_00244,ASV_00952,0.5434782608695652,pos,Farm,IT2
ASV_00244,ASV_00958,0.5069444444444444,pos,Farm,IT2
ASV_00244,ASV_00984,0.5103448275862069,pos,Farm,IT2
ASV_00244,ASV_01023,0.5306122448979592,pos,Farm,IT2
ASV_00244,ASV_01092,0.5547945205479452,pos,Farm,IT2
ASV_00244,ASV_01152,0.5,pos,Farm,IT2
ASV_00244,ASV_01249,0.4965034965034965,pos,Farm,IT2
ASV_00244,ASV_01250,0.527027027027027,pos,Farm,IT2
ASV_00244,ASV_01288,0.5241379310344828,pos,Farm,IT2
ASV_00244,ASV_01491,0.5069444444444444,pos,Farm,IT2
ASV_00244,ASV_01578,0.5314685314685315,pos,Farm,IT2
ASV_00244,ASV_01840,0.5069444444444444,pos,Farm,IT2
ASV_00244,ASV_02332,0.5273972602739726,pos,Farm,IT2
ASV_00246,ASV_00247,0.5384615384615384,pos,Farm,IT2
ASV_00246,ASV_00265,0.5174825174825175,pos,Farm,IT2
ASV_00246,ASV_00274,0.5533333333333333,pos,Farm,IT2
ASV_00246,ASV_00276,0.5547945205479452,pos,Farm,IT2
ASV_00246,ASV_00286,0.5416666666666666,pos,Farm,IT2
ASV_00246,ASV_00328,0.5845070422535211,pos,Farm,IT2
ASV_00246,ASV_00330,0.5244755244755245,pos,Farm,IT2
ASV_00246,ASV_00332,0.5103448275862069,pos,Farm,IT2
ASV_00246,ASV_00347,0.5547945205479452,pos,Farm,IT2
ASV_00246,ASV_00356,0.5369127516778524,pos,Farm,IT2
ASV_00246,ASV_00357,0.5,pos,Farm,IT2
ASV_00246,ASV_00369,0.5273972602739726,pos,Farm,IT2
ASV_00246,ASV_00373,0.5,pos,Farm,IT2
ASV_00246,ASV_00381,0.5069444444444444,pos,Farm,IT2
ASV_00246,ASV_00395,0.5390070921985816,pos,Farm,IT2
ASV_00246,ASV_00407,0.5314685314685315,pos,Farm,IT2
ASV_00246,ASV_00410,0.5136986301369864,pos,Farm,IT2
ASV_00246,ASV_00416,0.5136986301369864,pos,Farm,IT2
ASV_00246,ASV_00425,0.528169014084507,pos,Farm,IT2
ASV_00246,ASV_00426,0.5761589403973509,pos,Farm,IT2
ASV_00246,ASV_00429,0.475177304964539,pos,Farm,IT2
ASV_00246,ASV_00445,0.5241379310344828,pos,Farm,IT2
ASV_00246,ASV_00453,0.5238095238095238,pos,Farm,IT2
ASV_00246,ASV_00474,0.5517241379310345,pos,Farm,IT2
ASV_00246,ASV_00479,0.5337837837837838,pos,Farm,IT2
ASV_00246,ASV_00486,0.5466666666666666,pos,Farm,IT2
ASV_00246,ASV_00488,0.5436241610738255,pos,Farm,IT2
ASV_00246,ASV_00490,0.5533333333333333,pos,Farm,IT2
ASV_00246,ASV_00498,0.49645390070921985,pos,Farm,IT2
ASV_00246,ASV_00504,0.5570469798657718,pos,Farm,IT2
ASV_00246,ASV_00512,0.5503355704697986,pos,Farm,IT2
ASV_00246,ASV_00514,0.5592105263157895,pos,Farm,IT2
ASV_00246,ASV_00529,0.48951048951048953,pos,Farm,IT2
ASV_00246,ASV_00544,0.5277777777777778,pos,Farm,IT2
ASV_00246,ASV_00550,0.5337837837837838,pos,Farm,IT2
ASV_00246,ASV_00566,0.5241379310344828,pos,Farm,IT2
ASV_00246,ASV_00568,0.54421768707483,pos,Farm,IT2
ASV_00246,ASV_00570,0.5034965034965035,pos,Farm,IT2
ASV_00246,ASV_00571,0.541095890410959,pos,Farm,IT2
ASV_00246,ASV_00592,0.5416666666666666,pos,Farm,IT2
ASV_00246,ASV_00595,0.5138888888888888,pos,Farm,IT2
ASV_00246,ASV_00615,0.4965034965034965,pos,Farm,IT2
ASV_00246,ASV_00635,0.5369127516778524,pos,Farm,IT2
ASV_00246,ASV_00651,0.5563380281690141,pos,Farm,IT2
ASV_00246,ASV_00760,0.5578231292517006,pos,Farm,IT2
ASV_00246,ASV_00807,0.5273972602739726,pos,Farm,IT2
ASV_00246,ASV_00815,0.5592105263157895,pos,Farm,IT2
ASV_00246,ASV_00817,0.5753424657534246,pos,Farm,IT2
ASV_00246,ASV_00821,0.5555555555555556,pos,Farm,IT2
ASV_00246,ASV_00875,0.5503355704697986,pos,Farm,IT2
ASV_00246,ASV_00890,0.5238095238095238,pos,Farm,IT2
ASV_00246,ASV_00958,0.5241379310344828,pos,Farm,IT2
ASV_00246,ASV_00984,0.5379310344827586,pos,Farm,IT2
ASV_00246,ASV_01018,0.5352112676056338,pos,Farm,IT2
ASV_00246,ASV_01153,0.5174825174825175,pos,Farm,IT2
ASV_00246,ASV_01223,0.475177304964539,pos,Farm,IT2
ASV_00246,ASV_01328,0.5103448275862069,pos,Farm,IT2
ASV_00246,ASV_01459,0.5314685314685315,pos,Farm,IT2
ASV_00246,ASV_01578,0.5486111111111112,pos,Farm,IT2
ASV_00246,ASV_01840,0.5136986301369864,pos,Farm,IT2
ASV_00246,ASV_02149,0.5104895104895105,pos,Farm,IT2
ASV_00247,ASV_00249,0.4965034965034965,pos,Farm,IT2
ASV_00247,ASV_00251,0.5208333333333334,pos,Farm,IT2
ASV_00247,ASV_00254,0.5310344827586206,pos,Farm,IT2
ASV_00247,ASV_00257,0.5208333333333334,pos,Farm,IT2
ASV_00247,ASV_00259,0.4852941176470588,pos,Farm,IT2
ASV_00247,ASV_00265,0.5179856115107914,pos,Farm,IT2
ASV_00247,ASV_00267,0.48226950354609927,pos,Farm,IT2
ASV_00247,ASV_00274,0.5655172413793104,pos,Farm,IT2
ASV_00247,ASV_00275,0.5845070422535211,pos,Farm,IT2
ASV_00247,ASV_00278,0.5277777777777778,pos,Farm,IT2
ASV_00247,ASV_00279,0.4892086330935252,pos,Farm,IT2
ASV_00247,ASV_00282,0.5106382978723404,pos,Farm,IT2
ASV_00247,ASV_00284,0.48226950354609927,pos,Farm,IT2
ASV_00247,ASV_00286,0.5104895104895105,pos,Farm,IT2
ASV_00247,ASV_00296,0.5,pos,Farm,IT2
ASV_00247,ASV_00298,0.4748201438848921,pos,Farm,IT2
ASV_00247,ASV_00299,0.5251798561151079,pos,Farm,IT2
ASV_00247,ASV_00303,0.4785714285714286,pos,Farm,IT2
ASV_00247,ASV_00304,0.54421768707483,pos,Farm,IT2
ASV_00247,ASV_00305,0.5486111111111112,pos,Farm,IT2
ASV_00247,ASV_00307,0.49645390070921985,pos,Farm,IT2
ASV_00247,ASV_00309,0.5208333333333334,pos,Farm,IT2
ASV_00247,ASV_00312,0.5241379310344828,pos,Farm,IT2
ASV_00247,ASV_00320,0.5144927536231884,pos,Farm,IT2
ASV_00247,ASV_00324,0.5285714285714286,pos,Farm,IT2
ASV_00247,ASV_00332,0.5,pos,Farm,IT2
ASV_00247,ASV_00333,0.5103448275862069,pos,Farm,IT2
ASV_00247,ASV_00334,0.5172413793103449,pos,Farm,IT2
ASV_00247,ASV_00335,0.5073529411764706,pos,Farm,IT2
ASV_00247,ASV_00339,0.5144927536231884,pos,Farm,IT2
ASV_00247,ASV_00340,0.5277777777777778,pos,Farm,IT2
ASV_00247,ASV_00346,0.5251798561151079,pos,Farm,IT2
ASV_00247,ASV_00357,0.5,pos,Farm,IT2
ASV_00247,ASV_00361,0.5241379310344828,pos,Farm,IT2
ASV_00247,ASV_00367,0.4859154929577465,pos,Farm,IT2
ASV_00247,ASV_00369,0.528169014084507,pos,Farm,IT2
ASV_00247,ASV_00373,0.5,pos,Farm,IT2
ASV_00247,ASV_00378,0.5273972602739726,pos,Farm,IT2
ASV_00247,ASV_00380,0.4859154929577465,pos,Farm,IT2
ASV_00247,ASV_00381,0.4859154929577465,pos,Farm,IT2
ASV_00247,ASV_00382,0.5277777777777778,pos,Farm,IT2
ASV_00247,ASV_00395,0.49645390070921985,pos,Farm,IT2
ASV_00247,ASV_00399,0.5314685314685315,pos,Farm,IT2
ASV_00247,ASV_00402,0.4676258992805755,pos,Farm,IT2
ASV_00247,ASV_00403,0.5492957746478874,pos,Farm,IT2
ASV_00247,ASV_00409,0.48936170212765956,pos,Farm,IT2
ASV_00247,ASV_00410,0.5034965034965035,pos,Farm,IT2
ASV_00247,ASV_00415,0.5,pos,Farm,IT2
ASV_00247,ASV_00418,0.5,pos,Farm,IT2
ASV_00247,ASV_00421,0.5314685314685315,pos,Farm,IT2
ASV_00247,ASV_00425,0.5071428571428571,pos,Farm,IT2
ASV_00247,ASV_00428,0.5072463768115942,pos,Farm,IT2
ASV_00247,ASV_00438,0.524822695035461,pos,Farm,IT2
ASV_00247,ASV_00441,0.5474452554744526,pos,Farm,IT2
ASV_00247,ASV_00442,0.5205479452054794,pos,Farm,IT2
ASV_00247,ASV_00443,0.49645390070921985,pos,Farm,IT2
ASV_00247,ASV_00452,0.4859154929577465,pos,Farm,IT2
ASV_00247,ASV_00454,0.5310344827586206,pos,Farm,IT2
ASV_00247,ASV_00455,0.5362318840579711,pos,Farm,IT2
ASV_00247,ASV_00460,0.5138888888888888,pos,Farm,IT2
ASV_00247,ASV_00467,0.5655172413793104,pos,Farm,IT2
ASV_00247,ASV_00468,0.48120300751879697,pos,Farm,IT2
ASV_00247,ASV_00477,0.5138888888888888,pos,Farm,IT2
ASV_00247,ASV_00488,0.5342465753424658,pos,Farm,IT2
ASV_00247,ASV_00495,0.5072463768115942,pos,Farm,IT2
ASV_00247,ASV_00498,0.5413533834586466,pos,Farm,IT2
ASV_00247,ASV_00504,0.5374149659863946,pos,Farm,IT2
ASV_00247,ASV_00511,0.4714285714285714,pos,Farm,IT2
ASV_00247,ASV_00513,0.5140845070422535,pos,Farm,IT2
ASV_00247,ASV_00528,0.5035460992907801,pos,Farm,IT2
ASV_00247,ASV_00530,0.5,pos,Farm,IT2
ASV_00247,ASV_00533,0.5285714285714286,pos,Farm,IT2
ASV_00247,ASV_00536,0.5238095238095238,pos,Farm,IT2
ASV_00247,ASV_00541,0.524822695035461,pos,Farm,IT2
ASV_00247,ASV_00543,0.5208333333333334,pos,Farm,IT2
ASV_00247,ASV_00544,0.5070422535211268,pos,Farm,IT2
ASV_00247,ASV_00548,0.556390977443609,pos,Farm,IT2
ASV_00247,ASV_00550,0.5347222222222222,pos,Farm,IT2
ASV_00247,ASV_00554,0.5422535211267606,pos,Farm,IT2
ASV_00247,ASV_00570,0.48226950354609927,pos,Farm,IT2
ASV_00247,ASV_00571,0.5103448275862069,pos,Farm,IT2
ASV_00247,ASV_00596,0.49635036496350365,pos,Farm,IT2
ASV_00247,ASV_00613,0.4748201438848921,pos,Farm,IT2
ASV_00247,ASV_00620,0.5277777777777778,pos,Farm,IT2
ASV_00247,ASV_00622,0.4855072463768116,pos,Farm,IT2
ASV_00247,ASV_00628,0.5,pos,Farm,IT2
ASV_00247,ASV_00633,0.5352112676056338,pos,Farm,IT2
ASV_00247,ASV_00635,0.5273972602739726,pos,Farm,IT2
ASV_00247,ASV_00641,0.5273972602739726,pos,Farm,IT2
ASV_00247,ASV_00651,0.5808823529411765,pos,Farm,IT2
ASV_00247,ASV_00656,0.5069444444444444,pos,Farm,IT2
ASV_00247,ASV_00662,0.4859154929577465,pos,Farm,IT2
ASV_00247,ASV_00668,0.49295774647887325,pos,Farm,IT2
ASV_00247,ASV_00671,0.5035460992907801,pos,Farm,IT2
ASV_00247,ASV_00686,0.5174825174825175,pos,Farm,IT2
ASV_00247,ASV_00697,0.4928571428571429,pos,Farm,IT2
ASV_00247,ASV_00718,0.5072463768115942,pos,Farm,IT2
ASV_00247,ASV_00732,0.5,pos,Farm,IT2
ASV_00247,ASV_00757,0.5208333333333334,pos,Farm,IT2
ASV_00247,ASV_00760,0.5379310344827586,pos,Farm,IT2
ASV_00247,ASV_00769,0.5034965034965035,pos,Farm,IT2
ASV_00247,ASV_00772,0.5,pos,Farm,IT2
ASV_00247,ASV_00808,0.5035460992907801,pos,Farm,IT2
ASV_00247,ASV_00815,0.5608108108108109,pos,Farm,IT2
ASV_00247,ASV_00817,0.5238095238095238,pos,Farm,IT2
ASV_00247,ASV_00821,0.5797101449275363,pos,Farm,IT2
ASV_00247,ASV_00829,0.5070422535211268,pos,Farm,IT2
ASV_00247,ASV_00842,0.48226950354609927,pos,Farm,IT2
ASV_00247,ASV_00873,0.5072463768115942,pos,Farm,IT2
ASV_00247,ASV_00880,0.49645390070921985,pos,Farm,IT2
ASV_00247,ASV_00929,0.5136986301369864,pos,Farm,IT2
ASV_00247,ASV_00931,0.5142857142857142,pos,Farm,IT2
ASV_00247,ASV_00989,0.4748201438848921,pos,Farm,IT2
ASV_00247,ASV_01023,0.5379310344827586,pos,Farm,IT2
ASV_00247,ASV_01092,0.5306122448979592,pos,Farm,IT2
ASV_00247,ASV_01101,0.5103448275862069,pos,Farm,IT2
ASV_00247,ASV_01124,0.5211267605633803,pos,Farm,IT2
ASV_00247,ASV_01204,0.5379310344827586,pos,Farm,IT2
ASV_00247,ASV_01253,0.5,pos,Farm,IT2
ASV_00247,ASV_01267,0.4965034965034965,pos,Farm,IT2
ASV_00247,ASV_01328,0.5,pos,Farm,IT2
ASV_00247,ASV_01342,0.5547945205479452,pos,Farm,IT2
ASV_00247,ASV_01385,0.5070422535211268,pos,Farm,IT2
ASV_00247,ASV_01417,0.5357142857142857,pos,Farm,IT2
ASV_00247,ASV_01426,0.5035971223021583,pos,Farm,IT2
ASV_00247,ASV_01459,0.5106382978723404,pos,Farm,IT2
ASV_00247,ASV_01491,0.5140845070422535,pos,Farm,IT2
ASV_00247,ASV_01512,0.4785714285714286,pos,Farm,IT2
ASV_00247,ASV_01941,0.5208333333333334,pos,Farm,IT2
ASV_00247,ASV_02332,0.5347222222222222,pos,Farm,IT2
ASV_00249,ASV_00270,0.5369127516778524,pos,Farm,IT2
ASV_00249,ASV_00271,0.45255474452554745,pos,Farm,IT2
ASV_00249,ASV_00273,0.55,pos,Farm,IT2
ASV_00249,ASV_00274,0.54421768707483,pos,Farm,IT2
ASV_00249,ASV_00275,0.5517241379310345,pos,Farm,IT2
ASV_00249,ASV_00276,0.5241379310344828,pos,Farm,IT2
ASV_00249,ASV_00282,0.5214285714285715,pos,Farm,IT2
ASV_00249,ASV_00285,0.5251798561151079,pos,Farm,IT2
ASV_00249,ASV_00290,0.5369127516778524,pos,Farm,IT2
ASV_00249,ASV_00292,0.5563380281690141,pos,Farm,IT2
ASV_00249,ASV_00297,0.5140845070422535,pos,Farm,IT2
ASV_00249,ASV_00299,0.5251798561151079,pos,Farm,IT2
ASV_00249,ASV_00300,0.5337837837837838,pos,Farm,IT2
ASV_00249,ASV_00303,0.5109489051094891,pos,Farm,IT2
ASV_00249,ASV_00305,0.5273972602739726,pos,Farm,IT2
ASV_00249,ASV_00307,0.5179856115107914,pos,Farm,IT2
ASV_00249,ASV_00317,0.4965034965034965,pos,Farm,IT2
ASV_00249,ASV_00324,0.5507246376811594,pos,Farm,IT2
ASV_00249,ASV_00326,0.49645390070921985,pos,Farm,IT2
ASV_00249,ASV_00330,0.49295774647887325,pos,Farm,IT2
ASV_00249,ASV_00331,0.5714285714285714,pos,Farm,IT2
ASV_00249,ASV_00333,0.5103448275862069,pos,Farm,IT2
ASV_00249,ASV_00339,0.48226950354609927,pos,Farm,IT2
ASV_00249,ASV_00345,0.5136986301369864,pos,Farm,IT2
ASV_00249,ASV_00353,0.5,pos,Farm,IT2
ASV_00249,ASV_00355,0.5138888888888888,pos,Farm,IT2
ASV_00249,ASV_00356,0.5273972602739726,pos,Farm,IT2
ASV_00249,ASV_00359,0.4892086330935252,pos,Farm,IT2
ASV_00249,ASV_00368,0.5070422535211268,pos,Farm,IT2
ASV_00249,ASV_00369,0.5069444444444444,pos,Farm,IT2
ASV_00249,ASV_00373,0.5107913669064749,pos,Farm,IT2
ASV_00249,ASV_00376,0.5136986301369864,pos,Farm,IT2
ASV_00249,ASV_00380,0.49645390070921985,pos,Farm,IT2
ASV_00249,ASV_00382,0.5384615384615384,pos,Farm,IT2
ASV_00249,ASV_00387,0.5069444444444444,pos,Farm,IT2
ASV_00249,ASV_00389,0.5174825174825175,pos,Farm,IT2
ASV_00249,ASV_00390,0.5374149659863946,pos,Farm,IT2
ASV_00249,ASV_00393,0.5073529411764706,pos,Farm,IT2
ASV_00249,ASV_00398,0.5103448275862069,pos,Farm,IT2
ASV_00249,ASV_00404,0.48226950354609927,pos,Farm,IT2
ASV_00249,ASV_00409,0.48936170212765956,pos,Farm,IT2
ASV_00249,ASV_00422,0.5357142857142857,pos,Farm,IT2
ASV_00249,ASV_00425,0.49645390070921985,pos,Farm,IT2
ASV_00249,ASV_00441,0.49295774647887325,pos,Farm,IT2
ASV_00249,ASV_00442,0.5205479452054794,pos,Farm,IT2
ASV_00249,ASV_00443,0.4859154929577465,pos,Farm,IT2
ASV_00249,ASV_00447,0.5347222222222222,pos,Farm,IT2
ASV_00249,ASV_00451,0.5238095238095238,pos,Farm,IT2
ASV_00249,ASV_00453,0.5460992907801419,pos,Farm,IT2
ASV_00249,ASV_00467,0.5547945205479452,pos,Farm,IT2
ASV_00249,ASV_00482,0.56,pos,Farm,IT2
ASV_00249,ASV_00485,0.5208333333333334,pos,Farm,IT2
ASV_00249,ASV_00488,0.5664335664335665,pos,Farm,IT2
ASV_00249,ASV_00490,0.5337837837837838,pos,Farm,IT2
ASV_00249,ASV_00495,0.49640287769784175,pos,Farm,IT2
ASV_00249,ASV_00504,0.5374149659863946,pos,Farm,IT2
ASV_00249,ASV_00507,0.5104895104895105,pos,Farm,IT2
ASV_00249,ASV_00517,0.49645390070921985,pos,Farm,IT2
ASV_00249,ASV_00521,0.5486111111111112,pos,Farm,IT2
ASV_00249,ASV_00542,0.5306122448979592,pos,Farm,IT2
ASV_00249,ASV_00544,0.4965034965034965,pos,Farm,IT2
ASV_00249,ASV_00548,0.5109489051094891,pos,Farm,IT2
ASV_00249,ASV_00566,0.5357142857142857,pos,Farm,IT2
ASV_00249,ASV_00568,0.5136986301369864,pos,Farm,IT2
ASV_00249,ASV_00570,0.5367647058823529,pos,Farm,IT2
ASV_00249,ASV_00572,0.5510204081632653,pos,Farm,IT2
ASV_00249,ASV_00592,0.5211267605633803,pos,Farm,IT2
ASV_00249,ASV_00595,0.5035460992907801,pos,Farm,IT2
ASV_00249,ASV_00612,0.5277777777777778,pos,Farm,IT2
ASV_00249,ASV_00615,0.5294117647058824,pos,Farm,IT2
ASV_00249,ASV_00633,0.5352112676056338,pos,Farm,IT2
ASV_00249,ASV_00638,0.5172413793103449,pos,Farm,IT2
ASV_00249,ASV_00643,0.5319148936170213,pos,Farm,IT2
ASV_00249,ASV_00666,0.5416666666666666,pos,Farm,IT2
ASV_00249,ASV_00668,0.5251798561151079,pos,Farm,IT2
ASV_00249,ASV_00718,0.5182481751824818,pos,Farm,IT2
ASV_00249,ASV_00728,0.4927536231884058,pos,Farm,IT2
ASV_00249,ASV_00734,0.5103448275862069,pos,Farm,IT2
ASV_00249,ASV_00757,0.5314685314685315,pos,Farm,IT2
ASV_00249,ASV_00760,0.5815602836879432,pos,Farm,IT2
ASV_00249,ASV_00769,0.5140845070422535,pos,Farm,IT2
ASV_00249,ASV_00781,0.5034965034965035,pos,Farm,IT2
ASV_00249,ASV_00806,0.5205479452054794,pos,Farm,IT2
ASV_00249,ASV_00807,0.5174825174825175,pos,Farm,IT2
ASV_00249,ASV_00808,0.5035460992907801,pos,Farm,IT2
ASV_00249,ASV_00815,0.5821917808219178,pos,Farm,IT2
ASV_00249,ASV_00817,0.5342465753424658,pos,Farm,IT2
ASV_00249,ASV_00829,0.5285714285714286,pos,Farm,IT2
ASV_00249,ASV_00842,0.5035971223021583,pos,Farm,IT2
ASV_00249,ASV_00865,0.528169014084507,pos,Farm,IT2
ASV_00249,ASV_00880,0.5071428571428571,pos,Farm,IT2
ASV_00249,ASV_00906,0.54421768707483,pos,Farm,IT2
ASV_00249,ASV_00931,0.5588235294117647,pos,Farm,IT2
ASV_00249,ASV_00959,0.5319148936170213,pos,Farm,IT2
ASV_00249,ASV_00984,0.5069444444444444,pos,Farm,IT2
ASV_00249,ASV_01018,0.5474452554744526,pos,Farm,IT2
ASV_00249,ASV_01092,0.5517241379310345,pos,Farm,IT2
ASV_00249,ASV_01152,0.5177304964539007,pos,Farm,IT2
ASV_00249,ASV_01179,0.48936170212765956,pos,Farm,IT2
ASV_00249,ASV_01204,0.5379310344827586,pos,Farm,IT2
ASV_00249,ASV_01223,0.463768115942029,pos,Farm,IT2
ASV_00249,ASV_01253,0.5319148936170213,pos,Farm,IT2
ASV_00249,ASV_01267,0.539568345323741,pos,Farm,IT2
ASV_00249,ASV_01426,0.5035971223021583,pos,Farm,IT2
ASV_00249,ASV_01458,0.4714285714285714,pos,Farm,IT2
ASV_00249,ASV_01941,0.5422535211267606,pos,Farm,IT2
ASV_00249,ASV_02149,0.5217391304347826,pos,Farm,IT2
ASV_00250,ASV_00252,0.5531914893617021,pos,Farm,IT2
ASV_00250,ASV_00262,0.5517241379310345,pos,Farm,IT2
ASV_00250,ASV_00274,0.5466666666666666,pos,Farm,IT2
ASV_00250,ASV_00276,0.5586206896551724,pos,Farm,IT2
ASV_00250,ASV_00278,0.5734265734265734,pos,Farm,IT2
ASV_00250,ASV_00282,0.5912408759124088,pos,Farm,IT2
ASV_00250,ASV_00283,0.5374149659863946,pos,Farm,IT2
ASV_00250,ASV_00285,0.5069444444444444,pos,Farm,IT2
ASV_00250,ASV_00290,0.5704697986577181,pos,Farm,IT2
ASV_00250,ASV_00300,0.5675675675675675,pos,Farm,IT2
ASV_00250,ASV_00324,0.5103448275862069,pos,Farm,IT2
ASV_00250,ASV_00326,0.5,pos,Farm,IT2
ASV_00250,ASV_00328,0.5448275862068965,pos,Farm,IT2
ASV_00250,ASV_00333,0.5238095238095238,pos,Farm,IT2
ASV_00250,ASV_00356,0.5405405405405406,pos,Farm,IT2
ASV_00250,ASV_00361,0.5804195804195804,pos,Farm,IT2
ASV_00250,ASV_00377,0.5106382978723404,pos,Farm,IT2
ASV_00250,ASV_00387,0.5633802816901409,pos,Farm,IT2
ASV_00250,ASV_00400,0.541095890410959,pos,Farm,IT2
ASV_00250,ASV_00410,0.5172413793103449,pos,Farm,IT2
ASV_00250,ASV_00418,0.5244755244755245,pos,Farm,IT2
ASV_00250,ASV_00422,0.5492957746478874,pos,Farm,IT2
ASV_00250,ASV_00437,0.5238095238095238,pos,Farm,IT2
ASV_00250,ASV_00476,0.5174825174825175,pos,Farm,IT2
ASV_00250,ASV_00485,0.5238095238095238,pos,Farm,IT2
ASV_00250,ASV_00490,0.5466666666666666,pos,Farm,IT2
ASV_00250,ASV_00494,0.5136986301369864,pos,Farm,IT2
ASV_00250,ASV_00507,0.5347222222222222,pos,Farm,IT2
ASV_00250,ASV_00571,0.5238095238095238,pos,Farm,IT2
ASV_00250,ASV_00611,0.5448275862068965,pos,Farm,IT2
ASV_00250,ASV_00628,0.5244755244755245,pos,Farm,IT2
ASV_00250,ASV_00633,0.5273972602739726,pos,Farm,IT2
ASV_00250,ASV_00636,0.6095890410958904,pos,Farm,IT2
ASV_00250,ASV_00643,0.5454545454545454,pos,Farm,IT2
ASV_00250,ASV_00686,0.5205479452054794,pos,Farm,IT2
ASV_00250,ASV_00732,0.5352112676056338,pos,Farm,IT2
ASV_00250,ASV_00734,0.5555555555555556,pos,Farm,IT2
ASV_00250,ASV_00758,0.5273972602739726,pos,Farm,IT2
ASV_00250,ASV_00772,0.5241379310344828,pos,Farm,IT2
ASV_00250,ASV_00809,0.5562913907284768,pos,Farm,IT2
ASV_00250,ASV_00848,0.5306122448979592,pos,Farm,IT2
ASV_00250,ASV_00906,0.5466666666666666,pos,Farm,IT2
ASV_00250,ASV_00912,0.48936170212765956,pos,Farm,IT2
ASV_00250,ASV_00924,0.4928571428571429,pos,Farm,IT2
ASV_00250,ASV_01065,0.4965034965034965,pos,Farm,IT2
ASV_00250,ASV_01101,0.5555555555555556,pos,Farm,IT2
ASV_00250,ASV_01119,0.5436241610738255,pos,Farm,IT2
ASV_00250,ASV_01253,0.5136986301369864,pos,Farm,IT2
ASV_00250,ASV_01267,0.5208333333333334,pos,Farm,IT2
ASV_00250,ASV_01328,0.5138888888888888,pos,Farm,IT2
ASV_00251,ASV_00252,0.5103448275862069,pos,Farm,IT2
ASV_00251,ASV_00253,0.5337837837837838,pos,Farm,IT2
ASV_00251,ASV_00271,0.48905109489051096,pos,Farm,IT2
ASV_00251,ASV_00275,0.5862068965517241,pos,Farm,IT2
ASV_00251,ASV_00279,0.5035460992907801,pos,Farm,IT2
ASV_00251,ASV_00280,0.5174825174825175,pos,Farm,IT2
ASV_00251,ASV_00283,0.5586206896551724,pos,Farm,IT2
ASV_00251,ASV_00288,0.5763888888888888,pos,Farm,IT2
ASV_00251,ASV_00290,0.5496688741721855,pos,Farm,IT2
ASV_00251,ASV_00291,0.49295774647887325,pos,Farm,IT2
ASV_00251,ASV_00292,0.547945205479452,pos,Farm,IT2
ASV_00251,ASV_00293,0.5533333333333333,pos,Farm,IT2
ASV_00251,ASV_00294,0.5448275862068965,pos,Farm,IT2
ASV_00251,ASV_00299,0.5069444444444444,pos,Farm,IT2
ASV_00251,ASV_00304,0.5466666666666666,pos,Farm,IT2
ASV_00251,ASV_00309,0.5774647887323944,pos,Farm,IT2
ASV_00251,ASV_00320,0.4965034965034965,pos,Farm,IT2
ASV_00251,ASV_00324,0.5103448275862069,pos,Farm,IT2
ASV_00251,ASV_00332,0.5352112676056338,pos,Farm,IT2
ASV_00251,ASV_00333,0.5238095238095238,pos,Farm,IT2
ASV_00251,ASV_00334,0.541095890410959,pos,Farm,IT2
ASV_00251,ASV_00337,0.5862068965517241,pos,Farm,IT2
ASV_00251,ASV_00339,0.539568345323741,pos,Farm,IT2
ASV_00251,ASV_00342,0.5277777777777778,pos,Farm,IT2
ASV_00251,ASV_00352,0.5571428571428572,pos,Farm,IT2
ASV_00251,ASV_00354,0.5683453237410072,pos,Farm,IT2
ASV_00251,ASV_00369,0.5416666666666666,pos,Farm,IT2
ASV_00251,ASV_00372,0.49295774647887325,pos,Farm,IT2
ASV_00251,ASV_00380,0.5,pos,Farm,IT2
ASV_00251,ASV_00381,0.5104895104895105,pos,Farm,IT2
ASV_00251,ASV_00395,0.5104895104895105,pos,Farm,IT2
ASV_00251,ASV_00398,0.5342465753424658,pos,Farm,IT2
ASV_00251,ASV_00421,0.5238095238095238,pos,Farm,IT2
ASV_00251,ASV_00425,0.5319148936170213,pos,Farm,IT2
ASV_00251,ASV_00440,0.5,pos,Farm,IT2
ASV_00251,ASV_00444,0.5241379310344828,pos,Farm,IT2
ASV_00251,ASV_00458,0.5070422535211268,pos,Farm,IT2
ASV_00251,ASV_00474,0.5238095238095238,pos,Farm,IT2
ASV_00251,ASV_00477,0.5273972602739726,pos,Farm,IT2
ASV_00251,ASV_00482,0.5827814569536424,pos,Farm,IT2
ASV_00251,ASV_00490,0.5466666666666666,pos,Farm,IT2
ASV_00251,ASV_00498,0.5217391304347826,pos,Farm,IT2
ASV_00251,ASV_00512,0.564625850340136,pos,Farm,IT2
ASV_00251,ASV_00517,0.5211267605633803,pos,Farm,IT2
ASV_00251,ASV_00518,0.5436241610738255,pos,Farm,IT2
ASV_00251,ASV_00524,0.5034965034965035,pos,Farm,IT2
ASV_00251,ASV_00528,0.5174825174825175,pos,Farm,IT2
ASV_00251,ASV_00529,0.5142857142857142,pos,Farm,IT2
ASV_00251,ASV_00534,0.5466666666666666,pos,Farm,IT2
ASV_00251,ASV_00536,0.5578231292517006,pos,Farm,IT2
ASV_00251,ASV_00542,0.5540540540540541,pos,Farm,IT2
ASV_00251,ASV_00551,0.5379310344827586,pos,Farm,IT2
ASV_00251,ASV_00554,0.5238095238095238,pos,Farm,IT2
ASV_00251,ASV_00556,0.5205479452054794,pos,Farm,IT2
ASV_00251,ASV_00574,0.5374149659863946,pos,Farm,IT2
ASV_00251,ASV_00581,0.5107913669064749,pos,Farm,IT2
ASV_00251,ASV_00596,0.48936170212765956,pos,Farm,IT2
ASV_00251,ASV_00612,0.5306122448979592,pos,Farm,IT2
ASV_00251,ASV_00620,0.5845070422535211,pos,Farm,IT2
ASV_00251,ASV_00635,0.5724137931034483,pos,Farm,IT2
ASV_00251,ASV_00651,0.5384615384615384,pos,Farm,IT2
ASV_00251,ASV_00654,0.5177304964539007,pos,Farm,IT2
ASV_00251,ASV_00656,0.5524475524475524,pos,Farm,IT2
ASV_00251,ASV_00665,0.48951048951048953,pos,Farm,IT2
ASV_00251,ASV_00668,0.55,pos,Farm,IT2
ASV_00251,ASV_00679,0.5517241379310345,pos,Farm,IT2
ASV_00251,ASV_00697,0.5177304964539007,pos,Farm,IT2
ASV_00251,ASV_00726,0.5238095238095238,pos,Farm,IT2
ASV_00251,ASV_00757,0.5238095238095238,pos,Farm,IT2
ASV_00251,ASV_00769,0.5492957746478874,pos,Farm,IT2
ASV_00251,ASV_00789,0.5524475524475524,pos,Farm,IT2
ASV_00251,ASV_00793,0.5069444444444444,pos,Farm,IT2
ASV_00251,ASV_00821,0.5273972602739726,pos,Farm,IT2
ASV_00251,ASV_00822,0.5310344827586206,pos,Farm,IT2
ASV_00251,ASV_00843,0.5306122448979592,pos,Farm,IT2
ASV_00251,ASV_00869,0.5405405405405406,pos,Farm,IT2
ASV_00251,ASV_00873,0.5434782608695652,pos,Farm,IT2
ASV_00251,ASV_00890,0.5704225352112676,pos,Farm,IT2
ASV_00251,ASV_00891,0.5496688741721855,pos,Farm,IT2
ASV_00251,ASV_00912,0.48936170212765956,pos,Farm,IT2
ASV_00251,ASV_00958,0.5172413793103449,pos,Farm,IT2
ASV_00251,ASV_00959,0.5136986301369864,pos,Farm,IT2
ASV_00251,ASV_01092,0.5436241610738255,pos,Farm,IT2
ASV_00251,ASV_01101,0.5238095238095238,pos,Farm,IT2
ASV_00251,ASV_01152,0.5103448275862069,pos,Farm,IT2
ASV_00251,ASV_01250,0.5369127516778524,pos,Farm,IT2
ASV_00251,ASV_01253,0.5136986301369864,pos,Farm,IT2
ASV_00251,ASV_01288,0.5342465753424658,pos,Farm,IT2
ASV_00251,ASV_01349,0.5241379310344828,pos,Farm,IT2
ASV_00251,ASV_01417,0.5277777777777778,pos,Farm,IT2
ASV_00251,ASV_01459,0.5138888888888888,pos,Farm,IT2
ASV_00251,ASV_01541,0.5379310344827586,pos,Farm,IT2
ASV_00251,ASV_02149,0.524822695035461,pos,Farm,IT2
ASV_00252,ASV_00253,0.5205479452054794,pos,Farm,IT2
ASV_00252,ASV_00262,0.5827338129496403,pos,Farm,IT2
ASV_00252,ASV_00267,0.4928571428571429,pos,Farm,IT2
ASV_00252,ASV_00269,0.5637583892617449,pos,Farm,IT2
ASV_00252,ASV_00273,0.5069444444444444,pos,Farm,IT2
ASV_00252,ASV_00274,0.54421768707483,pos,Farm,IT2
ASV_00252,ASV_00275,0.5306122448979592,pos,Farm,IT2
ASV_00252,ASV_00277,0.5374149659863946,pos,Farm,IT2
ASV_00252,ASV_00278,0.5277777777777778,pos,Farm,IT2
ASV_00252,ASV_00285,0.49295774647887325,pos,Farm,IT2
ASV_00252,ASV_00288,0.5416666666666666,pos,Farm,IT2
ASV_00252,ASV_00290,0.5472972972972973,pos,Farm,IT2
ASV_00252,ASV_00292,0.5136986301369864,pos,Farm,IT2
ASV_00252,ASV_00295,0.5352112676056338,pos,Farm,IT2
ASV_00252,ASV_00296,0.4785714285714286,pos,Farm,IT2
ASV_00252,ASV_00297,0.524822695035461,pos,Farm,IT2
ASV_00252,ASV_00300,0.5547945205479452,pos,Farm,IT2
ASV_00252,ASV_00303,0.4785714285714286,pos,Farm,IT2
ASV_00252,ASV_00304,0.5655172413793104,pos,Farm,IT2
ASV_00252,ASV_00308,0.49295774647887325,pos,Farm,IT2
ASV_00252,ASV_00309,0.5103448275862069,pos,Farm,IT2
ASV_00252,ASV_00312,0.5241379310344828,pos,Farm,IT2
ASV_00252,ASV_00324,0.5070422535211268,pos,Farm,IT2
ASV_00252,ASV_00328,0.5208333333333334,pos,Farm,IT2
ASV_00252,ASV_00330,0.5035460992907801,pos,Farm,IT2
ASV_00252,ASV_00337,0.5734265734265734,pos,Farm,IT2
ASV_00252,ASV_00345,0.5241379310344828,pos,Farm,IT2
ASV_00252,ASV_00354,0.5214285714285715,pos,Farm,IT2
ASV_00252,ASV_00359,0.4785714285714286,pos,Farm,IT2
ASV_00252,ASV_00367,0.4859154929577465,pos,Farm,IT2
ASV_00252,ASV_00369,0.5069444444444444,pos,Farm,IT2
ASV_00252,ASV_00377,0.5294117647058824,pos,Farm,IT2
ASV_00252,ASV_00389,0.5174825174825175,pos,Farm,IT2
ASV_00252,ASV_00391,0.4928571428571429,pos,Farm,IT2
ASV_00252,ASV_00395,0.49645390070921985,pos,Farm,IT2
ASV_00252,ASV_00399,0.5208333333333334,pos,Farm,IT2
ASV_00252,ASV_00402,0.4782608695652174,pos,Farm,IT2
ASV_00252,ASV_00411,0.5069444444444444,pos,Farm,IT2
ASV_00252,ASV_00425,0.4859154929577465,pos,Farm,IT2
ASV_00252,ASV_00426,0.5570469798657718,pos,Farm,IT2
ASV_00252,ASV_00429,0.4852941176470588,pos,Farm,IT2
ASV_00252,ASV_00438,0.5034965034965035,pos,Farm,IT2
ASV_00252,ASV_00443,0.4859154929577465,pos,Farm,IT2
ASV_00252,ASV_00447,0.5241379310344828,pos,Farm,IT2
ASV_00252,ASV_00452,0.5179856115107914,pos,Farm,IT2
ASV_00252,ASV_00454,0.5205479452054794,pos,Farm,IT2
ASV_00252,ASV_00455,0.5251798561151079,pos,Farm,IT2
ASV_00252,ASV_00459,0.5352112676056338,pos,Farm,IT2
ASV_00252,ASV_00467,0.54421768707483,pos,Farm,IT2
ASV_00252,ASV_00483,0.5238095238095238,pos,Farm,IT2
ASV_00252,ASV_00486,0.5374149659863946,pos,Farm,IT2
ASV_00252,ASV_00490,0.5547945205479452,pos,Farm,IT2
ASV_00252,ASV_00493,0.5704225352112676,pos,Farm,IT2
ASV_00252,ASV_00495,0.5182481751824818,pos,Farm,IT2
ASV_00252,ASV_00506,0.48936170212765956,pos,Farm,IT2
ASV_00252,ASV_00508,0.49295774647887325,pos,Farm,IT2
ASV_00252,ASV_00511,0.4927536231884058,pos,Farm,IT2
ASV_00252,ASV_00513,0.5357142857142857,pos,Farm,IT2
ASV_00252,ASV_00517,0.4859154929577465,pos,Farm,IT2
ASV_00252,ASV_00518,0.541095890410959,pos,Farm,IT2
ASV_00252,ASV_00528,0.49295774647887325,pos,Farm,IT2
ASV_00252,ASV_00529,0.4892086330935252,pos,Farm,IT2
ASV_00252,ASV_00533,0.5507246376811594,pos,Farm,IT2
ASV_00252,ASV_00536,0.5238095238095238,pos,Farm,IT2
ASV_00252,ASV_00541,0.5034965034965035,pos,Farm,IT2
ASV_00252,ASV_00542,0.5306122448979592,pos,Farm,IT2
ASV_00252,ASV_00548,0.5,pos,Farm,IT2
ASV_00252,ASV_00550,0.5563380281690141,pos,Farm,IT2
ASV_00252,ASV_00563,0.5531914893617021,pos,Farm,IT2
ASV_00252,ASV_00566,0.5357142857142857,pos,Farm,IT2
ASV_00252,ASV_00570,0.5144927536231884,pos,Farm,IT2
ASV_00252,ASV_00574,0.5241379310344828,pos,Farm,IT2
ASV_00252,ASV_00581,0.49635036496350365,pos,Farm,IT2
ASV_00252,ASV_00594,0.5652173913043478,pos,Farm,IT2
ASV_00252,ASV_00612,0.5384615384615384,pos,Farm,IT2
ASV_00252,ASV_00615,0.49640287769784175,pos,Farm,IT2
ASV_00252,ASV_00628,0.5106382978723404,pos,Farm,IT2
ASV_00252,ASV_00636,0.564625850340136,pos,Farm,IT2
ASV_00252,ASV_00638,0.5492957746478874,pos,Farm,IT2
ASV_00252,ASV_00643,0.5319148936170213,pos,Farm,IT2
ASV_00252,ASV_00651,0.5034965034965035,pos,Farm,IT2
ASV_00252,ASV_00654,0.48226950354609927,pos,Farm,IT2
ASV_00252,ASV_00673,0.527027027027027,pos,Farm,IT2
ASV_00252,ASV_00728,0.5488721804511278,pos,Farm,IT2
ASV_00252,ASV_00755,0.5306122448979592,pos,Farm,IT2
ASV_00252,ASV_00758,0.5352112676056338,pos,Farm,IT2
ASV_00252,ASV_00769,0.524822695035461,pos,Farm,IT2
ASV_00252,ASV_00772,0.5428571428571428,pos,Farm,IT2
ASV_00252,ASV_00781,0.5467625899280576,pos,Farm,IT2
ASV_00252,ASV_00789,0.5069444444444444,pos,Farm,IT2
ASV_00252,ASV_00808,0.5035460992907801,pos,Farm,IT2
ASV_00252,ASV_00817,0.5555555555555556,pos,Farm,IT2
ASV_00252,ASV_00821,0.5138888888888888,pos,Farm,IT2
ASV_00252,ASV_00829,0.4965034965034965,pos,Farm,IT2
ASV_00252,ASV_00842,0.48226950354609927,pos,Farm,IT2
ASV_00252,ASV_00880,0.5179856115107914,pos,Farm,IT2
ASV_00252,ASV_00891,0.5369127516778524,pos,Farm,IT2
ASV_00252,ASV_00906,0.5337837837837838,pos,Farm,IT2
ASV_00252,ASV_00935,0.5104895104895105,pos,Farm,IT2
ASV_00252,ASV_00952,0.5179856115107914,pos,Farm,IT2
ASV_00252,ASV_01023,0.5594405594405595,pos,Farm,IT2
ASV_00252,ASV_01092,0.5517241379310345,pos,Farm,IT2
ASV_00252,ASV_01249,0.49295774647887325,pos,Farm,IT2
ASV_00252,ASV_01342,0.5547945205479452,pos,Farm,IT2
ASV_00252,ASV_01426,0.4928571428571429,pos,Farm,IT2
ASV_00252,ASV_01512,0.4785714285714286,pos,Farm,IT2
ASV_00252,ASV_01941,0.5103448275862069,pos,Farm,IT2
ASV_00253,ASV_00259,0.5107913669064749,pos,Farm,IT2
ASV_00253,ASV_00265,0.5103448275862069,pos,Farm,IT2
ASV_00253,ASV_00275,0.5850340136054422,pos,Farm,IT2
ASV_00253,ASV_00279,0.5140845070422535,pos,Farm,IT2
ASV_00253,ASV_00286,0.5342465753424658,pos,Farm,IT2
ASV_00253,ASV_00292,0.5793103448275863,pos,Farm,IT2
ASV_00253,ASV_00304,0.5562913907284768,pos,Farm,IT2
ASV_00253,ASV_00312,0.5369127516778524,pos,Farm,IT2
ASV_00253,ASV_00327,0.5277777777777778,pos,Farm,IT2
ASV_00253,ASV_00330,0.5277777777777778,pos,Farm,IT2
ASV_00253,ASV_00331,0.5933333333333334,pos,Farm,IT2
ASV_00253,ASV_00332,0.5454545454545454,pos,Farm,IT2
ASV_00253,ASV_00336,0.5486111111111112,pos,Farm,IT2
ASV_00253,ASV_00339,0.5069444444444444,pos,Farm,IT2
ASV_00253,ASV_00340,0.5510204081632653,pos,Farm,IT2
ASV_00253,ASV_00342,0.5379310344827586,pos,Farm,IT2
ASV_00253,ASV_00346,0.5172413793103449,pos,Farm,IT2
ASV_00253,ASV_00365,0.5379310344827586,pos,Farm,IT2
ASV_00253,ASV_00372,0.524822695035461,pos,Farm,IT2
ASV_00253,ASV_00393,0.48951048951048953,pos,Farm,IT2
ASV_00253,ASV_00397,0.5238095238095238,pos,Farm,IT2
ASV_00253,ASV_00403,0.5833333333333334,pos,Farm,IT2
ASV_00253,ASV_00409,0.5352112676056338,pos,Farm,IT2
ASV_00253,ASV_00416,0.5273972602739726,pos,Farm,IT2
ASV_00253,ASV_00426,0.5789473684210527,pos,Farm,IT2
ASV_00253,ASV_00428,0.5,pos,Farm,IT2
ASV_00253,ASV_00452,0.5531914893617021,pos,Farm,IT2
ASV_00253,ASV_00463,0.5405405405405406,pos,Farm,IT2
ASV_00253,ASV_00482,0.5816993464052288,pos,Farm,IT2
ASV_00253,ASV_00485,0.54421768707483,pos,Farm,IT2
ASV_00253,ASV_00495,0.5211267605633803,pos,Farm,IT2
ASV_00253,ASV_00496,0.5517241379310345,pos,Farm,IT2
ASV_00253,ASV_00506,0.503448275862069,pos,Farm,IT2
ASV_00253,ASV_00518,0.5533333333333333,pos,Farm,IT2
ASV_00253,ASV_00524,0.503448275862069,pos,Farm,IT2
ASV_00253,ASV_00529,0.5034965034965035,pos,Farm,IT2
ASV_00253,ASV_00550,0.5578231292517006,pos,Farm,IT2
ASV_00253,ASV_00554,0.5655172413793104,pos,Farm,IT2
ASV_00253,ASV_00555,0.54421768707483,pos,Farm,IT2
ASV_00253,ASV_00568,0.5684931506849316,pos,Farm,IT2
ASV_00253,ASV_00581,0.5,pos,Farm,IT2
ASV_00253,ASV_00587,0.5172413793103449,pos,Farm,IT2
ASV_00253,ASV_00620,0.5510204081632653,pos,Farm,IT2
ASV_00253,ASV_00628,0.5347222222222222,pos,Farm,IT2
ASV_00253,ASV_00630,0.4930555555555556,pos,Farm,IT2
ASV_00253,ASV_00651,0.5704225352112676,pos,Farm,IT2
ASV_00253,ASV_00654,0.528169014084507,pos,Farm,IT2
ASV_00253,ASV_00687,0.5379310344827586,pos,Farm,IT2
ASV_00253,ASV_00714,0.5140845070422535,pos,Farm,IT2
ASV_00253,ASV_00727,0.5103448275862069,pos,Farm,IT2
ASV_00253,ASV_00728,0.4965034965034965,pos,Farm,IT2
ASV_00253,ASV_00801,0.5104895104895105,pos,Farm,IT2
ASV_00253,ASV_00809,0.5866666666666667,pos,Farm,IT2
ASV_00253,ASV_00829,0.5205479452054794,pos,Farm,IT2
ASV_00253,ASV_00869,0.5503355704697986,pos,Farm,IT2
ASV_00253,ASV_00873,0.5211267605633803,pos,Farm,IT2
ASV_00253,ASV_00890,0.5374149659863946,pos,Farm,IT2
ASV_00253,ASV_00984,0.541095890410959,pos,Farm,IT2
ASV_00253,ASV_00987,0.5277777777777778,pos,Farm,IT2
ASV_00253,ASV_01119,0.5533333333333333,pos,Farm,IT2
ASV_00253,ASV_01124,0.5342465753424658,pos,Farm,IT2
ASV_00253,ASV_01249,0.5602836879432624,pos,Farm,IT2
ASV_00253,ASV_01276,0.5069444444444444,pos,Farm,IT2
ASV_00253,ASV_01349,0.5342465753424658,pos,Farm,IT2
ASV_00253,ASV_01512,0.5034965034965035,pos,Farm,IT2
ASV_00254,ASV_00259,0.4788732394366197,pos,Farm,IT2
ASV_00254,ASV_00262,0.5405405405405406,pos,Farm,IT2
ASV_00254,ASV_00263,0.5540540540540541,pos,Farm,IT2
ASV_00254,ASV_00272,0.5273972602739726,pos,Farm,IT2
ASV_00254,ASV_00278,0.6056338028169014,pos,Farm,IT2
ASV_00254,ASV_00293,0.5629139072847682,pos,Farm,IT2
ASV_00254,ASV_00297,0.5486111111111112,pos,Farm,IT2
ASV_00254,ASV_00303,0.5357142857142857,pos,Farm,IT2
ASV_00254,ASV_00312,0.5472972972972973,pos,Farm,IT2
ASV_00254,ASV_00315,0.4930555555555556,pos,Farm,IT2
ASV_00254,ASV_00321,0.5704697986577181,pos,Farm,IT2
ASV_00254,ASV_00328,0.5547945205479452,pos,Farm,IT2
ASV_00254,ASV_00336,0.5594405594405595,pos,Farm,IT2
ASV_00254,ASV_00337,0.5958904109589042,pos,Farm,IT2
ASV_00254,ASV_00357,0.503448275862069,pos,Farm,IT2
ASV_00254,ASV_00369,0.541095890410959,pos,Farm,IT2
ASV_00254,ASV_00376,0.5578231292517006,pos,Farm,IT2
ASV_00254,ASV_00378,0.5714285714285714,pos,Farm,IT2
ASV_00254,ASV_00391,0.5069444444444444,pos,Farm,IT2
ASV_00254,ASV_00428,0.5,pos,Farm,IT2
ASV_00254,ASV_00443,0.5208333333333334,pos,Farm,IT2
ASV_00254,ASV_00451,0.5570469798657718,pos,Farm,IT2
ASV_00254,ASV_00452,0.5208333333333334,pos,Farm,IT2
ASV_00254,ASV_00465,0.5273972602739726,pos,Farm,IT2
ASV_00254,ASV_00501,0.5517241379310345,pos,Farm,IT2
ASV_00254,ASV_00506,0.5138888888888888,pos,Farm,IT2
ASV_00254,ASV_00507,0.5342465753424658,pos,Farm,IT2
ASV_00254,ASV_00524,0.503448275862069,pos,Farm,IT2
ASV_00254,ASV_00548,0.5140845070422535,pos,Farm,IT2
ASV_00254,ASV_00555,0.54421768707483,pos,Farm,IT2
ASV_00254,ASV_00568,0.5369127516778524,pos,Farm,IT2
ASV_00254,ASV_00574,0.5472972972972973,pos,Farm,IT2
ASV_00254,ASV_00587,0.5277777777777778,pos,Farm,IT2
ASV_00254,ASV_00595,0.5277777777777778,pos,Farm,IT2
ASV_00254,ASV_00628,0.5241379310344828,pos,Farm,IT2
ASV_00254,ASV_00638,0.5405405405405406,pos,Farm,IT2
ASV_00254,ASV_00718,0.5,pos,Farm,IT2
ASV_00254,ASV_00755,0.5533333333333333,pos,Farm,IT2
ASV_00254,ASV_00781,0.5273972602739726,pos,Farm,IT2
ASV_00254,ASV_00809,0.5761589403973509,pos,Farm,IT2
ASV_00254,ASV_00822,0.541095890410959,pos,Farm,IT2
ASV_00254,ASV_00845,0.4930555555555556,pos,Farm,IT2
ASV_00254,ASV_00873,0.5,pos,Farm,IT2
ASV_00254,ASV_00875,0.5533333333333333,pos,Farm,IT2
ASV_00254,ASV_00912,0.5,pos,Farm,IT2
ASV_00254,ASV_00931,0.5384615384615384,pos,Farm,IT2
ASV_00254,ASV_00966,0.5,pos,Farm,IT2
ASV_00254,ASV_00989,0.48951048951048953,pos,Farm,IT2
ASV_00254,ASV_01092,0.5533333333333333,pos,Farm,IT2
ASV_00254,ASV_01119,0.5850340136054422,pos,Farm,IT2
ASV_00254,ASV_01349,0.5238095238095238,pos,Farm,IT2
ASV_00254,ASV_01508,0.564625850340136,pos,Farm,IT2
ASV_00254,ASV_01840,0.5273972602739726,pos,Farm,IT2
ASV_00254,ASV_01941,0.5337837837837838,pos,Farm,IT2
ASV_00257,ASV_00266,0.5238095238095238,pos,Farm,IT2
ASV_00257,ASV_00276,0.5586206896551724,pos,Farm,IT2
ASV_00257,ASV_00300,0.5782312925170068,pos,Farm,IT2
ASV_00257,ASV_00304,0.5570469798657718,pos,Farm,IT2
ASV_00257,ASV_00335,0.5,pos,Farm,IT2
ASV_00257,ASV_00339,0.4965034965034965,pos,Farm,IT2
ASV_00257,ASV_00346,0.5069444444444444,pos,Farm,IT2
ASV_00257,ASV_00352,0.5244755244755245,pos,Farm,IT2
ASV_00257,ASV_00377,0.5106382978723404,pos,Farm,IT2
ASV_00257,ASV_00391,0.5177304964539007,pos,Farm,IT2
ASV_00257,ASV_00410,0.5172413793103449,pos,Farm,IT2
ASV_00257,ASV_00421,0.5342465753424658,pos,Farm,IT2
ASV_00257,ASV_00454,0.5337837837837838,pos,Farm,IT2
ASV_00257,ASV_00460,0.5379310344827586,pos,Farm,IT2
ASV_00257,ASV_00513,0.5172413793103449,pos,Farm,IT2
ASV_00257,ASV_00529,0.49295774647887325,pos,Farm,IT2
ASV_00257,ASV_00550,0.5374149659863946,pos,Farm,IT2
ASV_00257,ASV_00563,0.5238095238095238,pos,Farm,IT2
ASV_00257,ASV_00581,0.5217391304347826,pos,Farm,IT2
ASV_00257,ASV_00620,0.541095890410959,pos,Farm,IT2
ASV_00257,ASV_00645,0.5,pos,Farm,IT2
ASV_00257,ASV_00651,0.5277777777777778,pos,Farm,IT2
ASV_00257,ASV_00662,0.5211267605633803,pos,Farm,IT2
ASV_00257,ASV_00679,0.541095890410959,pos,Farm,IT2
ASV_00257,ASV_00697,0.4965034965034965,pos,Farm,IT2
ASV_00257,ASV_00769,0.5172413793103449,pos,Farm,IT2
ASV_00257,ASV_00772,0.5241379310344828,pos,Farm,IT2
ASV_00257,ASV_00822,0.5416666666666666,pos,Farm,IT2
ASV_00257,ASV_00843,0.5625,pos,Farm,IT2
ASV_00257,ASV_01101,0.5238095238095238,pos,Farm,IT2
ASV_00257,ASV_01578,0.5205479452054794,pos,Farm,IT2
ASV_00259,ASV_00267,0.4485294117647059,pos,Farm,IT2
ASV_00259,ASV_00269,0.5136986301369864,pos,Farm,IT2
ASV_00259,ASV_00271,0.42748091603053434,pos,Farm,IT2
ASV_00259,ASV_00273,0.49635036496350365,pos,Farm,IT2
ASV_00259,ASV_00274,0.5034965034965035,pos,Farm,IT2
ASV_00259,ASV_00278,0.5072463768115942,pos,Farm,IT2
ASV_00259,ASV_00284,0.45925925925925926,pos,Farm,IT2
ASV_00259,ASV_00285,0.47058823529411764,pos,Farm,IT2
ASV_00259,ASV_00292,0.5035971223021583,pos,Farm,IT2
ASV_00259,ASV_00295,0.48201438848920863,pos,Farm,IT2
ASV_00259,ASV_00303,0.4772727272727273,pos,Farm,IT2
ASV_00259,ASV_00305,0.49645390070921985,pos,Farm,IT2
ASV_00259,ASV_00307,0.4632352941176471,pos,Farm,IT2
ASV_00259,ASV_00318,0.4748201438848921,pos,Farm,IT2
ASV_00259,ASV_00327,0.47058823529411764,pos,Farm,IT2
ASV_00259,ASV_00333,0.4892086330935252,pos,Farm,IT2
ASV_00259,ASV_00334,0.5407407407407407,pos,Farm,IT2
ASV_00259,ASV_00337,0.5,pos,Farm,IT2
ASV_00259,ASV_00340,0.5182481751824818,pos,Farm,IT2
ASV_00259,ASV_00346,0.48148148148148145,pos,Farm,IT2
ASV_00259,ASV_00354,0.46715328467153283,pos,Farm,IT2
ASV_00259,ASV_00356,0.4859154929577465,pos,Farm,IT2
ASV_00259,ASV_00357,0.45588235294117646,pos,Farm,IT2
ASV_00259,ASV_00367,0.4632352941176471,pos,Farm,IT2
ASV_00259,ASV_00376,0.48226950354609927,pos,Farm,IT2
ASV_00259,ASV_00391,0.4485294117647059,pos,Farm,IT2
ASV_00259,ASV_00411,0.5185185185185185,pos,Farm,IT2
ASV_00259,ASV_00421,0.5,pos,Farm,IT2
ASV_00259,ASV_00443,0.45255474452554745,pos,Farm,IT2
ASV_00259,ASV_00444,0.48905109489051096,pos,Farm,IT2
ASV_00259,ASV_00451,0.5251798561151079,pos,Farm,IT2
ASV_00259,ASV_00452,0.48507462686567165,pos,Farm,IT2
ASV_00259,ASV_00463,0.5182481751824818,pos,Farm,IT2
ASV_00259,ASV_00467,0.4930555555555556,pos,Farm,IT2
ASV_00259,ASV_00498,0.4732824427480916,pos,Farm,IT2
ASV_00259,ASV_00512,0.48951048951048953,pos,Farm,IT2
ASV_00259,ASV_00518,0.48951048951048953,pos,Farm,IT2
ASV_00259,ASV_00534,0.4930555555555556,pos,Farm,IT2
ASV_00259,ASV_00544,0.4744525547445255,pos,Farm,IT2
ASV_00259,ASV_00548,0.46616541353383456,pos,Farm,IT2
ASV_00259,ASV_00554,0.5109489051094891,pos,Farm,IT2
ASV_00259,ASV_00556,0.49635036496350365,pos,Farm,IT2
ASV_00259,ASV_00569,0.4740740740740741,pos,Farm,IT2
ASV_00259,ASV_00581,0.4621212121212121,pos,Farm,IT2
ASV_00259,ASV_00587,0.47058823529411764,pos,Farm,IT2
ASV_00259,ASV_00620,0.5294117647058824,pos,Farm,IT2
ASV_00259,ASV_00643,0.48905109489051096,pos,Farm,IT2
ASV_00259,ASV_00654,0.45925925925925926,pos,Farm,IT2
ASV_00259,ASV_00656,0.4748201438848921,pos,Farm,IT2
ASV_00259,ASV_00665,0.45185185185185184,pos,Farm,IT2
ASV_00259,ASV_00671,0.48148148148148145,pos,Farm,IT2
ASV_00259,ASV_00687,0.47101449275362317,pos,Farm,IT2
ASV_00259,ASV_00697,0.4485294117647059,pos,Farm,IT2
ASV_00259,ASV_00772,0.4676258992805755,pos,Farm,IT2
ASV_00259,ASV_00793,0.48148148148148145,pos,Farm,IT2
ASV_00259,ASV_00809,0.503448275862069,pos,Farm,IT2
ASV_00259,ASV_00843,0.475177304964539,pos,Farm,IT2
ASV_00259,ASV_00891,0.496551724137931,pos,Farm,IT2
ASV_00259,ASV_00909,0.47058823529411764,pos,Farm,IT2
ASV_00259,ASV_00912,0.4732824427480916,pos,Farm,IT2
ASV_00259,ASV_00952,0.45255474452554745,pos,Farm,IT2
ASV_00259,ASV_00984,0.4748201438848921,pos,Farm,IT2
ASV_00259,ASV_00987,0.45985401459854014,pos,Farm,IT2
ASV_00259,ASV_01018,0.4925373134328358,pos,Farm,IT2
ASV_00259,ASV_01249,0.47058823529411764,pos,Farm,IT2
ASV_00259,ASV_01328,0.46715328467153283,pos,Farm,IT2
ASV_00259,ASV_01385,0.463768115942029,pos,Farm,IT2
ASV_00259,ASV_01491,0.47101449275362317,pos,Farm,IT2
ASV_00259,ASV_01508,0.4788732394366197,pos,Farm,IT2
ASV_00259,ASV_01578,0.4748201438848921,pos,Farm,IT2
ASV_00262,ASV_00264,0.5,pos,Farm,IT2
ASV_00262,ASV_00266,0.5517241379310345,pos,Farm,IT2
ASV_00262,ASV_00269,0.5723684210526315,pos,Farm,IT2
ASV_00262,ASV_00271,0.49635036496350365,pos,Farm,IT2
ASV_00262,ASV_00273,0.5379310344827586,pos,Farm,IT2
ASV_00262,ASV_00276,0.54421768707483,pos,Farm,IT2
ASV_00262,ASV_00282,0.5314685314685315,pos,Farm,IT2
ASV_00262,ASV_00284,0.5034965034965035,pos,Farm,IT2
ASV_00262,ASV_00286,0.5310344827586206,pos,Farm,IT2
ASV_00262,ASV_00290,0.5666666666666667,pos,Farm,IT2
ASV_00262,ASV_00291,0.5,pos,Farm,IT2
ASV_00262,ASV_00292,0.5874125874125874,pos,Farm,IT2
ASV_00262,ASV_00297,0.5136986301369864,pos,Farm,IT2
ASV_00262,ASV_00303,0.48951048951048953,pos,Farm,IT2
ASV_00262,ASV_00304,0.5533333333333333,pos,Farm,IT2
ASV_00262,ASV_00309,0.5306122448979592,pos,Farm,IT2
ASV_00262,ASV_00312,0.5655172413793104,pos,Farm,IT2
ASV_00262,ASV_00315,0.5106382978723404,pos,Farm,IT2
ASV_00262,ASV_00320,0.5925925925925926,pos,Farm,IT2
ASV_00262,ASV_00330,0.5244755244755245,pos,Farm,IT2
ASV_00262,ASV_00331,0.58,pos,Farm,IT2
ASV_00262,ASV_00336,0.5241379310344828,pos,Farm,IT2
ASV_00262,ASV_00343,0.5342465753424658,pos,Farm,IT2
ASV_00262,ASV_00347,0.54421768707483,pos,Farm,IT2
ASV_00262,ASV_00353,0.5422535211267606,pos,Farm,IT2
ASV_00262,ASV_00354,0.5103448275862069,pos,Farm,IT2
ASV_00262,ASV_00355,0.5238095238095238,pos,Farm,IT2
ASV_00262,ASV_00359,0.48951048951048953,pos,Farm,IT2
ASV_00262,ASV_00368,0.5277777777777778,pos,Farm,IT2
ASV_00262,ASV_00369,0.5273972602739726,pos,Farm,IT2
ASV_00262,ASV_00372,0.5106382978723404,pos,Farm,IT2
ASV_00262,ASV_00377,0.5507246376811594,pos,Farm,IT2
ASV_00262,ASV_00390,0.5466666666666666,pos,Farm,IT2
ASV_00262,ASV_00400,0.547945205479452,pos,Farm,IT2
ASV_00262,ASV_00402,0.4788732394366197,pos,Farm,IT2
ASV_00262,ASV_00407,0.5103448275862069,pos,Farm,IT2
ASV_00262,ASV_00425,0.5069444444444444,pos,Farm,IT2
ASV_00262,ASV_00443,0.5611510791366906,pos,Farm,IT2
ASV_00262,ASV_00445,0.5454545454545454,pos,Farm,IT2
ASV_00262,ASV_00447,0.5874125874125874,pos,Farm,IT2
ASV_00262,ASV_00450,0.5238095238095238,pos,Farm,IT2
ASV_00262,ASV_00451,0.5436241610738255,pos,Farm,IT2
ASV_00262,ASV_00452,0.528169014084507,pos,Farm,IT2
ASV_00262,ASV_00453,0.5238095238095238,pos,Farm,IT2
ASV_00262,ASV_00455,0.5352112676056338,pos,Farm,IT2
ASV_00262,ASV_00458,0.5140845070422535,pos,Farm,IT2
ASV_00262,ASV_00459,0.5555555555555556,pos,Farm,IT2
ASV_00262,ASV_00460,0.5448275862068965,pos,Farm,IT2
ASV_00262,ASV_00464,0.54421768707483,pos,Farm,IT2
ASV_00262,ASV_00488,0.5972222222222222,pos,Farm,IT2
ASV_00262,ASV_00493,0.5369127516778524,pos,Farm,IT2
ASV_00262,ASV_00495,0.5285714285714286,pos,Farm,IT2
ASV_00262,ASV_00501,0.5704225352112676,pos,Farm,IT2
ASV_00262,ASV_00506,0.5428571428571428,pos,Farm,IT2
ASV_00262,ASV_00508,0.5244755244755245,pos,Farm,IT2
ASV_00262,ASV_00513,0.5241379310344828,pos,Farm,IT2
ASV_00262,ASV_00514,0.5695364238410596,pos,Farm,IT2
ASV_00262,ASV_00524,0.5,pos,Farm,IT2
ASV_00262,ASV_00529,0.5,pos,Farm,IT2
ASV_00262,ASV_00533,0.5492957746478874,pos,Farm,IT2
ASV_00262,ASV_00534,0.5533333333333333,pos,Farm,IT2
ASV_00262,ASV_00542,0.5503355704697986,pos,Farm,IT2
ASV_00262,ASV_00548,0.48951048951048953,pos,Farm,IT2
ASV_00262,ASV_00550,0.5985915492957746,pos,Farm,IT2
ASV_00262,ASV_00554,0.5845070422535211,pos,Farm,IT2
ASV_00262,ASV_00566,0.5241379310344828,pos,Farm,IT2
ASV_00262,ASV_00568,0.5337837837837838,pos,Farm,IT2
ASV_00262,ASV_00569,0.5069444444444444,pos,Farm,IT2
ASV_00262,ASV_00576,0.5172413793103449,pos,Farm,IT2
ASV_00262,ASV_00581,0.4859154929577465,pos,Farm,IT2
ASV_00262,ASV_00587,0.5352112676056338,pos,Farm,IT2
ASV_00262,ASV_00613,0.4859154929577465,pos,Farm,IT2
ASV_00262,ASV_00620,0.5374149659863946,pos,Farm,IT2
ASV_00262,ASV_00628,0.5314685314685315,pos,Farm,IT2
ASV_00262,ASV_00638,0.5586206896551724,pos,Farm,IT2
ASV_00262,ASV_00641,0.5472972972972973,pos,Farm,IT2
ASV_00262,ASV_00668,0.5138888888888888,pos,Farm,IT2
ASV_00262,ASV_00671,0.5244755244755245,pos,Farm,IT2
ASV_00262,ASV_00687,0.5241379310344828,pos,Farm,IT2
ASV_00262,ASV_00709,0.5136986301369864,pos,Farm,IT2
ASV_00262,ASV_00714,0.48951048951048953,pos,Farm,IT2
ASV_00262,ASV_00721,0.5106382978723404,pos,Farm,IT2
ASV_00262,ASV_00760,0.5902777777777778,pos,Farm,IT2
ASV_00262,ASV_00772,0.5524475524475524,pos,Farm,IT2
ASV_00262,ASV_00793,0.5352112676056338,pos,Farm,IT2
ASV_00262,ASV_00801,0.5070422535211268,pos,Farm,IT2
ASV_00262,ASV_00806,0.5405405405405406,pos,Farm,IT2
ASV_00262,ASV_00809,0.5629139072847682,pos,Farm,IT2
ASV_00262,ASV_00842,0.5034965034965035,pos,Farm,IT2
ASV_00262,ASV_00869,0.5369127516778524,pos,Farm,IT2
ASV_00262,ASV_00987,0.5244755244755245,pos,Farm,IT2
ASV_00262,ASV_01023,0.6013986013986014,pos,Farm,IT2
ASV_00262,ASV_01065,0.5034965034965035,pos,Farm,IT2
ASV_00262,ASV_01101,0.5625,pos,Farm,IT2
ASV_00262,ASV_01541,0.5238095238095238,pos,Farm,IT2
ASV_00262,ASV_01840,0.5347222222222222,pos,Farm,IT2
ASV_00263,ASV_00265,0.5314685314685315,pos,Farm,IT2
ASV_00263,ASV_00270,0.5695364238410596,pos,Farm,IT2
ASV_00263,ASV_00273,0.5306122448979592,pos,Farm,IT2
ASV_00263,ASV_00277,0.56,pos,Farm,IT2
ASV_00263,ASV_00278,0.5405405405405406,pos,Farm,IT2
ASV_00263,ASV_00283,0.5369127516778524,pos,Farm,IT2
ASV_00263,ASV_00284,0.5174825174825175,pos,Farm,IT2
ASV_00263,ASV_00285,0.5172413793103449,pos,Farm,IT2
ASV_00263,ASV_00288,0.564625850340136,pos,Farm,IT2
ASV_00263,ASV_00291,0.4930555555555556,pos,Farm,IT2
ASV_00263,ASV_00292,0.5684931506849316,pos,Farm,IT2
ASV_00263,ASV_00293,0.5629139072847682,pos,Farm,IT2
ASV_00263,ASV_00294,0.5337837837837838,pos,Farm,IT2
ASV_00263,ASV_00295,0.547945205479452,pos,Farm,IT2
ASV_00263,ASV_00298,0.5214285714285715,pos,Farm,IT2
ASV_00263,ASV_00299,0.5492957746478874,pos,Farm,IT2
ASV_00263,ASV_00300,0.5562913907284768,pos,Farm,IT2
ASV_00263,ASV_00303,0.5034965034965035,pos,Farm,IT2
ASV_00263,ASV_00307,0.5208333333333334,pos,Farm,IT2
ASV_00263,ASV_00312,0.5578231292517006,pos,Farm,IT2
ASV_00263,ASV_00313,0.547945205479452,pos,Farm,IT2
ASV_00263,ASV_00315,0.4930555555555556,pos,Farm,IT2
ASV_00263,ASV_00317,0.574468085106383,pos,Farm,IT2
ASV_00263,ASV_00324,0.5205479452054794,pos,Farm,IT2
ASV_00263,ASV_00327,0.5277777777777778,pos,Farm,IT2
ASV_00263,ASV_00333,0.54421768707483,pos,Farm,IT2
ASV_00263,ASV_00339,0.5174825174825175,pos,Farm,IT2
ASV_00263,ASV_00340,0.5616438356164384,pos,Farm,IT2
ASV_00263,ASV_00352,0.5563380281690141,pos,Farm,IT2
ASV_00263,ASV_00355,0.5374149659863946,pos,Farm,IT2
ASV_00263,ASV_00357,0.5138888888888888,pos,Farm,IT2
ASV_00263,ASV_00361,0.5369127516778524,pos,Farm,IT2
ASV_00263,ASV_00368,0.5416666666666666,pos,Farm,IT2
ASV_00263,ASV_00378,0.5503355704697986,pos,Farm,IT2
ASV_00263,ASV_00391,0.5069444444444444,pos,Farm,IT2
ASV_00263,ASV_00393,0.5214285714285715,pos,Farm,IT2
ASV_00263,ASV_00397,0.5238095238095238,pos,Farm,IT2
ASV_00263,ASV_00398,0.5547945205479452,pos,Farm,IT2
ASV_00263,ASV_00412,0.528169014084507,pos,Farm,IT2
ASV_00263,ASV_00418,0.5347222222222222,pos,Farm,IT2
ASV_00263,ASV_00421,0.5547945205479452,pos,Farm,IT2
ASV_00263,ASV_00452,0.5103448275862069,pos,Farm,IT2
ASV_00263,ASV_00459,0.547945205479452,pos,Farm,IT2
ASV_00263,ASV_00479,0.5472972972972973,pos,Farm,IT2
ASV_00263,ASV_00485,0.5337837837837838,pos,Farm,IT2
ASV_00263,ASV_00488,0.5782312925170068,pos,Farm,IT2
ASV_00263,ASV_00490,0.5562913907284768,pos,Farm,IT2
ASV_00263,ASV_00495,0.5,pos,Farm,IT2
ASV_00263,ASV_00498,0.48951048951048953,pos,Farm,IT2
ASV_00263,ASV_00501,0.5306122448979592,pos,Farm,IT2
ASV_00263,ASV_00506,0.5138888888888888,pos,Farm,IT2
ASV_00263,ASV_00518,0.5743243243243243,pos,Farm,IT2
ASV_00263,ASV_00520,0.54421768707483,pos,Farm,IT2
ASV_00263,ASV_00524,0.503448275862069,pos,Farm,IT2
ASV_00263,ASV_00530,0.5238095238095238,pos,Farm,IT2
ASV_00263,ASV_00534,0.5771812080536913,pos,Farm,IT2
ASV_00263,ASV_00536,0.5466666666666666,pos,Farm,IT2
ASV_00263,ASV_00543,0.5763888888888888,pos,Farm,IT2
ASV_00263,ASV_00548,0.5357142857142857,pos,Farm,IT2
ASV_00263,ASV_00581,0.48951048951048953,pos,Farm,IT2
ASV_00263,ASV_00587,0.5384615384615384,pos,Farm,IT2
ASV_00263,ASV_00592,0.5555555555555556,pos,Farm,IT2
ASV_00263,ASV_00595,0.5492957746478874,pos,Farm,IT2
ASV_00263,ASV_00596,0.48951048951048953,pos,Farm,IT2
ASV_00263,ASV_00622,0.5106382978723404,pos,Farm,IT2
ASV_00263,ASV_00628,0.5347222222222222,pos,Farm,IT2
ASV_00263,ASV_00636,0.5761589403973509,pos,Farm,IT2
ASV_00263,ASV_00643,0.5555555555555556,pos,Farm,IT2
ASV_00263,ASV_00645,0.5539568345323741,pos,Farm,IT2
ASV_00263,ASV_00651,0.5594405594405595,pos,Farm,IT2
ASV_00263,ASV_00656,0.541095890410959,pos,Farm,IT2
ASV_00263,ASV_00665,0.5,pos,Farm,IT2
ASV_00263,ASV_00671,0.5492957746478874,pos,Farm,IT2
ASV_00263,ASV_00687,0.5273972602739726,pos,Farm,IT2
ASV_00263,ASV_00726,0.54421768707483,pos,Farm,IT2
ASV_00263,ASV_00728,0.5070422535211268,pos,Farm,IT2
ASV_00263,ASV_00734,0.5547945205479452,pos,Farm,IT2
ASV_00263,ASV_00755,0.5743243243243243,pos,Farm,IT2
ASV_00263,ASV_00801,0.5104895104895105,pos,Farm,IT2
ASV_00263,ASV_00822,0.541095890410959,pos,Farm,IT2
ASV_00263,ASV_00842,0.528169014084507,pos,Farm,IT2
ASV_00263,ASV_00848,0.5724137931034483,pos,Farm,IT2
ASV_00263,ASV_00865,0.5517241379310345,pos,Farm,IT2
ASV_00263,ASV_00873,0.5,pos,Farm,IT2
ASV_00263,ASV_00890,0.5586206896551724,pos,Farm,IT2
ASV_00263,ASV_00929,0.5472972972972973,pos,Farm,IT2
ASV_00263,ASV_00935,0.5448275862068965,pos,Farm,IT2
ASV_00263,ASV_00966,0.5,pos,Farm,IT2
ASV_00263,ASV_00989,0.5,pos,Farm,IT2
ASV_00263,ASV_01018,0.5277777777777778,pos,Farm,IT2
ASV_00263,ASV_01048,0.5633802816901409,pos,Farm,IT2
ASV_00263,ASV_01071,0.5241379310344828,pos,Farm,IT2
ASV_00263,ASV_01092,0.6408450704225352,pos,Farm,IT2
ASV_00263,ASV_01119,0.6068965517241379,pos,Farm,IT2
ASV_00263,ASV_01249,0.5602836879432624,pos,Farm,IT2
ASV_00263,ASV_01253,0.5238095238095238,pos,Farm,IT2
ASV_00263,ASV_01276,0.528169014084507,pos,Farm,IT2
ASV_00263,ASV_01288,0.54421768707483,pos,Farm,IT2
ASV_00263,ASV_01458,0.4965034965034965,pos,Farm,IT2
ASV_00263,ASV_01459,0.5241379310344828,pos,Farm,IT2
ASV_00263,ASV_01941,0.54421768707483,pos,Farm,IT2
ASV_00263,ASV_02149,0.503448275862069,pos,Farm,IT2
ASV_00263,ASV_02332,0.5472972972972973,pos,Farm,IT2
ASV_00264,ASV_00266,0.5357142857142857,pos,Farm,IT2
ASV_00264,ASV_00277,0.5310344827586206,pos,Farm,IT2
ASV_00264,ASV_00282,0.5035971223021583,pos,Farm,IT2
ASV_00264,ASV_00299,0.4857142857142857,pos,Farm,IT2
ASV_00264,ASV_00304,0.5273972602739726,pos,Farm,IT2
ASV_00264,ASV_00315,0.49264705882352944,pos,Farm,IT2
ASV_00264,ASV_00320,0.4855072463768116,pos,Farm,IT2
ASV_00264,ASV_00324,0.48936170212765956,pos,Farm,IT2
ASV_00264,ASV_00325,0.5035460992907801,pos,Farm,IT2
ASV_00264,ASV_00342,0.49645390070921985,pos,Farm,IT2
ASV_00264,ASV_00343,0.4965034965034965,pos,Farm,IT2
ASV_00264,ASV_00350,0.5230769230769231,pos,Farm,IT2
ASV_00264,ASV_00352,0.4928571428571429,pos,Farm,IT2
ASV_00264,ASV_00354,0.48226950354609927,pos,Farm,IT2
ASV_00264,ASV_00356,0.5208333333333334,pos,Farm,IT2
ASV_00264,ASV_00381,0.4785714285714286,pos,Farm,IT2
ASV_00264,ASV_00397,0.5142857142857142,pos,Farm,IT2
ASV_00264,ASV_00410,0.5179856115107914,pos,Farm,IT2
ASV_00264,ASV_00425,0.5,pos,Farm,IT2
ASV_00264,ASV_00437,0.5140845070422535,pos,Farm,IT2
ASV_00264,ASV_00438,0.4859154929577465,pos,Farm,IT2
ASV_00264,ASV_00442,0.5244755244755245,pos,Farm,IT2
ASV_00264,ASV_00443,0.4785714285714286,pos,Farm,IT2
ASV_00264,ASV_00445,0.4859154929577465,pos,Farm,IT2
ASV_00264,ASV_00454,0.5138888888888888,pos,Farm,IT2
ASV_00264,ASV_00458,0.4748201438848921,pos,Farm,IT2
ASV_00264,ASV_00459,0.5620437956204379,pos,Farm,IT2
ASV_00264,ASV_00486,0.5205479452054794,pos,Farm,IT2
ASV_00264,ASV_00498,0.47794117647058826,pos,Farm,IT2
ASV_00264,ASV_00501,0.5,pos,Farm,IT2
ASV_00264,ASV_00529,0.47101449275362317,pos,Farm,IT2
ASV_00264,ASV_00534,0.5379310344827586,pos,Farm,IT2
ASV_00264,ASV_00548,0.47101449275362317,pos,Farm,IT2
ASV_00264,ASV_00555,0.5034965034965035,pos,Farm,IT2
ASV_00264,ASV_00566,0.4859154929577465,pos,Farm,IT2
ASV_00264,ASV_00569,0.5109489051094891,pos,Farm,IT2
ASV_00264,ASV_00581,0.46715328467153283,pos,Farm,IT2
ASV_00264,ASV_00587,0.5072463768115942,pos,Farm,IT2
ASV_00264,ASV_00611,0.5140845070422535,pos,Farm,IT2
ASV_00264,ASV_00620,0.5,pos,Farm,IT2
ASV_00264,ASV_00628,0.5255474452554745,pos,Farm,IT2
ASV_00264,ASV_00636,0.5586206896551724,pos,Farm,IT2
ASV_00264,ASV_00662,0.4785714285714286,pos,Farm,IT2
ASV_00264,ASV_00665,0.4676258992805755,pos,Farm,IT2
ASV_00264,ASV_00671,0.4857142857142857,pos,Farm,IT2
ASV_00264,ASV_00687,0.4859154929577465,pos,Farm,IT2
ASV_00264,ASV_00718,0.5223880597014925,pos,Farm,IT2
ASV_00264,ASV_00760,0.5208333333333334,pos,Farm,IT2
ASV_00264,ASV_00769,0.49645390070921985,pos,Farm,IT2
ASV_00264,ASV_00772,0.5035460992907801,pos,Farm,IT2
ASV_00264,ASV_00778,0.4632352941176471,pos,Farm,IT2
ASV_00264,ASV_00789,0.5434782608695652,pos,Farm,IT2
ASV_00264,ASV_00806,0.503448275862069,pos,Farm,IT2
ASV_00264,ASV_00843,0.5,pos,Farm,IT2
ASV_00264,ASV_00869,0.5208333333333334,pos,Farm,IT2
ASV_00264,ASV_00890,0.4965034965034965,pos,Farm,IT2
ASV_00264,ASV_00912,0.47794117647058826,pos,Farm,IT2
ASV_00264,ASV_01090,0.5138888888888888,pos,Farm,IT2
ASV_00264,ASV_01101,0.5467625899280576,pos,Farm,IT2
ASV_00264,ASV_01124,0.5362318840579711,pos,Farm,IT2
ASV_00264,ASV_01417,0.4859154929577465,pos,Farm,IT2
ASV_00264,ASV_01491,0.4859154929577465,pos,Farm,IT2
ASV_00264,ASV_02332,0.5069444444444444,pos,Farm,IT2
ASV_00265,ASV_00269,0.5436241610738255,pos,Farm,IT2
ASV_00265,ASV_00279,0.4782608695652174,pos,Farm,IT2
ASV_00265,ASV_00285,0.4928571428571429,pos,Farm,IT2
ASV_00265,ASV_00286,0.5323741007194245,pos,Farm,IT2
ASV_00265,ASV_00291,0.48905109489051096,pos,Farm,IT2
ASV_00265,ASV_00292,0.5138888888888888,pos,Farm,IT2
ASV_00265,ASV_00299,0.4928571428571429,pos,Farm,IT2
ASV_00265,ASV_00305,0.5172413793103449,pos,Farm,IT2
ASV_00265,ASV_00328,0.5104895104895105,pos,Farm,IT2
ASV_00265,ASV_00332,0.48936170212765956,pos,Farm,IT2
ASV_00265,ASV_00335,0.518796992481203,pos,Farm,IT2
ASV_00265,ASV_00340,0.5390070921985816,pos,Farm,IT2
ASV_00265,ASV_00346,0.48226950354609927,pos,Farm,IT2
ASV_00265,ASV_00347,0.5244755244755245,pos,Farm,IT2
ASV_00265,ASV_00350,0.4632352941176471,pos,Farm,IT2
ASV_00265,ASV_00357,0.4785714285714286,pos,Farm,IT2
ASV_00265,ASV_00369,0.5177304964539007,pos,Farm,IT2
ASV_00265,ASV_00372,0.48905109489051096,pos,Farm,IT2
ASV_00265,ASV_00377,0.4748201438848921,pos,Farm,IT2
ASV_00265,ASV_00382,0.5069444444444444,pos,Farm,IT2
ASV_00265,ASV_00389,0.5620437956204379,pos,Farm,IT2
ASV_00265,ASV_00404,0.48201438848920863,pos,Farm,IT2
ASV_00265,ASV_00407,0.48936170212765956,pos,Farm,IT2
ASV_00265,ASV_00421,0.5104895104895105,pos,Farm,IT2
ASV_00265,ASV_00426,0.5369127516778524,pos,Farm,IT2
ASV_00265,ASV_00429,0.45255474452554745,pos,Farm,IT2
ASV_00265,ASV_00485,0.5,pos,Farm,IT2
ASV_00265,ASV_00495,0.4748201438848921,pos,Farm,IT2
ASV_00265,ASV_00498,0.4852941176470588,pos,Farm,IT2
ASV_00265,ASV_00504,0.5170068027210885,pos,Farm,IT2
ASV_00265,ASV_00518,0.5205479452054794,pos,Farm,IT2
ASV_00265,ASV_00529,0.4676258992805755,pos,Farm,IT2
ASV_00265,ASV_00533,0.4859154929577465,pos,Farm,IT2
ASV_00265,ASV_00543,0.5428571428571428,pos,Farm,IT2
ASV_00265,ASV_00544,0.4859154929577465,pos,Farm,IT2
ASV_00265,ASV_00548,0.4676258992805755,pos,Farm,IT2
ASV_00265,ASV_00581,0.4744525547445255,pos,Farm,IT2
ASV_00265,ASV_00594,0.5,pos,Farm,IT2
ASV_00265,ASV_00618,0.49295774647887325,pos,Farm,IT2
ASV_00265,ASV_00636,0.54421768707483,pos,Farm,IT2
ASV_00265,ASV_00645,0.4748201438848921,pos,Farm,IT2
ASV_00265,ASV_00651,0.5362318840579711,pos,Farm,IT2
ASV_00265,ASV_00671,0.5144927536231884,pos,Farm,IT2
ASV_00265,ASV_00673,0.5170068027210885,pos,Farm,IT2
ASV_00265,ASV_00714,0.4676258992805755,pos,Farm,IT2
ASV_00265,ASV_00721,0.4782608695652174,pos,Farm,IT2
ASV_00265,ASV_00726,0.5211267605633803,pos,Farm,IT2
ASV_00265,ASV_00732,0.48936170212765956,pos,Farm,IT2
ASV_00265,ASV_00760,0.5172413793103449,pos,Farm,IT2
ASV_00265,ASV_00769,0.49295774647887325,pos,Farm,IT2
ASV_00265,ASV_00807,0.4965034965034965,pos,Farm,IT2
ASV_00265,ASV_00808,0.5035971223021583,pos,Farm,IT2
ASV_00265,ASV_00821,0.5357142857142857,pos,Farm,IT2
ASV_00265,ASV_00822,0.5070422535211268,pos,Farm,IT2
ASV_00265,ASV_00829,0.49645390070921985,pos,Farm,IT2
ASV_00265,ASV_00843,0.5174825174825175,pos,Farm,IT2
ASV_00265,ASV_00875,0.5310344827586206,pos,Farm,IT2
ASV_00265,ASV_00929,0.5683453237410072,pos,Farm,IT2
ASV_00265,ASV_00931,0.5035971223021583,pos,Farm,IT2
ASV_00265,ASV_00935,0.5106382978723404,pos,Farm,IT2
ASV_00265,ASV_00959,0.5434782608695652,pos,Farm,IT2
ASV_00265,ASV_01018,0.5035971223021583,pos,Farm,IT2
ASV_00265,ASV_01153,0.5072463768115942,pos,Farm,IT2
ASV_00265,ASV_01267,0.4859154929577465,pos,Farm,IT2
ASV_00265,ASV_01342,0.5342465753424658,pos,Farm,IT2
ASV_00265,ASV_01385,0.4859154929577465,pos,Farm,IT2
ASV_00265,ASV_01491,0.5474452554744526,pos,Farm,IT2
ASV_00265,ASV_01578,0.5177304964539007,pos,Farm,IT2
ASV_00265,ASV_02020,0.49645390070921985,pos,Farm,IT2
ASV_00265,ASV_02332,0.5352112676056338,pos,Farm,IT2
ASV_00266,ASV_00276,0.5374149659863946,pos,Farm,IT2
ASV_00266,ASV_00282,0.5138888888888888,pos,Farm,IT2
ASV_00266,ASV_00290,0.581081081081081,pos,Farm,IT2
ASV_00266,ASV_00292,0.5586206896551724,pos,Farm,IT2
ASV_00266,ASV_00293,0.5533333333333333,pos,Farm,IT2
ASV_00266,ASV_00296,0.5035460992907801,pos,Farm,IT2
ASV_00266,ASV_00308,0.5069444444444444,pos,Farm,IT2
ASV_00266,ASV_00315,0.5035460992907801,pos,Farm,IT2
ASV_00266,ASV_00318,0.5524475524475524,pos,Farm,IT2
ASV_00266,ASV_00324,0.5208333333333334,pos,Farm,IT2
ASV_00266,ASV_00327,0.528169014084507,pos,Farm,IT2
ASV_00266,ASV_00332,0.5138888888888888,pos,Farm,IT2
ASV_00266,ASV_00339,0.4965034965034965,pos,Farm,IT2
ASV_00266,ASV_00346,0.5174825174825175,pos,Farm,IT2
ASV_00266,ASV_00350,0.5220588235294118,pos,Farm,IT2
ASV_00266,ASV_00373,0.5140845070422535,pos,Farm,IT2
ASV_00266,ASV_00391,0.5070422535211268,pos,Farm,IT2
ASV_00266,ASV_00393,0.5,pos,Farm,IT2
ASV_00266,ASV_00400,0.5306122448979592,pos,Farm,IT2
ASV_00266,ASV_00409,0.5140845070422535,pos,Farm,IT2
ASV_00266,ASV_00440,0.5211267605633803,pos,Farm,IT2
ASV_00266,ASV_00443,0.5,pos,Farm,IT2
ASV_00266,ASV_00452,0.5,pos,Farm,IT2
ASV_00266,ASV_00453,0.5273972602739726,pos,Farm,IT2
ASV_00266,ASV_00454,0.5763888888888888,pos,Farm,IT2
ASV_00266,ASV_00465,0.5277777777777778,pos,Farm,IT2
ASV_00266,ASV_00467,0.6,pos,Farm,IT2
ASV_00266,ASV_00468,0.4852941176470588,pos,Farm,IT2
ASV_00266,ASV_00494,0.5136986301369864,pos,Farm,IT2
ASV_00266,ASV_00501,0.5416666666666666,pos,Farm,IT2
ASV_00266,ASV_00504,0.5608108108108109,pos,Farm,IT2
ASV_00266,ASV_00513,0.5277777777777778,pos,Farm,IT2
ASV_00266,ASV_00518,0.5540540540540541,pos,Farm,IT2
ASV_00266,ASV_00529,0.49295774647887325,pos,Farm,IT2
ASV_00266,ASV_00550,0.5586206896551724,pos,Farm,IT2
ASV_00266,ASV_00563,0.5555555555555556,pos,Farm,IT2
ASV_00266,ASV_00570,0.5070422535211268,pos,Farm,IT2
ASV_00266,ASV_00572,0.5533333333333333,pos,Farm,IT2
ASV_00266,ASV_00595,0.5174825174825175,pos,Farm,IT2
ASV_00266,ASV_00620,0.541095890410959,pos,Farm,IT2
ASV_00266,ASV_00636,0.5666666666666667,pos,Farm,IT2
ASV_00266,ASV_00651,0.5172413793103449,pos,Farm,IT2
ASV_00266,ASV_00656,0.5205479452054794,pos,Farm,IT2
ASV_00266,ASV_00662,0.5211267605633803,pos,Farm,IT2
ASV_00266,ASV_00676,0.5369127516778524,pos,Farm,IT2
ASV_00266,ASV_00687,0.5172413793103449,pos,Farm,IT2
ASV_00266,ASV_00724,0.5069444444444444,pos,Farm,IT2
ASV_00266,ASV_00734,0.5238095238095238,pos,Farm,IT2
ASV_00266,ASV_00772,0.5347222222222222,pos,Farm,IT2
ASV_00266,ASV_00809,0.5666666666666667,pos,Farm,IT2
ASV_00266,ASV_00875,0.5540540540540541,pos,Farm,IT2
ASV_00266,ASV_00929,0.547945205479452,pos,Farm,IT2
ASV_00266,ASV_00959,0.5136986301369864,pos,Farm,IT2
ASV_00266,ASV_01023,0.5405405405405406,pos,Farm,IT2
ASV_00266,ASV_01048,0.5208333333333334,pos,Farm,IT2
ASV_00266,ASV_01090,0.5547945205479452,pos,Farm,IT2
ASV_00266,ASV_01101,0.5555555555555556,pos,Farm,IT2
ASV_00266,ASV_01250,0.5472972972972973,pos,Farm,IT2
ASV_00266,ASV_01417,0.5602836879432624,pos,Farm,IT2
ASV_00266,ASV_01503,0.5273972602739726,pos,Farm,IT2
ASV_00266,ASV_01578,0.5310344827586206,pos,Farm,IT2
ASV_00267,ASV_00274,0.5310344827586206,pos,Farm,IT2
ASV_00267,ASV_00275,0.5172413793103449,pos,Farm,IT2
ASV_00267,ASV_00277,0.5136986301369864,pos,Farm,IT2
ASV_00267,ASV_00290,0.5238095238095238,pos,Farm,IT2
ASV_00267,ASV_00291,0.4744525547445255,pos,Farm,IT2
ASV_00267,ASV_00312,0.5428571428571428,pos,Farm,IT2
ASV_00267,ASV_00318,0.5035460992907801,pos,Farm,IT2
ASV_00267,ASV_00325,0.4859154929577465,pos,Farm,IT2
ASV_00267,ASV_00328,0.5177304964539007,pos,Farm,IT2
ASV_00267,ASV_00333,0.4965034965034965,pos,Farm,IT2
ASV_00267,ASV_00339,0.5111111111111111,pos,Farm,IT2
ASV_00267,ASV_00345,0.5428571428571428,pos,Farm,IT2
ASV_00267,ASV_00346,0.4892086330935252,pos,Farm,IT2
ASV_00267,ASV_00352,0.4857142857142857,pos,Farm,IT2
ASV_00267,ASV_00356,0.5244755244755245,pos,Farm,IT2
ASV_00267,ASV_00357,0.4855072463768116,pos,Farm,IT2
ASV_00267,ASV_00361,0.5,pos,Farm,IT2
ASV_00267,ASV_00372,0.4962962962962963,pos,Farm,IT2
ASV_00267,ASV_00377,0.49264705882352944,pos,Farm,IT2
ASV_00267,ASV_00378,0.503448275862069,pos,Farm,IT2
ASV_00267,ASV_00380,0.4927536231884058,pos,Farm,IT2
ASV_00267,ASV_00381,0.4927536231884058,pos,Farm,IT2
ASV_00267,ASV_00409,0.4748201438848921,pos,Farm,IT2
ASV_00267,ASV_00412,0.4676258992805755,pos,Farm,IT2
ASV_00267,ASV_00416,0.5217391304347826,pos,Farm,IT2
ASV_00267,ASV_00425,0.5373134328358209,pos,Farm,IT2
ASV_00267,ASV_00426,0.5547945205479452,pos,Farm,IT2
ASV_00267,ASV_00447,0.5211267605633803,pos,Farm,IT2
ASV_00267,ASV_00455,0.5,pos,Farm,IT2
ASV_00267,ASV_00459,0.5,pos,Farm,IT2
ASV_00267,ASV_00490,0.5205479452054794,pos,Farm,IT2
ASV_00267,ASV_00501,0.49295774647887325,pos,Farm,IT2
ASV_00267,ASV_00507,0.4859154929577465,pos,Farm,IT2
ASV_00267,ASV_00548,0.4744525547445255,pos,Farm,IT2
ASV_00267,ASV_00551,0.5323741007194245,pos,Farm,IT2
ASV_00267,ASV_00559,0.48226950354609927,pos,Farm,IT2
ASV_00267,ASV_00570,0.48905109489051096,pos,Farm,IT2
ASV_00267,ASV_00595,0.4785714285714286,pos,Farm,IT2
ASV_00267,ASV_00612,0.524822695035461,pos,Farm,IT2
ASV_00267,ASV_00630,0.4744525547445255,pos,Farm,IT2
ASV_00267,ASV_00633,0.5106382978723404,pos,Farm,IT2
ASV_00267,ASV_00638,0.524822695035461,pos,Farm,IT2
ASV_00267,ASV_00643,0.4859154929577465,pos,Farm,IT2
ASV_00267,ASV_00662,0.48201438848920863,pos,Farm,IT2
ASV_00267,ASV_00671,0.5,pos,Farm,IT2
ASV_00267,ASV_00721,0.463768115942029,pos,Farm,IT2
ASV_00267,ASV_00755,0.5172413793103449,pos,Farm,IT2
ASV_00267,ASV_00769,0.5,pos,Farm,IT2
ASV_00267,ASV_00772,0.5514705882352942,pos,Farm,IT2
ASV_00267,ASV_00789,0.5142857142857142,pos,Farm,IT2
ASV_00267,ASV_00793,0.5109489051094891,pos,Farm,IT2
ASV_00267,ASV_00821,0.5547445255474452,pos,Farm,IT2
ASV_00267,ASV_00842,0.48905109489051096,pos,Farm,IT2
ASV_00267,ASV_00848,0.5034965034965035,pos,Farm,IT2
ASV_00267,ASV_00873,0.5149253731343284,pos,Farm,IT2
ASV_00267,ASV_00880,0.5036496350364964,pos,Farm,IT2
ASV_00267,ASV_00912,0.47058823529411764,pos,Farm,IT2
ASV_00267,ASV_00929,0.5104895104895105,pos,Farm,IT2
ASV_00267,ASV_00989,0.48148148148148145,pos,Farm,IT2
ASV_00267,ASV_01018,0.4785714285714286,pos,Farm,IT2
ASV_00267,ASV_01048,0.48226950354609927,pos,Farm,IT2
ASV_00267,ASV_01092,0.5277777777777778,pos,Farm,IT2
ASV_00267,ASV_01119,0.5384615384615384,pos,Farm,IT2
ASV_00267,ASV_01223,0.45925925925925926,pos,Farm,IT2
ASV_00267,ASV_01253,0.4859154929577465,pos,Farm,IT2
ASV_00267,ASV_01288,0.5070422535211268,pos,Farm,IT2
ASV_00267,ASV_01385,0.5144927536231884,pos,Farm,IT2
ASV_00267,ASV_01512,0.4852941176470588,pos,Farm,IT2
ASV_00267,ASV_01941,0.5177304964539007,pos,Farm,IT2
ASV_00269,ASV_00271,0.4931506849315068,pos,Farm,IT2
ASV_00269,ASV_00280,0.5608108108108109,pos,Farm,IT2
ASV_00269,ASV_00284,0.5302013422818792,pos,Farm,IT2
ASV_00269,ASV_00291,0.527027027027027,pos,Farm,IT2
ASV_00269,ASV_00292,0.5789473684210527,pos,Farm,IT2
ASV_00269,ASV_00296,0.5167785234899329,pos,Farm,IT2
ASV_00269,ASV_00303,0.527027027027027,pos,Farm,IT2
ASV_00269,ASV_00307,0.5540540540540541,pos,Farm,IT2
ASV_00269,ASV_00308,0.5503355704697986,pos,Farm,IT2
ASV_00269,ASV_00311,0.5882352941176471,pos,Farm,IT2
ASV_00269,ASV_00312,0.5894039735099338,pos,Farm,IT2
ASV_00269,ASV_00315,0.5167785234899329,pos,Farm,IT2
ASV_00269,ASV_00317,0.5637583892617449,pos,Farm,IT2
ASV_00269,ASV_00320,0.5302013422818792,pos,Farm,IT2
ASV_00269,ASV_00324,0.543046357615894,pos,Farm,IT2
ASV_00269,ASV_00325,0.5562913907284768,pos,Farm,IT2
ASV_00269,ASV_00327,0.5608108108108109,pos,Farm,IT2
ASV_00269,ASV_00332,0.5466666666666666,pos,Farm,IT2
ASV_00269,ASV_00336,0.56,pos,Farm,IT2
ASV_00269,ASV_00343,0.5906040268456376,pos,Farm,IT2
ASV_00269,ASV_00346,0.54,pos,Farm,IT2
ASV_00269,ASV_00356,0.6133333333333333,pos,Farm,IT2
ASV_00269,ASV_00359,0.527027027027027,pos,Farm,IT2
ASV_00269,ASV_00361,0.5789473684210527,pos,Farm,IT2
ASV_00269,ASV_00406,0.5616438356164384,pos,Farm,IT2
ASV_00269,ASV_00407,0.5675675675675675,pos,Farm,IT2
ASV_00269,ASV_00421,0.5761589403973509,pos,Farm,IT2
ASV_00269,ASV_00429,0.5034013605442177,pos,Farm,IT2
ASV_00269,ASV_00443,0.5333333333333333,pos,Farm,IT2
ASV_00269,ASV_00445,0.56,pos,Farm,IT2
ASV_00269,ASV_00453,0.58,pos,Farm,IT2
ASV_00269,ASV_00459,0.5906040268456376,pos,Farm,IT2
ASV_00269,ASV_00463,0.5723684210526315,pos,Farm,IT2
ASV_00269,ASV_00465,0.56,pos,Farm,IT2
ASV_00269,ASV_00468,0.5,pos,Farm,IT2
ASV_00269,ASV_00485,0.5657894736842105,pos,Farm,IT2
ASV_00269,ASV_00488,0.5882352941176471,pos,Farm,IT2
ASV_00269,ASV_00490,0.618421052631579,pos,Farm,IT2
ASV_00269,ASV_00494,0.5562913907284768,pos,Farm,IT2
ASV_00269,ASV_00498,0.5135135135135135,pos,Farm,IT2
ASV_00269,ASV_00504,0.5909090909090909,pos,Farm,IT2
ASV_00269,ASV_00506,0.5472972972972973,pos,Farm,IT2
ASV_00269,ASV_00512,0.5844155844155844,pos,Farm,IT2
ASV_00269,ASV_00513,0.5704697986577181,pos,Farm,IT2
ASV_00269,ASV_00514,0.6233766233766234,pos,Farm,IT2
ASV_00269,ASV_00529,0.527027027027027,pos,Farm,IT2
ASV_00269,ASV_00533,0.5533333333333333,pos,Farm,IT2
ASV_00269,ASV_00534,0.5974025974025974,pos,Farm,IT2
ASV_00269,ASV_00548,0.547945205479452,pos,Farm,IT2
ASV_00269,ASV_00550,0.5894039735099338,pos,Farm,IT2
ASV_00269,ASV_00563,0.5866666666666667,pos,Farm,IT2
ASV_00269,ASV_00570,0.5302013422818792,pos,Farm,IT2
ASV_00269,ASV_00581,0.5342465753424658,pos,Farm,IT2
ASV_00269,ASV_00595,0.54,pos,Farm,IT2
ASV_00269,ASV_00615,0.5234899328859061,pos,Farm,IT2
ASV_00269,ASV_00620,0.5723684210526315,pos,Farm,IT2
ASV_00269,ASV_00633,0.5592105263157895,pos,Farm,IT2
ASV_00269,ASV_00635,0.5816993464052288,pos,Farm,IT2
ASV_00269,ASV_00636,0.6064516129032258,pos,Farm,IT2
ASV_00269,ASV_00671,0.5714285714285714,pos,Farm,IT2
ASV_00269,ASV_00721,0.5374149659863946,pos,Farm,IT2
ASV_00269,ASV_00724,0.54,pos,Farm,IT2
ASV_00269,ASV_00728,0.5306122448979592,pos,Farm,IT2
ASV_00269,ASV_00760,0.5816993464052288,pos,Farm,IT2
ASV_00269,ASV_00772,0.5771812080536913,pos,Farm,IT2
ASV_00269,ASV_00781,0.5704697986577181,pos,Farm,IT2
ASV_00269,ASV_00793,0.54,pos,Farm,IT2
ASV_00269,ASV_00801,0.5337837837837838,pos,Farm,IT2
ASV_00269,ASV_00809,0.6274509803921569,pos,Farm,IT2
ASV_00269,ASV_00843,0.5723684210526315,pos,Farm,IT2
ASV_00269,ASV_00873,0.5234899328859061,pos,Farm,IT2
ASV_00269,ASV_00875,0.5947712418300654,pos,Farm,IT2
ASV_00269,ASV_00891,0.6,pos,Farm,IT2
ASV_00269,ASV_00906,0.6078431372549019,pos,Farm,IT2
ASV_00269,ASV_00935,0.5562913907284768,pos,Farm,IT2
ASV_00269,ASV_00958,0.5496688741721855,pos,Farm,IT2
ASV_00269,ASV_01092,0.5947712418300654,pos,Farm,IT2
ASV_00269,ASV_01267,0.5533333333333333,pos,Farm,IT2
ASV_00269,ASV_01288,0.5657894736842105,pos,Farm,IT2
ASV_00269,ASV_01426,0.5405405405405406,pos,Farm,IT2
ASV_00269,ASV_01491,0.56,pos,Farm,IT2
ASV_00269,ASV_01512,0.527027027027027,pos,Farm,IT2
ASV_00269,ASV_01541,0.5695364238410596,pos,Farm,IT2
ASV_00269,ASV_02332,0.6,pos,Farm,IT2
ASV_00270,ASV_00271,0.4861111111111111,pos,Farm,IT2
ASV_00270,ASV_00273,0.5570469798657718,pos,Farm,IT2
ASV_00270,ASV_00275,0.5894039735099338,pos,Farm,IT2
ASV_00270,ASV_00291,0.5205479452054794,pos,Farm,IT2
ASV_00270,ASV_00292,0.6054421768707483,pos,Farm,IT2
ASV_00270,ASV_00299,0.5337837837837838,pos,Farm,IT2
ASV_00270,ASV_00300,0.5816993464052288,pos,Farm,IT2
ASV_00270,ASV_00304,0.5816993464052288,pos,Farm,IT2
ASV_00270,ASV_00312,0.5629139072847682,pos,Farm,IT2
ASV_00270,ASV_00321,0.5855263157894737,pos,Farm,IT2
ASV_00270,ASV_00326,0.527027027027027,pos,Farm,IT2
ASV_00270,ASV_00340,0.5771812080536913,pos,Farm,IT2
ASV_00270,ASV_00343,0.5743243243243243,pos,Farm,IT2
ASV_00270,ASV_00346,0.5874125874125874,pos,Farm,IT2
ASV_00270,ASV_00347,0.5733333333333334,pos,Farm,IT2
ASV_00270,ASV_00355,0.5533333333333333,pos,Farm,IT2
ASV_00270,ASV_00356,0.5657894736842105,pos,Farm,IT2
ASV_00270,ASV_00359,0.5205479452054794,pos,Farm,IT2
ASV_00270,ASV_00361,0.5629139072847682,pos,Farm,IT2
ASV_00270,ASV_00368,0.5472972972972973,pos,Farm,IT2
ASV_00270,ASV_00380,0.5804195804195804,pos,Farm,IT2
ASV_00270,ASV_00390,0.5960264900662252,pos,Farm,IT2
ASV_00270,ASV_00393,0.5068493150684932,pos,Farm,IT2
ASV_00270,ASV_00403,0.5986394557823129,pos,Farm,IT2
ASV_00270,ASV_00412,0.5238095238095238,pos,Farm,IT2
ASV_00270,ASV_00415,0.54,pos,Farm,IT2
ASV_00270,ASV_00418,0.5616438356164384,pos,Farm,IT2
ASV_00270,ASV_00422,0.5436241610738255,pos,Farm,IT2
ASV_00270,ASV_00443,0.527027027027027,pos,Farm,IT2
ASV_00270,ASV_00474,0.56,pos,Farm,IT2
ASV_00270,ASV_00493,0.5657894736842105,pos,Farm,IT2
ASV_00270,ASV_00494,0.5503355704697986,pos,Farm,IT2
ASV_00270,ASV_00520,0.56,pos,Farm,IT2
ASV_00270,ASV_00524,0.5202702702702703,pos,Farm,IT2
ASV_00270,ASV_00530,0.5714285714285714,pos,Farm,IT2
ASV_00270,ASV_00534,0.6133333333333333,pos,Farm,IT2
ASV_00270,ASV_00541,0.5436241610738255,pos,Farm,IT2
ASV_00270,ASV_00554,0.5704697986577181,pos,Farm,IT2
ASV_00270,ASV_00592,0.5608108108108109,pos,Farm,IT2
ASV_00270,ASV_00595,0.5655172413793104,pos,Farm,IT2
ASV_00270,ASV_00620,0.5666666666666667,pos,Farm,IT2
ASV_00270,ASV_00622,0.5172413793103449,pos,Farm,IT2
ASV_00270,ASV_00630,0.5310344827586206,pos,Farm,IT2
ASV_00270,ASV_00641,0.5657894736842105,pos,Farm,IT2
ASV_00270,ASV_00643,0.54,pos,Farm,IT2
ASV_00270,ASV_00645,0.5273972602739726,pos,Farm,IT2
ASV_00270,ASV_00656,0.5570469798657718,pos,Farm,IT2
ASV_00270,ASV_00666,0.5695364238410596,pos,Farm,IT2
ASV_00270,ASV_00721,0.5310344827586206,pos,Farm,IT2
ASV_00270,ASV_00726,0.5496688741721855,pos,Farm,IT2
ASV_00270,ASV_00758,0.5533333333333333,pos,Farm,IT2
ASV_00270,ASV_00772,0.54,pos,Farm,IT2
ASV_00270,ASV_00802,0.5761589403973509,pos,Farm,IT2
ASV_00270,ASV_00807,0.5570469798657718,pos,Farm,IT2
ASV_00270,ASV_00821,0.5743243243243243,pos,Farm,IT2
ASV_00270,ASV_00822,0.5675675675675675,pos,Farm,IT2
ASV_00270,ASV_00842,0.5342465753424658,pos,Farm,IT2
ASV_00270,ASV_00865,0.589041095890411,pos,Farm,IT2
ASV_00270,ASV_00869,0.6081081081081081,pos,Farm,IT2
ASV_00270,ASV_00875,0.610738255033557,pos,Farm,IT2
ASV_00270,ASV_00924,0.5103448275862069,pos,Farm,IT2
ASV_00270,ASV_01018,0.54421768707483,pos,Farm,IT2
ASV_00270,ASV_01065,0.5342465753424658,pos,Farm,IT2
ASV_00270,ASV_01071,0.5724137931034483,pos,Farm,IT2
ASV_00270,ASV_01092,0.610738255033557,pos,Farm,IT2
ASV_00270,ASV_01101,0.56,pos,Farm,IT2
ASV_00270,ASV_01250,0.5827814569536424,pos,Farm,IT2
ASV_00270,ASV_01267,0.5902777777777778,pos,Farm,IT2
ASV_00270,ASV_01288,0.5704697986577181,pos,Farm,IT2
ASV_00270,ASV_01368,0.5608108108108109,pos,Farm,IT2
ASV_00270,ASV_01459,0.5302013422818792,pos,Farm,IT2
ASV_00270,ASV_01491,0.5540540540540541,pos,Farm,IT2
ASV_00270,ASV_01578,0.5466666666666666,pos,Farm,IT2
ASV_00271,ASV_00279,0.45454545454545453,pos,Farm,IT2
ASV_00271,ASV_00280,0.45925925925925926,pos,Farm,IT2
ASV_00271,ASV_00282,0.45588235294117646,pos,Farm,IT2
ASV_00271,ASV_00284,0.515625,pos,Farm,IT2
ASV_00271,ASV_00286,0.45652173913043476,pos,Farm,IT2
ASV_00271,ASV_00288,0.5447761194029851,pos,Farm,IT2
ASV_00271,ASV_00292,0.4714285714285714,pos,Farm,IT2
ASV_00271,ASV_00297,0.5037593984962406,pos,Farm,IT2
ASV_00271,ASV_00309,0.48905109489051096,pos,Farm,IT2
ASV_00271,ASV_00311,0.48226950354609927,pos,Farm,IT2
ASV_00271,ASV_00313,0.48175182481751827,pos,Farm,IT2
ASV_00271,ASV_00315,0.44360902255639095,pos,Farm,IT2
ASV_00271,ASV_00320,0.45864661654135336,pos,Farm,IT2
ASV_00271,ASV_00324,0.4632352941176471,pos,Farm,IT2
ASV_00271,ASV_00326,0.45185185185185184,pos,Farm,IT2
ASV_00271,ASV_00333,0.4782608695652174,pos,Farm,IT2
ASV_00271,ASV_00336,0.45985401459854014,pos,Farm,IT2
ASV_00271,ASV_00340,0.49635036496350365,pos,Farm,IT2
ASV_00271,ASV_00353,0.45588235294117646,pos,Farm,IT2
ASV_00271,ASV_00355,0.460431654676259,pos,Farm,IT2
ASV_00271,ASV_00359,0.47692307692307695,pos,Farm,IT2
ASV_00271,ASV_00368,0.4632352941176471,pos,Farm,IT2
ASV_00271,ASV_00369,0.4744525547445255,pos,Farm,IT2
ASV_00271,ASV_00403,0.4642857142857143,pos,Farm,IT2
ASV_00271,ASV_00409,0.4552238805970149,pos,Farm,IT2
ASV_00271,ASV_00425,0.47368421052631576,pos,Farm,IT2
ASV_00271,ASV_00450,0.460431654676259,pos,Farm,IT2
ASV_00271,ASV_00451,0.4928571428571429,pos,Farm,IT2
ASV_00271,ASV_00454,0.4785714285714286,pos,Farm,IT2
ASV_00271,ASV_00458,0.4696969696969697,pos,Farm,IT2
ASV_00271,ASV_00459,0.48175182481751827,pos,Farm,IT2
ASV_00271,ASV_00460,0.48175182481751827,pos,Farm,IT2
ASV_00271,ASV_00464,0.4714285714285714,pos,Farm,IT2
ASV_00271,ASV_00494,0.47794117647058826,pos,Farm,IT2
ASV_00271,ASV_00495,0.44029850746268656,pos,Farm,IT2
ASV_00271,ASV_00498,0.46153846153846156,pos,Farm,IT2
ASV_00271,ASV_00504,0.49645390070921985,pos,Farm,IT2
ASV_00271,ASV_00507,0.46715328467153283,pos,Farm,IT2
ASV_00271,ASV_00514,0.5319148936170213,pos,Farm,IT2
ASV_00271,ASV_00524,0.4552238805970149,pos,Farm,IT2
ASV_00271,ASV_00530,0.45652173913043476,pos,Farm,IT2
ASV_00271,ASV_00534,0.5035460992907801,pos,Farm,IT2
ASV_00271,ASV_00536,0.47183098591549294,pos,Farm,IT2
ASV_00271,ASV_00541,0.47058823529411764,pos,Farm,IT2
ASV_00271,ASV_00544,0.45255474452554745,pos,Farm,IT2
ASV_00271,ASV_00581,0.46153846153846156,pos,Farm,IT2
ASV_00271,ASV_00612,0.4855072463768116,pos,Farm,IT2
ASV_00271,ASV_00615,0.44029850746268656,pos,Farm,IT2
ASV_00271,ASV_00633,0.47101449275362317,pos,Farm,IT2
ASV_00271,ASV_00671,0.4485294117647059,pos,Farm,IT2
ASV_00271,ASV_00676,0.47183098591549294,pos,Farm,IT2
ASV_00271,ASV_00789,0.463768115942029,pos,Farm,IT2
ASV_00271,ASV_00793,0.45925925925925926,pos,Farm,IT2
ASV_00271,ASV_00821,0.47101449275362317,pos,Farm,IT2
ASV_00271,ASV_00843,0.4855072463768116,pos,Farm,IT2
ASV_00271,ASV_00848,0.4748201438848921,pos,Farm,IT2
ASV_00271,ASV_00880,0.45185185185185184,pos,Farm,IT2
ASV_00271,ASV_00890,0.460431654676259,pos,Farm,IT2
ASV_00271,ASV_00924,0.4881889763779528,pos,Farm,IT2
ASV_00271,ASV_00958,0.45985401459854014,pos,Farm,IT2
ASV_00271,ASV_01018,0.4485294117647059,pos,Farm,IT2
ASV_00271,ASV_01023,0.4857142857142857,pos,Farm,IT2
ASV_00271,ASV_01152,0.49624060150375937,pos,Farm,IT2
ASV_00271,ASV_01267,0.5190839694656488,pos,Farm,IT2
ASV_00271,ASV_01276,0.48091603053435117,pos,Farm,IT2
ASV_00271,ASV_01288,0.4676258992805755,pos,Farm,IT2
ASV_00271,ASV_01342,0.4825174825174825,pos,Farm,IT2
ASV_00271,ASV_01368,0.47794117647058826,pos,Farm,IT2
ASV_00271,ASV_01385,0.4740740740740741,pos,Farm,IT2
ASV_00271,ASV_01508,0.46808510638297873,pos,Farm,IT2
ASV_00271,ASV_01541,0.48175182481751827,pos,Farm,IT2
ASV_00271,ASV_01840,0.47058823529411764,pos,Farm,IT2
ASV_00271,ASV_02149,0.4444444444444444,pos,Farm,IT2
ASV_00272,ASV_00296,0.5294117647058824,pos,Farm,IT2
ASV_00272,ASV_00309,0.5172413793103449,pos,Farm,IT2
ASV_00272,ASV_00324,0.5467625899280576,pos,Farm,IT2
ASV_00272,ASV_00335,0.48201438848920863,pos,Farm,IT2
ASV_00272,ASV_00345,0.5205479452054794,pos,Farm,IT2
ASV_00272,ASV_00350,0.47101449275362317,pos,Farm,IT2
ASV_00272,ASV_00356,0.5342465753424658,pos,Farm,IT2
ASV_00272,ASV_00368,0.5034965034965035,pos,Farm,IT2
ASV_00272,ASV_00372,0.4857142857142857,pos,Farm,IT2
ASV_00272,ASV_00376,0.5205479452054794,pos,Farm,IT2
ASV_00272,ASV_00378,0.5448275862068965,pos,Farm,IT2
ASV_00272,ASV_00390,0.5763888888888888,pos,Farm,IT2
ASV_00272,ASV_00391,0.48936170212765956,pos,Farm,IT2
ASV_00272,ASV_00397,0.528169014084507,pos,Farm,IT2
ASV_00272,ASV_00398,0.5492957746478874,pos,Farm,IT2
ASV_00272,ASV_00421,0.5384615384615384,pos,Farm,IT2
ASV_00272,ASV_00422,0.5,pos,Farm,IT2
ASV_00272,ASV_00442,0.5486111111111112,pos,Farm,IT2
ASV_00272,ASV_00447,0.5205479452054794,pos,Farm,IT2
ASV_00272,ASV_00451,0.541095890410959,pos,Farm,IT2
ASV_00272,ASV_00453,0.5314685314685315,pos,Farm,IT2
ASV_00272,ASV_00459,0.5103448275862069,pos,Farm,IT2
ASV_00272,ASV_00493,0.5555555555555556,pos,Farm,IT2
ASV_00272,ASV_00494,0.5069444444444444,pos,Farm,IT2
ASV_00272,ASV_00498,0.48201438848920863,pos,Farm,IT2
ASV_00272,ASV_00503,0.5104895104895105,pos,Farm,IT2
ASV_00272,ASV_00511,0.4785714285714286,pos,Farm,IT2
ASV_00272,ASV_00514,0.5466666666666666,pos,Farm,IT2
ASV_00272,ASV_00555,0.5277777777777778,pos,Farm,IT2
ASV_00272,ASV_00561,0.5562913907284768,pos,Farm,IT2
ASV_00272,ASV_00572,0.5472972972972973,pos,Farm,IT2
ASV_00272,ASV_00587,0.5214285714285715,pos,Farm,IT2
ASV_00272,ASV_00594,0.5069444444444444,pos,Farm,IT2
ASV_00272,ASV_00596,0.4714285714285714,pos,Farm,IT2
ASV_00272,ASV_00628,0.4965034965034965,pos,Farm,IT2
ASV_00272,ASV_00635,0.5342465753424658,pos,Farm,IT2
ASV_00272,ASV_00638,0.5136986301369864,pos,Farm,IT2
ASV_00272,ASV_00643,0.55,pos,Farm,IT2
ASV_00272,ASV_00687,0.5,pos,Farm,IT2
ASV_00272,ASV_00709,0.5,pos,Farm,IT2
ASV_00272,ASV_00732,0.5070422535211268,pos,Farm,IT2
ASV_00272,ASV_00757,0.5277777777777778,pos,Farm,IT2
ASV_00272,ASV_00769,0.5319148936170213,pos,Farm,IT2
ASV_00272,ASV_00778,0.4676258992805755,pos,Farm,IT2
ASV_00272,ASV_00808,0.5434782608695652,pos,Farm,IT2
ASV_00272,ASV_00842,0.48936170212765956,pos,Farm,IT2
ASV_00272,ASV_00931,0.5214285714285715,pos,Farm,IT2
ASV_00272,ASV_00959,0.5069444444444444,pos,Farm,IT2
ASV_00272,ASV_00989,0.4927536231884058,pos,Farm,IT2
ASV_00272,ASV_01065,0.48936170212765956,pos,Farm,IT2
ASV_00272,ASV_01092,0.527027027027027,pos,Farm,IT2
ASV_00272,ASV_01179,0.5179856115107914,pos,Farm,IT2
ASV_00272,ASV_01204,0.5342465753424658,pos,Farm,IT2
ASV_00272,ASV_01223,0.47101449275362317,pos,Farm,IT2
ASV_00272,ASV_01503,0.5103448275862069,pos,Farm,IT2
ASV_00273,ASV_00274,0.564625850340136,pos,Farm,IT2
ASV_00273,ASV_00275,0.5405405405405406,pos,Farm,IT2
ASV_00273,ASV_00282,0.5,pos,Farm,IT2
ASV_00273,ASV_00285,0.5140845070422535,pos,Farm,IT2
ASV_00273,ASV_00288,0.541095890410959,pos,Farm,IT2
ASV_00273,ASV_00292,0.5555555555555556,pos,Farm,IT2
ASV_00273,ASV_00296,0.48936170212765956,pos,Farm,IT2
ASV_00273,ASV_00299,0.524822695035461,pos,Farm,IT2
ASV_00273,ASV_00304,0.5540540540540541,pos,Farm,IT2
ASV_00273,ASV_00312,0.5342465753424658,pos,Farm,IT2
ASV_00273,ASV_00317,0.5069444444444444,pos,Farm,IT2
ASV_00273,ASV_00321,0.5369127516778524,pos,Farm,IT2
ASV_00273,ASV_00323,0.5208333333333334,pos,Farm,IT2
ASV_00273,ASV_00330,0.5140845070422535,pos,Farm,IT2
ASV_00273,ASV_00339,0.5251798561151079,pos,Farm,IT2
ASV_00273,ASV_00342,0.5138888888888888,pos,Farm,IT2
ASV_00273,ASV_00346,0.524822695035461,pos,Farm,IT2
ASV_00273,ASV_00365,0.5244755244755245,pos,Farm,IT2
ASV_00273,ASV_00367,0.4965034965034965,pos,Farm,IT2
ASV_00273,ASV_00377,0.5071428571428571,pos,Farm,IT2
ASV_00273,ASV_00380,0.4965034965034965,pos,Farm,IT2
ASV_00273,ASV_00382,0.5273972602739726,pos,Farm,IT2
ASV_00273,ASV_00384,0.5138888888888888,pos,Farm,IT2
ASV_00273,ASV_00390,0.5793103448275863,pos,Farm,IT2
ASV_00273,ASV_00393,0.5072463768115942,pos,Farm,IT2
ASV_00273,ASV_00407,0.5104895104895105,pos,Farm,IT2
ASV_00273,ASV_00410,0.5244755244755245,pos,Farm,IT2
ASV_00273,ASV_00412,0.5142857142857142,pos,Farm,IT2
ASV_00273,ASV_00418,0.5428571428571428,pos,Farm,IT2
ASV_00273,ASV_00447,0.5664335664335665,pos,Farm,IT2
ASV_00273,ASV_00451,0.5985915492957746,pos,Farm,IT2
ASV_00273,ASV_00452,0.4965034965034965,pos,Farm,IT2
ASV_00273,ASV_00453,0.5241379310344828,pos,Farm,IT2
ASV_00273,ASV_00485,0.5310344827586206,pos,Farm,IT2
ASV_00273,ASV_00488,0.54421768707483,pos,Farm,IT2
ASV_00273,ASV_00494,0.5103448275862069,pos,Farm,IT2
ASV_00273,ASV_00495,0.5179856115107914,pos,Farm,IT2
ASV_00273,ASV_00498,0.5182481751824818,pos,Farm,IT2
ASV_00273,ASV_00508,0.5034965034965035,pos,Farm,IT2
ASV_00273,ASV_00529,0.48936170212765956,pos,Farm,IT2
ASV_00273,ASV_00530,0.5103448275862069,pos,Farm,IT2
ASV_00273,ASV_00534,0.5540540540540541,pos,Farm,IT2
ASV_00273,ASV_00542,0.5405405405405406,pos,Farm,IT2
ASV_00273,ASV_00544,0.5069444444444444,pos,Farm,IT2
ASV_00273,ASV_00548,0.5,pos,Farm,IT2
ASV_00273,ASV_00554,0.5310344827586206,pos,Farm,IT2
ASV_00273,ASV_00555,0.5310344827586206,pos,Farm,IT2
ASV_00273,ASV_00566,0.5138888888888888,pos,Farm,IT2
ASV_00273,ASV_00568,0.5238095238095238,pos,Farm,IT2
ASV_00273,ASV_00569,0.5285714285714286,pos,Farm,IT2
ASV_00273,ASV_00570,0.5142857142857142,pos,Farm,IT2
ASV_00273,ASV_00613,0.49640287769784175,pos,Farm,IT2
ASV_00273,ASV_00618,0.5352112676056338,pos,Farm,IT2
ASV_00273,ASV_00622,0.49640287769784175,pos,Farm,IT2
ASV_00273,ASV_00628,0.5319148936170213,pos,Farm,IT2
ASV_00273,ASV_00638,0.5486111111111112,pos,Farm,IT2
ASV_00273,ASV_00641,0.5374149659863946,pos,Farm,IT2
ASV_00273,ASV_00666,0.5734265734265734,pos,Farm,IT2
ASV_00273,ASV_00668,0.524822695035461,pos,Farm,IT2
ASV_00273,ASV_00671,0.5467625899280576,pos,Farm,IT2
ASV_00273,ASV_00673,0.5578231292517006,pos,Farm,IT2
ASV_00273,ASV_00687,0.5138888888888888,pos,Farm,IT2
ASV_00273,ASV_00709,0.5244755244755245,pos,Farm,IT2
ASV_00273,ASV_00718,0.4859154929577465,pos,Farm,IT2
ASV_00273,ASV_00726,0.5310344827586206,pos,Farm,IT2
ASV_00273,ASV_00758,0.5136986301369864,pos,Farm,IT2
ASV_00273,ASV_00760,0.5586206896551724,pos,Farm,IT2
ASV_00273,ASV_00769,0.5138888888888888,pos,Farm,IT2
ASV_00273,ASV_00772,0.5314685314685315,pos,Farm,IT2
ASV_00273,ASV_00778,0.5036496350364964,pos,Farm,IT2
ASV_00273,ASV_00793,0.5034965034965035,pos,Farm,IT2
ASV_00273,ASV_00808,0.524822695035461,pos,Farm,IT2
ASV_00273,ASV_00809,0.5533333333333333,pos,Farm,IT2
ASV_00273,ASV_00815,0.56,pos,Farm,IT2
ASV_00273,ASV_00817,0.5337837837837838,pos,Farm,IT2
ASV_00273,ASV_00842,0.5251798561151079,pos,Farm,IT2
ASV_00273,ASV_00869,0.5804195804195804,pos,Farm,IT2
ASV_00273,ASV_00890,0.5563380281690141,pos,Farm,IT2
ASV_00273,ASV_00912,0.5072463768115942,pos,Farm,IT2
ASV_00273,ASV_00984,0.5277777777777778,pos,Farm,IT2
ASV_00273,ASV_01018,0.5467625899280576,pos,Farm,IT2
ASV_00273,ASV_01023,0.547945205479452,pos,Farm,IT2
ASV_00273,ASV_01092,0.5405405405405406,pos,Farm,IT2
ASV_00273,ASV_01101,0.574468085106383,pos,Farm,IT2
ASV_00273,ASV_01153,0.4965034965034965,pos,Farm,IT2
ASV_00273,ASV_01249,0.5140845070422535,pos,Farm,IT2
ASV_00273,ASV_01250,0.5547945205479452,pos,Farm,IT2
ASV_00273,ASV_01253,0.5314685314685315,pos,Farm,IT2
ASV_00273,ASV_01328,0.5,pos,Farm,IT2
ASV_00273,ASV_01368,0.5103448275862069,pos,Farm,IT2
ASV_00273,ASV_01426,0.5142857142857142,pos,Farm,IT2
ASV_00273,ASV_01458,0.5035971223021583,pos,Farm,IT2
ASV_00273,ASV_01491,0.5138888888888888,pos,Farm,IT2
ASV_00273,ASV_01508,0.5306122448979592,pos,Farm,IT2
ASV_00273,ASV_01541,0.5136986301369864,pos,Farm,IT2
ASV_00274,ASV_00285,0.541095890410959,pos,Farm,IT2
ASV_00274,ASV_00296,0.5172413793103449,pos,Farm,IT2
ASV_00274,ASV_00297,0.5405405405405406,pos,Farm,IT2
ASV_00274,ASV_00298,0.503448275862069,pos,Farm,IT2
ASV_00274,ASV_00313,0.5608108108108109,pos,Farm,IT2
ASV_00274,ASV_00320,0.5205479452054794,pos,Farm,IT2
ASV_00274,ASV_00324,0.5874125874125874,pos,Farm,IT2
ASV_00274,ASV_00346,0.5306122448979592,pos,Farm,IT2
ASV_00274,ASV_00357,0.5486111111111112,pos,Farm,IT2
ASV_00274,ASV_00367,0.5342465753424658,pos,Farm,IT2
ASV_00274,ASV_00369,0.5436241610738255,pos,Farm,IT2
ASV_00274,ASV_00373,0.5170068027210885,pos,Farm,IT2
ASV_00274,ASV_00377,0.5241379310344828,pos,Farm,IT2
ASV_00274,ASV_00384,0.5510204081632653,pos,Farm,IT2
ASV_00274,ASV_00393,0.5138888888888888,pos,Farm,IT2
ASV_00274,ASV_00395,0.5342465753424658,pos,Farm,IT2
ASV_00274,ASV_00407,0.5374149659863946,pos,Farm,IT2
ASV_00274,ASV_00418,0.5586206896551724,pos,Farm,IT2
ASV_00274,ASV_00425,0.5664335664335665,pos,Farm,IT2
ASV_00274,ASV_00437,0.5570469798657718,pos,Farm,IT2
ASV_00274,ASV_00440,0.5238095238095238,pos,Farm,IT2
ASV_00274,ASV_00441,0.541095890410959,pos,Farm,IT2
ASV_00274,ASV_00445,0.5724137931034483,pos,Farm,IT2
ASV_00274,ASV_00452,0.5448275862068965,pos,Farm,IT2
ASV_00274,ASV_00459,0.5608108108108109,pos,Farm,IT2
ASV_00274,ASV_00464,0.56,pos,Farm,IT2
ASV_00274,ASV_00482,0.6038961038961039,pos,Farm,IT2
ASV_00274,ASV_00488,0.5695364238410596,pos,Farm,IT2
ASV_00274,ASV_00494,0.5472972972972973,pos,Farm,IT2
ASV_00274,ASV_00517,0.5448275862068965,pos,Farm,IT2
ASV_00274,ASV_00518,0.5973154362416108,pos,Farm,IT2
ASV_00274,ASV_00533,0.5655172413793104,pos,Farm,IT2
ASV_00274,ASV_00542,0.5761589403973509,pos,Farm,IT2
ASV_00274,ASV_00544,0.5547945205479452,pos,Farm,IT2
ASV_00274,ASV_00548,0.5172413793103449,pos,Farm,IT2
ASV_00274,ASV_00554,0.5570469798657718,pos,Farm,IT2
ASV_00274,ASV_00568,0.56,pos,Farm,IT2
ASV_00274,ASV_00571,0.5466666666666666,pos,Farm,IT2
ASV_00274,ASV_00618,0.5510204081632653,pos,Farm,IT2
ASV_00274,ASV_00628,0.527027027027027,pos,Farm,IT2
ASV_00274,ASV_00633,0.5503355704697986,pos,Farm,IT2
ASV_00274,ASV_00638,0.5533333333333333,pos,Farm,IT2
ASV_00274,ASV_00671,0.5734265734265734,pos,Farm,IT2
ASV_00274,ASV_00673,0.5933333333333334,pos,Farm,IT2
ASV_00274,ASV_00732,0.5374149659863946,pos,Farm,IT2
ASV_00274,ASV_00757,0.5570469798657718,pos,Farm,IT2
ASV_00274,ASV_00758,0.5608108108108109,pos,Farm,IT2
ASV_00274,ASV_00772,0.5684931506849316,pos,Farm,IT2
ASV_00274,ASV_00793,0.5306122448979592,pos,Farm,IT2
ASV_00274,ASV_00801,0.5241379310344828,pos,Farm,IT2
ASV_00274,ASV_00802,0.5629139072847682,pos,Farm,IT2
ASV_00274,ASV_00829,0.5337837837837838,pos,Farm,IT2
ASV_00274,ASV_00842,0.5310344827586206,pos,Farm,IT2
ASV_00274,ASV_00873,0.5454545454545454,pos,Farm,IT2
ASV_00274,ASV_00891,0.5816993464052288,pos,Farm,IT2
ASV_00274,ASV_00906,0.5894039735099338,pos,Farm,IT2
ASV_00274,ASV_01023,0.5733333333333334,pos,Farm,IT2
ASV_00274,ASV_01048,0.5337837837837838,pos,Farm,IT2
ASV_00274,ASV_01065,0.5310344827586206,pos,Farm,IT2
ASV_00274,ASV_01087,0.5503355704697986,pos,Farm,IT2
ASV_00274,ASV_01204,0.5733333333333334,pos,Farm,IT2
ASV_00274,ASV_01223,0.5357142857142857,pos,Farm,IT2
ASV_00274,ASV_01253,0.5369127516778524,pos,Farm,IT2
ASV_00274,ASV_01426,0.5205479452054794,pos,Farm,IT2
ASV_00274,ASV_01458,0.5103448275862069,pos,Farm,IT2
ASV_00274,ASV_02149,0.5170068027210885,pos,Farm,IT2
ASV_00274,ASV_02332,0.56,pos,Farm,IT2
ASV_00275,ASV_00279,0.5138888888888888,pos,Farm,IT2
ASV_00275,ASV_00282,0.5448275862068965,pos,Farm,IT2
ASV_00275,ASV_00288,0.5637583892617449,pos,Farm,IT2
ASV_00275,ASV_00290,0.5789473684210527,pos,Farm,IT2
ASV_00275,ASV_00292,0.5570469798657718,pos,Farm,IT2
ASV_00275,ASV_00303,0.5460992907801419,pos,Farm,IT2
ASV_00275,ASV_00304,0.5973154362416108,pos,Farm,IT2
ASV_00275,ASV_00305,0.5918367346938775,pos,Farm,IT2
ASV_00275,ASV_00307,0.5310344827586206,pos,Farm,IT2
ASV_00275,ASV_00309,0.5436241610738255,pos,Farm,IT2
ASV_00275,ASV_00317,0.5625,pos,Farm,IT2
ASV_00275,ASV_00324,0.5306122448979592,pos,Farm,IT2
ASV_00275,ASV_00330,0.5379310344827586,pos,Farm,IT2
ASV_00275,ASV_00331,0.5816993464052288,pos,Farm,IT2
ASV_00275,ASV_00334,0.5821917808219178,pos,Farm,IT2
ASV_00275,ASV_00336,0.5374149659863946,pos,Farm,IT2
ASV_00275,ASV_00340,0.5503355704697986,pos,Farm,IT2
ASV_00275,ASV_00343,0.5578231292517006,pos,Farm,IT2
ASV_00275,ASV_00346,0.5273972602739726,pos,Farm,IT2
ASV_00275,ASV_00353,0.5238095238095238,pos,Farm,IT2
ASV_00275,ASV_00359,0.5138888888888888,pos,Farm,IT2
ASV_00275,ASV_00361,0.5675675675675675,pos,Farm,IT2
ASV_00275,ASV_00365,0.527027027027027,pos,Farm,IT2
ASV_00275,ASV_00369,0.5616438356164384,pos,Farm,IT2
ASV_00275,ASV_00377,0.5103448275862069,pos,Farm,IT2
ASV_00275,ASV_00380,0.5416666666666666,pos,Farm,IT2
ASV_00275,ASV_00381,0.5633802816901409,pos,Farm,IT2
ASV_00275,ASV_00384,0.547945205479452,pos,Farm,IT2
ASV_00275,ASV_00390,0.5695364238410596,pos,Farm,IT2
ASV_00275,ASV_00393,0.5,pos,Farm,IT2
ASV_00275,ASV_00422,0.547945205479452,pos,Farm,IT2
ASV_00275,ASV_00425,0.5310344827586206,pos,Farm,IT2
ASV_00275,ASV_00426,0.5986842105263158,pos,Farm,IT2
ASV_00275,ASV_00445,0.527027027027027,pos,Farm,IT2
ASV_00275,ASV_00447,0.5466666666666666,pos,Farm,IT2
ASV_00275,ASV_00458,0.5277777777777778,pos,Farm,IT2
ASV_00275,ASV_00459,0.5369127516778524,pos,Farm,IT2
ASV_00275,ASV_00464,0.5570469798657718,pos,Farm,IT2
ASV_00275,ASV_00477,0.5472972972972973,pos,Farm,IT2
ASV_00275,ASV_00482,0.5909090909090909,pos,Farm,IT2
ASV_00275,ASV_00488,0.5878378378378378,pos,Farm,IT2
ASV_00275,ASV_00490,0.6081081081081081,pos,Farm,IT2
ASV_00275,ASV_00495,0.5103448275862069,pos,Farm,IT2
ASV_00275,ASV_00508,0.5273972602739726,pos,Farm,IT2
ASV_00275,ASV_00513,0.5374149659863946,pos,Farm,IT2
ASV_00275,ASV_00517,0.5416666666666666,pos,Farm,IT2
ASV_00275,ASV_00518,0.5733333333333334,pos,Farm,IT2
ASV_00275,ASV_00521,0.5704697986577181,pos,Farm,IT2
ASV_00275,ASV_00528,0.5170068027210885,pos,Farm,IT2
ASV_00275,ASV_00529,0.503448275862069,pos,Farm,IT2
ASV_00275,ASV_00530,0.54421768707483,pos,Farm,IT2
ASV_00275,ASV_00533,0.5306122448979592,pos,Farm,IT2
ASV_00275,ASV_00542,0.5629139072847682,pos,Farm,IT2
ASV_00275,ASV_00548,0.5244755244755245,pos,Farm,IT2
ASV_00275,ASV_00554,0.5753424657534246,pos,Farm,IT2
ASV_00275,ASV_00561,0.5909090909090909,pos,Farm,IT2
ASV_00275,ASV_00570,0.5492957746478874,pos,Farm,IT2
ASV_00275,ASV_00587,0.5379310344827586,pos,Farm,IT2
ASV_00275,ASV_00594,0.5547945205479452,pos,Farm,IT2
ASV_00275,ASV_00620,0.5714285714285714,pos,Farm,IT2
ASV_00275,ASV_00622,0.5,pos,Farm,IT2
ASV_00275,ASV_00628,0.5448275862068965,pos,Farm,IT2
ASV_00275,ASV_00636,0.5751633986928104,pos,Farm,IT2
ASV_00275,ASV_00651,0.527027027027027,pos,Farm,IT2
ASV_00275,ASV_00668,0.5594405594405595,pos,Farm,IT2
ASV_00275,ASV_00671,0.5486111111111112,pos,Farm,IT2
ASV_00275,ASV_00687,0.5374149659863946,pos,Farm,IT2
ASV_00275,ASV_00697,0.5384615384615384,pos,Farm,IT2
ASV_00275,ASV_00718,0.5314685314685315,pos,Farm,IT2
ASV_00275,ASV_00757,0.5436241610738255,pos,Farm,IT2
ASV_00275,ASV_00760,0.6027397260273972,pos,Farm,IT2
ASV_00275,ASV_00769,0.5586206896551724,pos,Farm,IT2
ASV_00275,ASV_00772,0.5337837837837838,pos,Farm,IT2
ASV_00275,ASV_00782,0.547945205479452,pos,Farm,IT2
ASV_00275,ASV_00808,0.5379310344827586,pos,Farm,IT2
ASV_00275,ASV_00815,0.6026490066225165,pos,Farm,IT2
ASV_00275,ASV_00821,0.5684931506849316,pos,Farm,IT2
ASV_00275,ASV_00829,0.5517241379310345,pos,Farm,IT2
ASV_00275,ASV_00865,0.5616438356164384,pos,Farm,IT2
ASV_00275,ASV_00875,0.5838926174496645,pos,Farm,IT2
ASV_00275,ASV_00891,0.5789473684210527,pos,Farm,IT2
ASV_00275,ASV_00906,0.5761589403973509,pos,Farm,IT2
ASV_00275,ASV_00912,0.5,pos,Farm,IT2
ASV_00275,ASV_00924,0.524822695035461,pos,Farm,IT2
ASV_00275,ASV_01023,0.6137931034482759,pos,Farm,IT2
ASV_00275,ASV_01071,0.5342465753424658,pos,Farm,IT2
ASV_00275,ASV_01087,0.5369127516778524,pos,Farm,IT2
ASV_00275,ASV_01092,0.5733333333333334,pos,Farm,IT2
ASV_00275,ASV_01101,0.5436241610738255,pos,Farm,IT2
ASV_00275,ASV_01119,0.5838926174496645,pos,Farm,IT2
ASV_00275,ASV_01153,0.5633802816901409,pos,Farm,IT2
ASV_00275,ASV_01288,0.564625850340136,pos,Farm,IT2
ASV_00275,ASV_01385,0.5625,pos,Farm,IT2
ASV_00275,ASV_01426,0.5492957746478874,pos,Farm,IT2
ASV_00275,ASV_01458,0.496551724137931,pos,Farm,IT2
ASV_00275,ASV_01541,0.5369127516778524,pos,Farm,IT2
ASV_00275,ASV_02332,0.5466666666666666,pos,Farm,IT2
ASV_00276,ASV_00278,0.54421768707483,pos,Farm,IT2
ASV_00276,ASV_00279,0.5177304964539007,pos,Farm,IT2
ASV_00276,ASV_00282,0.5277777777777778,pos,Farm,IT2
ASV_00276,ASV_00285,0.5314685314685315,pos,Farm,IT2
ASV_00276,ASV_00286,0.5273972602739726,pos,Farm,IT2
ASV_00276,ASV_00287,0.5208333333333334,pos,Farm,IT2
ASV_00276,ASV_00292,0.5510204081632653,pos,Farm,IT2
ASV_00276,ASV_00297,0.5310344827586206,pos,Farm,IT2
ASV_00276,ASV_00309,0.5586206896551724,pos,Farm,IT2
ASV_00276,ASV_00321,0.5637583892617449,pos,Farm,IT2
ASV_00276,ASV_00330,0.5103448275862069,pos,Farm,IT2
ASV_00276,ASV_00337,0.5466666666666666,pos,Farm,IT2
ASV_00276,ASV_00346,0.5422535211267606,pos,Farm,IT2
ASV_00276,ASV_00352,0.5277777777777778,pos,Farm,IT2
ASV_00276,ASV_00355,0.5734265734265734,pos,Farm,IT2
ASV_00276,ASV_00389,0.5342465753424658,pos,Farm,IT2
ASV_00276,ASV_00393,0.5142857142857142,pos,Farm,IT2
ASV_00276,ASV_00395,0.503448275862069,pos,Farm,IT2
ASV_00276,ASV_00404,0.5428571428571428,pos,Farm,IT2
ASV_00276,ASV_00409,0.55,pos,Farm,IT2
ASV_00276,ASV_00410,0.5205479452054794,pos,Farm,IT2
ASV_00276,ASV_00438,0.5310344827586206,pos,Farm,IT2
ASV_00276,ASV_00440,0.5138888888888888,pos,Farm,IT2
ASV_00276,ASV_00445,0.5205479452054794,pos,Farm,IT2
ASV_00276,ASV_00450,0.5625,pos,Farm,IT2
ASV_00276,ASV_00453,0.541095890410959,pos,Farm,IT2
ASV_00276,ASV_00458,0.5104895104895105,pos,Farm,IT2
ASV_00276,ASV_00460,0.541095890410959,pos,Farm,IT2
ASV_00276,ASV_00471,0.5238095238095238,pos,Farm,IT2
ASV_00276,ASV_00479,0.5405405405405406,pos,Farm,IT2
ASV_00276,ASV_00495,0.5034965034965035,pos,Farm,IT2
ASV_00276,ASV_00496,0.5238095238095238,pos,Farm,IT2
ASV_00276,ASV_00501,0.5342465753424658,pos,Farm,IT2
ASV_00276,ASV_00511,0.5106382978723404,pos,Farm,IT2
ASV_00276,ASV_00533,0.5136986301369864,pos,Farm,IT2
ASV_00276,ASV_00541,0.5205479452054794,pos,Farm,IT2
ASV_00276,ASV_00572,0.5666666666666667,pos,Farm,IT2
ASV_00276,ASV_00611,0.5374149659863946,pos,Farm,IT2
ASV_00276,ASV_00620,0.5337837837837838,pos,Farm,IT2
ASV_00276,ASV_00636,0.6122448979591837,pos,Farm,IT2
ASV_00276,ASV_00638,0.5337837837837838,pos,Farm,IT2
ASV_00276,ASV_00679,0.5337837837837838,pos,Farm,IT2
ASV_00276,ASV_00758,0.541095890410959,pos,Farm,IT2
ASV_00276,ASV_00760,0.5540540540540541,pos,Farm,IT2
ASV_00276,ASV_00781,0.5416666666666666,pos,Farm,IT2
ASV_00276,ASV_00806,0.5369127516778524,pos,Farm,IT2
ASV_00276,ASV_00829,0.5241379310344828,pos,Farm,IT2
ASV_00276,ASV_00843,0.5337837837837838,pos,Farm,IT2
ASV_00276,ASV_00935,0.5273972602739726,pos,Farm,IT2
ASV_00276,ASV_00959,0.5379310344827586,pos,Farm,IT2
ASV_00276,ASV_01065,0.5104895104895105,pos,Farm,IT2
ASV_00276,ASV_01253,0.5273972602739726,pos,Farm,IT2
ASV_00276,ASV_01342,0.5704697986577181,pos,Farm,IT2
ASV_00276,ASV_01385,0.5347222222222222,pos,Farm,IT2
ASV_00276,ASV_01458,0.5106382978723404,pos,Farm,IT2
ASV_00276,ASV_01491,0.5205479452054794,pos,Farm,IT2
ASV_00276,ASV_01578,0.5664335664335665,pos,Farm,IT2
ASV_00276,ASV_02332,0.5405405405405406,pos,Farm,IT2
ASV_00277,ASV_00299,0.5238095238095238,pos,Farm,IT2
ASV_00277,ASV_00324,0.527027027027027,pos,Farm,IT2
ASV_00277,ASV_00343,0.5540540540540541,pos,Farm,IT2
ASV_00277,ASV_00352,0.5306122448979592,pos,Farm,IT2
ASV_00277,ASV_00356,0.5771812080536913,pos,Farm,IT2
ASV_00277,ASV_00365,0.54421768707483,pos,Farm,IT2
ASV_00277,ASV_00381,0.5379310344827586,pos,Farm,IT2
ASV_00277,ASV_00384,0.5337837837837838,pos,Farm,IT2
ASV_00277,ASV_00397,0.5616438356164384,pos,Farm,IT2
ASV_00277,ASV_00425,0.5170068027210885,pos,Farm,IT2
ASV_00277,ASV_00443,0.5170068027210885,pos,Farm,IT2
ASV_00277,ASV_00455,0.5238095238095238,pos,Farm,IT2
ASV_00277,ASV_00474,0.5608108108108109,pos,Farm,IT2
ASV_00277,ASV_00490,0.5933333333333334,pos,Farm,IT2
ASV_00277,ASV_00496,0.5369127516778524,pos,Farm,IT2
ASV_00277,ASV_00507,0.5510204081632653,pos,Farm,IT2
ASV_00277,ASV_00512,0.5695364238410596,pos,Farm,IT2
ASV_00277,ASV_00524,0.5633802816901409,pos,Farm,IT2
ASV_00277,ASV_00548,0.5103448275862069,pos,Farm,IT2
ASV_00277,ASV_00559,0.5374149659863946,pos,Farm,IT2
ASV_00277,ASV_00570,0.5136986301369864,pos,Farm,IT2
ASV_00277,ASV_00572,0.5789473684210527,pos,Farm,IT2
ASV_00277,ASV_00686,0.5578231292517006,pos,Farm,IT2
ASV_00277,ASV_00687,0.5337837837837838,pos,Farm,IT2
ASV_00277,ASV_00808,0.5342465753424658,pos,Farm,IT2
ASV_00277,ASV_00811,0.5675675675675675,pos,Farm,IT2
ASV_00277,ASV_00817,0.5838926174496645,pos,Farm,IT2
ASV_00277,ASV_00821,0.5436241610738255,pos,Farm,IT2
ASV_00277,ASV_00822,0.5369127516778524,pos,Farm,IT2
ASV_00277,ASV_00848,0.5466666666666666,pos,Farm,IT2
ASV_00277,ASV_00869,0.5562913907284768,pos,Farm,IT2
ASV_00277,ASV_00873,0.5172413793103449,pos,Farm,IT2
ASV_00277,ASV_00989,0.496551724137931,pos,Farm,IT2
ASV_00277,ASV_01090,0.56,pos,Farm,IT2
ASV_00277,ASV_01119,0.5695364238410596,pos,Farm,IT2
ASV_00277,ASV_01124,0.5616438356164384,pos,Farm,IT2
ASV_00277,ASV_01349,0.5405405405405406,pos,Farm,IT2
ASV_00277,ASV_01541,0.5540540540540541,pos,Farm,IT2
ASV_00277,ASV_02149,0.5633802816901409,pos,Farm,IT2
ASV_00278,ASV_00279,0.48951048951048953,pos,Farm,IT2
ASV_00278,ASV_00287,0.5138888888888888,pos,Farm,IT2
ASV_00278,ASV_00305,0.5369127516778524,pos,Farm,IT2
ASV_00278,ASV_00325,0.5310344827586206,pos,Farm,IT2
ASV_00278,ASV_00333,0.5517241379310345,pos,Farm,IT2
ASV_00278,ASV_00337,0.5608108108108109,pos,Farm,IT2
ASV_00278,ASV_00346,0.5138888888888888,pos,Farm,IT2
ASV_00278,ASV_00356,0.5684931506849316,pos,Farm,IT2
ASV_00278,ASV_00367,0.5069444444444444,pos,Farm,IT2
ASV_00278,ASV_00389,0.5486111111111112,pos,Farm,IT2
ASV_00278,ASV_00393,0.49645390070921985,pos,Farm,IT2
ASV_00278,ASV_00404,0.5034965034965035,pos,Farm,IT2
ASV_00278,ASV_00406,0.5034965034965035,pos,Farm,IT2
ASV_00278,ASV_00421,0.5306122448979592,pos,Farm,IT2
ASV_00278,ASV_00422,0.5241379310344828,pos,Farm,IT2
ASV_00278,ASV_00453,0.5238095238095238,pos,Farm,IT2
ASV_00278,ASV_00467,0.5533333333333333,pos,Farm,IT2
ASV_00278,ASV_00490,0.5743243243243243,pos,Farm,IT2
ASV_00278,ASV_00495,0.5285714285714286,pos,Farm,IT2
ASV_00278,ASV_00498,0.5179856115107914,pos,Farm,IT2
ASV_00278,ASV_00507,0.5633802816901409,pos,Farm,IT2
ASV_00278,ASV_00533,0.5384615384615384,pos,Farm,IT2
ASV_00278,ASV_00536,0.5436241610738255,pos,Farm,IT2
ASV_00278,ASV_00561,0.5894039735099338,pos,Farm,IT2
ASV_00278,ASV_00571,0.541095890410959,pos,Farm,IT2
ASV_00278,ASV_00574,0.5655172413793104,pos,Farm,IT2
ASV_00278,ASV_00581,0.4859154929577465,pos,Farm,IT2
ASV_00278,ASV_00613,0.4859154929577465,pos,Farm,IT2
ASV_00278,ASV_00615,0.4965034965034965,pos,Farm,IT2
ASV_00278,ASV_00622,0.4859154929577465,pos,Farm,IT2
ASV_00278,ASV_00633,0.5448275862068965,pos,Farm,IT2
ASV_00278,ASV_00643,0.5205479452054794,pos,Farm,IT2
ASV_00278,ASV_00651,0.5136986301369864,pos,Farm,IT2
ASV_00278,ASV_00726,0.5306122448979592,pos,Farm,IT2
ASV_00278,ASV_00760,0.5369127516778524,pos,Farm,IT2
ASV_00278,ASV_00769,0.5136986301369864,pos,Farm,IT2
ASV_00278,ASV_00789,0.5273972602739726,pos,Farm,IT2
ASV_00278,ASV_00912,0.4859154929577465,pos,Farm,IT2
ASV_00278,ASV_00924,0.4788732394366197,pos,Farm,IT2
ASV_00278,ASV_00931,0.5244755244755245,pos,Farm,IT2
ASV_00278,ASV_01092,0.5821917808219178,pos,Farm,IT2
ASV_00278,ASV_01152,0.5384615384615384,pos,Farm,IT2
ASV_00278,ASV_01250,0.5753424657534246,pos,Farm,IT2
ASV_00278,ASV_01491,0.5136986301369864,pos,Farm,IT2
ASV_00278,ASV_01503,0.5238095238095238,pos,Farm,IT2
ASV_00278,ASV_01508,0.5405405405405406,pos,Farm,IT2
ASV_00278,ASV_01541,0.5342465753424658,pos,Farm,IT2
ASV_00278,ASV_01840,0.5347222222222222,pos,Farm,IT2
ASV_00278,ASV_02020,0.5277777777777778,pos,Farm,IT2
ASV_00279,ASV_00287,0.49635036496350365,pos,Farm,IT2
ASV_00279,ASV_00290,0.5310344827586206,pos,Farm,IT2
ASV_00279,ASV_00292,0.5285714285714286,pos,Farm,IT2
ASV_00279,ASV_00295,0.49645390070921985,pos,Farm,IT2
ASV_00279,ASV_00297,0.5294117647058824,pos,Farm,IT2
ASV_00279,ASV_00299,0.4855072463768116,pos,Farm,IT2
ASV_00279,ASV_00303,0.47058823529411764,pos,Farm,IT2
ASV_00279,ASV_00305,0.5319148936170213,pos,Farm,IT2
ASV_00279,ASV_00312,0.4965034965034965,pos,Farm,IT2
ASV_00279,ASV_00313,0.4859154929577465,pos,Farm,IT2
ASV_00279,ASV_00315,0.47058823529411764,pos,Farm,IT2
ASV_00279,ASV_00318,0.5328467153284672,pos,Farm,IT2
ASV_00279,ASV_00320,0.4962962962962963,pos,Farm,IT2
ASV_00279,ASV_00327,0.4748201438848921,pos,Farm,IT2
ASV_00279,ASV_00334,0.48951048951048953,pos,Farm,IT2
ASV_00279,ASV_00343,0.5071428571428571,pos,Farm,IT2
ASV_00279,ASV_00346,0.5185185185185185,pos,Farm,IT2
ASV_00279,ASV_00347,0.5070422535211268,pos,Farm,IT2
ASV_00279,ASV_00350,0.4444444444444444,pos,Farm,IT2
ASV_00279,ASV_00353,0.48201438848920863,pos,Farm,IT2
ASV_00279,ASV_00355,0.49645390070921985,pos,Farm,IT2
ASV_00279,ASV_00372,0.47058823529411764,pos,Farm,IT2
ASV_00279,ASV_00389,0.5217391304347826,pos,Farm,IT2
ASV_00279,ASV_00393,0.4666666666666667,pos,Farm,IT2
ASV_00279,ASV_00395,0.4676258992805755,pos,Farm,IT2
ASV_00279,ASV_00397,0.48226950354609927,pos,Farm,IT2
ASV_00279,ASV_00402,0.4485294117647059,pos,Farm,IT2
ASV_00279,ASV_00409,0.48175182481751827,pos,Farm,IT2
ASV_00279,ASV_00425,0.4782608695652174,pos,Farm,IT2
ASV_00279,ASV_00426,0.541095890410959,pos,Farm,IT2
ASV_00279,ASV_00440,0.4782608695652174,pos,Farm,IT2
ASV_00279,ASV_00441,0.4748201438848921,pos,Farm,IT2
ASV_00279,ASV_00442,0.5034965034965035,pos,Farm,IT2
ASV_00279,ASV_00444,0.48226950354609927,pos,Farm,IT2
ASV_00279,ASV_00447,0.5070422535211268,pos,Farm,IT2
ASV_00279,ASV_00452,0.48905109489051096,pos,Farm,IT2
ASV_00279,ASV_00458,0.463768115942029,pos,Farm,IT2
ASV_00279,ASV_00468,0.4393939393939394,pos,Farm,IT2
ASV_00279,ASV_00476,0.4748201438848921,pos,Farm,IT2
ASV_00279,ASV_00482,0.54421768707483,pos,Farm,IT2
ASV_00279,ASV_00490,0.5384615384615384,pos,Farm,IT2
ASV_00279,ASV_00494,0.4928571428571429,pos,Farm,IT2
ASV_00279,ASV_00495,0.5,pos,Farm,IT2
ASV_00279,ASV_00507,0.48226950354609927,pos,Farm,IT2
ASV_00279,ASV_00511,0.4740740740740741,pos,Farm,IT2
ASV_00279,ASV_00521,0.5211267605633803,pos,Farm,IT2
ASV_00279,ASV_00524,0.48175182481751827,pos,Farm,IT2
ASV_00279,ASV_00528,0.5073529411764706,pos,Farm,IT2
ASV_00279,ASV_00533,0.4892086330935252,pos,Farm,IT2
ASV_00279,ASV_00542,0.5352112676056338,pos,Farm,IT2
ASV_00279,ASV_00544,0.5,pos,Farm,IT2
ASV_00279,ASV_00551,0.5071428571428571,pos,Farm,IT2
ASV_00279,ASV_00554,0.49295774647887325,pos,Farm,IT2
ASV_00279,ASV_00569,0.4782608695652174,pos,Farm,IT2
ASV_00279,ASV_00572,0.5136986301369864,pos,Farm,IT2
ASV_00279,ASV_00576,0.4785714285714286,pos,Farm,IT2
ASV_00279,ASV_00581,0.45588235294117646,pos,Farm,IT2
ASV_00279,ASV_00612,0.48951048951048953,pos,Farm,IT2
ASV_00279,ASV_00613,0.5114503816793893,pos,Farm,IT2
ASV_00279,ASV_00638,0.5106382978723404,pos,Farm,IT2
ASV_00279,ASV_00651,0.49640287769784175,pos,Farm,IT2
ASV_00279,ASV_00654,0.5303030303030303,pos,Farm,IT2
ASV_00279,ASV_00668,0.4748201438848921,pos,Farm,IT2
ASV_00279,ASV_00671,0.4748201438848921,pos,Farm,IT2
ASV_00279,ASV_00676,0.5174825174825175,pos,Farm,IT2
ASV_00279,ASV_00687,0.4857142857142857,pos,Farm,IT2
ASV_00279,ASV_00718,0.46715328467153283,pos,Farm,IT2
ASV_00279,ASV_00728,0.4632352941176471,pos,Farm,IT2
ASV_00279,ASV_00757,0.5035460992907801,pos,Farm,IT2
ASV_00279,ASV_00798,0.4965034965034965,pos,Farm,IT2
ASV_00279,ASV_00815,0.5342465753424658,pos,Farm,IT2
ASV_00279,ASV_00829,0.5,pos,Farm,IT2
ASV_00279,ASV_00842,0.5303030303030303,pos,Farm,IT2
ASV_00279,ASV_00843,0.48951048951048953,pos,Farm,IT2
ASV_00279,ASV_00890,0.4859154929577465,pos,Farm,IT2
ASV_00279,ASV_01023,0.5428571428571428,pos,Farm,IT2
ASV_00279,ASV_01087,0.5071428571428571,pos,Farm,IT2
ASV_00279,ASV_01124,0.4928571428571429,pos,Farm,IT2
ASV_00279,ASV_01152,0.4785714285714286,pos,Farm,IT2
ASV_00279,ASV_01276,0.4744525547445255,pos,Farm,IT2
ASV_00279,ASV_01342,0.5068493150684932,pos,Farm,IT2
ASV_00279,ASV_01349,0.4928571428571429,pos,Farm,IT2
ASV_00279,ASV_01385,0.5333333333333333,pos,Farm,IT2
ASV_00279,ASV_01491,0.5072463768115942,pos,Farm,IT2
ASV_00279,ASV_01541,0.4859154929577465,pos,Farm,IT2
ASV_00279,ASV_01578,0.5,pos,Farm,IT2
ASV_00279,ASV_02332,0.5285714285714286,pos,Farm,IT2
ASV_00280,ASV_00292,0.5208333333333334,pos,Farm,IT2
ASV_00280,ASV_00293,0.527027027027027,pos,Farm,IT2
ASV_00280,ASV_00315,0.4748201438848921,pos,Farm,IT2
ASV_00280,ASV_00326,0.48226950354609927,pos,Farm,IT2
ASV_00280,ASV_00332,0.49645390070921985,pos,Farm,IT2
ASV_00280,ASV_00347,0.5103448275862069,pos,Farm,IT2
ASV_00280,ASV_00404,0.4785714285714286,pos,Farm,IT2
ASV_00280,ASV_00429,0.4925373134328358,pos,Farm,IT2
ASV_00280,ASV_00463,0.5138888888888888,pos,Farm,IT2
ASV_00280,ASV_00474,0.5069444444444444,pos,Farm,IT2
ASV_00280,ASV_00485,0.5069444444444444,pos,Farm,IT2
ASV_00280,ASV_00524,0.4857142857142857,pos,Farm,IT2
ASV_00280,ASV_00534,0.541095890410959,pos,Farm,IT2
ASV_00280,ASV_00592,0.539568345323741,pos,Farm,IT2
ASV_00280,ASV_00630,0.49635036496350365,pos,Farm,IT2
ASV_00280,ASV_00635,0.5241379310344828,pos,Farm,IT2
ASV_00280,ASV_00676,0.5205479452054794,pos,Farm,IT2
ASV_00280,ASV_00755,0.5170068027210885,pos,Farm,IT2
ASV_00280,ASV_00781,0.5,pos,Farm,IT2
ASV_00280,ASV_00798,0.5422535211267606,pos,Farm,IT2
ASV_00280,ASV_00811,0.5138888888888888,pos,Farm,IT2
ASV_00280,ASV_00865,0.5357142857142857,pos,Farm,IT2
ASV_00280,ASV_00891,0.5337837837837838,pos,Farm,IT2
ASV_00280,ASV_01512,0.4748201438848921,pos,Farm,IT2
ASV_00282,ASV_00288,0.5241379310344828,pos,Farm,IT2
ASV_00282,ASV_00291,0.5373134328358209,pos,Farm,IT2
ASV_00282,ASV_00299,0.5289855072463768,pos,Farm,IT2
ASV_00282,ASV_00304,0.5374149659863946,pos,Farm,IT2
ASV_00282,ASV_00312,0.5602836879432624,pos,Farm,IT2
ASV_00282,ASV_00315,0.48201438848920863,pos,Farm,IT2
ASV_00282,ASV_00317,0.5,pos,Farm,IT2
ASV_00282,ASV_00320,0.49640287769784175,pos,Farm,IT2
ASV_00282,ASV_00326,0.5217391304347826,pos,Farm,IT2
ASV_00282,ASV_00331,0.5862068965517241,pos,Farm,IT2
ASV_00282,ASV_00333,0.5138888888888888,pos,Farm,IT2
ASV_00282,ASV_00335,0.4676258992805755,pos,Farm,IT2
ASV_00282,ASV_00343,0.5069444444444444,pos,Farm,IT2
ASV_00282,ASV_00345,0.5172413793103449,pos,Farm,IT2
ASV_00282,ASV_00350,0.5,pos,Farm,IT2
ASV_00282,ASV_00353,0.49295774647887325,pos,Farm,IT2
ASV_00282,ASV_00368,0.5,pos,Farm,IT2
ASV_00282,ASV_00373,0.48226950354609927,pos,Farm,IT2
ASV_00282,ASV_00377,0.5109489051094891,pos,Farm,IT2
ASV_00282,ASV_00380,0.5,pos,Farm,IT2
ASV_00282,ASV_00387,0.5211267605633803,pos,Farm,IT2
ASV_00282,ASV_00403,0.5103448275862069,pos,Farm,IT2
ASV_00282,ASV_00404,0.4857142857142857,pos,Farm,IT2
ASV_00282,ASV_00406,0.49640287769784175,pos,Farm,IT2
ASV_00282,ASV_00407,0.5142857142857142,pos,Farm,IT2
ASV_00282,ASV_00409,0.4928571428571429,pos,Farm,IT2
ASV_00282,ASV_00410,0.539568345323741,pos,Farm,IT2
ASV_00282,ASV_00416,0.5070422535211268,pos,Farm,IT2
ASV_00282,ASV_00441,0.5071428571428571,pos,Farm,IT2
ASV_00282,ASV_00454,0.5136986301369864,pos,Farm,IT2
ASV_00282,ASV_00455,0.4859154929577465,pos,Farm,IT2
ASV_00282,ASV_00485,0.5138888888888888,pos,Farm,IT2
ASV_00282,ASV_00488,0.5594405594405595,pos,Farm,IT2
ASV_00282,ASV_00490,0.5374149659863946,pos,Farm,IT2
ASV_00282,ASV_00494,0.524822695035461,pos,Farm,IT2
ASV_00282,ASV_00498,0.48905109489051096,pos,Farm,IT2
ASV_00282,ASV_00503,0.5177304964539007,pos,Farm,IT2
ASV_00282,ASV_00504,0.541095890410959,pos,Farm,IT2
ASV_00282,ASV_00506,0.5035971223021583,pos,Farm,IT2
ASV_00282,ASV_00507,0.5034965034965035,pos,Farm,IT2
ASV_00282,ASV_00508,0.4859154929577465,pos,Farm,IT2
ASV_00282,ASV_00566,0.5285714285714286,pos,Farm,IT2
ASV_00282,ASV_00569,0.48936170212765956,pos,Farm,IT2
ASV_00282,ASV_00594,0.5357142857142857,pos,Farm,IT2
ASV_00282,ASV_00595,0.4859154929577465,pos,Farm,IT2
ASV_00282,ASV_00622,0.4676258992805755,pos,Farm,IT2
ASV_00282,ASV_00633,0.528169014084507,pos,Farm,IT2
ASV_00282,ASV_00636,0.5902777777777778,pos,Farm,IT2
ASV_00282,ASV_00645,0.5,pos,Farm,IT2
ASV_00282,ASV_00651,0.5177304964539007,pos,Farm,IT2
ASV_00282,ASV_00673,0.5306122448979592,pos,Farm,IT2
ASV_00282,ASV_00686,0.5104895104895105,pos,Farm,IT2
ASV_00282,ASV_00714,0.48201438848920863,pos,Farm,IT2
ASV_00282,ASV_00718,0.4785714285714286,pos,Farm,IT2
ASV_00282,ASV_00732,0.5142857142857142,pos,Farm,IT2
ASV_00282,ASV_00760,0.5524475524475524,pos,Farm,IT2
ASV_00282,ASV_00772,0.5034965034965035,pos,Farm,IT2
ASV_00282,ASV_00778,0.463768115942029,pos,Farm,IT2
ASV_00282,ASV_00793,0.4859154929577465,pos,Farm,IT2
ASV_00282,ASV_00801,0.5109489051094891,pos,Farm,IT2
ASV_00282,ASV_00806,0.5241379310344828,pos,Farm,IT2
ASV_00282,ASV_00807,0.5104895104895105,pos,Farm,IT2
ASV_00282,ASV_00845,0.4927536231884058,pos,Farm,IT2
ASV_00282,ASV_00906,0.527027027027027,pos,Farm,IT2
ASV_00282,ASV_00929,0.5172413793103449,pos,Farm,IT2
ASV_00282,ASV_00931,0.49645390070921985,pos,Farm,IT2
ASV_00282,ASV_01023,0.5310344827586206,pos,Farm,IT2
ASV_00282,ASV_01092,0.5238095238095238,pos,Farm,IT2
ASV_00282,ASV_01101,0.5352112676056338,pos,Farm,IT2
ASV_00282,ASV_01124,0.5357142857142857,pos,Farm,IT2
ASV_00282,ASV_01253,0.5034965034965035,pos,Farm,IT2
ASV_00282,ASV_01267,0.5,pos,Farm,IT2
ASV_00282,ASV_01385,0.5106382978723404,pos,Farm,IT2
ASV_00282,ASV_01426,0.5072463768115942,pos,Farm,IT2
ASV_00282,ASV_01512,0.5036496350364964,pos,Farm,IT2
ASV_00282,ASV_02149,0.4928571428571429,pos,Farm,IT2
ASV_00283,ASV_00291,0.4965034965034965,pos,Farm,IT2
ASV_00283,ASV_00292,0.5405405405405406,pos,Farm,IT2
ASV_00283,ASV_00297,0.5416666666666666,pos,Farm,IT2
ASV_00283,ASV_00299,0.5642857142857143,pos,Farm,IT2
ASV_00283,ASV_00342,0.5205479452054794,pos,Farm,IT2
ASV_00283,ASV_00346,0.5103448275862069,pos,Farm,IT2
ASV_00283,ASV_00354,0.5172413793103449,pos,Farm,IT2
ASV_00283,ASV_00380,0.5244755244755245,pos,Farm,IT2
ASV_00283,ASV_00398,0.5374149659863946,pos,Farm,IT2
ASV_00283,ASV_00402,0.4859154929577465,pos,Farm,IT2
ASV_00283,ASV_00404,0.5,pos,Farm,IT2
ASV_00283,ASV_00407,0.5277777777777778,pos,Farm,IT2
ASV_00283,ASV_00411,0.5555555555555556,pos,Farm,IT2
ASV_00283,ASV_00438,0.5310344827586206,pos,Farm,IT2
ASV_00283,ASV_00443,0.5138888888888888,pos,Farm,IT2
ASV_00283,ASV_00463,0.5337837837837838,pos,Farm,IT2
ASV_00283,ASV_00465,0.5416666666666666,pos,Farm,IT2
ASV_00283,ASV_00474,0.5374149659863946,pos,Farm,IT2
ASV_00283,ASV_00485,0.5694444444444444,pos,Farm,IT2
ASV_00283,ASV_00494,0.5379310344827586,pos,Farm,IT2
ASV_00283,ASV_00504,0.5533333333333333,pos,Farm,IT2
ASV_00283,ASV_00506,0.528169014084507,pos,Farm,IT2
ASV_00283,ASV_00508,0.5208333333333334,pos,Farm,IT2
ASV_00283,ASV_00520,0.547945205479452,pos,Farm,IT2
ASV_00283,ASV_00534,0.5704697986577181,pos,Farm,IT2
ASV_00283,ASV_00541,0.5205479452054794,pos,Farm,IT2
ASV_00283,ASV_00543,0.547945205479452,pos,Farm,IT2
ASV_00283,ASV_00548,0.5070422535211268,pos,Farm,IT2
ASV_00283,ASV_00556,0.5342465753424658,pos,Farm,IT2
ASV_00283,ASV_00595,0.5314685314685315,pos,Farm,IT2
ASV_00283,ASV_00612,0.5337837837837838,pos,Farm,IT2
ASV_00283,ASV_00620,0.54421768707483,pos,Farm,IT2
ASV_00283,ASV_00622,0.5035460992907801,pos,Farm,IT2
ASV_00283,ASV_00643,0.5379310344827586,pos,Farm,IT2
ASV_00283,ASV_00645,0.5034965034965035,pos,Farm,IT2
ASV_00283,ASV_00654,0.5,pos,Farm,IT2
ASV_00283,ASV_00668,0.5208333333333334,pos,Farm,IT2
ASV_00283,ASV_00673,0.5533333333333333,pos,Farm,IT2
ASV_00283,ASV_00721,0.4965034965034965,pos,Farm,IT2
ASV_00283,ASV_00769,0.5524475524475524,pos,Farm,IT2
ASV_00283,ASV_00793,0.5208333333333334,pos,Farm,IT2
ASV_00283,ASV_00798,0.5405405405405406,pos,Farm,IT2
ASV_00283,ASV_00807,0.5238095238095238,pos,Farm,IT2
ASV_00283,ASV_00815,0.5761589403973509,pos,Farm,IT2
ASV_00283,ASV_00931,0.5103448275862069,pos,Farm,IT2
ASV_00283,ASV_00959,0.5273972602739726,pos,Farm,IT2
ASV_00283,ASV_01018,0.5208333333333334,pos,Farm,IT2
ASV_00283,ASV_01048,0.5241379310344828,pos,Farm,IT2
ASV_00283,ASV_01152,0.5241379310344828,pos,Farm,IT2
ASV_00283,ASV_01578,0.5448275862068965,pos,Farm,IT2
ASV_00283,ASV_02149,0.5174825174825175,pos,Farm,IT2
ASV_00284,ASV_00286,0.5289855072463768,pos,Farm,IT2
ASV_00284,ASV_00287,0.5,pos,Farm,IT2
ASV_00284,ASV_00292,0.5104895104895105,pos,Farm,IT2
ASV_00284,ASV_00295,0.5,pos,Farm,IT2
ASV_00284,ASV_00297,0.5107913669064749,pos,Farm,IT2
ASV_00284,ASV_00298,0.45985401459854014,pos,Farm,IT2
ASV_00284,ASV_00312,0.5,pos,Farm,IT2
ASV_00284,ASV_00320,0.48905109489051096,pos,Farm,IT2
ASV_00284,ASV_00327,0.5,pos,Farm,IT2
ASV_00284,ASV_00334,0.5034965034965035,pos,Farm,IT2
ASV_00284,ASV_00340,0.5357142857142857,pos,Farm,IT2
ASV_00284,ASV_00347,0.5,pos,Farm,IT2
ASV_00284,ASV_00356,0.5244755244755245,pos,Farm,IT2
ASV_00284,ASV_00361,0.5104895104895105,pos,Farm,IT2
ASV_00284,ASV_00382,0.5467625899280576,pos,Farm,IT2
ASV_00284,ASV_00393,0.45985401459854014,pos,Farm,IT2
ASV_00284,ASV_00402,0.49624060150375937,pos,Farm,IT2
ASV_00284,ASV_00425,0.5147058823529411,pos,Farm,IT2
ASV_00284,ASV_00450,0.5,pos,Farm,IT2
ASV_00284,ASV_00452,0.4927536231884058,pos,Farm,IT2
ASV_00284,ASV_00454,0.5069444444444444,pos,Farm,IT2
ASV_00284,ASV_00464,0.5,pos,Farm,IT2
ASV_00284,ASV_00468,0.45454545454545453,pos,Farm,IT2
ASV_00284,ASV_00494,0.4859154929577465,pos,Farm,IT2
ASV_00284,ASV_00501,0.5251798561151079,pos,Farm,IT2
ASV_00284,ASV_00507,0.49645390070921985,pos,Farm,IT2
ASV_00284,ASV_00533,0.48226950354609927,pos,Farm,IT2
ASV_00284,ASV_00544,0.5367647058823529,pos,Farm,IT2
ASV_00284,ASV_00548,0.463768115942029,pos,Farm,IT2
ASV_00284,ASV_00551,0.5106382978723404,pos,Farm,IT2
ASV_00284,ASV_00555,0.4965034965034965,pos,Farm,IT2
ASV_00284,ASV_00566,0.5107913669064749,pos,Farm,IT2
ASV_00284,ASV_00572,0.5273972602739726,pos,Farm,IT2
ASV_00284,ASV_00587,0.4785714285714286,pos,Farm,IT2
ASV_00284,ASV_00594,0.49645390070921985,pos,Farm,IT2
ASV_00284,ASV_00615,0.49264705882352944,pos,Farm,IT2
ASV_00284,ASV_00641,0.5138888888888888,pos,Farm,IT2
ASV_00284,ASV_00666,0.5069444444444444,pos,Farm,IT2
ASV_00284,ASV_00679,0.524822695035461,pos,Farm,IT2
ASV_00284,ASV_00709,0.5217391304347826,pos,Farm,IT2
ASV_00284,ASV_00727,0.4927536231884058,pos,Farm,IT2
ASV_00284,ASV_00728,0.46715328467153283,pos,Farm,IT2
ASV_00284,ASV_00734,0.5620437956204379,pos,Farm,IT2
ASV_00284,ASV_00772,0.4859154929577465,pos,Farm,IT2
ASV_00284,ASV_00793,0.4892086330935252,pos,Farm,IT2
ASV_00284,ASV_00802,0.5138888888888888,pos,Farm,IT2
ASV_00284,ASV_00807,0.49295774647887325,pos,Farm,IT2
ASV_00284,ASV_00817,0.5103448275862069,pos,Farm,IT2
ASV_00284,ASV_00848,0.5140845070422535,pos,Farm,IT2
ASV_00284,ASV_00875,0.5172413793103449,pos,Farm,IT2
ASV_00284,ASV_00891,0.5238095238095238,pos,Farm,IT2
ASV_00284,ASV_00924,0.4632352941176471,pos,Farm,IT2
ASV_00284,ASV_00935,0.4859154929577465,pos,Farm,IT2
ASV_00284,ASV_00958,0.5107913669064749,pos,Farm,IT2
ASV_00284,ASV_01087,0.5,pos,Farm,IT2
ASV_00284,ASV_01179,0.49635036496350365,pos,Farm,IT2
ASV_00284,ASV_01267,0.5255474452554745,pos,Farm,IT2
ASV_00284,ASV_01342,0.5633802816901409,pos,Farm,IT2
ASV_00284,ASV_01459,0.4857142857142857,pos,Farm,IT2
ASV_00284,ASV_01508,0.5390070921985816,pos,Farm,IT2
ASV_00285,ASV_00286,0.5177304964539007,pos,Farm,IT2
ASV_00285,ASV_00292,0.5531914893617021,pos,Farm,IT2
ASV_00285,ASV_00297,0.5214285714285715,pos,Farm,IT2
ASV_00285,ASV_00303,0.4855072463768116,pos,Farm,IT2
ASV_00285,ASV_00304,0.5306122448979592,pos,Farm,IT2
ASV_00285,ASV_00305,0.5673758865248227,pos,Farm,IT2
ASV_00285,ASV_00323,0.5070422535211268,pos,Farm,IT2
ASV_00285,ASV_00333,0.5069444444444444,pos,Farm,IT2
ASV_00285,ASV_00334,0.5138888888888888,pos,Farm,IT2
ASV_00285,ASV_00337,0.5170068027210885,pos,Farm,IT2
ASV_00285,ASV_00345,0.5103448275862069,pos,Farm,IT2
ASV_00285,ASV_00346,0.48936170212765956,pos,Farm,IT2
ASV_00285,ASV_00347,0.5314685314685315,pos,Farm,IT2
ASV_00285,ASV_00357,0.49640287769784175,pos,Farm,IT2
ASV_00285,ASV_00359,0.4855072463768116,pos,Farm,IT2
ASV_00285,ASV_00384,0.5,pos,Farm,IT2
ASV_00285,ASV_00398,0.5174825174825175,pos,Farm,IT2
ASV_00285,ASV_00409,0.49640287769784175,pos,Farm,IT2
ASV_00285,ASV_00416,0.5,pos,Farm,IT2
ASV_00285,ASV_00438,0.5434782608695652,pos,Farm,IT2
ASV_00285,ASV_00443,0.4928571428571429,pos,Farm,IT2
ASV_00285,ASV_00444,0.5285714285714286,pos,Farm,IT2
ASV_00285,ASV_00445,0.5214285714285715,pos,Farm,IT2
ASV_00285,ASV_00447,0.5103448275862069,pos,Farm,IT2
ASV_00285,ASV_00460,0.5,pos,Farm,IT2
ASV_00285,ASV_00471,0.5140845070422535,pos,Farm,IT2
ASV_00285,ASV_00474,0.528169014084507,pos,Farm,IT2
ASV_00285,ASV_00486,0.5342465753424658,pos,Farm,IT2
ASV_00285,ASV_00488,0.5310344827586206,pos,Farm,IT2
ASV_00285,ASV_00498,0.47101449275362317,pos,Farm,IT2
ASV_00285,ASV_00503,0.5214285714285715,pos,Farm,IT2
ASV_00285,ASV_00511,0.4676258992805755,pos,Farm,IT2
ASV_00285,ASV_00518,0.5486111111111112,pos,Farm,IT2
ASV_00285,ASV_00533,0.5142857142857142,pos,Farm,IT2
ASV_00285,ASV_00541,0.5,pos,Farm,IT2
ASV_00285,ASV_00544,0.49295774647887325,pos,Farm,IT2
ASV_00285,ASV_00548,0.4748201438848921,pos,Farm,IT2
ASV_00285,ASV_00559,0.5362318840579711,pos,Farm,IT2
ASV_00285,ASV_00563,0.55,pos,Farm,IT2
ASV_00285,ASV_00570,0.5,pos,Farm,IT2
ASV_00285,ASV_00571,0.5069444444444444,pos,Farm,IT2
ASV_00285,ASV_00572,0.527027027027027,pos,Farm,IT2
ASV_00285,ASV_00581,0.47101449275362317,pos,Farm,IT2
ASV_00285,ASV_00594,0.4965034965034965,pos,Farm,IT2
ASV_00285,ASV_00615,0.48201438848920863,pos,Farm,IT2
ASV_00285,ASV_00620,0.5244755244755245,pos,Farm,IT2
ASV_00285,ASV_00628,0.5401459854014599,pos,Farm,IT2
ASV_00285,ASV_00636,0.5405405405405406,pos,Farm,IT2
ASV_00285,ASV_00673,0.5342465753424658,pos,Farm,IT2
ASV_00285,ASV_00697,0.4785714285714286,pos,Farm,IT2
ASV_00285,ASV_00709,0.5214285714285715,pos,Farm,IT2
ASV_00285,ASV_00718,0.5373134328358209,pos,Farm,IT2
ASV_00285,ASV_00726,0.5390070921985816,pos,Farm,IT2
ASV_00285,ASV_00728,0.4676258992805755,pos,Farm,IT2
ASV_00285,ASV_00732,0.49645390070921985,pos,Farm,IT2
ASV_00285,ASV_00755,0.5170068027210885,pos,Farm,IT2
ASV_00285,ASV_00758,0.5,pos,Farm,IT2
ASV_00285,ASV_00769,0.5,pos,Farm,IT2
ASV_00285,ASV_00772,0.5070422535211268,pos,Farm,IT2
ASV_00285,ASV_00778,0.46715328467153283,pos,Farm,IT2
ASV_00285,ASV_00781,0.5434782608695652,pos,Farm,IT2
ASV_00285,ASV_00802,0.5136986301369864,pos,Farm,IT2
ASV_00285,ASV_00806,0.5277777777777778,pos,Farm,IT2
ASV_00285,ASV_00822,0.5140845070422535,pos,Farm,IT2
ASV_00285,ASV_00829,0.5142857142857142,pos,Farm,IT2
ASV_00285,ASV_00931,0.48936170212765956,pos,Farm,IT2
ASV_00285,ASV_00935,0.5177304964539007,pos,Farm,IT2
ASV_00285,ASV_00966,0.47101449275362317,pos,Farm,IT2
ASV_00285,ASV_00984,0.5034965034965035,pos,Farm,IT2
ASV_00285,ASV_00989,0.49264705882352944,pos,Farm,IT2
ASV_00285,ASV_01119,0.5273972602739726,pos,Farm,IT2
ASV_00285,ASV_01328,0.5179856115107914,pos,Farm,IT2
ASV_00285,ASV_01426,0.4892086330935252,pos,Farm,IT2
ASV_00285,ASV_01458,0.4782608695652174,pos,Farm,IT2
ASV_00285,ASV_01503,0.5104895104895105,pos,Farm,IT2
ASV_00285,ASV_01941,0.55,pos,Farm,IT2
ASV_00285,ASV_02149,0.5294117647058824,pos,Farm,IT2
ASV_00286,ASV_00294,0.5136986301369864,pos,Farm,IT2
ASV_00286,ASV_00295,0.5492957746478874,pos,Farm,IT2
ASV_00286,ASV_00297,0.528169014084507,pos,Farm,IT2
ASV_00286,ASV_00298,0.4785714285714286,pos,Farm,IT2
ASV_00286,ASV_00305,0.5517241379310345,pos,Farm,IT2
ASV_00286,ASV_00307,0.5,pos,Farm,IT2
ASV_00286,ASV_00309,0.5136986301369864,pos,Farm,IT2
ASV_00286,ASV_00311,0.527027027027027,pos,Farm,IT2
ASV_00286,ASV_00315,0.48226950354609927,pos,Farm,IT2
ASV_00286,ASV_00320,0.5289855072463768,pos,Farm,IT2
ASV_00286,ASV_00324,0.5,pos,Farm,IT2
ASV_00286,ASV_00328,0.5136986301369864,pos,Farm,IT2
ASV_00286,ASV_00332,0.5034965034965035,pos,Farm,IT2
ASV_00286,ASV_00336,0.5390070921985816,pos,Farm,IT2
ASV_00286,ASV_00346,0.4965034965034965,pos,Farm,IT2
ASV_00286,ASV_00347,0.5379310344827586,pos,Farm,IT2
ASV_00286,ASV_00353,0.5140845070422535,pos,Farm,IT2
ASV_00286,ASV_00354,0.5579710144927537,pos,Farm,IT2
ASV_00286,ASV_00355,0.5277777777777778,pos,Farm,IT2
ASV_00286,ASV_00373,0.49295774647887325,pos,Farm,IT2
ASV_00286,ASV_00378,0.5306122448979592,pos,Farm,IT2
ASV_00286,ASV_00382,0.5310344827586206,pos,Farm,IT2
ASV_00286,ASV_00384,0.5174825174825175,pos,Farm,IT2
ASV_00286,ASV_00389,0.5208333333333334,pos,Farm,IT2
ASV_00286,ASV_00411,0.5314685314685315,pos,Farm,IT2
ASV_00286,ASV_00422,0.5174825174825175,pos,Farm,IT2
ASV_00286,ASV_00437,0.5241379310344828,pos,Farm,IT2
ASV_00286,ASV_00441,0.4965034965034965,pos,Farm,IT2
ASV_00286,ASV_00443,0.5661764705882353,pos,Farm,IT2
ASV_00286,ASV_00444,0.5244755244755245,pos,Farm,IT2
ASV_00286,ASV_00465,0.5390070921985816,pos,Farm,IT2
ASV_00286,ASV_00467,0.5793103448275863,pos,Farm,IT2
ASV_00286,ASV_00474,0.5563380281690141,pos,Farm,IT2
ASV_00286,ASV_00477,0.5172413793103449,pos,Farm,IT2
ASV_00286,ASV_00482,0.5629139072847682,pos,Farm,IT2
ASV_00286,ASV_00486,0.5405405405405406,pos,Farm,IT2
ASV_00286,ASV_00493,0.5306122448979592,pos,Farm,IT2
ASV_00286,ASV_00501,0.5314685314685315,pos,Farm,IT2
ASV_00286,ASV_00504,0.5724137931034483,pos,Farm,IT2
ASV_00286,ASV_00508,0.4965034965034965,pos,Farm,IT2
ASV_00286,ASV_00513,0.5390070921985816,pos,Farm,IT2
ASV_00286,ASV_00514,0.5743243243243243,pos,Farm,IT2
ASV_00286,ASV_00534,0.5369127516778524,pos,Farm,IT2
ASV_00286,ASV_00536,0.547945205479452,pos,Farm,IT2
ASV_00286,ASV_00543,0.5136986301369864,pos,Farm,IT2
ASV_00286,ASV_00548,0.5255474452554745,pos,Farm,IT2
ASV_00286,ASV_00550,0.5379310344827586,pos,Farm,IT2
ASV_00286,ASV_00555,0.5136986301369864,pos,Farm,IT2
ASV_00286,ASV_00559,0.5,pos,Farm,IT2
ASV_00286,ASV_00570,0.5289855072463768,pos,Farm,IT2
ASV_00286,ASV_00572,0.5753424657534246,pos,Farm,IT2
ASV_00286,ASV_00581,0.5447761194029851,pos,Farm,IT2
ASV_00286,ASV_00587,0.5285714285714286,pos,Farm,IT2
ASV_00286,ASV_00594,0.5244755244755245,pos,Farm,IT2
ASV_00286,ASV_00595,0.4965034965034965,pos,Farm,IT2
ASV_00286,ASV_00613,0.4785714285714286,pos,Farm,IT2
ASV_00286,ASV_00615,0.48936170212765956,pos,Farm,IT2
ASV_00286,ASV_00622,0.5,pos,Farm,IT2
ASV_00286,ASV_00636,0.5570469798657718,pos,Farm,IT2
ASV_00286,ASV_00638,0.5416666666666666,pos,Farm,IT2
ASV_00286,ASV_00651,0.5069444444444444,pos,Farm,IT2
ASV_00286,ASV_00679,0.5310344827586206,pos,Farm,IT2
ASV_00286,ASV_00718,0.5,pos,Farm,IT2
ASV_00286,ASV_00734,0.5563380281690141,pos,Farm,IT2
ASV_00286,ASV_00757,0.5454545454545454,pos,Farm,IT2
ASV_00286,ASV_00760,0.5306122448979592,pos,Farm,IT2
ASV_00286,ASV_00769,0.5174825174825175,pos,Farm,IT2
ASV_00286,ASV_00772,0.5138888888888888,pos,Farm,IT2
ASV_00286,ASV_00798,0.5486111111111112,pos,Farm,IT2
ASV_00286,ASV_00806,0.5238095238095238,pos,Farm,IT2
ASV_00286,ASV_00807,0.5208333333333334,pos,Farm,IT2
ASV_00286,ASV_00809,0.5782312925170068,pos,Farm,IT2
ASV_00286,ASV_00829,0.5211267605633803,pos,Farm,IT2
ASV_00286,ASV_00843,0.5205479452054794,pos,Farm,IT2
ASV_00286,ASV_00845,0.48226950354609927,pos,Farm,IT2
ASV_00286,ASV_00890,0.5384615384615384,pos,Farm,IT2
ASV_00286,ASV_01018,0.5177304964539007,pos,Farm,IT2
ASV_00286,ASV_01065,0.4859154929577465,pos,Farm,IT2
ASV_00286,ASV_01124,0.5683453237410072,pos,Farm,IT2
ASV_00286,ASV_01179,0.49295774647887325,pos,Farm,IT2
ASV_00286,ASV_01249,0.4965034965034965,pos,Farm,IT2
ASV_00286,ASV_01253,0.5244755244755245,pos,Farm,IT2
ASV_00286,ASV_01342,0.5578231292517006,pos,Farm,IT2
ASV_00286,ASV_01941,0.5241379310344828,pos,Farm,IT2
ASV_00286,ASV_02332,0.5486111111111112,pos,Farm,IT2
ASV_00287,ASV_00297,0.5106382978723404,pos,Farm,IT2
ASV_00287,ASV_00305,0.5136986301369864,pos,Farm,IT2
ASV_00287,ASV_00320,0.4785714285714286,pos,Farm,IT2
ASV_00287,ASV_00325,0.4965034965034965,pos,Farm,IT2
ASV_00287,ASV_00346,0.5107913669064749,pos,Farm,IT2
ASV_00287,ASV_00352,0.4859154929577465,pos,Farm,IT2
ASV_00287,ASV_00354,0.5071428571428571,pos,Farm,IT2
ASV_00287,ASV_00355,0.5,pos,Farm,IT2
ASV_00287,ASV_00356,0.5563380281690141,pos,Farm,IT2
ASV_00287,ASV_00359,0.5298507462686567,pos,Farm,IT2
ASV_00287,ASV_00382,0.5138888888888888,pos,Farm,IT2
ASV_00287,ASV_00409,0.4857142857142857,pos,Farm,IT2
ASV_00287,ASV_00412,0.4785714285714286,pos,Farm,IT2
ASV_00287,ASV_00425,0.4928571428571429,pos,Farm,IT2
ASV_00287,ASV_00444,0.5177304964539007,pos,Farm,IT2
ASV_00287,ASV_00483,0.5205479452054794,pos,Farm,IT2
ASV_00287,ASV_00485,0.5069444444444444,pos,Farm,IT2
ASV_00287,ASV_00495,0.4927536231884058,pos,Farm,IT2
ASV_00287,ASV_00496,0.524822695035461,pos,Farm,IT2
ASV_00287,ASV_00530,0.5285714285714286,pos,Farm,IT2
ASV_00287,ASV_00536,0.5310344827586206,pos,Farm,IT2
ASV_00287,ASV_00542,0.5273972602739726,pos,Farm,IT2
ASV_00287,ASV_00543,0.5069444444444444,pos,Farm,IT2
ASV_00287,ASV_00569,0.4928571428571429,pos,Farm,IT2
ASV_00287,ASV_00595,0.5,pos,Farm,IT2
ASV_00287,ASV_00641,0.5136986301369864,pos,Farm,IT2
ASV_00287,ASV_00654,0.5,pos,Farm,IT2
ASV_00287,ASV_00728,0.4676258992805755,pos,Farm,IT2
ASV_00287,ASV_00760,0.5136986301369864,pos,Farm,IT2
ASV_00287,ASV_00807,0.5034965034965035,pos,Farm,IT2
ASV_00287,ASV_00817,0.5310344827586206,pos,Farm,IT2
ASV_00287,ASV_00822,0.5140845070422535,pos,Farm,IT2
ASV_00287,ASV_00829,0.5035460992907801,pos,Farm,IT2
ASV_00287,ASV_00869,0.5347222222222222,pos,Farm,IT2
ASV_00287,ASV_00931,0.48936170212765956,pos,Farm,IT2
ASV_00287,ASV_00958,0.5,pos,Farm,IT2
ASV_00287,ASV_01253,0.5070422535211268,pos,Farm,IT2
ASV_00287,ASV_01328,0.4859154929577465,pos,Farm,IT2
ASV_00287,ASV_01368,0.5177304964539007,pos,Farm,IT2
ASV_00287,ASV_01491,0.5,pos,Farm,IT2
ASV_00287,ASV_01578,0.524822695035461,pos,Farm,IT2
ASV_00287,ASV_01941,0.5069444444444444,pos,Farm,IT2
ASV_00288,ASV_00291,0.5034965034965035,pos,Farm,IT2
ASV_00288,ASV_00292,0.5684931506849316,pos,Farm,IT2
ASV_00288,ASV_00296,0.4930555555555556,pos,Farm,IT2
ASV_00288,ASV_00297,0.5379310344827586,pos,Farm,IT2
ASV_00288,ASV_00298,0.5214285714285715,pos,Farm,IT2
ASV_00288,ASV_00299,0.5277777777777778,pos,Farm,IT2
ASV_00288,ASV_00303,0.5034965034965035,pos,Farm,IT2
ASV_00288,ASV_00304,0.5771812080536913,pos,Farm,IT2
ASV_00288,ASV_00305,0.5608108108108109,pos,Farm,IT2
ASV_00288,ASV_00309,0.5547945205479452,pos,Farm,IT2
ASV_00288,ASV_00311,0.5466666666666666,pos,Farm,IT2
ASV_00288,ASV_00312,0.5578231292517006,pos,Farm,IT2
ASV_00288,ASV_00315,0.5034965034965035,pos,Farm,IT2
ASV_00288,ASV_00317,0.5205479452054794,pos,Farm,IT2
ASV_00288,ASV_00328,0.54421768707483,pos,Farm,IT2
ASV_00288,ASV_00333,0.5547945205479452,pos,Farm,IT2
ASV_00288,ASV_00339,0.5390070921985816,pos,Farm,IT2
ASV_00288,ASV_00353,0.5136986301369864,pos,Farm,IT2
ASV_00288,ASV_00354,0.5563380281690141,pos,Farm,IT2
ASV_00288,ASV_00355,0.547945205479452,pos,Farm,IT2
ASV_00288,ASV_00359,0.5140845070422535,pos,Farm,IT2
ASV_00288,ASV_00361,0.5369127516778524,pos,Farm,IT2
ASV_00288,ASV_00367,0.5422535211267606,pos,Farm,IT2
ASV_00288,ASV_00372,0.4930555555555556,pos,Farm,IT2
ASV_00288,ASV_00377,0.5104895104895105,pos,Farm,IT2
ASV_00288,ASV_00380,0.5103448275862069,pos,Farm,IT2
ASV_00288,ASV_00409,0.5460992907801419,pos,Farm,IT2
ASV_00288,ASV_00410,0.5704225352112676,pos,Farm,IT2
ASV_00288,ASV_00429,0.5107913669064749,pos,Farm,IT2
ASV_00288,ASV_00442,0.564625850340136,pos,Farm,IT2
ASV_00288,ASV_00451,0.589041095890411,pos,Farm,IT2
ASV_00288,ASV_00459,0.5694444444444444,pos,Farm,IT2
ASV_00288,ASV_00460,0.5586206896551724,pos,Farm,IT2
ASV_00288,ASV_00467,0.5666666666666667,pos,Farm,IT2
ASV_00288,ASV_00479,0.5369127516778524,pos,Farm,IT2
ASV_00288,ASV_00485,0.5655172413793104,pos,Farm,IT2
ASV_00288,ASV_00488,0.5570469798657718,pos,Farm,IT2
ASV_00288,ASV_00490,0.5562913907284768,pos,Farm,IT2
ASV_00288,ASV_00494,0.5448275862068965,pos,Farm,IT2
ASV_00288,ASV_00498,0.48951048951048953,pos,Farm,IT2
ASV_00288,ASV_00504,0.581081081081081,pos,Farm,IT2
ASV_00288,ASV_00506,0.5138888888888888,pos,Farm,IT2
ASV_00288,ASV_00507,0.5238095238095238,pos,Farm,IT2
ASV_00288,ASV_00508,0.5714285714285714,pos,Farm,IT2
ASV_00288,ASV_00514,0.5723684210526315,pos,Farm,IT2
ASV_00288,ASV_00518,0.5637583892617449,pos,Farm,IT2
ASV_00288,ASV_00520,0.5547945205479452,pos,Farm,IT2
ASV_00288,ASV_00533,0.5310344827586206,pos,Farm,IT2
ASV_00288,ASV_00534,0.5878378378378378,pos,Farm,IT2
ASV_00288,ASV_00536,0.6111111111111112,pos,Farm,IT2
ASV_00288,ASV_00541,0.5379310344827586,pos,Farm,IT2
ASV_00288,ASV_00543,0.54421768707483,pos,Farm,IT2
ASV_00288,ASV_00544,0.5633802816901409,pos,Farm,IT2
ASV_00288,ASV_00554,0.5337837837837838,pos,Farm,IT2
ASV_00288,ASV_00555,0.5547945205479452,pos,Farm,IT2
ASV_00288,ASV_00563,0.5337837837837838,pos,Farm,IT2
ASV_00288,ASV_00566,0.5379310344827586,pos,Farm,IT2
ASV_00288,ASV_00581,0.48951048951048953,pos,Farm,IT2
ASV_00288,ASV_00587,0.5492957746478874,pos,Farm,IT2
ASV_00288,ASV_00596,0.5106382978723404,pos,Farm,IT2
ASV_00288,ASV_00615,0.5211267605633803,pos,Farm,IT2
ASV_00288,ASV_00618,0.5594405594405595,pos,Farm,IT2
ASV_00288,ASV_00622,0.48951048951048953,pos,Farm,IT2
ASV_00288,ASV_00633,0.547945205479452,pos,Farm,IT2
ASV_00288,ASV_00645,0.5,pos,Farm,IT2
ASV_00288,ASV_00651,0.5594405594405595,pos,Farm,IT2
ASV_00288,ASV_00654,0.5174825174825175,pos,Farm,IT2
ASV_00288,ASV_00656,0.5517241379310345,pos,Farm,IT2
ASV_00288,ASV_00676,0.5466666666666666,pos,Farm,IT2
ASV_00288,ASV_00687,0.5486111111111112,pos,Farm,IT2
ASV_00288,ASV_00709,0.5379310344827586,pos,Farm,IT2
ASV_00288,ASV_00714,0.4930555555555556,pos,Farm,IT2
ASV_00288,ASV_00721,0.4930555555555556,pos,Farm,IT2
ASV_00288,ASV_00726,0.5337837837837838,pos,Farm,IT2
ASV_00288,ASV_00727,0.5103448275862069,pos,Farm,IT2
ASV_00288,ASV_00732,0.5347222222222222,pos,Farm,IT2
ASV_00288,ASV_00760,0.5608108108108109,pos,Farm,IT2
ASV_00288,ASV_00772,0.5238095238095238,pos,Farm,IT2
ASV_00288,ASV_00782,0.5379310344827586,pos,Farm,IT2
ASV_00288,ASV_00789,0.5306122448979592,pos,Farm,IT2
ASV_00288,ASV_00798,0.5684931506849316,pos,Farm,IT2
ASV_00288,ASV_00801,0.5104895104895105,pos,Farm,IT2
ASV_00288,ASV_00807,0.5517241379310345,pos,Farm,IT2
ASV_00288,ASV_00809,0.5761589403973509,pos,Farm,IT2
ASV_00288,ASV_00815,0.5827814569536424,pos,Farm,IT2
ASV_00288,ASV_00817,0.5782312925170068,pos,Farm,IT2
ASV_00288,ASV_00890,0.5374149659863946,pos,Farm,IT2
ASV_00288,ASV_00924,0.5251798561151079,pos,Farm,IT2
ASV_00288,ASV_00929,0.5578231292517006,pos,Farm,IT2
ASV_00288,ASV_00966,0.5,pos,Farm,IT2
ASV_00288,ASV_00984,0.5306122448979592,pos,Farm,IT2
ASV_00288,ASV_01092,0.5637583892617449,pos,Farm,IT2
ASV_00288,ASV_01119,0.5743243243243243,pos,Farm,IT2
ASV_00288,ASV_01250,0.5570469798657718,pos,Farm,IT2
ASV_00288,ASV_01288,0.5655172413793104,pos,Farm,IT2
ASV_00288,ASV_01368,0.5342465753424658,pos,Farm,IT2
ASV_00288,ASV_01458,0.5070422535211268,pos,Farm,IT2
ASV_00288,ASV_01491,0.5273972602739726,pos,Farm,IT2
ASV_00288,ASV_01512,0.4930555555555556,pos,Farm,IT2
ASV_00288,ASV_01541,0.5374149659863946,pos,Farm,IT2
ASV_00288,ASV_01941,0.5655172413793104,pos,Farm,IT2
ASV_00290,ASV_00291,0.5310344827586206,pos,Farm,IT2
ASV_00290,ASV_00292,0.6054421768707483,pos,Farm,IT2
ASV_00290,ASV_00293,0.5986842105263158,pos,Farm,IT2
ASV_00290,ASV_00300,0.6133333333333333,pos,Farm,IT2
ASV_00290,ASV_00303,0.5310344827586206,pos,Farm,IT2
ASV_00290,ASV_00307,0.5586206896551724,pos,Farm,IT2
ASV_00290,ASV_00309,0.56,pos,Farm,IT2
ASV_00290,ASV_00312,0.6054421768707483,pos,Farm,IT2
ASV_00290,ASV_00320,0.5238095238095238,pos,Farm,IT2
ASV_00290,ASV_00324,0.5578231292517006,pos,Farm,IT2
ASV_00290,ASV_00327,0.5337837837837838,pos,Farm,IT2
ASV_00290,ASV_00333,0.6027397260273972,pos,Farm,IT2
ASV_00290,ASV_00345,0.5629139072847682,pos,Farm,IT2
ASV_00290,ASV_00346,0.54421768707483,pos,Farm,IT2
ASV_00290,ASV_00347,0.5629139072847682,pos,Farm,IT2
ASV_00290,ASV_00353,0.5302013422818792,pos,Farm,IT2
ASV_00290,ASV_00354,0.5302013422818792,pos,Farm,IT2
ASV_00290,ASV_00361,0.5838926174496645,pos,Farm,IT2
ASV_00290,ASV_00372,0.5524475524475524,pos,Farm,IT2
ASV_00290,ASV_00378,0.5657894736842105,pos,Farm,IT2
ASV_00290,ASV_00403,0.5562913907284768,pos,Farm,IT2
ASV_00290,ASV_00409,0.5202702702702703,pos,Farm,IT2
ASV_00290,ASV_00412,0.5342465753424658,pos,Farm,IT2
ASV_00290,ASV_00415,0.5608108108108109,pos,Farm,IT2
ASV_00290,ASV_00422,0.564625850340136,pos,Farm,IT2
ASV_00290,ASV_00425,0.547945205479452,pos,Farm,IT2
ASV_00290,ASV_00426,0.5935483870967742,pos,Farm,IT2
ASV_00290,ASV_00429,0.496551724137931,pos,Farm,IT2
ASV_00290,ASV_00441,0.5337837837837838,pos,Farm,IT2
ASV_00290,ASV_00444,0.5503355704697986,pos,Farm,IT2
ASV_00290,ASV_00452,0.527027027027027,pos,Farm,IT2
ASV_00290,ASV_00453,0.5743243243243243,pos,Farm,IT2
ASV_00290,ASV_00463,0.5666666666666667,pos,Farm,IT2
ASV_00290,ASV_00468,0.4722222222222222,pos,Farm,IT2
ASV_00290,ASV_00479,0.5733333333333334,pos,Farm,IT2
ASV_00290,ASV_00490,0.5816993464052288,pos,Farm,IT2
ASV_00290,ASV_00494,0.54,pos,Farm,IT2
ASV_00290,ASV_00507,0.5608108108108109,pos,Farm,IT2
ASV_00290,ASV_00512,0.5894039735099338,pos,Farm,IT2
ASV_00290,ASV_00513,0.5540540540540541,pos,Farm,IT2
ASV_00290,ASV_00521,0.5761589403973509,pos,Farm,IT2
ASV_00290,ASV_00529,0.5205479452054794,pos,Farm,IT2
ASV_00290,ASV_00533,0.5578231292517006,pos,Farm,IT2
ASV_00290,ASV_00542,0.6216216216216216,pos,Farm,IT2
ASV_00290,ASV_00548,0.5205479452054794,pos,Farm,IT2
ASV_00290,ASV_00556,0.5675675675675675,pos,Farm,IT2
ASV_00290,ASV_00561,0.6064516129032258,pos,Farm,IT2
ASV_00290,ASV_00563,0.5496688741721855,pos,Farm,IT2
ASV_00290,ASV_00570,0.5238095238095238,pos,Farm,IT2
ASV_00290,ASV_00572,0.62,pos,Farm,IT2
ASV_00290,ASV_00611,0.5918367346938775,pos,Farm,IT2
ASV_00290,ASV_00620,0.5666666666666667,pos,Farm,IT2
ASV_00290,ASV_00628,0.5302013422818792,pos,Farm,IT2
ASV_00290,ASV_00636,0.6118421052631579,pos,Farm,IT2
ASV_00290,ASV_00643,0.593103448275862,pos,Farm,IT2
ASV_00290,ASV_00651,0.5436241610738255,pos,Farm,IT2
ASV_00290,ASV_00662,0.5374149659863946,pos,Farm,IT2
ASV_00290,ASV_00665,0.5170068027210885,pos,Farm,IT2
ASV_00290,ASV_00697,0.5448275862068965,pos,Farm,IT2
ASV_00290,ASV_00721,0.5205479452054794,pos,Farm,IT2
ASV_00290,ASV_00726,0.56,pos,Farm,IT2
ASV_00290,ASV_00757,0.6137931034482759,pos,Farm,IT2
ASV_00290,ASV_00772,0.5714285714285714,pos,Farm,IT2
ASV_00290,ASV_00781,0.5540540540540541,pos,Farm,IT2
ASV_00290,ASV_00806,0.58,pos,Farm,IT2
ASV_00290,ASV_00809,0.6013071895424836,pos,Farm,IT2
ASV_00290,ASV_00815,0.5974025974025974,pos,Farm,IT2
ASV_00290,ASV_00845,0.5524475524475524,pos,Farm,IT2
ASV_00290,ASV_00865,0.5466666666666666,pos,Farm,IT2
ASV_00290,ASV_00875,0.5894039735099338,pos,Farm,IT2
ASV_00290,ASV_00880,0.5374149659863946,pos,Farm,IT2
ASV_00290,ASV_00906,0.5921052631578947,pos,Farm,IT2
ASV_00290,ASV_00929,0.5733333333333334,pos,Farm,IT2
ASV_00290,ASV_00952,0.527027027027027,pos,Farm,IT2
ASV_00290,ASV_00959,0.5714285714285714,pos,Farm,IT2
ASV_00290,ASV_00984,0.5675675675675675,pos,Farm,IT2
ASV_00290,ASV_00989,0.5068493150684932,pos,Farm,IT2
ASV_00290,ASV_01023,0.5866666666666667,pos,Farm,IT2
ASV_00290,ASV_01071,0.5510204081632653,pos,Farm,IT2
ASV_00290,ASV_01087,0.5533333333333333,pos,Farm,IT2
ASV_00290,ASV_01101,0.5704697986577181,pos,Farm,IT2
ASV_00290,ASV_01119,0.5789473684210527,pos,Farm,IT2
ASV_00290,ASV_01124,0.54,pos,Farm,IT2
ASV_00290,ASV_01249,0.5337837837837838,pos,Farm,IT2
ASV_00290,ASV_01267,0.5793103448275863,pos,Farm,IT2
ASV_00290,ASV_01288,0.5496688741721855,pos,Farm,IT2
ASV_00290,ASV_01426,0.5238095238095238,pos,Farm,IT2
ASV_00290,ASV_01459,0.5302013422818792,pos,Farm,IT2
ASV_00291,ASV_00293,0.5241379310344828,pos,Farm,IT2
ASV_00291,ASV_00294,0.5251798561151079,pos,Farm,IT2
ASV_00291,ASV_00298,0.45588235294117646,pos,Farm,IT2
ASV_00291,ASV_00299,0.49635036496350365,pos,Farm,IT2
ASV_00291,ASV_00303,0.45985401459854014,pos,Farm,IT2
ASV_00291,ASV_00304,0.5384615384615384,pos,Farm,IT2
ASV_00291,ASV_00305,0.5,pos,Farm,IT2
ASV_00291,ASV_00312,0.5177304964539007,pos,Farm,IT2
ASV_00291,ASV_00317,0.4892086330935252,pos,Farm,IT2
ASV_00291,ASV_00320,0.463768115942029,pos,Farm,IT2
ASV_00291,ASV_00326,0.4676258992805755,pos,Farm,IT2
ASV_00291,ASV_00333,0.49295774647887325,pos,Farm,IT2
ASV_00291,ASV_00335,0.45588235294117646,pos,Farm,IT2
ASV_00291,ASV_00339,0.463768115942029,pos,Farm,IT2
ASV_00291,ASV_00346,0.49635036496350365,pos,Farm,IT2
ASV_00291,ASV_00347,0.4965034965034965,pos,Farm,IT2
ASV_00291,ASV_00350,0.4444444444444444,pos,Farm,IT2
ASV_00291,ASV_00354,0.5259259259259259,pos,Farm,IT2
ASV_00291,ASV_00356,0.5,pos,Farm,IT2
ASV_00291,ASV_00368,0.4892086330935252,pos,Farm,IT2
ASV_00291,ASV_00369,0.5328467153284672,pos,Farm,IT2
ASV_00291,ASV_00372,0.5503875968992248,pos,Farm,IT2
ASV_00291,ASV_00380,0.5,pos,Farm,IT2
ASV_00291,ASV_00389,0.48936170212765956,pos,Farm,IT2
ASV_00291,ASV_00390,0.5531914893617021,pos,Farm,IT2
ASV_00291,ASV_00397,0.5035971223021583,pos,Farm,IT2
ASV_00291,ASV_00398,0.49295774647887325,pos,Farm,IT2
ASV_00291,ASV_00399,0.5362318840579711,pos,Farm,IT2
ASV_00291,ASV_00402,0.4485294117647059,pos,Farm,IT2
ASV_00291,ASV_00404,0.5074626865671642,pos,Farm,IT2
ASV_00291,ASV_00406,0.4852941176470588,pos,Farm,IT2
ASV_00291,ASV_00407,0.5259259259259259,pos,Farm,IT2
ASV_00291,ASV_00410,0.5407407407407407,pos,Farm,IT2
ASV_00291,ASV_00412,0.463768115942029,pos,Farm,IT2
ASV_00291,ASV_00421,0.5035460992907801,pos,Farm,IT2
ASV_00291,ASV_00423,0.4965034965034965,pos,Farm,IT2
ASV_00291,ASV_00426,0.5202702702702703,pos,Farm,IT2
ASV_00291,ASV_00438,0.49640287769784175,pos,Farm,IT2
ASV_00291,ASV_00441,0.4855072463768116,pos,Farm,IT2
ASV_00291,ASV_00442,0.524822695035461,pos,Farm,IT2
ASV_00291,ASV_00443,0.48905109489051096,pos,Farm,IT2
ASV_00291,ASV_00447,0.5177304964539007,pos,Farm,IT2
ASV_00291,ASV_00450,0.49645390070921985,pos,Farm,IT2
ASV_00291,ASV_00453,0.4859154929577465,pos,Farm,IT2
ASV_00291,ASV_00455,0.4748201438848921,pos,Farm,IT2
ASV_00291,ASV_00459,0.562962962962963,pos,Farm,IT2
ASV_00291,ASV_00460,0.5071428571428571,pos,Farm,IT2
ASV_00291,ASV_00488,0.55,pos,Farm,IT2
ASV_00291,ASV_00490,0.5172413793103449,pos,Farm,IT2
ASV_00291,ASV_00493,0.5211267605633803,pos,Farm,IT2
ASV_00291,ASV_00503,0.5072463768115942,pos,Farm,IT2
ASV_00291,ASV_00508,0.5073529411764706,pos,Farm,IT2
ASV_00291,ASV_00514,0.5448275862068965,pos,Farm,IT2
ASV_00291,ASV_00563,0.5035460992907801,pos,Farm,IT2
ASV_00291,ASV_00572,0.5136986301369864,pos,Farm,IT2
ASV_00291,ASV_00587,0.5185185185185185,pos,Farm,IT2
ASV_00291,ASV_00592,0.48226950354609927,pos,Farm,IT2
ASV_00291,ASV_00596,0.4666666666666667,pos,Farm,IT2
ASV_00291,ASV_00611,0.5474452554744526,pos,Farm,IT2
ASV_00291,ASV_00612,0.48951048951048953,pos,Farm,IT2
ASV_00291,ASV_00615,0.4888888888888889,pos,Farm,IT2
ASV_00291,ASV_00618,0.4857142857142857,pos,Farm,IT2
ASV_00291,ASV_00636,0.5486111111111112,pos,Farm,IT2
ASV_00291,ASV_00643,0.5255474452554745,pos,Farm,IT2
ASV_00291,ASV_00656,0.5441176470588235,pos,Farm,IT2
ASV_00291,ASV_00668,0.4748201438848921,pos,Farm,IT2
ASV_00291,ASV_00671,0.5413533834586466,pos,Farm,IT2
ASV_00291,ASV_00679,0.48951048951048953,pos,Farm,IT2
ASV_00291,ASV_00721,0.47058823529411764,pos,Farm,IT2
ASV_00291,ASV_00760,0.5,pos,Farm,IT2
ASV_00291,ASV_00769,0.4857142857142857,pos,Farm,IT2
ASV_00291,ASV_00772,0.5367647058823529,pos,Farm,IT2
ASV_00291,ASV_00778,0.48484848484848486,pos,Farm,IT2
ASV_00291,ASV_00793,0.4855072463768116,pos,Farm,IT2
ASV_00291,ASV_00807,0.5217391304347826,pos,Farm,IT2
ASV_00291,ASV_00815,0.5342465753424658,pos,Farm,IT2
ASV_00291,ASV_00845,0.47058823529411764,pos,Farm,IT2
ASV_00291,ASV_00848,0.48951048951048953,pos,Farm,IT2
ASV_00291,ASV_00865,0.5107913669064749,pos,Farm,IT2
ASV_00291,ASV_00873,0.46715328467153283,pos,Farm,IT2
ASV_00291,ASV_00880,0.4676258992805755,pos,Farm,IT2
ASV_00291,ASV_00890,0.4859154929577465,pos,Farm,IT2
ASV_00291,ASV_00891,0.5102040816326531,pos,Farm,IT2
ASV_00291,ASV_00924,0.4485294117647059,pos,Farm,IT2
ASV_00291,ASV_00931,0.4855072463768116,pos,Farm,IT2
ASV_00291,ASV_00935,0.5035971223021583,pos,Farm,IT2
ASV_00291,ASV_00959,0.5035971223021583,pos,Farm,IT2
ASV_00291,ASV_00984,0.5328467153284672,pos,Farm,IT2
ASV_00291,ASV_01018,0.4855072463768116,pos,Farm,IT2
ASV_00291,ASV_01023,0.5,pos,Farm,IT2
ASV_00291,ASV_01065,0.463768115942029,pos,Farm,IT2
ASV_00291,ASV_01101,0.5035460992907801,pos,Farm,IT2
ASV_00291,ASV_01153,0.48905109489051096,pos,Farm,IT2
ASV_00291,ASV_01223,0.4444444444444444,pos,Farm,IT2
ASV_00291,ASV_01253,0.48226950354609927,pos,Farm,IT2
ASV_00291,ASV_01267,0.5,pos,Farm,IT2
ASV_00291,ASV_01276,0.463768115942029,pos,Farm,IT2
ASV_00291,ASV_01288,0.5035460992907801,pos,Farm,IT2
ASV_00291,ASV_01328,0.48201438848920863,pos,Farm,IT2
ASV_00291,ASV_01491,0.5072463768115942,pos,Farm,IT2
ASV_00291,ASV_01503,0.49645390070921985,pos,Farm,IT2
ASV_00291,ASV_01512,0.5037593984962406,pos,Farm,IT2
ASV_00291,ASV_01941,0.49295774647887325,pos,Farm,IT2
ASV_00291,ASV_02332,0.5070422535211268,pos,Farm,IT2
ASV_00292,ASV_00293,0.5771812080536913,pos,Farm,IT2
ASV_00292,ASV_00294,0.5586206896551724,pos,Farm,IT2
ASV_00292,ASV_00295,0.5517241379310345,pos,Farm,IT2
ASV_00292,ASV_00296,0.5285714285714286,pos,Farm,IT2
ASV_00292,ASV_00299,0.5314685314685315,pos,Farm,IT2
ASV_00292,ASV_00300,0.5704697986577181,pos,Farm,IT2
ASV_00292,ASV_00303,0.4965034965034965,pos,Farm,IT2
ASV_00292,ASV_00305,0.564625850340136,pos,Farm,IT2
ASV_00292,ASV_00307,0.5138888888888888,pos,Farm,IT2
ASV_00292,ASV_00312,0.6285714285714286,pos,Farm,IT2
ASV_00292,ASV_00313,0.5306122448979592,pos,Farm,IT2
ASV_00292,ASV_00315,0.4965034965034965,pos,Farm,IT2
ASV_00292,ASV_00317,0.5241379310344828,pos,Farm,IT2
ASV_00292,ASV_00318,0.5774647887323944,pos,Farm,IT2
ASV_00292,ASV_00320,0.5211267605633803,pos,Farm,IT2
ASV_00292,ASV_00321,0.5637583892617449,pos,Farm,IT2
ASV_00292,ASV_00323,0.5379310344827586,pos,Farm,IT2
ASV_00292,ASV_00327,0.5208333333333334,pos,Farm,IT2
ASV_00292,ASV_00330,0.5314685314685315,pos,Farm,IT2
ASV_00292,ASV_00331,0.5866666666666667,pos,Farm,IT2
ASV_00292,ASV_00333,0.5694444444444444,pos,Farm,IT2
ASV_00292,ASV_00334,0.5337837837837838,pos,Farm,IT2
ASV_00292,ASV_00335,0.49295774647887325,pos,Farm,IT2
ASV_00292,ASV_00339,0.5428571428571428,pos,Farm,IT2
ASV_00292,ASV_00340,0.54421768707483,pos,Farm,IT2
ASV_00292,ASV_00343,0.5734265734265734,pos,Farm,IT2
ASV_00292,ASV_00346,0.5531914893617021,pos,Farm,IT2
ASV_00292,ASV_00347,0.5616438356164384,pos,Farm,IT2
ASV_00292,ASV_00354,0.5172413793103449,pos,Farm,IT2
ASV_00292,ASV_00367,0.5138888888888888,pos,Farm,IT2
ASV_00292,ASV_00369,0.5342465753424658,pos,Farm,IT2
ASV_00292,ASV_00373,0.5069444444444444,pos,Farm,IT2
ASV_00292,ASV_00377,0.5140845070422535,pos,Farm,IT2
ASV_00292,ASV_00380,0.5138888888888888,pos,Farm,IT2
ASV_00292,ASV_00389,0.5555555555555556,pos,Farm,IT2
ASV_00292,ASV_00393,0.5142857142857142,pos,Farm,IT2
ASV_00292,ASV_00397,0.5273972602739726,pos,Farm,IT2
ASV_00292,ASV_00402,0.4859154929577465,pos,Farm,IT2
ASV_00292,ASV_00403,0.5547945205479452,pos,Farm,IT2
ASV_00292,ASV_00406,0.5,pos,Farm,IT2
ASV_00292,ASV_00407,0.5384615384615384,pos,Farm,IT2
ASV_00292,ASV_00415,0.5486111111111112,pos,Farm,IT2
ASV_00292,ASV_00416,0.5205479452054794,pos,Farm,IT2
ASV_00292,ASV_00425,0.5138888888888888,pos,Farm,IT2
ASV_00292,ASV_00438,0.5416666666666666,pos,Farm,IT2
ASV_00292,ASV_00440,0.5352112676056338,pos,Farm,IT2
ASV_00292,ASV_00447,0.5405405405405406,pos,Farm,IT2
ASV_00292,ASV_00451,0.5714285714285714,pos,Farm,IT2
ASV_00292,ASV_00452,0.5460992907801419,pos,Farm,IT2
ASV_00292,ASV_00453,0.5734265734265734,pos,Farm,IT2
ASV_00292,ASV_00459,0.5517241379310345,pos,Farm,IT2
ASV_00292,ASV_00460,0.5517241379310345,pos,Farm,IT2
ASV_00292,ASV_00463,0.54421768707483,pos,Farm,IT2
ASV_00292,ASV_00468,0.48905109489051096,pos,Farm,IT2
ASV_00292,ASV_00471,0.5342465753424658,pos,Farm,IT2
ASV_00292,ASV_00482,0.5960264900662252,pos,Farm,IT2
ASV_00292,ASV_00485,0.5694444444444444,pos,Farm,IT2
ASV_00292,ASV_00488,0.5714285714285714,pos,Farm,IT2
ASV_00292,ASV_00490,0.6027397260273972,pos,Farm,IT2
ASV_00292,ASV_00494,0.5704225352112676,pos,Farm,IT2
ASV_00292,ASV_00495,0.5140845070422535,pos,Farm,IT2
ASV_00292,ASV_00498,0.5142857142857142,pos,Farm,IT2
ASV_00292,ASV_00501,0.5555555555555556,pos,Farm,IT2
ASV_00292,ASV_00506,0.5174825174825175,pos,Farm,IT2
ASV_00292,ASV_00507,0.5273972602739726,pos,Farm,IT2
ASV_00292,ASV_00511,0.5,pos,Farm,IT2
ASV_00292,ASV_00512,0.5675675675675675,pos,Farm,IT2
ASV_00292,ASV_00513,0.5205479452054794,pos,Farm,IT2
ASV_00292,ASV_00517,0.503448275862069,pos,Farm,IT2
ASV_00292,ASV_00518,0.5570469798657718,pos,Farm,IT2
ASV_00292,ASV_00524,0.528169014084507,pos,Farm,IT2
ASV_00292,ASV_00528,0.5422535211267606,pos,Farm,IT2
ASV_00292,ASV_00529,0.4965034965034965,pos,Farm,IT2
ASV_00292,ASV_00533,0.5241379310344828,pos,Farm,IT2
ASV_00292,ASV_00534,0.6137931034482759,pos,Farm,IT2
ASV_00292,ASV_00541,0.5857142857142857,pos,Farm,IT2
ASV_00292,ASV_00542,0.5782312925170068,pos,Farm,IT2
ASV_00292,ASV_00543,0.5374149659863946,pos,Farm,IT2
ASV_00292,ASV_00544,0.5563380281690141,pos,Farm,IT2
ASV_00292,ASV_00548,0.539568345323741,pos,Farm,IT2
ASV_00292,ASV_00550,0.5510204081632653,pos,Farm,IT2
ASV_00292,ASV_00551,0.5306122448979592,pos,Farm,IT2
ASV_00292,ASV_00554,0.5586206896551724,pos,Farm,IT2
ASV_00292,ASV_00555,0.5586206896551724,pos,Farm,IT2
ASV_00292,ASV_00561,0.5751633986928104,pos,Farm,IT2
ASV_00292,ASV_00568,0.6056338028169014,pos,Farm,IT2
ASV_00292,ASV_00569,0.503448275862069,pos,Farm,IT2
ASV_00292,ASV_00570,0.5,pos,Farm,IT2
ASV_00292,ASV_00574,0.5724137931034483,pos,Farm,IT2
ASV_00292,ASV_00595,0.5314685314685315,pos,Farm,IT2
ASV_00292,ASV_00611,0.547945205479452,pos,Farm,IT2
ASV_00292,ASV_00615,0.524822695035461,pos,Farm,IT2
ASV_00292,ASV_00618,0.5205479452054794,pos,Farm,IT2
ASV_00292,ASV_00620,0.5874125874125874,pos,Farm,IT2
ASV_00292,ASV_00628,0.5602836879432624,pos,Farm,IT2
ASV_00292,ASV_00630,0.5070422535211268,pos,Farm,IT2
ASV_00292,ASV_00636,0.6013513513513513,pos,Farm,IT2
ASV_00292,ASV_00643,0.5379310344827586,pos,Farm,IT2
ASV_00292,ASV_00651,0.5524475524475524,pos,Farm,IT2
ASV_00292,ASV_00654,0.5319148936170213,pos,Farm,IT2
ASV_00292,ASV_00656,0.5664335664335665,pos,Farm,IT2
ASV_00292,ASV_00666,0.5369127516778524,pos,Farm,IT2
ASV_00292,ASV_00671,0.5103448275862069,pos,Farm,IT2
ASV_00292,ASV_00673,0.5743243243243243,pos,Farm,IT2
ASV_00292,ASV_00676,0.5714285714285714,pos,Farm,IT2
ASV_00292,ASV_00679,0.5337837837837838,pos,Farm,IT2
ASV_00292,ASV_00709,0.574468085106383,pos,Farm,IT2
ASV_00292,ASV_00721,0.539568345323741,pos,Farm,IT2
ASV_00292,ASV_00726,0.5374149659863946,pos,Farm,IT2
ASV_00292,ASV_00728,0.5,pos,Farm,IT2
ASV_00292,ASV_00760,0.5753424657534246,pos,Farm,IT2
ASV_00292,ASV_00769,0.5205479452054794,pos,Farm,IT2
ASV_00292,ASV_00772,0.5486111111111112,pos,Farm,IT2
ASV_00292,ASV_00781,0.5310344827586206,pos,Farm,IT2
ASV_00292,ASV_00793,0.5103448275862069,pos,Farm,IT2
ASV_00292,ASV_00798,0.5405405405405406,pos,Farm,IT2
ASV_00292,ASV_00801,0.5467625899280576,pos,Farm,IT2
ASV_00292,ASV_00802,0.5436241610738255,pos,Farm,IT2
ASV_00292,ASV_00806,0.5472972972972973,pos,Farm,IT2
ASV_00292,ASV_00807,0.5555555555555556,pos,Farm,IT2
ASV_00292,ASV_00808,0.5103448275862069,pos,Farm,IT2
ASV_00292,ASV_00809,0.5695364238410596,pos,Farm,IT2
ASV_00292,ASV_00815,0.5657894736842105,pos,Farm,IT2
ASV_00292,ASV_00817,0.593103448275862,pos,Farm,IT2
ASV_00292,ASV_00821,0.541095890410959,pos,Farm,IT2
ASV_00292,ASV_00822,0.5664335664335665,pos,Farm,IT2
ASV_00292,ASV_00842,0.5319148936170213,pos,Farm,IT2
ASV_00292,ASV_00865,0.5555555555555556,pos,Farm,IT2
ASV_00292,ASV_00869,0.5436241610738255,pos,Farm,IT2
ASV_00292,ASV_00873,0.5467625899280576,pos,Farm,IT2
ASV_00292,ASV_00875,0.6,pos,Farm,IT2
ASV_00292,ASV_00880,0.5460992907801419,pos,Farm,IT2
ASV_00292,ASV_00890,0.5625,pos,Farm,IT2
ASV_00292,ASV_00906,0.56,pos,Farm,IT2
ASV_00292,ASV_00931,0.5314685314685315,pos,Farm,IT2
ASV_00292,ASV_00935,0.5594405594405595,pos,Farm,IT2
ASV_00292,ASV_00959,0.5486111111111112,pos,Farm,IT2
ASV_00292,ASV_00984,0.5238095238095238,pos,Farm,IT2
ASV_00292,ASV_00989,0.5142857142857142,pos,Farm,IT2
ASV_00292,ASV_01018,0.5103448275862069,pos,Farm,IT2
ASV_00292,ASV_01023,0.564625850340136,pos,Farm,IT2
ASV_00292,ASV_01065,0.5,pos,Farm,IT2
ASV_00292,ASV_01071,0.5277777777777778,pos,Farm,IT2
ASV_00292,ASV_01090,0.5369127516778524,pos,Farm,IT2
ASV_00292,ASV_01092,0.5675675675675675,pos,Farm,IT2
ASV_00292,ASV_01101,0.547945205479452,pos,Farm,IT2
ASV_00292,ASV_01119,0.5570469798657718,pos,Farm,IT2
ASV_00292,ASV_01179,0.55,pos,Farm,IT2
ASV_00292,ASV_01249,0.5314685314685315,pos,Farm,IT2
ASV_00292,ASV_01250,0.5608108108108109,pos,Farm,IT2
ASV_00292,ASV_01267,0.5563380281690141,pos,Farm,IT2
ASV_00292,ASV_01288,0.5694444444444444,pos,Farm,IT2
ASV_00292,ASV_01368,0.5273972602739726,pos,Farm,IT2
ASV_00292,ASV_01385,0.5347222222222222,pos,Farm,IT2
ASV_00292,ASV_01459,0.5172413793103449,pos,Farm,IT2
ASV_00292,ASV_01512,0.4965034965034965,pos,Farm,IT2
ASV_00292,ASV_01541,0.5306122448979592,pos,Farm,IT2
ASV_00292,ASV_01578,0.5555555555555556,pos,Farm,IT2
ASV_00292,ASV_01941,0.5694444444444444,pos,Farm,IT2
ASV_00292,ASV_02020,0.5347222222222222,pos,Farm,IT2
ASV_00292,ASV_02149,0.6074074074074074,pos,Farm,IT2
ASV_00292,ASV_02332,0.5405405405405406,pos,Farm,IT2
ASV_00293,ASV_00298,0.5,pos,Farm,IT2
ASV_00293,ASV_00307,0.541095890410959,pos,Farm,IT2
ASV_00293,ASV_00315,0.5241379310344828,pos,Farm,IT2
ASV_00293,ASV_00326,0.5306122448979592,pos,Farm,IT2
ASV_00293,ASV_00327,0.5694444444444444,pos,Farm,IT2
ASV_00293,ASV_00333,0.5958904109589042,pos,Farm,IT2
ASV_00293,ASV_00339,0.5704225352112676,pos,Farm,IT2
ASV_00293,ASV_00343,0.5466666666666666,pos,Farm,IT2
ASV_00293,ASV_00352,0.5337837837837838,pos,Farm,IT2
ASV_00293,ASV_00354,0.5337837837837838,pos,Farm,IT2
ASV_00293,ASV_00356,0.58,pos,Farm,IT2
ASV_00293,ASV_00376,0.5878378378378378,pos,Farm,IT2
ASV_00293,ASV_00390,0.5894039735099338,pos,Farm,IT2
ASV_00293,ASV_00393,0.5103448275862069,pos,Farm,IT2
ASV_00293,ASV_00398,0.5533333333333333,pos,Farm,IT2
ASV_00293,ASV_00404,0.5273972602739726,pos,Farm,IT2
ASV_00293,ASV_00406,0.5379310344827586,pos,Farm,IT2
ASV_00293,ASV_00412,0.5594405594405595,pos,Farm,IT2
ASV_00293,ASV_00440,0.5202702702702703,pos,Farm,IT2
ASV_00293,ASV_00445,0.5369127516778524,pos,Farm,IT2
ASV_00293,ASV_00452,0.5202702702702703,pos,Farm,IT2
ASV_00293,ASV_00459,0.5466666666666666,pos,Farm,IT2
ASV_00293,ASV_00488,0.5973154362416108,pos,Farm,IT2
ASV_00293,ASV_00503,0.5369127516778524,pos,Farm,IT2
ASV_00293,ASV_00506,0.5238095238095238,pos,Farm,IT2
ASV_00293,ASV_00507,0.5540540540540541,pos,Farm,IT2
ASV_00293,ASV_00521,0.5695364238410596,pos,Farm,IT2
ASV_00293,ASV_00528,0.5374149659863946,pos,Farm,IT2
ASV_00293,ASV_00536,0.5761589403973509,pos,Farm,IT2
ASV_00293,ASV_00555,0.5533333333333333,pos,Farm,IT2
ASV_00293,ASV_00587,0.547945205479452,pos,Farm,IT2
ASV_00293,ASV_00592,0.564625850340136,pos,Farm,IT2
ASV_00293,ASV_00611,0.5533333333333333,pos,Farm,IT2
ASV_00293,ASV_00620,0.56,pos,Farm,IT2
ASV_00293,ASV_00635,0.58,pos,Farm,IT2
ASV_00293,ASV_00636,0.5947712418300654,pos,Farm,IT2
ASV_00293,ASV_00638,0.56,pos,Farm,IT2
ASV_00293,ASV_00651,0.5369127516778524,pos,Farm,IT2
ASV_00293,ASV_00665,0.5102040816326531,pos,Farm,IT2
ASV_00293,ASV_00671,0.5586206896551724,pos,Farm,IT2
ASV_00293,ASV_00709,0.6126760563380281,pos,Farm,IT2
ASV_00293,ASV_00718,0.5633802816901409,pos,Farm,IT2
ASV_00293,ASV_00793,0.527027027027027,pos,Farm,IT2
ASV_00293,ASV_00798,0.5562913907284768,pos,Farm,IT2
ASV_00293,ASV_00806,0.5629139072847682,pos,Farm,IT2
ASV_00293,ASV_00807,0.5503355704697986,pos,Farm,IT2
ASV_00293,ASV_00808,0.527027027027027,pos,Farm,IT2
ASV_00293,ASV_00809,0.6266666666666667,pos,Farm,IT2
ASV_00293,ASV_00865,0.5608108108108109,pos,Farm,IT2
ASV_00293,ASV_00875,0.5827814569536424,pos,Farm,IT2
ASV_00293,ASV_00959,0.5540540540540541,pos,Farm,IT2
ASV_00293,ASV_01119,0.5827814569536424,pos,Farm,IT2
ASV_00293,ASV_01328,0.5337837837837838,pos,Farm,IT2
ASV_00293,ASV_01459,0.54421768707483,pos,Farm,IT2
ASV_00293,ASV_01578,0.5608108108108109,pos,Farm,IT2
ASV_00293,ASV_01840,0.5369127516778524,pos,Farm,IT2
ASV_00293,ASV_02149,0.5238095238095238,pos,Farm,IT2
ASV_00294,ASV_00304,0.5466666666666666,pos,Farm,IT2
ASV_00294,ASV_00315,0.49295774647887325,pos,Farm,IT2
ASV_00294,ASV_00334,0.5306122448979592,pos,Farm,IT2
ASV_00294,ASV_00336,0.5172413793103449,pos,Farm,IT2
ASV_00294,ASV_00342,0.5384615384615384,pos,Farm,IT2
ASV_00294,ASV_00372,0.49295774647887325,pos,Farm,IT2
ASV_00294,ASV_00373,0.5034965034965035,pos,Farm,IT2
ASV_00294,ASV_00377,0.5106382978723404,pos,Farm,IT2
ASV_00294,ASV_00409,0.5140845070422535,pos,Farm,IT2
ASV_00294,ASV_00411,0.5310344827586206,pos,Farm,IT2
ASV_00294,ASV_00415,0.5347222222222222,pos,Farm,IT2
ASV_00294,ASV_00421,0.5555555555555556,pos,Farm,IT2
ASV_00294,ASV_00423,0.5374149659863946,pos,Farm,IT2
ASV_00294,ASV_00429,0.5,pos,Farm,IT2
ASV_00294,ASV_00440,0.5211267605633803,pos,Farm,IT2
ASV_00294,ASV_00447,0.5374149659863946,pos,Farm,IT2
ASV_00294,ASV_00451,0.5472972972972973,pos,Farm,IT2
ASV_00294,ASV_00465,0.5172413793103449,pos,Farm,IT2
ASV_00294,ASV_00486,0.5503355704697986,pos,Farm,IT2
ASV_00294,ASV_00488,0.5369127516778524,pos,Farm,IT2
ASV_00294,ASV_00498,0.48936170212765956,pos,Farm,IT2
ASV_00294,ASV_00501,0.5205479452054794,pos,Farm,IT2
ASV_00294,ASV_00504,0.5608108108108109,pos,Farm,IT2
ASV_00294,ASV_00511,0.4859154929577465,pos,Farm,IT2
ASV_00294,ASV_00517,0.5,pos,Farm,IT2
ASV_00294,ASV_00524,0.5467625899280576,pos,Farm,IT2
ASV_00294,ASV_00533,0.5208333333333334,pos,Farm,IT2
ASV_00294,ASV_00563,0.5555555555555556,pos,Farm,IT2
ASV_00294,ASV_00566,0.5384615384615384,pos,Farm,IT2
ASV_00294,ASV_00592,0.5136986301369864,pos,Farm,IT2
ASV_00294,ASV_00594,0.5241379310344828,pos,Farm,IT2
ASV_00294,ASV_00595,0.528169014084507,pos,Farm,IT2
ASV_00294,ASV_00596,0.5,pos,Farm,IT2
ASV_00294,ASV_00628,0.5138888888888888,pos,Farm,IT2
ASV_00294,ASV_00633,0.5273972602739726,pos,Farm,IT2
ASV_00294,ASV_00651,0.5277777777777778,pos,Farm,IT2
ASV_00294,ASV_00656,0.5416666666666666,pos,Farm,IT2
ASV_00294,ASV_00679,0.5306122448979592,pos,Farm,IT2
ASV_00294,ASV_00686,0.5205479452054794,pos,Farm,IT2
ASV_00294,ASV_00697,0.5070422535211268,pos,Farm,IT2
ASV_00294,ASV_00718,0.5214285714285715,pos,Farm,IT2
ASV_00294,ASV_00721,0.5035460992907801,pos,Farm,IT2
ASV_00294,ASV_00727,0.5,pos,Farm,IT2
ASV_00294,ASV_00732,0.5138888888888888,pos,Farm,IT2
ASV_00294,ASV_00755,0.5753424657534246,pos,Farm,IT2
ASV_00294,ASV_00769,0.5602836879432624,pos,Farm,IT2
ASV_00294,ASV_00778,0.4857142857142857,pos,Farm,IT2
ASV_00294,ASV_00806,0.5337837837837838,pos,Farm,IT2
ASV_00294,ASV_00808,0.5069444444444444,pos,Farm,IT2
ASV_00294,ASV_00845,0.5035460992907801,pos,Farm,IT2
ASV_00294,ASV_00873,0.5323741007194245,pos,Farm,IT2
ASV_00294,ASV_00909,0.528169014084507,pos,Farm,IT2
ASV_00294,ASV_00958,0.5172413793103449,pos,Farm,IT2
ASV_00294,ASV_00987,0.5390070921985816,pos,Farm,IT2
ASV_00294,ASV_01023,0.5405405405405406,pos,Farm,IT2
ASV_00294,ASV_01101,0.5342465753424658,pos,Farm,IT2
ASV_00294,ASV_01249,0.5174825174825175,pos,Farm,IT2
ASV_00294,ASV_01941,0.5448275862068965,pos,Farm,IT2
ASV_00295,ASV_00300,0.5608108108108109,pos,Farm,IT2
ASV_00295,ASV_00315,0.5071428571428571,pos,Farm,IT2
ASV_00295,ASV_00324,0.5683453237410072,pos,Farm,IT2
ASV_00295,ASV_00327,0.5211267605633803,pos,Farm,IT2
ASV_00295,ASV_00332,0.5069444444444444,pos,Farm,IT2
ASV_00295,ASV_00337,0.5472972972972973,pos,Farm,IT2
ASV_00295,ASV_00339,0.5,pos,Farm,IT2
ASV_00295,ASV_00354,0.5174825174825175,pos,Farm,IT2
ASV_00295,ASV_00384,0.5422535211267606,pos,Farm,IT2
ASV_00295,ASV_00389,0.5241379310344828,pos,Farm,IT2
ASV_00295,ASV_00390,0.5540540540540541,pos,Farm,IT2
ASV_00295,ASV_00391,0.5,pos,Farm,IT2
ASV_00295,ASV_00402,0.5072463768115942,pos,Farm,IT2
ASV_00295,ASV_00410,0.5103448275862069,pos,Farm,IT2
ASV_00295,ASV_00415,0.5172413793103449,pos,Farm,IT2
ASV_00295,ASV_00429,0.4927536231884058,pos,Farm,IT2
ASV_00295,ASV_00443,0.5140845070422535,pos,Farm,IT2
ASV_00295,ASV_00452,0.5579710144927537,pos,Farm,IT2
ASV_00295,ASV_00459,0.5205479452054794,pos,Farm,IT2
ASV_00295,ASV_00460,0.5310344827586206,pos,Farm,IT2
ASV_00295,ASV_00465,0.5103448275862069,pos,Farm,IT2
ASV_00295,ASV_00468,0.45652173913043476,pos,Farm,IT2
ASV_00295,ASV_00471,0.5136986301369864,pos,Farm,IT2
ASV_00295,ASV_00477,0.5524475524475524,pos,Farm,IT2
ASV_00295,ASV_00483,0.5616438356164384,pos,Farm,IT2
ASV_00295,ASV_00485,0.5273972602739726,pos,Farm,IT2
ASV_00295,ASV_00486,0.5436241610738255,pos,Farm,IT2
ASV_00295,ASV_00493,0.5874125874125874,pos,Farm,IT2
ASV_00295,ASV_00494,0.5172413793103449,pos,Farm,IT2
ASV_00295,ASV_00503,0.5103448275862069,pos,Farm,IT2
ASV_00295,ASV_00506,0.4965034965034965,pos,Farm,IT2
ASV_00295,ASV_00513,0.5314685314685315,pos,Farm,IT2
ASV_00295,ASV_00514,0.5878378378378378,pos,Farm,IT2
ASV_00295,ASV_00518,0.5369127516778524,pos,Farm,IT2
ASV_00295,ASV_00524,0.5285714285714286,pos,Farm,IT2
ASV_00295,ASV_00536,0.5724137931034483,pos,Farm,IT2
ASV_00295,ASV_00541,0.5208333333333334,pos,Farm,IT2
ASV_00295,ASV_00548,0.49645390070921985,pos,Farm,IT2
ASV_00295,ASV_00550,0.5625,pos,Farm,IT2
ASV_00295,ASV_00554,0.5379310344827586,pos,Farm,IT2
ASV_00295,ASV_00569,0.524822695035461,pos,Farm,IT2
ASV_00295,ASV_00572,0.5782312925170068,pos,Farm,IT2
ASV_00295,ASV_00574,0.5306122448979592,pos,Farm,IT2
ASV_00295,ASV_00581,0.5367647058823529,pos,Farm,IT2
ASV_00295,ASV_00587,0.5104895104895105,pos,Farm,IT2
ASV_00295,ASV_00595,0.5211267605633803,pos,Farm,IT2
ASV_00295,ASV_00613,0.4928571428571429,pos,Farm,IT2
ASV_00295,ASV_00633,0.5416666666666666,pos,Farm,IT2
ASV_00295,ASV_00636,0.56,pos,Farm,IT2
ASV_00295,ASV_00651,0.5208333333333334,pos,Farm,IT2
ASV_00295,ASV_00656,0.5454545454545454,pos,Farm,IT2
ASV_00295,ASV_00665,0.5035460992907801,pos,Farm,IT2
ASV_00295,ASV_00671,0.5104895104895105,pos,Farm,IT2
ASV_00295,ASV_00673,0.5540540540540541,pos,Farm,IT2
ASV_00295,ASV_00679,0.5238095238095238,pos,Farm,IT2
ASV_00295,ASV_00687,0.5103448275862069,pos,Farm,IT2
ASV_00295,ASV_00709,0.5642857142857143,pos,Farm,IT2
ASV_00295,ASV_00757,0.5594405594405595,pos,Farm,IT2
ASV_00295,ASV_00769,0.5422535211267606,pos,Farm,IT2
ASV_00295,ASV_00781,0.5314685314685315,pos,Farm,IT2
ASV_00295,ASV_00802,0.5337837837837838,pos,Farm,IT2
ASV_00295,ASV_00809,0.5704697986577181,pos,Farm,IT2
ASV_00295,ASV_00811,0.5555555555555556,pos,Farm,IT2
ASV_00295,ASV_00815,0.5666666666666667,pos,Farm,IT2
ASV_00295,ASV_00843,0.5342465753424658,pos,Farm,IT2
ASV_00295,ASV_00865,0.5454545454545454,pos,Farm,IT2
ASV_00295,ASV_00873,0.49295774647887325,pos,Farm,IT2
ASV_00295,ASV_00875,0.5369127516778524,pos,Farm,IT2
ASV_00295,ASV_00880,0.5357142857142857,pos,Farm,IT2
ASV_00295,ASV_00890,0.5205479452054794,pos,Farm,IT2
ASV_00295,ASV_00912,0.4928571428571429,pos,Farm,IT2
ASV_00295,ASV_00924,0.475177304964539,pos,Farm,IT2
ASV_00295,ASV_00984,0.5136986301369864,pos,Farm,IT2
ASV_00295,ASV_01048,0.5138888888888888,pos,Farm,IT2
ASV_00295,ASV_01071,0.5069444444444444,pos,Farm,IT2
ASV_00295,ASV_01087,0.5310344827586206,pos,Farm,IT2
ASV_00295,ASV_01119,0.5902777777777778,pos,Farm,IT2
ASV_00295,ASV_01249,0.5104895104895105,pos,Farm,IT2
ASV_00295,ASV_01288,0.5379310344827586,pos,Farm,IT2
ASV_00295,ASV_01459,0.5069444444444444,pos,Farm,IT2
ASV_00295,ASV_01491,0.5314685314685315,pos,Farm,IT2
ASV_00295,ASV_01840,0.5103448275862069,pos,Farm,IT2
ASV_00295,ASV_02332,0.5517241379310345,pos,Farm,IT2
ASV_00296,ASV_00298,0.47761194029850745,pos,Farm,IT2
ASV_00296,ASV_00307,0.4782608695652174,pos,Farm,IT2
ASV_00296,ASV_00309,0.49295774647887325,pos,Farm,IT2
ASV_00296,ASV_00324,0.4892086330935252,pos,Farm,IT2
ASV_00296,ASV_00332,0.5259259259259259,pos,Farm,IT2
ASV_00296,ASV_00333,0.5035460992907801,pos,Farm,IT2
ASV_00296,ASV_00335,0.4666666666666667,pos,Farm,IT2
ASV_00296,ASV_00336,0.5072463768115942,pos,Farm,IT2
ASV_00296,ASV_00339,0.4962962962962963,pos,Farm,IT2
ASV_00296,ASV_00352,0.5259259259259259,pos,Farm,IT2
ASV_00296,ASV_00357,0.5037037037037037,pos,Farm,IT2
ASV_00296,ASV_00361,0.4965034965034965,pos,Farm,IT2
ASV_00296,ASV_00378,0.5211267605633803,pos,Farm,IT2
ASV_00296,ASV_00381,0.4782608695652174,pos,Farm,IT2
ASV_00296,ASV_00382,0.5,pos,Farm,IT2
ASV_00296,ASV_00399,0.5035460992907801,pos,Farm,IT2
ASV_00296,ASV_00409,0.5149253731343284,pos,Farm,IT2
ASV_00296,ASV_00438,0.5182481751824818,pos,Farm,IT2
ASV_00296,ASV_00442,0.5140845070422535,pos,Farm,IT2
ASV_00296,ASV_00443,0.4676258992805755,pos,Farm,IT2
ASV_00296,ASV_00452,0.5,pos,Farm,IT2
ASV_00296,ASV_00453,0.49645390070921985,pos,Farm,IT2
ASV_00296,ASV_00454,0.4930555555555556,pos,Farm,IT2
ASV_00296,ASV_00455,0.49635036496350365,pos,Farm,IT2
ASV_00296,ASV_00459,0.5071428571428571,pos,Farm,IT2
ASV_00296,ASV_00463,0.5,pos,Farm,IT2
ASV_00296,ASV_00468,0.4393939393939394,pos,Farm,IT2
ASV_00296,ASV_00474,0.49295774647887325,pos,Farm,IT2
ASV_00296,ASV_00485,0.49295774647887325,pos,Farm,IT2
ASV_00296,ASV_00495,0.5,pos,Farm,IT2
ASV_00296,ASV_00498,0.45588235294117646,pos,Farm,IT2
ASV_00296,ASV_00518,0.5138888888888888,pos,Farm,IT2
ASV_00296,ASV_00521,0.5,pos,Farm,IT2
ASV_00296,ASV_00524,0.5037037037037037,pos,Farm,IT2
ASV_00296,ASV_00528,0.5298507462686567,pos,Farm,IT2
ASV_00296,ASV_00530,0.48226950354609927,pos,Farm,IT2
ASV_00296,ASV_00534,0.5172413793103449,pos,Farm,IT2
ASV_00296,ASV_00536,0.5390070921985816,pos,Farm,IT2
ASV_00296,ASV_00542,0.5352112676056338,pos,Farm,IT2
ASV_00296,ASV_00544,0.4892086330935252,pos,Farm,IT2
ASV_00296,ASV_00548,0.5037593984962406,pos,Farm,IT2
ASV_00296,ASV_00550,0.5177304964539007,pos,Farm,IT2
ASV_00296,ASV_00570,0.5074626865671642,pos,Farm,IT2
ASV_00296,ASV_00576,0.5,pos,Farm,IT2
ASV_00296,ASV_00592,0.5035971223021583,pos,Farm,IT2
ASV_00296,ASV_00596,0.45588235294117646,pos,Farm,IT2
ASV_00296,ASV_00611,0.5035460992907801,pos,Farm,IT2
ASV_00296,ASV_00630,0.45985401459854014,pos,Farm,IT2
ASV_00296,ASV_00641,0.5211267605633803,pos,Farm,IT2
ASV_00296,ASV_00643,0.5144927536231884,pos,Farm,IT2
ASV_00296,ASV_00666,0.5034965034965035,pos,Farm,IT2
ASV_00296,ASV_00668,0.4855072463768116,pos,Farm,IT2
ASV_00296,ASV_00732,0.4927536231884058,pos,Farm,IT2
ASV_00296,ASV_00757,0.5142857142857142,pos,Farm,IT2
ASV_00296,ASV_00758,0.5071428571428571,pos,Farm,IT2
ASV_00296,ASV_00772,0.48226950354609927,pos,Farm,IT2
ASV_00296,ASV_00798,0.5070422535211268,pos,Farm,IT2
ASV_00296,ASV_00801,0.4888888888888889,pos,Farm,IT2
ASV_00296,ASV_00806,0.4930555555555556,pos,Farm,IT2
ASV_00296,ASV_00807,0.5107913669064749,pos,Farm,IT2
ASV_00296,ASV_00808,0.49635036496350365,pos,Farm,IT2
ASV_00296,ASV_00821,0.4859154929577465,pos,Farm,IT2
ASV_00296,ASV_00891,0.5102040816326531,pos,Farm,IT2
ASV_00296,ASV_00906,0.5068493150684932,pos,Farm,IT2
ASV_00296,ASV_00912,0.45588235294117646,pos,Farm,IT2
ASV_00296,ASV_01018,0.4748201438848921,pos,Farm,IT2
ASV_00296,ASV_01023,0.5104895104895105,pos,Farm,IT2
ASV_00296,ASV_01048,0.4785714285714286,pos,Farm,IT2
ASV_00296,ASV_01065,0.5658914728682171,pos,Farm,IT2
ASV_00296,ASV_01119,0.5352112676056338,pos,Farm,IT2
ASV_00296,ASV_01179,0.5263157894736842,pos,Farm,IT2
ASV_00296,ASV_01204,0.5104895104895105,pos,Farm,IT2
ASV_00296,ASV_01417,0.5072463768115942,pos,Farm,IT2
ASV_00296,ASV_01458,0.48507462686567165,pos,Farm,IT2
ASV_00296,ASV_01459,0.5147058823529411,pos,Farm,IT2
ASV_00296,ASV_01491,0.49640287769784175,pos,Farm,IT2
ASV_00296,ASV_01512,0.48148148148148145,pos,Farm,IT2
ASV_00296,ASV_02020,0.5,pos,Farm,IT2
ASV_00297,ASV_00298,0.4714285714285714,pos,Farm,IT2
ASV_00297,ASV_00308,0.5,pos,Farm,IT2
ASV_00297,ASV_00312,0.5310344827586206,pos,Farm,IT2
ASV_00297,ASV_00320,0.5107913669064749,pos,Farm,IT2
ASV_00297,ASV_00328,0.5384615384615384,pos,Farm,IT2
ASV_00297,ASV_00336,0.5539568345323741,pos,Farm,IT2
ASV_00297,ASV_00337,0.547945205479452,pos,Farm,IT2
ASV_00297,ASV_00340,0.5454545454545454,pos,Farm,IT2
ASV_00297,ASV_00346,0.5214285714285715,pos,Farm,IT2
ASV_00297,ASV_00353,0.539568345323741,pos,Farm,IT2
ASV_00297,ASV_00354,0.4965034965034965,pos,Farm,IT2
ASV_00297,ASV_00355,0.5422535211267606,pos,Farm,IT2
ASV_00297,ASV_00359,0.5182481751824818,pos,Farm,IT2
ASV_00297,ASV_00365,0.5,pos,Farm,IT2
ASV_00297,ASV_00373,0.4859154929577465,pos,Farm,IT2
ASV_00297,ASV_00378,0.5555555555555556,pos,Farm,IT2
ASV_00297,ASV_00382,0.5454545454545454,pos,Farm,IT2
ASV_00297,ASV_00393,0.4714285714285714,pos,Farm,IT2
ASV_00297,ASV_00398,0.5172413793103449,pos,Farm,IT2
ASV_00297,ASV_00416,0.5211267605633803,pos,Farm,IT2
ASV_00297,ASV_00422,0.5319148936170213,pos,Farm,IT2
ASV_00297,ASV_00423,0.5416666666666666,pos,Farm,IT2
ASV_00297,ASV_00438,0.5104895104895105,pos,Farm,IT2
ASV_00297,ASV_00447,0.5524475524475524,pos,Farm,IT2
ASV_00297,ASV_00450,0.5103448275862069,pos,Farm,IT2
ASV_00297,ASV_00452,0.49295774647887325,pos,Farm,IT2
ASV_00297,ASV_00460,0.5422535211267606,pos,Farm,IT2
ASV_00297,ASV_00464,0.5205479452054794,pos,Farm,IT2
ASV_00297,ASV_00468,0.45588235294117646,pos,Farm,IT2
ASV_00297,ASV_00474,0.5172413793103449,pos,Farm,IT2
ASV_00297,ASV_00477,0.5103448275862069,pos,Farm,IT2
ASV_00297,ASV_00486,0.54421768707483,pos,Farm,IT2
ASV_00297,ASV_00490,0.5405405405405406,pos,Farm,IT2
ASV_00297,ASV_00495,0.4928571428571429,pos,Farm,IT2
ASV_00297,ASV_00498,0.4714285714285714,pos,Farm,IT2
ASV_00297,ASV_00504,0.54421768707483,pos,Farm,IT2
ASV_00297,ASV_00506,0.5179856115107914,pos,Farm,IT2
ASV_00297,ASV_00507,0.5390070921985816,pos,Farm,IT2
ASV_00297,ASV_00508,0.5323741007194245,pos,Farm,IT2
ASV_00297,ASV_00514,0.5570469798657718,pos,Farm,IT2
ASV_00297,ASV_00518,0.5694444444444444,pos,Farm,IT2
ASV_00297,ASV_00520,0.5172413793103449,pos,Farm,IT2
ASV_00297,ASV_00524,0.4859154929577465,pos,Farm,IT2
ASV_00297,ASV_00533,0.5140845070422535,pos,Farm,IT2
ASV_00297,ASV_00534,0.5616438356164384,pos,Farm,IT2
ASV_00297,ASV_00551,0.5208333333333334,pos,Farm,IT2
ASV_00297,ASV_00555,0.5384615384615384,pos,Farm,IT2
ASV_00297,ASV_00556,0.5138888888888888,pos,Farm,IT2
ASV_00297,ASV_00566,0.5,pos,Farm,IT2
ASV_00297,ASV_00581,0.48201438848920863,pos,Farm,IT2
ASV_00297,ASV_00587,0.5,pos,Farm,IT2
ASV_00297,ASV_00594,0.55,pos,Farm,IT2
ASV_00297,ASV_00612,0.5785714285714286,pos,Farm,IT2
ASV_00297,ASV_00615,0.4928571428571429,pos,Farm,IT2
ASV_00297,ASV_00622,0.48201438848920863,pos,Farm,IT2
ASV_00297,ASV_00628,0.4965034965034965,pos,Farm,IT2
ASV_00297,ASV_00636,0.54,pos,Farm,IT2
ASV_00297,ASV_00638,0.5785714285714286,pos,Farm,IT2
ASV_00297,ASV_00645,0.5144927536231884,pos,Farm,IT2
ASV_00297,ASV_00656,0.5138888888888888,pos,Farm,IT2
ASV_00297,ASV_00665,0.4928571428571429,pos,Farm,IT2
ASV_00297,ASV_00671,0.5323741007194245,pos,Farm,IT2
ASV_00297,ASV_00673,0.5655172413793104,pos,Farm,IT2
ASV_00297,ASV_00679,0.5563380281690141,pos,Farm,IT2
ASV_00297,ASV_00687,0.5104895104895105,pos,Farm,IT2
ASV_00297,ASV_00714,0.4857142857142857,pos,Farm,IT2
ASV_00297,ASV_00718,0.4928571428571429,pos,Farm,IT2
ASV_00297,ASV_00724,0.5547445255474452,pos,Farm,IT2
ASV_00297,ASV_00732,0.5070422535211268,pos,Farm,IT2
ASV_00297,ASV_00734,0.5172413793103449,pos,Farm,IT2
ASV_00297,ASV_00757,0.5172413793103449,pos,Farm,IT2
ASV_00297,ASV_00760,0.5238095238095238,pos,Farm,IT2
ASV_00297,ASV_00769,0.5319148936170213,pos,Farm,IT2
ASV_00297,ASV_00772,0.5174825174825175,pos,Farm,IT2
ASV_00297,ASV_00781,0.5104895104895105,pos,Farm,IT2
ASV_00297,ASV_00798,0.5205479452054794,pos,Farm,IT2
ASV_00297,ASV_00808,0.5,pos,Farm,IT2
ASV_00297,ASV_00809,0.5821917808219178,pos,Farm,IT2
ASV_00297,ASV_00817,0.541095890410959,pos,Farm,IT2
ASV_00297,ASV_00829,0.5357142857142857,pos,Farm,IT2
ASV_00297,ASV_00842,0.48936170212765956,pos,Farm,IT2
ASV_00297,ASV_00848,0.5136986301369864,pos,Farm,IT2
ASV_00297,ASV_00869,0.5342465753424658,pos,Farm,IT2
ASV_00297,ASV_00880,0.49295774647887325,pos,Farm,IT2
ASV_00297,ASV_00891,0.5862068965517241,pos,Farm,IT2
ASV_00297,ASV_00906,0.5510204081632653,pos,Farm,IT2
ASV_00297,ASV_00929,0.5310344827586206,pos,Farm,IT2
ASV_00297,ASV_00935,0.5069444444444444,pos,Farm,IT2
ASV_00297,ASV_01023,0.5342465753424658,pos,Farm,IT2
ASV_00297,ASV_01092,0.5586206896551724,pos,Farm,IT2
ASV_00297,ASV_01124,0.5390070921985816,pos,Farm,IT2
ASV_00297,ASV_01179,0.4859154929577465,pos,Farm,IT2
ASV_00297,ASV_01249,0.5,pos,Farm,IT2
ASV_00297,ASV_01250,0.5306122448979592,pos,Farm,IT2
ASV_00297,ASV_01267,0.524822695035461,pos,Farm,IT2
ASV_00297,ASV_01276,0.5107913669064749,pos,Farm,IT2
ASV_00297,ASV_01342,0.5616438356164384,pos,Farm,IT2
ASV_00297,ASV_01349,0.5069444444444444,pos,Farm,IT2
ASV_00297,ASV_01385,0.5357142857142857,pos,Farm,IT2
ASV_00297,ASV_01417,0.5319148936170213,pos,Farm,IT2
ASV_00297,ASV_01458,0.5,pos,Farm,IT2
ASV_00297,ASV_01491,0.5,pos,Farm,IT2
ASV_00297,ASV_01541,0.5422535211267606,pos,Farm,IT2
ASV_00297,ASV_01941,0.5602836879432624,pos,Farm,IT2
ASV_00297,ASV_02332,0.5524475524475524,pos,Farm,IT2
ASV_00298,ASV_00315,0.47761194029850745,pos,Farm,IT2
ASV_00298,ASV_00323,0.4785714285714286,pos,Farm,IT2
ASV_00298,ASV_00339,0.47058823529411764,pos,Farm,IT2
ASV_00298,ASV_00346,0.47101449275362317,pos,Farm,IT2
ASV_00298,ASV_00354,0.4782608695652174,pos,Farm,IT2
ASV_00298,ASV_00367,0.463768115942029,pos,Farm,IT2
ASV_00298,ASV_00369,0.49640287769784175,pos,Farm,IT2
ASV_00298,ASV_00373,0.46715328467153283,pos,Farm,IT2
ASV_00298,ASV_00382,0.4859154929577465,pos,Farm,IT2
ASV_00298,ASV_00412,0.48148148148148145,pos,Farm,IT2
ASV_00298,ASV_00438,0.48201438848920863,pos,Farm,IT2
ASV_00298,ASV_00440,0.4744525547445255,pos,Farm,IT2
ASV_00298,ASV_00450,0.48226950354609927,pos,Farm,IT2
ASV_00298,ASV_00459,0.4928571428571429,pos,Farm,IT2
ASV_00298,ASV_00467,0.5460992907801419,pos,Farm,IT2
ASV_00298,ASV_00495,0.4632352941176471,pos,Farm,IT2
ASV_00298,ASV_00496,0.49640287769784175,pos,Farm,IT2
ASV_00298,ASV_00501,0.5182481751824818,pos,Farm,IT2
ASV_00298,ASV_00514,0.5102040816326531,pos,Farm,IT2
ASV_00298,ASV_00518,0.5104895104895105,pos,Farm,IT2
ASV_00298,ASV_00534,0.5244755244755245,pos,Farm,IT2
ASV_00298,ASV_00536,0.524822695035461,pos,Farm,IT2
ASV_00298,ASV_00548,0.5,pos,Farm,IT2
ASV_00298,ASV_00551,0.48226950354609927,pos,Farm,IT2
ASV_00298,ASV_00571,0.5,pos,Farm,IT2
ASV_00298,ASV_00572,0.5208333333333334,pos,Farm,IT2
ASV_00298,ASV_00587,0.47101449275362317,pos,Farm,IT2
ASV_00298,ASV_00636,0.5136986301369864,pos,Farm,IT2
ASV_00298,ASV_00638,0.4859154929577465,pos,Farm,IT2
ASV_00298,ASV_00641,0.4965034965034965,pos,Farm,IT2
ASV_00298,ASV_00645,0.4632352941176471,pos,Farm,IT2
ASV_00298,ASV_00673,0.5069444444444444,pos,Farm,IT2
ASV_00298,ASV_00709,0.4714285714285714,pos,Farm,IT2
ASV_00298,ASV_00734,0.5107913669064749,pos,Farm,IT2
ASV_00298,ASV_00760,0.5285714285714286,pos,Farm,IT2
ASV_00298,ASV_00772,0.5,pos,Farm,IT2
ASV_00298,ASV_00807,0.4857142857142857,pos,Farm,IT2
ASV_00298,ASV_00873,0.4632352941176471,pos,Farm,IT2
ASV_00298,ASV_00987,0.49264705882352944,pos,Farm,IT2
ASV_00298,ASV_01065,0.48148148148148145,pos,Farm,IT2
ASV_00298,ASV_01267,0.4855072463768116,pos,Farm,IT2
ASV_00298,ASV_01276,0.48148148148148145,pos,Farm,IT2
ASV_00298,ASV_01459,0.4676258992805755,pos,Farm,IT2
ASV_00298,ASV_01491,0.4714285714285714,pos,Farm,IT2
ASV_00298,ASV_01941,0.5,pos,Farm,IT2
ASV_00299,ASV_00303,0.49635036496350365,pos,Farm,IT2
ASV_00299,ASV_00305,0.5241379310344828,pos,Farm,IT2
ASV_00299,ASV_00313,0.5104895104895105,pos,Farm,IT2
ASV_00299,ASV_00315,0.4855072463768116,pos,Farm,IT2
ASV_00299,ASV_00317,0.5142857142857142,pos,Farm,IT2
ASV_00299,ASV_00320,0.5220588235294118,pos,Farm,IT2
ASV_00299,ASV_00321,0.5342465753424658,pos,Farm,IT2
ASV_00299,ASV_00332,0.49645390070921985,pos,Farm,IT2
ASV_00299,ASV_00335,0.48175182481751827,pos,Farm,IT2
ASV_00299,ASV_00339,0.4785714285714286,pos,Farm,IT2
ASV_00299,ASV_00346,0.5328467153284672,pos,Farm,IT2
ASV_00299,ASV_00347,0.5314685314685315,pos,Farm,IT2
ASV_00299,ASV_00350,0.48148148148148145,pos,Farm,IT2
ASV_00299,ASV_00352,0.5179856115107914,pos,Farm,IT2
ASV_00299,ASV_00353,0.4859154929577465,pos,Farm,IT2
ASV_00299,ASV_00354,0.49645390070921985,pos,Farm,IT2
ASV_00299,ASV_00373,0.4857142857142857,pos,Farm,IT2
ASV_00299,ASV_00380,0.48226950354609927,pos,Farm,IT2
ASV_00299,ASV_00384,0.5106382978723404,pos,Farm,IT2
ASV_00299,ASV_00387,0.5467625899280576,pos,Farm,IT2
ASV_00299,ASV_00390,0.5664335664335665,pos,Farm,IT2
ASV_00299,ASV_00391,0.4785714285714286,pos,Farm,IT2
ASV_00299,ASV_00393,0.5263157894736842,pos,Farm,IT2
ASV_00299,ASV_00403,0.5138888888888888,pos,Farm,IT2
ASV_00299,ASV_00404,0.4785714285714286,pos,Farm,IT2
ASV_00299,ASV_00407,0.49645390070921985,pos,Farm,IT2
ASV_00299,ASV_00412,0.4785714285714286,pos,Farm,IT2
ASV_00299,ASV_00415,0.4965034965034965,pos,Farm,IT2
ASV_00299,ASV_00421,0.528169014084507,pos,Farm,IT2
ASV_00299,ASV_00426,0.5333333333333333,pos,Farm,IT2
ASV_00299,ASV_00443,0.5144927536231884,pos,Farm,IT2
ASV_00299,ASV_00447,0.5103448275862069,pos,Farm,IT2
ASV_00299,ASV_00453,0.5104895104895105,pos,Farm,IT2
ASV_00299,ASV_00455,0.5107913669064749,pos,Farm,IT2
ASV_00299,ASV_00467,0.541095890410959,pos,Farm,IT2
ASV_00299,ASV_00474,0.5069444444444444,pos,Farm,IT2
ASV_00299,ASV_00482,0.5466666666666666,pos,Farm,IT2
ASV_00299,ASV_00488,0.5205479452054794,pos,Farm,IT2
ASV_00299,ASV_00494,0.5177304964539007,pos,Farm,IT2
ASV_00299,ASV_00498,0.49264705882352944,pos,Farm,IT2
ASV_00299,ASV_00501,0.5034965034965035,pos,Farm,IT2
ASV_00299,ASV_00511,0.48905109489051096,pos,Farm,IT2
ASV_00299,ASV_00530,0.5177304964539007,pos,Farm,IT2
ASV_00299,ASV_00533,0.49295774647887325,pos,Farm,IT2
ASV_00299,ASV_00534,0.541095890410959,pos,Farm,IT2
ASV_00299,ASV_00542,0.5170068027210885,pos,Farm,IT2
ASV_00299,ASV_00548,0.4748201438848921,pos,Farm,IT2
ASV_00299,ASV_00551,0.5,pos,Farm,IT2
ASV_00299,ASV_00571,0.528169014084507,pos,Farm,IT2
ASV_00299,ASV_00572,0.5374149659863946,pos,Farm,IT2
ASV_00299,ASV_00574,0.5208333333333334,pos,Farm,IT2
ASV_00299,ASV_00581,0.49264705882352944,pos,Farm,IT2
ASV_00299,ASV_00587,0.48936170212765956,pos,Farm,IT2
ASV_00299,ASV_00595,0.5217391304347826,pos,Farm,IT2
ASV_00299,ASV_00615,0.48201438848920863,pos,Farm,IT2
ASV_00299,ASV_00618,0.5214285714285715,pos,Farm,IT2
ASV_00299,ASV_00622,0.47101449275362317,pos,Farm,IT2
ASV_00299,ASV_00628,0.5179856115107914,pos,Farm,IT2
ASV_00299,ASV_00635,0.5347222222222222,pos,Farm,IT2
ASV_00299,ASV_00641,0.5454545454545454,pos,Farm,IT2
ASV_00299,ASV_00643,0.5285714285714286,pos,Farm,IT2
ASV_00299,ASV_00668,0.48936170212765956,pos,Farm,IT2
ASV_00299,ASV_00671,0.5107913669064749,pos,Farm,IT2
ASV_00299,ASV_00687,0.5323741007194245,pos,Farm,IT2
ASV_00299,ASV_00721,0.4855072463768116,pos,Farm,IT2
ASV_00299,ASV_00726,0.5174825174825175,pos,Farm,IT2
ASV_00299,ASV_00732,0.49645390070921985,pos,Farm,IT2
ASV_00299,ASV_00755,0.5170068027210885,pos,Farm,IT2
ASV_00299,ASV_00757,0.55,pos,Farm,IT2
ASV_00299,ASV_00760,0.5136986301369864,pos,Farm,IT2
ASV_00299,ASV_00769,0.5106382978723404,pos,Farm,IT2
ASV_00299,ASV_00772,0.5070422535211268,pos,Farm,IT2
ASV_00299,ASV_00781,0.5323741007194245,pos,Farm,IT2
ASV_00299,ASV_00793,0.48936170212765956,pos,Farm,IT2
ASV_00299,ASV_00801,0.4927536231884058,pos,Farm,IT2
ASV_00299,ASV_00807,0.5034965034965035,pos,Farm,IT2
ASV_00299,ASV_00809,0.5302013422818792,pos,Farm,IT2
ASV_00299,ASV_00821,0.5,pos,Farm,IT2
ASV_00299,ASV_00822,0.5140845070422535,pos,Farm,IT2
ASV_00299,ASV_00829,0.5035460992907801,pos,Farm,IT2
ASV_00299,ASV_00842,0.4785714285714286,pos,Farm,IT2
ASV_00299,ASV_00843,0.5571428571428572,pos,Farm,IT2
ASV_00299,ASV_00845,0.4748201438848921,pos,Farm,IT2
ASV_00299,ASV_00869,0.5136986301369864,pos,Farm,IT2
ASV_00299,ASV_00873,0.5036496350364964,pos,Farm,IT2
ASV_00299,ASV_00880,0.4928571428571429,pos,Farm,IT2
ASV_00299,ASV_00890,0.5,pos,Farm,IT2
ASV_00299,ASV_00929,0.5314685314685315,pos,Farm,IT2
ASV_00299,ASV_00931,0.48936170212765956,pos,Farm,IT2
ASV_00299,ASV_00935,0.4965034965034965,pos,Farm,IT2
ASV_00299,ASV_00959,0.5285714285714286,pos,Farm,IT2
ASV_00299,ASV_00966,0.47101449275362317,pos,Farm,IT2
ASV_00299,ASV_00984,0.5467625899280576,pos,Farm,IT2
ASV_00299,ASV_00987,0.5,pos,Farm,IT2
ASV_00299,ASV_01018,0.5441176470588235,pos,Farm,IT2
ASV_00299,ASV_01023,0.5673758865248227,pos,Farm,IT2
ASV_00299,ASV_01048,0.5035460992907801,pos,Farm,IT2
ASV_00299,ASV_01071,0.4859154929577465,pos,Farm,IT2
ASV_00299,ASV_01092,0.5486111111111112,pos,Farm,IT2
ASV_00299,ASV_01119,0.5486111111111112,pos,Farm,IT2
ASV_00299,ASV_01253,0.4965034965034965,pos,Farm,IT2
ASV_00299,ASV_01276,0.5,pos,Farm,IT2
ASV_00299,ASV_01288,0.5174825174825175,pos,Farm,IT2
ASV_00299,ASV_01328,0.49645390070921985,pos,Farm,IT2
ASV_00299,ASV_01426,0.4785714285714286,pos,Farm,IT2
ASV_00299,ASV_01541,0.5,pos,Farm,IT2
ASV_00299,ASV_02149,0.49640287769784175,pos,Farm,IT2
ASV_00300,ASV_00304,0.5789473684210527,pos,Farm,IT2
ASV_00300,ASV_00307,0.5448275862068965,pos,Farm,IT2
ASV_00300,ASV_00312,0.5918367346938775,pos,Farm,IT2
ASV_00300,ASV_00331,0.5844155844155844,pos,Farm,IT2
ASV_00300,ASV_00339,0.5205479452054794,pos,Farm,IT2
ASV_00300,ASV_00353,0.527027027027027,pos,Farm,IT2
ASV_00300,ASV_00354,0.527027027027027,pos,Farm,IT2
ASV_00300,ASV_00357,0.5273972602739726,pos,Farm,IT2
ASV_00300,ASV_00376,0.56,pos,Farm,IT2
ASV_00300,ASV_00377,0.5785714285714286,pos,Farm,IT2
ASV_00300,ASV_00380,0.5555555555555556,pos,Farm,IT2
ASV_00300,ASV_00389,0.5753424657534246,pos,Farm,IT2
ASV_00300,ASV_00399,0.589041095890411,pos,Farm,IT2
ASV_00300,ASV_00402,0.5174825174825175,pos,Farm,IT2
ASV_00300,ASV_00403,0.5850340136054422,pos,Farm,IT2
ASV_00300,ASV_00404,0.5205479452054794,pos,Farm,IT2
ASV_00300,ASV_00410,0.5405405405405406,pos,Farm,IT2
ASV_00300,ASV_00418,0.5374149659863946,pos,Farm,IT2
ASV_00300,ASV_00422,0.5510204081632653,pos,Farm,IT2
ASV_00300,ASV_00426,0.5909090909090909,pos,Farm,IT2
ASV_00300,ASV_00429,0.4930555555555556,pos,Farm,IT2
ASV_00300,ASV_00442,0.5771812080536913,pos,Farm,IT2
ASV_00300,ASV_00452,0.5342465753424658,pos,Farm,IT2
ASV_00300,ASV_00459,0.593103448275862,pos,Farm,IT2
ASV_00300,ASV_00464,0.56,pos,Farm,IT2
ASV_00300,ASV_00471,0.5436241610738255,pos,Farm,IT2
ASV_00300,ASV_00477,0.5503355704697986,pos,Farm,IT2
ASV_00300,ASV_00482,0.5935483870967742,pos,Farm,IT2
ASV_00300,ASV_00490,0.5789473684210527,pos,Farm,IT2
ASV_00300,ASV_00493,0.5733333333333334,pos,Farm,IT2
ASV_00300,ASV_00494,0.5472972972972973,pos,Farm,IT2
ASV_00300,ASV_00496,0.5540540540540541,pos,Farm,IT2
ASV_00300,ASV_00504,0.5723684210526315,pos,Farm,IT2
ASV_00300,ASV_00506,0.5379310344827586,pos,Farm,IT2
ASV_00300,ASV_00507,0.5684931506849316,pos,Farm,IT2
ASV_00300,ASV_00518,0.5973154362416108,pos,Farm,IT2
ASV_00300,ASV_00521,0.5733333333333334,pos,Farm,IT2
ASV_00300,ASV_00536,0.5906040268456376,pos,Farm,IT2
ASV_00300,ASV_00561,0.6466666666666666,pos,Farm,IT2
ASV_00300,ASV_00566,0.5616438356164384,pos,Farm,IT2
ASV_00300,ASV_00568,0.5918367346938775,pos,Farm,IT2
ASV_00300,ASV_00570,0.5633802816901409,pos,Farm,IT2
ASV_00300,ASV_00592,0.5369127516778524,pos,Farm,IT2
ASV_00300,ASV_00594,0.5578231292517006,pos,Farm,IT2
ASV_00300,ASV_00611,0.5466666666666666,pos,Farm,IT2
ASV_00300,ASV_00620,0.5743243243243243,pos,Farm,IT2
ASV_00300,ASV_00628,0.547945205479452,pos,Farm,IT2
ASV_00300,ASV_00633,0.5821917808219178,pos,Farm,IT2
ASV_00300,ASV_00636,0.5986842105263158,pos,Farm,IT2
ASV_00300,ASV_00643,0.5369127516778524,pos,Farm,IT2
ASV_00300,ASV_00645,0.5454545454545454,pos,Farm,IT2
ASV_00300,ASV_00651,0.5510204081632653,pos,Farm,IT2
ASV_00300,ASV_00673,0.5827814569536424,pos,Farm,IT2
ASV_00300,ASV_00679,0.5743243243243243,pos,Farm,IT2
ASV_00300,ASV_00772,0.5369127516778524,pos,Farm,IT2
ASV_00300,ASV_00815,0.5844155844155844,pos,Farm,IT2
ASV_00300,ASV_00817,0.5695364238410596,pos,Farm,IT2
ASV_00300,ASV_00842,0.5205479452054794,pos,Farm,IT2
ASV_00300,ASV_00848,0.5850340136054422,pos,Farm,IT2
ASV_00300,ASV_00890,0.5503355704697986,pos,Farm,IT2
ASV_00300,ASV_00906,0.5789473684210527,pos,Farm,IT2
ASV_00300,ASV_00935,0.5684931506849316,pos,Farm,IT2
ASV_00300,ASV_00984,0.5540540540540541,pos,Farm,IT2
ASV_00300,ASV_00989,0.503448275862069,pos,Farm,IT2
ASV_00300,ASV_01023,0.5838926174496645,pos,Farm,IT2
ASV_00300,ASV_01071,0.547945205479452,pos,Farm,IT2
ASV_00300,ASV_01092,0.5866666666666667,pos,Farm,IT2
ASV_00300,ASV_01101,0.5675675675675675,pos,Farm,IT2
ASV_00300,ASV_01119,0.5973154362416108,pos,Farm,IT2
ASV_00300,ASV_01267,0.54421768707483,pos,Farm,IT2
ASV_00300,ASV_01288,0.5782312925170068,pos,Farm,IT2
ASV_00300,ASV_01385,0.54421768707483,pos,Farm,IT2
ASV_00300,ASV_01458,0.5422535211267606,pos,Farm,IT2
ASV_00300,ASV_01491,0.5616438356164384,pos,Farm,IT2
ASV_00300,ASV_01508,0.5986394557823129,pos,Farm,IT2
ASV_00300,ASV_01512,0.5172413793103449,pos,Farm,IT2
ASV_00300,ASV_01941,0.5675675675675675,pos,Farm,IT2
ASV_00300,ASV_02149,0.5273972602739726,pos,Farm,IT2
ASV_00303,ASV_00305,0.5319148936170213,pos,Farm,IT2
ASV_00303,ASV_00307,0.5,pos,Farm,IT2
ASV_00303,ASV_00308,0.4855072463768116,pos,Farm,IT2
ASV_00303,ASV_00309,0.5251798561151079,pos,Farm,IT2
ASV_00303,ASV_00317,0.5109489051094891,pos,Farm,IT2
ASV_00303,ASV_00320,0.4852941176470588,pos,Farm,IT2
ASV_00303,ASV_00323,0.48226950354609927,pos,Farm,IT2
ASV_00303,ASV_00330,0.4855072463768116,pos,Farm,IT2
ASV_00303,ASV_00333,0.5142857142857142,pos,Farm,IT2
ASV_00303,ASV_00336,0.4857142857142857,pos,Farm,IT2
ASV_00303,ASV_00340,0.5434782608695652,pos,Farm,IT2
ASV_00303,ASV_00342,0.4857142857142857,pos,Farm,IT2
ASV_00303,ASV_00346,0.49635036496350365,pos,Farm,IT2
ASV_00303,ASV_00352,0.48201438848920863,pos,Farm,IT2
ASV_00303,ASV_00353,0.48201438848920863,pos,Farm,IT2
ASV_00303,ASV_00354,0.5147058823529411,pos,Farm,IT2
ASV_00303,ASV_00390,0.5314685314685315,pos,Farm,IT2
ASV_00303,ASV_00412,0.463768115942029,pos,Farm,IT2
ASV_00303,ASV_00425,0.5,pos,Farm,IT2
ASV_00303,ASV_00426,0.5306122448979592,pos,Farm,IT2
ASV_00303,ASV_00444,0.4928571428571429,pos,Farm,IT2
ASV_00303,ASV_00451,0.5069444444444444,pos,Farm,IT2
ASV_00303,ASV_00453,0.5179856115107914,pos,Farm,IT2
ASV_00303,ASV_00459,0.5179856115107914,pos,Farm,IT2
ASV_00303,ASV_00467,0.5172413793103449,pos,Farm,IT2
ASV_00303,ASV_00477,0.5289855072463768,pos,Farm,IT2
ASV_00303,ASV_00498,0.47761194029850745,pos,Farm,IT2
ASV_00303,ASV_00507,0.48226950354609927,pos,Farm,IT2
ASV_00303,ASV_00513,0.5294117647058824,pos,Farm,IT2
ASV_00303,ASV_00528,0.4748201438848921,pos,Farm,IT2
ASV_00303,ASV_00533,0.5,pos,Farm,IT2
ASV_00303,ASV_00548,0.4925373134328358,pos,Farm,IT2
ASV_00303,ASV_00551,0.4859154929577465,pos,Farm,IT2
ASV_00303,ASV_00571,0.49295774647887325,pos,Farm,IT2
ASV_00303,ASV_00572,0.5241379310344828,pos,Farm,IT2
ASV_00303,ASV_00587,0.4855072463768116,pos,Farm,IT2
ASV_00303,ASV_00592,0.48226950354609927,pos,Farm,IT2
ASV_00303,ASV_00635,0.5,pos,Farm,IT2
ASV_00303,ASV_00643,0.5255474452554745,pos,Farm,IT2
ASV_00303,ASV_00666,0.4930555555555556,pos,Farm,IT2
ASV_00303,ASV_00671,0.5073529411764706,pos,Farm,IT2
ASV_00303,ASV_00679,0.48951048951048953,pos,Farm,IT2
ASV_00303,ASV_00687,0.5072463768115942,pos,Farm,IT2
ASV_00303,ASV_00697,0.4962962962962963,pos,Farm,IT2
ASV_00303,ASV_00760,0.5428571428571428,pos,Farm,IT2
ASV_00303,ASV_00778,0.45185185185185184,pos,Farm,IT2
ASV_00303,ASV_00801,0.46715328467153283,pos,Farm,IT2
ASV_00303,ASV_00808,0.5298507462686567,pos,Farm,IT2
ASV_00303,ASV_00821,0.5179856115107914,pos,Farm,IT2
ASV_00303,ASV_00829,0.5109489051094891,pos,Farm,IT2
ASV_00303,ASV_00843,0.5,pos,Farm,IT2
ASV_00303,ASV_00848,0.5106382978723404,pos,Farm,IT2
ASV_00303,ASV_00891,0.5205479452054794,pos,Farm,IT2
ASV_00303,ASV_00906,0.5068493150684932,pos,Farm,IT2
ASV_00303,ASV_00924,0.4485294117647059,pos,Farm,IT2
ASV_00303,ASV_00929,0.5070422535211268,pos,Farm,IT2
ASV_00303,ASV_00931,0.4748201438848921,pos,Farm,IT2
ASV_00303,ASV_00959,0.4928571428571429,pos,Farm,IT2
ASV_00303,ASV_01018,0.5073529411764706,pos,Farm,IT2
ASV_00303,ASV_01023,0.5211267605633803,pos,Farm,IT2
ASV_00303,ASV_01087,0.4859154929577465,pos,Farm,IT2
ASV_00303,ASV_01092,0.5571428571428572,pos,Farm,IT2
ASV_00303,ASV_01119,0.5244755244755245,pos,Farm,IT2
ASV_00303,ASV_01153,0.4676258992805755,pos,Farm,IT2
ASV_00303,ASV_01249,0.49635036496350365,pos,Farm,IT2
ASV_00303,ASV_01385,0.5,pos,Farm,IT2
ASV_00303,ASV_01491,0.5072463768115942,pos,Farm,IT2
ASV_00303,ASV_01512,0.47058823529411764,pos,Farm,IT2
ASV_00303,ASV_01941,0.5703703703703704,pos,Farm,IT2
ASV_00303,ASV_02332,0.5070422535211268,pos,Farm,IT2
ASV_00304,ASV_00305,0.5945945945945946,pos,Farm,IT2
ASV_00304,ASV_00308,0.5306122448979592,pos,Farm,IT2
ASV_00304,ASV_00312,0.5704697986577181,pos,Farm,IT2
ASV_00304,ASV_00318,0.5540540540540541,pos,Farm,IT2
ASV_00304,ASV_00320,0.574468085106383,pos,Farm,IT2
ASV_00304,ASV_00340,0.5637583892617449,pos,Farm,IT2
ASV_00304,ASV_00343,0.5608108108108109,pos,Farm,IT2
ASV_00304,ASV_00346,0.5625,pos,Farm,IT2
ASV_00304,ASV_00347,0.5918367346938775,pos,Farm,IT2
ASV_00304,ASV_00353,0.5374149659863946,pos,Farm,IT2
ASV_00304,ASV_00369,0.5540540540540541,pos,Farm,IT2
ASV_00304,ASV_00389,0.5753424657534246,pos,Farm,IT2
ASV_00304,ASV_00398,0.5675675675675675,pos,Farm,IT2
ASV_00304,ASV_00411,0.5540540540540541,pos,Farm,IT2
ASV_00304,ASV_00418,0.5374149659863946,pos,Farm,IT2
ASV_00304,ASV_00422,0.5833333333333334,pos,Farm,IT2
ASV_00304,ASV_00425,0.5238095238095238,pos,Farm,IT2
ASV_00304,ASV_00428,0.5136986301369864,pos,Farm,IT2
ASV_00304,ASV_00438,0.5724137931034483,pos,Farm,IT2
ASV_00304,ASV_00440,0.5555555555555556,pos,Farm,IT2
ASV_00304,ASV_00441,0.5306122448979592,pos,Farm,IT2
ASV_00304,ASV_00444,0.5472972972972973,pos,Farm,IT2
ASV_00304,ASV_00455,0.5306122448979592,pos,Farm,IT2
ASV_00304,ASV_00468,0.4788732394366197,pos,Farm,IT2
ASV_00304,ASV_00482,0.6143790849673203,pos,Farm,IT2
ASV_00304,ASV_00493,0.5733333333333334,pos,Farm,IT2
ASV_00304,ASV_00495,0.5241379310344828,pos,Farm,IT2
ASV_00304,ASV_00506,0.5273972602739726,pos,Farm,IT2
ASV_00304,ASV_00512,0.5657894736842105,pos,Farm,IT2
ASV_00304,ASV_00518,0.5973154362416108,pos,Farm,IT2
ASV_00304,ASV_00524,0.5170068027210885,pos,Farm,IT2
ASV_00304,ASV_00528,0.5517241379310345,pos,Farm,IT2
ASV_00304,ASV_00529,0.5172413793103449,pos,Farm,IT2
ASV_00304,ASV_00533,0.5655172413793104,pos,Farm,IT2
ASV_00304,ASV_00542,0.5657894736842105,pos,Farm,IT2
ASV_00304,ASV_00544,0.5874125874125874,pos,Farm,IT2
ASV_00304,ASV_00550,0.56,pos,Farm,IT2
ASV_00304,ASV_00551,0.5714285714285714,pos,Farm,IT2
ASV_00304,ASV_00554,0.5782312925170068,pos,Farm,IT2
ASV_00304,ASV_00556,0.5436241610738255,pos,Farm,IT2
ASV_00304,ASV_00566,0.5405405405405406,pos,Farm,IT2
ASV_00304,ASV_00570,0.5633802816901409,pos,Farm,IT2
ASV_00304,ASV_00571,0.5570469798657718,pos,Farm,IT2
ASV_00304,ASV_00581,0.5138888888888888,pos,Farm,IT2
ASV_00304,ASV_00594,0.5793103448275863,pos,Farm,IT2
ASV_00304,ASV_00596,0.5352112676056338,pos,Farm,IT2
ASV_00304,ASV_00612,0.5958904109589042,pos,Farm,IT2
ASV_00304,ASV_00628,0.5586206896551724,pos,Farm,IT2
ASV_00304,ASV_00636,0.5882352941176471,pos,Farm,IT2
ASV_00304,ASV_00643,0.5369127516778524,pos,Farm,IT2
ASV_00304,ASV_00651,0.5405405405405406,pos,Farm,IT2
ASV_00304,ASV_00656,0.5436241610738255,pos,Farm,IT2
ASV_00304,ASV_00662,0.5238095238095238,pos,Farm,IT2
ASV_00304,ASV_00668,0.5625,pos,Farm,IT2
ASV_00304,ASV_00687,0.5724137931034483,pos,Farm,IT2
ASV_00304,ASV_00714,0.5277777777777778,pos,Farm,IT2
ASV_00304,ASV_00726,0.5466666666666666,pos,Farm,IT2
ASV_00304,ASV_00732,0.5374149659863946,pos,Farm,IT2
ASV_00304,ASV_00758,0.5503355704697986,pos,Farm,IT2
ASV_00304,ASV_00760,0.5629139072847682,pos,Farm,IT2
ASV_00304,ASV_00769,0.5510204081632653,pos,Farm,IT2
ASV_00304,ASV_00772,0.5684931506849316,pos,Farm,IT2
ASV_00304,ASV_00798,0.56,pos,Farm,IT2
ASV_00304,ASV_00801,0.5454545454545454,pos,Farm,IT2
ASV_00304,ASV_00806,0.5771812080536913,pos,Farm,IT2
ASV_00304,ASV_00807,0.5753424657534246,pos,Farm,IT2
ASV_00304,ASV_00815,0.5947712418300654,pos,Farm,IT2
ASV_00304,ASV_00821,0.5503355704697986,pos,Farm,IT2
ASV_00304,ASV_00829,0.54421768707483,pos,Farm,IT2
ASV_00304,ASV_00865,0.5436241610738255,pos,Farm,IT2
ASV_00304,ASV_00891,0.6133333333333333,pos,Farm,IT2
ASV_00304,ASV_00909,0.5517241379310345,pos,Farm,IT2
ASV_00304,ASV_00929,0.5704697986577181,pos,Farm,IT2
ASV_00304,ASV_00931,0.5625,pos,Farm,IT2
ASV_00304,ASV_00952,0.5342465753424658,pos,Farm,IT2
ASV_00304,ASV_00984,0.564625850340136,pos,Farm,IT2
ASV_00304,ASV_00987,0.5306122448979592,pos,Farm,IT2
ASV_00304,ASV_00989,0.503448275862069,pos,Farm,IT2
ASV_00304,ASV_01023,0.5733333333333334,pos,Farm,IT2
ASV_00304,ASV_01124,0.5369127516778524,pos,Farm,IT2
ASV_00304,ASV_01249,0.5517241379310345,pos,Farm,IT2
ASV_00304,ASV_01385,0.5337837837837838,pos,Farm,IT2
ASV_00304,ASV_01458,0.5314685314685315,pos,Farm,IT2
ASV_00304,ASV_01503,0.5821917808219178,pos,Farm,IT2
ASV_00304,ASV_01508,0.5562913907284768,pos,Farm,IT2
ASV_00304,ASV_01512,0.5172413793103449,pos,Farm,IT2
ASV_00304,ASV_01541,0.5821917808219178,pos,Farm,IT2
ASV_00304,ASV_01578,0.5540540540540541,pos,Farm,IT2
ASV_00305,ASV_00315,0.5,pos,Farm,IT2
ASV_00305,ASV_00320,0.5138888888888888,pos,Farm,IT2
ASV_00305,ASV_00324,0.5379310344827586,pos,Farm,IT2
ASV_00305,ASV_00327,0.5136986301369864,pos,Farm,IT2
ASV_00305,ASV_00330,0.5241379310344828,pos,Farm,IT2
ASV_00305,ASV_00334,0.624113475177305,pos,Farm,IT2
ASV_00305,ASV_00335,0.5070422535211268,pos,Farm,IT2
ASV_00305,ASV_00336,0.5238095238095238,pos,Farm,IT2
ASV_00305,ASV_00343,0.5547945205479452,pos,Farm,IT2
ASV_00305,ASV_00346,0.5785714285714286,pos,Farm,IT2
ASV_00305,ASV_00347,0.564625850340136,pos,Farm,IT2
ASV_00305,ASV_00353,0.5310344827586206,pos,Farm,IT2
ASV_00305,ASV_00354,0.5310344827586206,pos,Farm,IT2
ASV_00305,ASV_00357,0.5103448275862069,pos,Farm,IT2
ASV_00305,ASV_00359,0.5104895104895105,pos,Farm,IT2
ASV_00305,ASV_00369,0.547945205479452,pos,Farm,IT2
ASV_00305,ASV_00372,0.5104895104895105,pos,Farm,IT2
ASV_00305,ASV_00381,0.5172413793103449,pos,Farm,IT2
ASV_00305,ASV_00384,0.5238095238095238,pos,Farm,IT2
ASV_00305,ASV_00391,0.5138888888888888,pos,Farm,IT2
ASV_00305,ASV_00393,0.4965034965034965,pos,Farm,IT2
ASV_00305,ASV_00397,0.5517241379310345,pos,Farm,IT2
ASV_00305,ASV_00406,0.5460992907801419,pos,Farm,IT2
ASV_00305,ASV_00421,0.5405405405405406,pos,Farm,IT2
ASV_00305,ASV_00425,0.5277777777777778,pos,Farm,IT2
ASV_00305,ASV_00438,0.5238095238095238,pos,Farm,IT2
ASV_00305,ASV_00441,0.5241379310344828,pos,Farm,IT2
ASV_00305,ASV_00442,0.5608108108108109,pos,Farm,IT2
ASV_00305,ASV_00458,0.5138888888888888,pos,Farm,IT2
ASV_00305,ASV_00460,0.54421768707483,pos,Farm,IT2
ASV_00305,ASV_00467,0.5733333333333334,pos,Farm,IT2
ASV_00305,ASV_00468,0.4714285714285714,pos,Farm,IT2
ASV_00305,ASV_00486,0.5562913907284768,pos,Farm,IT2
ASV_00305,ASV_00490,0.5838926174496645,pos,Farm,IT2
ASV_00305,ASV_00498,0.4965034965034965,pos,Farm,IT2
ASV_00305,ASV_00501,0.547945205479452,pos,Farm,IT2
ASV_00305,ASV_00511,0.5034965034965035,pos,Farm,IT2
ASV_00305,ASV_00513,0.5448275862068965,pos,Farm,IT2
ASV_00305,ASV_00514,0.5686274509803921,pos,Farm,IT2
ASV_00305,ASV_00528,0.5136986301369864,pos,Farm,IT2
ASV_00305,ASV_00533,0.5594405594405595,pos,Farm,IT2
ASV_00305,ASV_00534,0.6388888888888888,pos,Farm,IT2
ASV_00305,ASV_00541,0.5238095238095238,pos,Farm,IT2
ASV_00305,ASV_00544,0.5486111111111112,pos,Farm,IT2
ASV_00305,ASV_00548,0.5428571428571428,pos,Farm,IT2
ASV_00305,ASV_00554,0.5510204081632653,pos,Farm,IT2
ASV_00305,ASV_00561,0.577922077922078,pos,Farm,IT2
ASV_00305,ASV_00563,0.5405405405405406,pos,Farm,IT2
ASV_00305,ASV_00570,0.5138888888888888,pos,Farm,IT2
ASV_00305,ASV_00587,0.5673758865248227,pos,Farm,IT2
ASV_00305,ASV_00596,0.5177304964539007,pos,Farm,IT2
ASV_00305,ASV_00612,0.5902777777777778,pos,Farm,IT2
ASV_00305,ASV_00615,0.5069444444444444,pos,Farm,IT2
ASV_00305,ASV_00620,0.5578231292517006,pos,Farm,IT2
ASV_00305,ASV_00628,0.5857142857142857,pos,Farm,IT2
ASV_00305,ASV_00633,0.54421768707483,pos,Farm,IT2
ASV_00305,ASV_00643,0.5517241379310345,pos,Farm,IT2
ASV_00305,ASV_00651,0.5448275862068965,pos,Farm,IT2
ASV_00305,ASV_00654,0.5460992907801419,pos,Farm,IT2
ASV_00305,ASV_00656,0.547945205479452,pos,Farm,IT2
ASV_00305,ASV_00671,0.5241379310344828,pos,Farm,IT2
ASV_00305,ASV_00673,0.5562913907284768,pos,Farm,IT2
ASV_00305,ASV_00709,0.5238095238095238,pos,Farm,IT2
ASV_00305,ASV_00714,0.5104895104895105,pos,Farm,IT2
ASV_00305,ASV_00718,0.5390070921985816,pos,Farm,IT2
ASV_00305,ASV_00728,0.5034965034965035,pos,Farm,IT2
ASV_00305,ASV_00757,0.5510204081632653,pos,Farm,IT2
ASV_00305,ASV_00760,0.5466666666666666,pos,Farm,IT2
ASV_00305,ASV_00769,0.5448275862068965,pos,Farm,IT2
ASV_00305,ASV_00772,0.5306122448979592,pos,Farm,IT2
ASV_00305,ASV_00778,0.6060606060606061,pos,Farm,IT2
ASV_00305,ASV_00789,0.5694444444444444,pos,Farm,IT2
ASV_00305,ASV_00798,0.5540540540540541,pos,Farm,IT2
ASV_00305,ASV_00801,0.5069444444444444,pos,Farm,IT2
ASV_00305,ASV_00806,0.5714285714285714,pos,Farm,IT2
ASV_00305,ASV_00807,0.5374149659863946,pos,Farm,IT2
ASV_00305,ASV_00808,0.5136986301369864,pos,Farm,IT2
ASV_00305,ASV_00821,0.5763888888888888,pos,Farm,IT2
ASV_00305,ASV_00822,0.5374149659863946,pos,Farm,IT2
ASV_00305,ASV_00829,0.5704225352112676,pos,Farm,IT2
ASV_00305,ASV_00873,0.5174825174825175,pos,Farm,IT2
ASV_00305,ASV_00890,0.5337837837837838,pos,Farm,IT2
ASV_00305,ASV_00906,0.5733333333333334,pos,Farm,IT2
ASV_00305,ASV_00912,0.5285714285714286,pos,Farm,IT2
ASV_00305,ASV_00929,0.5540540540540541,pos,Farm,IT2
ASV_00305,ASV_00931,0.5563380281690141,pos,Farm,IT2
ASV_00305,ASV_00984,0.5586206896551724,pos,Farm,IT2
ASV_00305,ASV_01018,0.5136986301369864,pos,Farm,IT2
ASV_00305,ASV_01023,0.5570469798657718,pos,Farm,IT2
ASV_00305,ASV_01065,0.5244755244755245,pos,Farm,IT2
ASV_00305,ASV_01101,0.5405405405405406,pos,Farm,IT2
ASV_00305,ASV_01249,0.5136986301369864,pos,Farm,IT2
ASV_00305,ASV_01328,0.5310344827586206,pos,Farm,IT2
ASV_00305,ASV_01385,0.5815602836879432,pos,Farm,IT2
ASV_00305,ASV_01458,0.5034965034965035,pos,Farm,IT2
ASV_00305,ASV_01503,0.54421768707483,pos,Farm,IT2
ASV_00305,ASV_01578,0.5586206896551724,pos,Farm,IT2
ASV_00305,ASV_01840,0.5448275862068965,pos,Farm,IT2
ASV_00305,ASV_01941,0.5616438356164384,pos,Farm,IT2
ASV_00305,ASV_02020,0.5379310344827586,pos,Farm,IT2
ASV_00305,ASV_02149,0.5208333333333334,pos,Farm,IT2
ASV_00307,ASV_00309,0.5211267605633803,pos,Farm,IT2
ASV_00307,ASV_00311,0.5136986301369864,pos,Farm,IT2
ASV_00307,ASV_00317,0.4859154929577465,pos,Farm,IT2
ASV_00307,ASV_00324,0.5071428571428571,pos,Farm,IT2
ASV_00307,ASV_00327,0.48226950354609927,pos,Farm,IT2
ASV_00307,ASV_00330,0.5035971223021583,pos,Farm,IT2
ASV_00307,ASV_00333,0.5104895104895105,pos,Farm,IT2
ASV_00307,ASV_00334,0.5174825174825175,pos,Farm,IT2
ASV_00307,ASV_00335,0.4744525547445255,pos,Farm,IT2
ASV_00307,ASV_00339,0.5036496350364964,pos,Farm,IT2
ASV_00307,ASV_00345,0.5352112676056338,pos,Farm,IT2
ASV_00307,ASV_00347,0.5352112676056338,pos,Farm,IT2
ASV_00307,ASV_00368,0.49645390070921985,pos,Farm,IT2
ASV_00307,ASV_00372,0.4782608695652174,pos,Farm,IT2
ASV_00307,ASV_00373,0.4785714285714286,pos,Farm,IT2
ASV_00307,ASV_00376,0.5138888888888888,pos,Farm,IT2
ASV_00307,ASV_00381,0.49640287769784175,pos,Farm,IT2
ASV_00307,ASV_00390,0.5170068027210885,pos,Farm,IT2
ASV_00307,ASV_00391,0.48201438848920863,pos,Farm,IT2
ASV_00307,ASV_00393,0.4962962962962963,pos,Farm,IT2
ASV_00307,ASV_00402,0.5,pos,Farm,IT2
ASV_00307,ASV_00411,0.5070422535211268,pos,Farm,IT2
ASV_00307,ASV_00421,0.5,pos,Farm,IT2
ASV_00307,ASV_00422,0.5703703703703704,pos,Farm,IT2
ASV_00307,ASV_00425,0.49640287769784175,pos,Farm,IT2
ASV_00307,ASV_00426,0.5369127516778524,pos,Farm,IT2
ASV_00307,ASV_00438,0.49295774647887325,pos,Farm,IT2
ASV_00307,ASV_00441,0.5144927536231884,pos,Farm,IT2
ASV_00307,ASV_00479,0.503448275862069,pos,Farm,IT2
ASV_00307,ASV_00485,0.5,pos,Farm,IT2
ASV_00307,ASV_00490,0.5448275862068965,pos,Farm,IT2
ASV_00307,ASV_00493,0.5172413793103449,pos,Farm,IT2
ASV_00307,ASV_00495,0.4748201438848921,pos,Farm,IT2
ASV_00307,ASV_00506,0.5,pos,Farm,IT2
ASV_00307,ASV_00507,0.5,pos,Farm,IT2
ASV_00307,ASV_00508,0.5035971223021583,pos,Farm,IT2
ASV_00307,ASV_00518,0.5205479452054794,pos,Farm,IT2
ASV_00307,ASV_00521,0.5172413793103449,pos,Farm,IT2
ASV_00307,ASV_00528,0.48226950354609927,pos,Farm,IT2
ASV_00307,ASV_00533,0.49645390070921985,pos,Farm,IT2
ASV_00307,ASV_00536,0.5241379310344828,pos,Farm,IT2
ASV_00307,ASV_00542,0.5205479452054794,pos,Farm,IT2
ASV_00307,ASV_00543,0.5,pos,Farm,IT2
ASV_00307,ASV_00548,0.4676258992805755,pos,Farm,IT2
ASV_00307,ASV_00551,0.5034965034965035,pos,Farm,IT2
ASV_00307,ASV_00566,0.5035460992907801,pos,Farm,IT2
ASV_00307,ASV_00570,0.5036496350364964,pos,Farm,IT2
ASV_00307,ASV_00592,0.5323741007194245,pos,Farm,IT2
ASV_00307,ASV_00595,0.4928571428571429,pos,Farm,IT2
ASV_00307,ASV_00620,0.5069444444444444,pos,Farm,IT2
ASV_00307,ASV_00643,0.5,pos,Farm,IT2
ASV_00307,ASV_00671,0.48226950354609927,pos,Farm,IT2
ASV_00307,ASV_00673,0.5170068027210885,pos,Farm,IT2
ASV_00307,ASV_00709,0.5142857142857142,pos,Farm,IT2
ASV_00307,ASV_00728,0.48175182481751827,pos,Farm,IT2
ASV_00307,ASV_00734,0.5319148936170213,pos,Farm,IT2
ASV_00307,ASV_00757,0.5211267605633803,pos,Farm,IT2
ASV_00307,ASV_00760,0.5384615384615384,pos,Farm,IT2
ASV_00307,ASV_00781,0.49295774647887325,pos,Farm,IT2
ASV_00307,ASV_00806,0.5314685314685315,pos,Farm,IT2
ASV_00307,ASV_00807,0.5070422535211268,pos,Farm,IT2
ASV_00307,ASV_00808,0.48226950354609927,pos,Farm,IT2
ASV_00307,ASV_00809,0.5547945205479452,pos,Farm,IT2
ASV_00307,ASV_00811,0.528169014084507,pos,Farm,IT2
ASV_00307,ASV_00817,0.5347222222222222,pos,Farm,IT2
ASV_00307,ASV_00829,0.49645390070921985,pos,Farm,IT2
ASV_00307,ASV_00865,0.5070422535211268,pos,Farm,IT2
ASV_00307,ASV_00891,0.527027027027027,pos,Farm,IT2
ASV_00307,ASV_00931,0.5144927536231884,pos,Farm,IT2
ASV_00307,ASV_00935,0.5,pos,Farm,IT2
ASV_00307,ASV_00952,0.49640287769784175,pos,Farm,IT2
ASV_00307,ASV_00959,0.5,pos,Farm,IT2
ASV_00307,ASV_00984,0.4965034965034965,pos,Farm,IT2
ASV_00307,ASV_01018,0.5035971223021583,pos,Farm,IT2
ASV_00307,ASV_01092,0.5205479452054794,pos,Farm,IT2
ASV_00307,ASV_01119,0.5524475524475524,pos,Farm,IT2
ASV_00307,ASV_01153,0.49640287769784175,pos,Farm,IT2
ASV_00307,ASV_01250,0.5136986301369864,pos,Farm,IT2
ASV_00307,ASV_01288,0.5,pos,Farm,IT2
ASV_00307,ASV_01328,0.5107913669064749,pos,Farm,IT2
ASV_00307,ASV_01385,0.49645390070921985,pos,Farm,IT2
ASV_00307,ASV_01491,0.5142857142857142,pos,Farm,IT2
ASV_00307,ASV_01512,0.4782608695652174,pos,Farm,IT2
ASV_00307,ASV_01541,0.5140845070422535,pos,Farm,IT2
ASV_00307,ASV_01941,0.5104895104895105,pos,Farm,IT2
ASV_00308,ASV_00323,0.539568345323741,pos,Farm,IT2
ASV_00308,ASV_00330,0.5,pos,Farm,IT2
ASV_00308,ASV_00332,0.4859154929577465,pos,Farm,IT2
ASV_00308,ASV_00336,0.5,pos,Farm,IT2
ASV_00308,ASV_00342,0.5,pos,Farm,IT2
ASV_00308,ASV_00347,0.5103448275862069,pos,Farm,IT2
ASV_00308,ASV_00361,0.5314685314685315,pos,Farm,IT2
ASV_00308,ASV_00373,0.49640287769784175,pos,Farm,IT2
ASV_00308,ASV_00395,0.5144927536231884,pos,Farm,IT2
ASV_00308,ASV_00399,0.5069444444444444,pos,Farm,IT2
ASV_00308,ASV_00409,0.49640287769784175,pos,Farm,IT2
ASV_00308,ASV_00443,0.5035971223021583,pos,Farm,IT2
ASV_00308,ASV_00445,0.5106382978723404,pos,Farm,IT2
ASV_00308,ASV_00454,0.5277777777777778,pos,Farm,IT2
ASV_00308,ASV_00458,0.4785714285714286,pos,Farm,IT2
ASV_00308,ASV_00459,0.5211267605633803,pos,Farm,IT2
ASV_00308,ASV_00464,0.5103448275862069,pos,Farm,IT2
ASV_00308,ASV_00467,0.541095890410959,pos,Farm,IT2
ASV_00308,ASV_00474,0.5069444444444444,pos,Farm,IT2
ASV_00308,ASV_00486,0.5238095238095238,pos,Farm,IT2
ASV_00308,ASV_00496,0.5140845070422535,pos,Farm,IT2
ASV_00308,ASV_00514,0.5578231292517006,pos,Farm,IT2
ASV_00308,ASV_00518,0.5273972602739726,pos,Farm,IT2
ASV_00308,ASV_00524,0.4857142857142857,pos,Farm,IT2
ASV_00308,ASV_00550,0.5314685314685315,pos,Farm,IT2
ASV_00308,ASV_00551,0.5,pos,Farm,IT2
ASV_00308,ASV_00554,0.528169014084507,pos,Farm,IT2
ASV_00308,ASV_00556,0.5140845070422535,pos,Farm,IT2
ASV_00308,ASV_00563,0.5174825174825175,pos,Farm,IT2
ASV_00308,ASV_00635,0.5563380281690141,pos,Farm,IT2
ASV_00308,ASV_00636,0.5302013422818792,pos,Farm,IT2
ASV_00308,ASV_00687,0.5,pos,Farm,IT2
ASV_00308,ASV_00697,0.5220588235294118,pos,Farm,IT2
ASV_00308,ASV_00718,0.4927536231884058,pos,Farm,IT2
ASV_00308,ASV_00821,0.5319148936170213,pos,Farm,IT2
ASV_00308,ASV_00829,0.49295774647887325,pos,Farm,IT2
ASV_00308,ASV_00843,0.5138888888888888,pos,Farm,IT2
ASV_00308,ASV_00869,0.5241379310344828,pos,Farm,IT2
ASV_00308,ASV_00873,0.48201438848920863,pos,Farm,IT2
ASV_00308,ASV_01090,0.5277777777777778,pos,Farm,IT2
ASV_00308,ASV_01459,0.4859154929577465,pos,Farm,IT2
ASV_00308,ASV_01541,0.5211267605633803,pos,Farm,IT2
ASV_00308,ASV_02332,0.5103448275862069,pos,Farm,IT2
ASV_00309,ASV_00317,0.5208333333333334,pos,Farm,IT2
ASV_00309,ASV_00318,0.5310344827586206,pos,Farm,IT2
ASV_00309,ASV_00336,0.5384615384615384,pos,Farm,IT2
ASV_00309,ASV_00339,0.4965034965034965,pos,Farm,IT2
ASV_00309,ASV_00340,0.541095890410959,pos,Farm,IT2
ASV_00309,ASV_00342,0.5492957746478874,pos,Farm,IT2
ASV_00309,ASV_00343,0.5486111111111112,pos,Farm,IT2
ASV_00309,ASV_00345,0.5804195804195804,pos,Farm,IT2
ASV_00309,ASV_00346,0.5174825174825175,pos,Farm,IT2
ASV_00309,ASV_00347,0.5374149659863946,pos,Farm,IT2
ASV_00309,ASV_00355,0.5379310344827586,pos,Farm,IT2
ASV_00309,ASV_00359,0.5251798561151079,pos,Farm,IT2
ASV_00309,ASV_00372,0.49295774647887325,pos,Farm,IT2
ASV_00309,ASV_00373,0.5034965034965035,pos,Farm,IT2
ASV_00309,ASV_00390,0.5503355704697986,pos,Farm,IT2
ASV_00309,ASV_00398,0.5238095238095238,pos,Farm,IT2
ASV_00309,ASV_00409,0.5140845070422535,pos,Farm,IT2
ASV_00309,ASV_00421,0.5342465753424658,pos,Farm,IT2
ASV_00309,ASV_00425,0.5539568345323741,pos,Farm,IT2
ASV_00309,ASV_00440,0.5,pos,Farm,IT2
ASV_00309,ASV_00441,0.5390070921985816,pos,Farm,IT2
ASV_00309,ASV_00442,0.54421768707483,pos,Farm,IT2
ASV_00309,ASV_00443,0.5,pos,Farm,IT2
ASV_00309,ASV_00444,0.5136986301369864,pos,Farm,IT2
ASV_00309,ASV_00445,0.5277777777777778,pos,Farm,IT2
ASV_00309,ASV_00447,0.547945205479452,pos,Farm,IT2
ASV_00309,ASV_00450,0.5379310344827586,pos,Farm,IT2
ASV_00309,ASV_00453,0.5379310344827586,pos,Farm,IT2
ASV_00309,ASV_00458,0.5070422535211268,pos,Farm,IT2
ASV_00309,ASV_00459,0.5273972602739726,pos,Farm,IT2
ASV_00309,ASV_00460,0.5273972602739726,pos,Farm,IT2
ASV_00309,ASV_00474,0.5555555555555556,pos,Farm,IT2
ASV_00309,ASV_00479,0.547945205479452,pos,Farm,IT2
ASV_00309,ASV_00493,0.5616438356164384,pos,Farm,IT2
ASV_00309,ASV_00498,0.5107913669064749,pos,Farm,IT2
ASV_00309,ASV_00503,0.5492957746478874,pos,Farm,IT2
ASV_00309,ASV_00504,0.5503355704697986,pos,Farm,IT2
ASV_00309,ASV_00512,0.5540540540540541,pos,Farm,IT2
ASV_00309,ASV_00518,0.5540540540540541,pos,Farm,IT2
ASV_00309,ASV_00529,0.49295774647887325,pos,Farm,IT2
ASV_00309,ASV_00530,0.5241379310344828,pos,Farm,IT2
ASV_00309,ASV_00555,0.5342465753424658,pos,Farm,IT2
ASV_00309,ASV_00559,0.5103448275862069,pos,Farm,IT2
ASV_00309,ASV_00563,0.5238095238095238,pos,Farm,IT2
ASV_00309,ASV_00566,0.5172413793103449,pos,Farm,IT2
ASV_00309,ASV_00620,0.5734265734265734,pos,Farm,IT2
ASV_00309,ASV_00635,0.5405405405405406,pos,Farm,IT2
ASV_00309,ASV_00638,0.5734265734265734,pos,Farm,IT2
ASV_00309,ASV_00654,0.4965034965034965,pos,Farm,IT2
ASV_00309,ASV_00662,0.5211267605633803,pos,Farm,IT2
ASV_00309,ASV_00679,0.5517241379310345,pos,Farm,IT2
ASV_00309,ASV_00709,0.5277777777777778,pos,Farm,IT2
ASV_00309,ASV_00728,0.49645390070921985,pos,Farm,IT2
ASV_00309,ASV_00757,0.5555555555555556,pos,Farm,IT2
ASV_00309,ASV_00760,0.5833333333333334,pos,Farm,IT2
ASV_00309,ASV_00772,0.5454545454545454,pos,Farm,IT2
ASV_00309,ASV_00781,0.5384615384615384,pos,Farm,IT2
ASV_00309,ASV_00801,0.5323741007194245,pos,Farm,IT2
ASV_00309,ASV_00821,0.5273972602739726,pos,Farm,IT2
ASV_00309,ASV_00829,0.5103448275862069,pos,Farm,IT2
ASV_00309,ASV_00875,0.5436241610738255,pos,Farm,IT2
ASV_00309,ASV_00891,0.5496688741721855,pos,Farm,IT2
ASV_00309,ASV_00952,0.5211267605633803,pos,Farm,IT2
ASV_00309,ASV_00959,0.5347222222222222,pos,Farm,IT2
ASV_00309,ASV_00987,0.5069444444444444,pos,Farm,IT2
ASV_00309,ASV_01092,0.5436241610738255,pos,Farm,IT2
ASV_00309,ASV_01101,0.5238095238095238,pos,Farm,IT2
ASV_00309,ASV_01119,0.5540540540540541,pos,Farm,IT2
ASV_00309,ASV_01223,0.4892086330935252,pos,Farm,IT2
ASV_00309,ASV_01288,0.5342465753424658,pos,Farm,IT2
ASV_00309,ASV_01385,0.5208333333333334,pos,Farm,IT2
ASV_00309,ASV_01458,0.49645390070921985,pos,Farm,IT2
ASV_00309,ASV_01491,0.5384615384615384,pos,Farm,IT2
ASV_00309,ASV_01941,0.5342465753424658,pos,Farm,IT2
ASV_00309,ASV_02332,0.547945205479452,pos,Farm,IT2
ASV_00311,ASV_00313,0.5724137931034483,pos,Farm,IT2
ASV_00311,ASV_00315,0.5069444444444444,pos,Farm,IT2
ASV_00311,ASV_00324,0.5448275862068965,pos,Farm,IT2
ASV_00311,ASV_00327,0.5633802816901409,pos,Farm,IT2
ASV_00311,ASV_00333,0.5472972972972973,pos,Farm,IT2
ASV_00311,ASV_00336,0.541095890410959,pos,Farm,IT2
ASV_00311,ASV_00380,0.5136986301369864,pos,Farm,IT2
ASV_00311,ASV_00395,0.5136986301369864,pos,Farm,IT2
ASV_00311,ASV_00397,0.5374149659863946,pos,Farm,IT2
ASV_00311,ASV_00407,0.5379310344827586,pos,Farm,IT2
ASV_00311,ASV_00437,0.5369127516778524,pos,Farm,IT2
ASV_00311,ASV_00465,0.5306122448979592,pos,Farm,IT2
ASV_00311,ASV_00494,0.527027027027027,pos,Farm,IT2
ASV_00311,ASV_00501,0.5655172413793104,pos,Farm,IT2
ASV_00311,ASV_00503,0.5517241379310345,pos,Farm,IT2
ASV_00311,ASV_00513,0.5306122448979592,pos,Farm,IT2
ASV_00311,ASV_00514,0.6066666666666667,pos,Farm,IT2
ASV_00311,ASV_00542,0.5666666666666667,pos,Farm,IT2
ASV_00311,ASV_00543,0.5578231292517006,pos,Farm,IT2
ASV_00311,ASV_00554,0.5684931506849316,pos,Farm,IT2
ASV_00311,ASV_00587,0.5205479452054794,pos,Farm,IT2
ASV_00311,ASV_00594,0.5374149659863946,pos,Farm,IT2
ASV_00311,ASV_00622,0.5467625899280576,pos,Farm,IT2
ASV_00311,ASV_00641,0.5533333333333333,pos,Farm,IT2
ASV_00311,ASV_00718,0.503448275862069,pos,Farm,IT2
ASV_00311,ASV_00732,0.5379310344827586,pos,Farm,IT2
ASV_00311,ASV_00758,0.5510204081632653,pos,Farm,IT2
ASV_00311,ASV_00802,0.5637583892617449,pos,Farm,IT2
ASV_00311,ASV_00807,0.5337837837837838,pos,Farm,IT2
ASV_00311,ASV_00808,0.5205479452054794,pos,Farm,IT2
ASV_00311,ASV_00829,0.5342465753424658,pos,Farm,IT2
ASV_00311,ASV_00845,0.528169014084507,pos,Farm,IT2
ASV_00311,ASV_00848,0.5540540540540541,pos,Farm,IT2
ASV_00311,ASV_00865,0.5337837837837838,pos,Farm,IT2
ASV_00311,ASV_00924,0.5070422535211268,pos,Farm,IT2
ASV_00311,ASV_00935,0.5374149659863946,pos,Farm,IT2
ASV_00311,ASV_00966,0.4930555555555556,pos,Farm,IT2
ASV_00311,ASV_01087,0.5405405405405406,pos,Farm,IT2
ASV_00311,ASV_01101,0.5472972972972973,pos,Farm,IT2
ASV_00311,ASV_01204,0.5637583892617449,pos,Farm,IT2
ASV_00311,ASV_01250,0.56,pos,Farm,IT2
ASV_00311,ASV_01541,0.5833333333333334,pos,Farm,IT2
ASV_00312,ASV_00320,0.5652173913043478,pos,Farm,IT2
ASV_00312,ASV_00321,0.5533333333333333,pos,Farm,IT2
ASV_00312,ASV_00327,0.5103448275862069,pos,Farm,IT2
ASV_00312,ASV_00333,0.5586206896551724,pos,Farm,IT2
ASV_00312,ASV_00339,0.5104895104895105,pos,Farm,IT2
ASV_00312,ASV_00340,0.5337837837837838,pos,Farm,IT2
ASV_00312,ASV_00343,0.5517241379310345,pos,Farm,IT2
ASV_00312,ASV_00346,0.5531914893617021,pos,Farm,IT2
ASV_00312,ASV_00352,0.5277777777777778,pos,Farm,IT2
ASV_00312,ASV_00377,0.5579710144927537,pos,Farm,IT2
ASV_00312,ASV_00378,0.5436241610738255,pos,Farm,IT2
ASV_00312,ASV_00380,0.503448275862069,pos,Farm,IT2
ASV_00312,ASV_00390,0.5533333333333333,pos,Farm,IT2
ASV_00312,ASV_00403,0.54421768707483,pos,Farm,IT2
ASV_00312,ASV_00407,0.5384615384615384,pos,Farm,IT2
ASV_00312,ASV_00412,0.5,pos,Farm,IT2
ASV_00312,ASV_00416,0.5205479452054794,pos,Farm,IT2
ASV_00312,ASV_00418,0.5492957746478874,pos,Farm,IT2
ASV_00312,ASV_00421,0.5586206896551724,pos,Farm,IT2
ASV_00312,ASV_00422,0.5205479452054794,pos,Farm,IT2
ASV_00312,ASV_00425,0.5352112676056338,pos,Farm,IT2
ASV_00312,ASV_00440,0.503448275862069,pos,Farm,IT2
ASV_00312,ASV_00441,0.5422535211267606,pos,Farm,IT2
ASV_00312,ASV_00442,0.5472972972972973,pos,Farm,IT2
ASV_00312,ASV_00451,0.5503355704697986,pos,Farm,IT2
ASV_00312,ASV_00452,0.5352112676056338,pos,Farm,IT2
ASV_00312,ASV_00463,0.5763888888888888,pos,Farm,IT2
ASV_00312,ASV_00468,0.4782608695652174,pos,Farm,IT2
ASV_00312,ASV_00482,0.6066666666666667,pos,Farm,IT2
ASV_00312,ASV_00490,0.6137931034482759,pos,Farm,IT2
ASV_00312,ASV_00493,0.5436241610738255,pos,Farm,IT2
ASV_00312,ASV_00494,0.5273972602739726,pos,Farm,IT2
ASV_00312,ASV_00495,0.5140845070422535,pos,Farm,IT2
ASV_00312,ASV_00498,0.5142857142857142,pos,Farm,IT2
ASV_00312,ASV_00503,0.5310344827586206,pos,Farm,IT2
ASV_00312,ASV_00504,0.5533333333333333,pos,Farm,IT2
ASV_00312,ASV_00506,0.5955882352941176,pos,Farm,IT2
ASV_00312,ASV_00507,0.5273972602739726,pos,Farm,IT2
ASV_00312,ASV_00512,0.5570469798657718,pos,Farm,IT2
ASV_00312,ASV_00518,0.5466666666666666,pos,Farm,IT2
ASV_00312,ASV_00534,0.56,pos,Farm,IT2
ASV_00312,ASV_00542,0.5466666666666666,pos,Farm,IT2
ASV_00312,ASV_00554,0.5374149659863946,pos,Farm,IT2
ASV_00312,ASV_00555,0.547945205479452,pos,Farm,IT2
ASV_00312,ASV_00561,0.5960264900662252,pos,Farm,IT2
ASV_00312,ASV_00566,0.5633802816901409,pos,Farm,IT2
ASV_00312,ASV_00568,0.5724137931034483,pos,Farm,IT2
ASV_00312,ASV_00569,0.5138888888888888,pos,Farm,IT2
ASV_00312,ASV_00572,0.5562913907284768,pos,Farm,IT2
ASV_00312,ASV_00594,0.5273972602739726,pos,Farm,IT2
ASV_00312,ASV_00595,0.5422535211267606,pos,Farm,IT2
ASV_00312,ASV_00613,0.49295774647887325,pos,Farm,IT2
ASV_00312,ASV_00615,0.524822695035461,pos,Farm,IT2
ASV_00312,ASV_00620,0.5337837837837838,pos,Farm,IT2
ASV_00312,ASV_00622,0.5588235294117647,pos,Farm,IT2
ASV_00312,ASV_00628,0.5172413793103449,pos,Farm,IT2
ASV_00312,ASV_00645,0.5034965034965035,pos,Farm,IT2
ASV_00312,ASV_00651,0.5310344827586206,pos,Farm,IT2
ASV_00312,ASV_00654,0.5104895104895105,pos,Farm,IT2
ASV_00312,ASV_00656,0.5342465753424658,pos,Farm,IT2
ASV_00312,ASV_00666,0.5369127516778524,pos,Farm,IT2
ASV_00312,ASV_00671,0.5869565217391305,pos,Farm,IT2
ASV_00312,ASV_00673,0.5533333333333333,pos,Farm,IT2
ASV_00312,ASV_00676,0.5608108108108109,pos,Farm,IT2
ASV_00312,ASV_00679,0.5985915492957746,pos,Farm,IT2
ASV_00312,ASV_00687,0.5524475524475524,pos,Farm,IT2
ASV_00312,ASV_00709,0.5416666666666666,pos,Farm,IT2
ASV_00312,ASV_00714,0.5285714285714286,pos,Farm,IT2
ASV_00312,ASV_00724,0.5103448275862069,pos,Farm,IT2
ASV_00312,ASV_00727,0.5138888888888888,pos,Farm,IT2
ASV_00312,ASV_00755,0.5466666666666666,pos,Farm,IT2
ASV_00312,ASV_00772,0.5594405594405595,pos,Farm,IT2
ASV_00312,ASV_00778,0.4788732394366197,pos,Farm,IT2
ASV_00312,ASV_00789,0.5886524822695035,pos,Farm,IT2
ASV_00312,ASV_00793,0.5422535211267606,pos,Farm,IT2
ASV_00312,ASV_00802,0.5436241610738255,pos,Farm,IT2
ASV_00312,ASV_00808,0.5103448275862069,pos,Farm,IT2
ASV_00312,ASV_00809,0.58,pos,Farm,IT2
ASV_00312,ASV_00815,0.5973154362416108,pos,Farm,IT2
ASV_00312,ASV_00842,0.5652173913043478,pos,Farm,IT2
ASV_00312,ASV_00845,0.4965034965034965,pos,Farm,IT2
ASV_00312,ASV_00865,0.5342465753424658,pos,Farm,IT2
ASV_00312,ASV_00869,0.5540540540540541,pos,Farm,IT2
ASV_00312,ASV_00880,0.5460992907801419,pos,Farm,IT2
ASV_00312,ASV_00890,0.5845070422535211,pos,Farm,IT2
ASV_00312,ASV_00906,0.56,pos,Farm,IT2
ASV_00312,ASV_00929,0.5405405405405406,pos,Farm,IT2
ASV_00312,ASV_00931,0.5208333333333334,pos,Farm,IT2
ASV_00312,ASV_00935,0.5379310344827586,pos,Farm,IT2
ASV_00312,ASV_00952,0.5352112676056338,pos,Farm,IT2
ASV_00312,ASV_00984,0.5342465753424658,pos,Farm,IT2
ASV_00312,ASV_00989,0.5474452554744526,pos,Farm,IT2
ASV_00312,ASV_01092,0.6111111111111112,pos,Farm,IT2
ASV_00312,ASV_01119,0.5466666666666666,pos,Farm,IT2
ASV_00312,ASV_01152,0.5785714285714286,pos,Farm,IT2
ASV_00312,ASV_01153,0.5138888888888888,pos,Farm,IT2
ASV_00312,ASV_01276,0.5,pos,Farm,IT2
ASV_00312,ASV_01288,0.5586206896551724,pos,Farm,IT2
ASV_00312,ASV_01349,0.5379310344827586,pos,Farm,IT2
ASV_00312,ASV_01385,0.5454545454545454,pos,Farm,IT2
ASV_00312,ASV_01426,0.5,pos,Farm,IT2
ASV_00312,ASV_01491,0.5310344827586206,pos,Farm,IT2
ASV_00312,ASV_01541,0.5517241379310345,pos,Farm,IT2
ASV_00312,ASV_01578,0.5238095238095238,pos,Farm,IT2
ASV_00312,ASV_01941,0.547945205479452,pos,Farm,IT2
ASV_00313,ASV_00315,0.49645390070921985,pos,Farm,IT2
ASV_00313,ASV_00320,0.5,pos,Farm,IT2
ASV_00313,ASV_00332,0.5069444444444444,pos,Farm,IT2
ASV_00313,ASV_00336,0.5208333333333334,pos,Farm,IT2
ASV_00313,ASV_00343,0.5524475524475524,pos,Farm,IT2
ASV_00313,ASV_00346,0.5539568345323741,pos,Farm,IT2
ASV_00313,ASV_00350,0.5147058823529411,pos,Farm,IT2
ASV_00313,ASV_00352,0.5174825174825175,pos,Farm,IT2
ASV_00313,ASV_00353,0.5174825174825175,pos,Farm,IT2
ASV_00313,ASV_00365,0.5531914893617021,pos,Farm,IT2
ASV_00313,ASV_00425,0.5357142857142857,pos,Farm,IT2
ASV_00313,ASV_00442,0.5374149659863946,pos,Farm,IT2
ASV_00313,ASV_00463,0.5238095238095238,pos,Farm,IT2
ASV_00313,ASV_00486,0.5540540540540541,pos,Farm,IT2
ASV_00313,ASV_00488,0.5405405405405406,pos,Farm,IT2
ASV_00313,ASV_00490,0.5503355704697986,pos,Farm,IT2
ASV_00313,ASV_00494,0.5492957746478874,pos,Farm,IT2
ASV_00313,ASV_00496,0.5454545454545454,pos,Farm,IT2
ASV_00313,ASV_00520,0.5273972602739726,pos,Farm,IT2
ASV_00313,ASV_00521,0.54421768707483,pos,Farm,IT2
ASV_00313,ASV_00524,0.4965034965034965,pos,Farm,IT2
ASV_00313,ASV_00542,0.5369127516778524,pos,Farm,IT2
ASV_00313,ASV_00543,0.5486111111111112,pos,Farm,IT2
ASV_00313,ASV_00554,0.5594405594405595,pos,Farm,IT2
ASV_00313,ASV_00555,0.5273972602739726,pos,Farm,IT2
ASV_00313,ASV_00568,0.5306122448979592,pos,Farm,IT2
ASV_00313,ASV_00587,0.5319148936170213,pos,Farm,IT2
ASV_00313,ASV_00611,0.5379310344827586,pos,Farm,IT2
ASV_00313,ASV_00635,0.5337837837837838,pos,Farm,IT2
ASV_00313,ASV_00636,0.5496688741721855,pos,Farm,IT2
ASV_00313,ASV_00641,0.5337837837837838,pos,Farm,IT2
ASV_00313,ASV_00651,0.5314685314685315,pos,Farm,IT2
ASV_00313,ASV_00671,0.5319148936170213,pos,Farm,IT2
ASV_00313,ASV_00676,0.5510204081632653,pos,Farm,IT2
ASV_00313,ASV_00718,0.49295774647887325,pos,Farm,IT2
ASV_00313,ASV_00806,0.5374149659863946,pos,Farm,IT2
ASV_00313,ASV_00842,0.5106382978723404,pos,Farm,IT2
ASV_00313,ASV_00848,0.5448275862068965,pos,Farm,IT2
ASV_00313,ASV_00869,0.54421768707483,pos,Farm,IT2
ASV_00313,ASV_00873,0.49295774647887325,pos,Farm,IT2
ASV_00313,ASV_00924,0.49640287769784175,pos,Farm,IT2
ASV_00313,ASV_00984,0.5136986301369864,pos,Farm,IT2
ASV_00313,ASV_00989,0.4928571428571429,pos,Farm,IT2
ASV_00313,ASV_01048,0.5138888888888888,pos,Farm,IT2
ASV_00313,ASV_01087,0.5633802816901409,pos,Farm,IT2
ASV_00313,ASV_01101,0.5594405594405595,pos,Farm,IT2
ASV_00313,ASV_01119,0.5369127516778524,pos,Farm,IT2
ASV_00313,ASV_01249,0.5319148936170213,pos,Farm,IT2
ASV_00313,ASV_01250,0.5405405405405406,pos,Farm,IT2
ASV_00313,ASV_01253,0.5827338129496403,pos,Farm,IT2
ASV_00313,ASV_01276,0.5214285714285715,pos,Farm,IT2
ASV_00313,ASV_01459,0.5174825174825175,pos,Farm,IT2
ASV_00313,ASV_01512,0.5289855072463768,pos,Farm,IT2
ASV_00313,ASV_01541,0.5416666666666666,pos,Farm,IT2
ASV_00313,ASV_02149,0.4965034965034965,pos,Farm,IT2
ASV_00313,ASV_02332,0.5306122448979592,pos,Farm,IT2
ASV_00315,ASV_00320,0.4852941176470588,pos,Farm,IT2
ASV_00315,ASV_00324,0.5220588235294118,pos,Farm,IT2
ASV_00315,ASV_00325,0.5255474452554745,pos,Farm,IT2
ASV_00315,ASV_00326,0.4676258992805755,pos,Farm,IT2
ASV_00315,ASV_00327,0.4748201438848921,pos,Farm,IT2
ASV_00315,ASV_00328,0.5142857142857142,pos,Farm,IT2
ASV_00315,ASV_00333,0.5035460992907801,pos,Farm,IT2
ASV_00315,ASV_00342,0.4857142857142857,pos,Farm,IT2
ASV_00315,ASV_00347,0.5177304964539007,pos,Farm,IT2
ASV_00315,ASV_00350,0.4552238805970149,pos,Farm,IT2
ASV_00315,ASV_00352,0.48201438848920863,pos,Farm,IT2
ASV_00315,ASV_00355,0.5071428571428571,pos,Farm,IT2
ASV_00315,ASV_00356,0.5,pos,Farm,IT2
ASV_00315,ASV_00361,0.4965034965034965,pos,Farm,IT2
ASV_00315,ASV_00380,0.4676258992805755,pos,Farm,IT2
ASV_00315,ASV_00381,0.5,pos,Farm,IT2
ASV_00315,ASV_00387,0.5,pos,Farm,IT2
ASV_00315,ASV_00390,0.5208333333333334,pos,Farm,IT2
ASV_00315,ASV_00400,0.48951048951048953,pos,Farm,IT2
ASV_00315,ASV_00407,0.4927536231884058,pos,Farm,IT2
ASV_00315,ASV_00409,0.5149253731343284,pos,Farm,IT2
ASV_00315,ASV_00412,0.463768115942029,pos,Farm,IT2
ASV_00315,ASV_00415,0.5035971223021583,pos,Farm,IT2
ASV_00315,ASV_00416,0.5072463768115942,pos,Farm,IT2
ASV_00315,ASV_00443,0.5454545454545454,pos,Farm,IT2
ASV_00315,ASV_00450,0.49645390070921985,pos,Farm,IT2
ASV_00315,ASV_00452,0.4782608695652174,pos,Farm,IT2
ASV_00315,ASV_00458,0.463768115942029,pos,Farm,IT2
ASV_00315,ASV_00459,0.4859154929577465,pos,Farm,IT2
ASV_00315,ASV_00465,0.49640287769784175,pos,Farm,IT2
ASV_00315,ASV_00477,0.5401459854014599,pos,Farm,IT2
ASV_00315,ASV_00488,0.5174825174825175,pos,Farm,IT2
ASV_00315,ASV_00490,0.5172413793103449,pos,Farm,IT2
ASV_00315,ASV_00494,0.48226950354609927,pos,Farm,IT2
ASV_00315,ASV_00501,0.5217391304347826,pos,Farm,IT2
ASV_00315,ASV_00508,0.4855072463768116,pos,Farm,IT2
ASV_00315,ASV_00511,0.5190839694656488,pos,Farm,IT2
ASV_00315,ASV_00514,0.5342465753424658,pos,Farm,IT2
ASV_00315,ASV_00517,0.4782608695652174,pos,Farm,IT2
ASV_00315,ASV_00518,0.503448275862069,pos,Farm,IT2
ASV_00315,ASV_00521,0.5211267605633803,pos,Farm,IT2
ASV_00315,ASV_00524,0.5378787878787878,pos,Farm,IT2
ASV_00315,ASV_00530,0.48226950354609927,pos,Farm,IT2
ASV_00315,ASV_00533,0.4892086330935252,pos,Farm,IT2
ASV_00315,ASV_00534,0.5714285714285714,pos,Farm,IT2
ASV_00315,ASV_00536,0.5390070921985816,pos,Farm,IT2
ASV_00315,ASV_00554,0.5588235294117647,pos,Farm,IT2
ASV_00315,ASV_00568,0.4965034965034965,pos,Farm,IT2
ASV_00315,ASV_00569,0.4782608695652174,pos,Farm,IT2
ASV_00315,ASV_00572,0.5241379310344828,pos,Farm,IT2
ASV_00315,ASV_00645,0.47794117647058826,pos,Farm,IT2
ASV_00315,ASV_00651,0.49640287769784175,pos,Farm,IT2
ASV_00315,ASV_00665,0.5,pos,Farm,IT2
ASV_00315,ASV_00728,0.4632352941176471,pos,Farm,IT2
ASV_00315,ASV_00755,0.503448275862069,pos,Farm,IT2
ASV_00315,ASV_00769,0.49640287769784175,pos,Farm,IT2
ASV_00315,ASV_00772,0.48226950354609927,pos,Farm,IT2
ASV_00315,ASV_00781,0.5182481751824818,pos,Farm,IT2
ASV_00315,ASV_00789,0.48936170212765956,pos,Farm,IT2
ASV_00315,ASV_00798,0.539568345323741,pos,Farm,IT2
ASV_00315,ASV_00807,0.48936170212765956,pos,Farm,IT2
ASV_00315,ASV_00809,0.5379310344827586,pos,Farm,IT2
ASV_00315,ASV_00811,0.48951048951048953,pos,Farm,IT2
ASV_00315,ASV_00821,0.49645390070921985,pos,Farm,IT2
ASV_00315,ASV_00829,0.4785714285714286,pos,Farm,IT2
ASV_00315,ASV_00842,0.463768115942029,pos,Farm,IT2
ASV_00315,ASV_00845,0.47058823529411764,pos,Farm,IT2
ASV_00315,ASV_00848,0.48951048951048953,pos,Farm,IT2
ASV_00315,ASV_00865,0.48936170212765956,pos,Farm,IT2
ASV_00315,ASV_00875,0.5138888888888888,pos,Farm,IT2
ASV_00315,ASV_00880,0.48905109489051096,pos,Farm,IT2
ASV_00315,ASV_00890,0.49645390070921985,pos,Farm,IT2
ASV_00315,ASV_00924,0.4485294117647059,pos,Farm,IT2
ASV_00315,ASV_00929,0.5070422535211268,pos,Farm,IT2
ASV_00315,ASV_00958,0.4857142857142857,pos,Farm,IT2
ASV_00315,ASV_00966,0.4666666666666667,pos,Farm,IT2
ASV_00315,ASV_00984,0.5,pos,Farm,IT2
ASV_00315,ASV_01119,0.503448275862069,pos,Farm,IT2
ASV_00315,ASV_01124,0.5144927536231884,pos,Farm,IT2
ASV_00315,ASV_01223,0.4444444444444444,pos,Farm,IT2
ASV_00315,ASV_01267,0.4892086330935252,pos,Farm,IT2
ASV_00315,ASV_01417,0.4857142857142857,pos,Farm,IT2
ASV_00315,ASV_01459,0.48201438848920863,pos,Farm,IT2
ASV_00315,ASV_01508,0.4930555555555556,pos,Farm,IT2
ASV_00315,ASV_01541,0.49645390070921985,pos,Farm,IT2
ASV_00315,ASV_01840,0.49640287769784175,pos,Farm,IT2
ASV_00317,ASV_00330,0.49295774647887325,pos,Farm,IT2
ASV_00317,ASV_00333,0.5103448275862069,pos,Farm,IT2
ASV_00317,ASV_00336,0.524822695035461,pos,Farm,IT2
ASV_00317,ASV_00343,0.5244755244755245,pos,Farm,IT2
ASV_00317,ASV_00353,0.5214285714285715,pos,Farm,IT2
ASV_00317,ASV_00354,0.5,pos,Farm,IT2
ASV_00317,ASV_00365,0.524822695035461,pos,Farm,IT2
ASV_00317,ASV_00380,0.49645390070921985,pos,Farm,IT2
ASV_00317,ASV_00397,0.5211267605633803,pos,Farm,IT2
ASV_00317,ASV_00404,0.5144927536231884,pos,Farm,IT2
ASV_00317,ASV_00422,0.5140845070422535,pos,Farm,IT2
ASV_00317,ASV_00441,0.5035460992907801,pos,Farm,IT2
ASV_00317,ASV_00442,0.5416666666666666,pos,Farm,IT2
ASV_00317,ASV_00444,0.5104895104895105,pos,Farm,IT2
ASV_00317,ASV_00453,0.5460992907801419,pos,Farm,IT2
ASV_00317,ASV_00459,0.5138888888888888,pos,Farm,IT2
ASV_00317,ASV_00468,0.45925925925925926,pos,Farm,IT2
ASV_00317,ASV_00488,0.5238095238095238,pos,Farm,IT2
ASV_00317,ASV_00494,0.5,pos,Farm,IT2
ASV_00317,ASV_00498,0.4748201438848921,pos,Farm,IT2
ASV_00317,ASV_00503,0.5034965034965035,pos,Farm,IT2
ASV_00317,ASV_00512,0.5306122448979592,pos,Farm,IT2
ASV_00317,ASV_00513,0.5140845070422535,pos,Farm,IT2
ASV_00317,ASV_00530,0.5104895104895105,pos,Farm,IT2
ASV_00317,ASV_00543,0.5642857142857143,pos,Farm,IT2
ASV_00317,ASV_00548,0.4785714285714286,pos,Farm,IT2
ASV_00317,ASV_00555,0.5208333333333334,pos,Farm,IT2
ASV_00317,ASV_00587,0.5588235294117647,pos,Farm,IT2
ASV_00317,ASV_00592,0.5319148936170213,pos,Farm,IT2
ASV_00317,ASV_00595,0.49295774647887325,pos,Farm,IT2
ASV_00317,ASV_00613,0.4748201438848921,pos,Farm,IT2
ASV_00317,ASV_00615,0.4857142857142857,pos,Farm,IT2
ASV_00317,ASV_00643,0.5428571428571428,pos,Farm,IT2
ASV_00317,ASV_00645,0.5182481751824818,pos,Farm,IT2
ASV_00317,ASV_00651,0.5140845070422535,pos,Farm,IT2
ASV_00317,ASV_00718,0.4857142857142857,pos,Farm,IT2
ASV_00317,ASV_00801,0.49640287769784175,pos,Farm,IT2
ASV_00317,ASV_00807,0.528169014084507,pos,Farm,IT2
ASV_00317,ASV_00842,0.5035971223021583,pos,Farm,IT2
ASV_00317,ASV_00845,0.4892086330935252,pos,Farm,IT2
ASV_00317,ASV_00924,0.4676258992805755,pos,Farm,IT2
ASV_00317,ASV_00935,0.5,pos,Farm,IT2
ASV_00317,ASV_00959,0.5,pos,Farm,IT2
ASV_00317,ASV_00987,0.49295774647887325,pos,Farm,IT2
ASV_00317,ASV_01092,0.5625,pos,Farm,IT2
ASV_00317,ASV_01101,0.5422535211267606,pos,Farm,IT2
ASV_00317,ASV_01119,0.5517241379310345,pos,Farm,IT2
ASV_00317,ASV_01153,0.4859154929577465,pos,Farm,IT2
ASV_00317,ASV_01249,0.5035460992907801,pos,Farm,IT2
ASV_00317,ASV_01288,0.5208333333333334,pos,Farm,IT2
ASV_00317,ASV_01328,0.5106382978723404,pos,Farm,IT2
ASV_00317,ASV_01368,0.5319148936170213,pos,Farm,IT2
ASV_00317,ASV_01426,0.48226950354609927,pos,Farm,IT2
ASV_00317,ASV_01512,0.4785714285714286,pos,Farm,IT2
ASV_00317,ASV_01941,0.5314685314685315,pos,Farm,IT2
ASV_00317,ASV_02332,0.5563380281690141,pos,Farm,IT2
ASV_00318,ASV_00320,0.49295774647887325,pos,Farm,IT2
ASV_00318,ASV_00327,0.524822695035461,pos,Farm,IT2
ASV_00318,ASV_00330,0.524822695035461,pos,Farm,IT2
ASV_00318,ASV_00340,0.5704225352112676,pos,Farm,IT2
ASV_00318,ASV_00343,0.5454545454545454,pos,Farm,IT2
ASV_00318,ASV_00347,0.5238095238095238,pos,Farm,IT2
ASV_00318,ASV_00350,0.4748201438848921,pos,Farm,IT2
ASV_00318,ASV_00353,0.5,pos,Farm,IT2
ASV_00318,ASV_00354,0.5,pos,Farm,IT2
ASV_00318,ASV_00357,0.5,pos,Farm,IT2
ASV_00318,ASV_00369,0.5277777777777778,pos,Farm,IT2
ASV_00318,ASV_00373,0.5106382978723404,pos,Farm,IT2
ASV_00318,ASV_00377,0.4859154929577465,pos,Farm,IT2
ASV_00318,ASV_00381,0.5070422535211268,pos,Farm,IT2
ASV_00318,ASV_00387,0.5172413793103449,pos,Farm,IT2
ASV_00318,ASV_00393,0.4857142857142857,pos,Farm,IT2
ASV_00318,ASV_00402,0.4892086330935252,pos,Farm,IT2
ASV_00318,ASV_00407,0.5104895104895105,pos,Farm,IT2
ASV_00318,ASV_00426,0.5562913907284768,pos,Farm,IT2
ASV_00318,ASV_00440,0.4965034965034965,pos,Farm,IT2
ASV_00318,ASV_00441,0.5034965034965035,pos,Farm,IT2
ASV_00318,ASV_00442,0.5306122448979592,pos,Farm,IT2
ASV_00318,ASV_00443,0.5177304964539007,pos,Farm,IT2
ASV_00318,ASV_00444,0.5208333333333334,pos,Farm,IT2
ASV_00318,ASV_00453,0.5136986301369864,pos,Farm,IT2
ASV_00318,ASV_00459,0.5136986301369864,pos,Farm,IT2
ASV_00318,ASV_00468,0.45985401459854014,pos,Farm,IT2
ASV_00318,ASV_00485,0.5205479452054794,pos,Farm,IT2
ASV_00318,ASV_00488,0.5547945205479452,pos,Farm,IT2
ASV_00318,ASV_00493,0.5586206896551724,pos,Farm,IT2
ASV_00318,ASV_00494,0.5103448275862069,pos,Farm,IT2
ASV_00318,ASV_00507,0.5208333333333334,pos,Farm,IT2
ASV_00318,ASV_00508,0.524822695035461,pos,Farm,IT2
ASV_00318,ASV_00513,0.5138888888888888,pos,Farm,IT2
ASV_00318,ASV_00533,0.55,pos,Farm,IT2
ASV_00318,ASV_00536,0.54421768707483,pos,Farm,IT2
ASV_00318,ASV_00544,0.5611510791366906,pos,Farm,IT2
ASV_00318,ASV_00548,0.5107913669064749,pos,Farm,IT2
ASV_00318,ASV_00550,0.5238095238095238,pos,Farm,IT2
ASV_00318,ASV_00555,0.5310344827586206,pos,Farm,IT2
ASV_00318,ASV_00556,0.5277777777777778,pos,Farm,IT2
ASV_00318,ASV_00570,0.49295774647887325,pos,Farm,IT2
ASV_00318,ASV_00574,0.5342465753424658,pos,Farm,IT2
ASV_00318,ASV_00594,0.5103448275862069,pos,Farm,IT2
ASV_00318,ASV_00612,0.5594405594405595,pos,Farm,IT2
ASV_00318,ASV_00615,0.5401459854014599,pos,Farm,IT2
ASV_00318,ASV_00618,0.5138888888888888,pos,Farm,IT2
ASV_00318,ASV_00651,0.5244755244755245,pos,Farm,IT2
ASV_00318,ASV_00676,0.5655172413793104,pos,Farm,IT2
ASV_00318,ASV_00714,0.5,pos,Farm,IT2
ASV_00318,ASV_00721,0.5107913669064749,pos,Farm,IT2
ASV_00318,ASV_00732,0.5104895104895105,pos,Farm,IT2
ASV_00318,ASV_00758,0.5136986301369864,pos,Farm,IT2
ASV_00318,ASV_00772,0.5314685314685315,pos,Farm,IT2
ASV_00318,ASV_00798,0.5342465753424658,pos,Farm,IT2
ASV_00318,ASV_00801,0.5401459854014599,pos,Farm,IT2
ASV_00318,ASV_00808,0.5034965034965035,pos,Farm,IT2
ASV_00318,ASV_00815,0.581081081081081,pos,Farm,IT2
ASV_00318,ASV_00829,0.5069444444444444,pos,Farm,IT2
ASV_00318,ASV_00875,0.5405405405405406,pos,Farm,IT2
ASV_00318,ASV_00880,0.5070422535211268,pos,Farm,IT2
ASV_00318,ASV_00909,0.5034965034965035,pos,Farm,IT2
ASV_00318,ASV_00929,0.5238095238095238,pos,Farm,IT2
ASV_00318,ASV_00952,0.5177304964539007,pos,Farm,IT2
ASV_00318,ASV_00959,0.5422535211267606,pos,Farm,IT2
ASV_00318,ASV_00984,0.5384615384615384,pos,Farm,IT2
ASV_00318,ASV_00989,0.4857142857142857,pos,Farm,IT2
ASV_00318,ASV_01018,0.5034965034965035,pos,Farm,IT2
ASV_00318,ASV_01179,0.5,pos,Farm,IT2
ASV_00318,ASV_01288,0.5205479452054794,pos,Farm,IT2
ASV_00318,ASV_01417,0.5138888888888888,pos,Farm,IT2
ASV_00318,ASV_01503,0.5347222222222222,pos,Farm,IT2
ASV_00318,ASV_01541,0.5241379310344828,pos,Farm,IT2
ASV_00318,ASV_01578,0.5384615384615384,pos,Farm,IT2
ASV_00318,ASV_02149,0.5106382978723404,pos,Farm,IT2
ASV_00320,ASV_00324,0.48226950354609927,pos,Farm,IT2
ASV_00320,ASV_00332,0.49640287769784175,pos,Farm,IT2
ASV_00320,ASV_00336,0.5107913669064749,pos,Farm,IT2
ASV_00320,ASV_00340,0.524822695035461,pos,Farm,IT2
ASV_00320,ASV_00343,0.5,pos,Farm,IT2
ASV_00320,ASV_00347,0.5539568345323741,pos,Farm,IT2
ASV_00320,ASV_00353,0.5182481751824818,pos,Farm,IT2
ASV_00320,ASV_00354,0.49640287769784175,pos,Farm,IT2
ASV_00320,ASV_00369,0.49295774647887325,pos,Farm,IT2
ASV_00320,ASV_00373,0.49635036496350365,pos,Farm,IT2
ASV_00320,ASV_00380,0.4927536231884058,pos,Farm,IT2
ASV_00320,ASV_00389,0.5035460992907801,pos,Farm,IT2
ASV_00320,ASV_00390,0.5136986301369864,pos,Farm,IT2
ASV_00320,ASV_00397,0.4859154929577465,pos,Farm,IT2
ASV_00320,ASV_00406,0.4676258992805755,pos,Farm,IT2
ASV_00320,ASV_00415,0.49645390070921985,pos,Farm,IT2
ASV_00320,ASV_00416,0.5,pos,Farm,IT2
ASV_00320,ASV_00425,0.4927536231884058,pos,Farm,IT2
ASV_00320,ASV_00443,0.4927536231884058,pos,Farm,IT2
ASV_00320,ASV_00454,0.5069444444444444,pos,Farm,IT2
ASV_00320,ASV_00455,0.5,pos,Farm,IT2
ASV_00320,ASV_00477,0.5214285714285715,pos,Farm,IT2
ASV_00320,ASV_00482,0.5578231292517006,pos,Farm,IT2
ASV_00320,ASV_00495,0.5037037037037037,pos,Farm,IT2
ASV_00320,ASV_00498,0.5384615384615384,pos,Farm,IT2
ASV_00320,ASV_00501,0.5474452554744526,pos,Farm,IT2
ASV_00320,ASV_00507,0.4859154929577465,pos,Farm,IT2
ASV_00320,ASV_00512,0.5068493150684932,pos,Farm,IT2
ASV_00320,ASV_00513,0.5217391304347826,pos,Farm,IT2
ASV_00320,ASV_00518,0.5277777777777778,pos,Farm,IT2
ASV_00320,ASV_00524,0.4748201438848921,pos,Farm,IT2
ASV_00320,ASV_00529,0.4852941176470588,pos,Farm,IT2
ASV_00320,ASV_00530,0.4859154929577465,pos,Farm,IT2
ASV_00320,ASV_00533,0.48226950354609927,pos,Farm,IT2
ASV_00320,ASV_00541,0.5107913669064749,pos,Farm,IT2
ASV_00320,ASV_00542,0.5277777777777778,pos,Farm,IT2
ASV_00320,ASV_00543,0.5177304964539007,pos,Farm,IT2
ASV_00320,ASV_00544,0.5144927536231884,pos,Farm,IT2
ASV_00320,ASV_00550,0.5539568345323741,pos,Farm,IT2
ASV_00320,ASV_00554,0.5177304964539007,pos,Farm,IT2
ASV_00320,ASV_00555,0.5177304964539007,pos,Farm,IT2
ASV_00320,ASV_00556,0.49295774647887325,pos,Farm,IT2
ASV_00320,ASV_00559,0.5035971223021583,pos,Farm,IT2
ASV_00320,ASV_00563,0.4965034965034965,pos,Farm,IT2
ASV_00320,ASV_00566,0.5217391304347826,pos,Farm,IT2
ASV_00320,ASV_00570,0.48905109489051096,pos,Farm,IT2
ASV_00320,ASV_00571,0.5285714285714286,pos,Farm,IT2
ASV_00320,ASV_00572,0.5170068027210885,pos,Farm,IT2
ASV_00320,ASV_00594,0.4859154929577465,pos,Farm,IT2
ASV_00320,ASV_00595,0.4892086330935252,pos,Farm,IT2
ASV_00320,ASV_00596,0.47058823529411764,pos,Farm,IT2
ASV_00320,ASV_00615,0.48175182481751827,pos,Farm,IT2
ASV_00320,ASV_00618,0.48936170212765956,pos,Farm,IT2
ASV_00320,ASV_00622,0.4925373134328358,pos,Farm,IT2
ASV_00320,ASV_00635,0.503448275862069,pos,Farm,IT2
ASV_00320,ASV_00638,0.524822695035461,pos,Farm,IT2
ASV_00320,ASV_00641,0.5244755244755245,pos,Farm,IT2
ASV_00320,ASV_00645,0.5037037037037037,pos,Farm,IT2
ASV_00320,ASV_00671,0.4892086330935252,pos,Farm,IT2
ASV_00320,ASV_00676,0.5103448275862069,pos,Farm,IT2
ASV_00320,ASV_00679,0.5140845070422535,pos,Farm,IT2
ASV_00320,ASV_00714,0.463768115942029,pos,Farm,IT2
ASV_00320,ASV_00732,0.49640287769784175,pos,Farm,IT2
ASV_00320,ASV_00757,0.5177304964539007,pos,Farm,IT2
ASV_00320,ASV_00760,0.5797101449275363,pos,Farm,IT2
ASV_00320,ASV_00772,0.5289855072463768,pos,Farm,IT2
ASV_00320,ASV_00789,0.49295774647887325,pos,Farm,IT2
ASV_00320,ASV_00793,0.5,pos,Farm,IT2
ASV_00320,ASV_00798,0.5104895104895105,pos,Farm,IT2
ASV_00320,ASV_00801,0.5149253731343284,pos,Farm,IT2
ASV_00320,ASV_00806,0.528169014084507,pos,Farm,IT2
ASV_00320,ASV_00807,0.5035460992907801,pos,Farm,IT2
ASV_00320,ASV_00811,0.5140845070422535,pos,Farm,IT2
ASV_00320,ASV_00817,0.5208333333333334,pos,Farm,IT2
ASV_00320,ASV_00821,0.5,pos,Farm,IT2
ASV_00320,ASV_00822,0.5251798561151079,pos,Farm,IT2
ASV_00320,ASV_00842,0.5,pos,Farm,IT2
ASV_00320,ASV_00843,0.5357142857142857,pos,Farm,IT2
ASV_00320,ASV_00845,0.4744525547445255,pos,Farm,IT2
ASV_00320,ASV_00869,0.5138888888888888,pos,Farm,IT2
ASV_00320,ASV_00875,0.5068493150684932,pos,Farm,IT2
ASV_00320,ASV_00880,0.5036496350364964,pos,Farm,IT2
ASV_00320,ASV_00891,0.5342465753424658,pos,Farm,IT2
ASV_00320,ASV_00929,0.5319148936170213,pos,Farm,IT2
ASV_00320,ASV_00931,0.4785714285714286,pos,Farm,IT2
ASV_00320,ASV_00952,0.5147058823529411,pos,Farm,IT2
ASV_00320,ASV_00984,0.5251798561151079,pos,Farm,IT2
ASV_00320,ASV_00989,0.45985401459854014,pos,Farm,IT2
ASV_00320,ASV_01023,0.5352112676056338,pos,Farm,IT2
ASV_00320,ASV_01090,0.528169014084507,pos,Farm,IT2
ASV_00320,ASV_01119,0.5172413793103449,pos,Farm,IT2
ASV_00320,ASV_01124,0.5401459854014599,pos,Farm,IT2
ASV_00320,ASV_01288,0.5070422535211268,pos,Farm,IT2
ASV_00320,ASV_01385,0.4928571428571429,pos,Farm,IT2
ASV_00320,ASV_01503,0.5,pos,Farm,IT2
ASV_00320,ASV_01512,0.4852941176470588,pos,Farm,IT2
ASV_00320,ASV_01541,0.5214285714285715,pos,Farm,IT2
ASV_00320,ASV_01578,0.49295774647887325,pos,Farm,IT2
ASV_00320,ASV_01941,0.5070422535211268,pos,Farm,IT2
ASV_00320,ASV_02020,0.4928571428571429,pos,Farm,IT2
ASV_00320,ASV_02332,0.5104895104895105,pos,Farm,IT2
ASV_00321,ASV_00334,0.5466666666666666,pos,Farm,IT2
ASV_00321,ASV_00340,0.5466666666666666,pos,Farm,IT2
ASV_00321,ASV_00343,0.564625850340136,pos,Farm,IT2
ASV_00321,ASV_00369,0.5472972972972973,pos,Farm,IT2
ASV_00321,ASV_00377,0.5172413793103449,pos,Farm,IT2
ASV_00321,ASV_00389,0.5578231292517006,pos,Farm,IT2
ASV_00321,ASV_00393,0.528169014084507,pos,Farm,IT2
ASV_00321,ASV_00440,0.5273972602739726,pos,Farm,IT2
ASV_00321,ASV_00471,0.5369127516778524,pos,Farm,IT2
ASV_00321,ASV_00482,0.5974025974025974,pos,Farm,IT2
ASV_00321,ASV_00501,0.5472972972972973,pos,Farm,IT2
ASV_00321,ASV_00517,0.5170068027210885,pos,Farm,IT2
ASV_00321,ASV_00542,0.58,pos,Farm,IT2
ASV_00321,ASV_00543,0.5503355704697986,pos,Farm,IT2
ASV_00321,ASV_00544,0.527027027027027,pos,Farm,IT2
ASV_00321,ASV_00559,0.5374149659863946,pos,Farm,IT2
ASV_00321,ASV_00568,0.5533333333333333,pos,Farm,IT2
ASV_00321,ASV_00569,0.5273972602739726,pos,Farm,IT2
ASV_00321,ASV_00581,0.5069444444444444,pos,Farm,IT2
ASV_00321,ASV_00595,0.5238095238095238,pos,Farm,IT2
ASV_00321,ASV_00630,0.5314685314685315,pos,Farm,IT2
ASV_00321,ASV_00641,0.5986394557823129,pos,Farm,IT2
ASV_00321,ASV_00654,0.5136986301369864,pos,Farm,IT2
ASV_00321,ASV_00656,0.5369127516778524,pos,Farm,IT2
ASV_00321,ASV_00676,0.5838926174496645,pos,Farm,IT2
ASV_00321,ASV_00687,0.5655172413793104,pos,Farm,IT2
ASV_00321,ASV_00721,0.5208333333333334,pos,Farm,IT2
ASV_00321,ASV_00732,0.5306122448979592,pos,Farm,IT2
ASV_00321,ASV_00798,0.5533333333333333,pos,Farm,IT2
ASV_00321,ASV_00801,0.5277777777777778,pos,Farm,IT2
ASV_00321,ASV_00821,0.5540540540540541,pos,Farm,IT2
ASV_00321,ASV_00822,0.5472972972972973,pos,Farm,IT2
ASV_00321,ASV_00829,0.527027027027027,pos,Farm,IT2
ASV_00321,ASV_00875,0.5695364238410596,pos,Farm,IT2
ASV_00321,ASV_00890,0.5540540540540541,pos,Farm,IT2
ASV_00321,ASV_00912,0.5069444444444444,pos,Farm,IT2
ASV_00321,ASV_00989,0.5069444444444444,pos,Farm,IT2
ASV_00321,ASV_01023,0.5666666666666667,pos,Farm,IT2
ASV_00321,ASV_01276,0.5454545454545454,pos,Farm,IT2
ASV_00321,ASV_01459,0.5306122448979592,pos,Farm,IT2
ASV_00321,ASV_01541,0.5540540540540541,pos,Farm,IT2
ASV_00321,ASV_01578,0.5369127516778524,pos,Farm,IT2
ASV_00323,ASV_00330,0.5070422535211268,pos,Farm,IT2
ASV_00323,ASV_00332,0.524822695035461,pos,Farm,IT2
ASV_00323,ASV_00340,0.5310344827586206,pos,Farm,IT2
ASV_00323,ASV_00369,0.5103448275862069,pos,Farm,IT2
ASV_00323,ASV_00384,0.5069444444444444,pos,Farm,IT2
ASV_00323,ASV_00397,0.5460992907801419,pos,Farm,IT2
ASV_00323,ASV_00407,0.5034965034965035,pos,Farm,IT2
ASV_00323,ASV_00410,0.528169014084507,pos,Farm,IT2
ASV_00323,ASV_00438,0.55,pos,Farm,IT2
ASV_00323,ASV_00440,0.5,pos,Farm,IT2
ASV_00323,ASV_00444,0.5244755244755245,pos,Farm,IT2
ASV_00323,ASV_00445,0.5069444444444444,pos,Farm,IT2
ASV_00323,ASV_00451,0.547945205479452,pos,Farm,IT2
ASV_00323,ASV_00459,0.5384615384615384,pos,Farm,IT2
ASV_00323,ASV_00482,0.5629139072847682,pos,Farm,IT2
ASV_00323,ASV_00488,0.5374149659863946,pos,Farm,IT2
ASV_00323,ASV_00495,0.5,pos,Farm,IT2
ASV_00323,ASV_00514,0.5533333333333333,pos,Farm,IT2
ASV_00323,ASV_00518,0.5337837837837838,pos,Farm,IT2
ASV_00323,ASV_00521,0.5306122448979592,pos,Farm,IT2
ASV_00323,ASV_00528,0.5285714285714286,pos,Farm,IT2
ASV_00323,ASV_00533,0.5,pos,Farm,IT2
ASV_00323,ASV_00536,0.5586206896551724,pos,Farm,IT2
ASV_00323,ASV_00548,0.5144927536231884,pos,Farm,IT2
ASV_00323,ASV_00551,0.5384615384615384,pos,Farm,IT2
ASV_00323,ASV_00568,0.5704225352112676,pos,Farm,IT2
ASV_00323,ASV_00628,0.5140845070422535,pos,Farm,IT2
ASV_00323,ASV_00635,0.5306122448979592,pos,Farm,IT2
ASV_00323,ASV_00636,0.5675675675675675,pos,Farm,IT2
ASV_00323,ASV_00643,0.5352112676056338,pos,Farm,IT2
ASV_00323,ASV_00668,0.5507246376811594,pos,Farm,IT2
ASV_00323,ASV_00673,0.5510204081632653,pos,Farm,IT2
ASV_00323,ASV_00758,0.5277777777777778,pos,Farm,IT2
ASV_00323,ASV_00760,0.5306122448979592,pos,Farm,IT2
ASV_00323,ASV_00769,0.5174825174825175,pos,Farm,IT2
ASV_00323,ASV_00808,0.5177304964539007,pos,Farm,IT2
ASV_00323,ASV_00829,0.5319148936170213,pos,Farm,IT2
ASV_00323,ASV_00842,0.4859154929577465,pos,Farm,IT2
ASV_00323,ASV_00873,0.5,pos,Farm,IT2
ASV_00323,ASV_00959,0.5244755244755245,pos,Farm,IT2
ASV_00323,ASV_01071,0.5034965034965035,pos,Farm,IT2
ASV_00323,ASV_01124,0.5138888888888888,pos,Farm,IT2
ASV_00323,ASV_01153,0.5214285714285715,pos,Farm,IT2
ASV_00323,ASV_01204,0.5517241379310345,pos,Farm,IT2
ASV_00323,ASV_01276,0.5401459854014599,pos,Farm,IT2
ASV_00323,ASV_01458,0.49640287769784175,pos,Farm,IT2
ASV_00324,ASV_00325,0.5104895104895105,pos,Farm,IT2
ASV_00324,ASV_00326,0.49645390070921985,pos,Farm,IT2
ASV_00324,ASV_00327,0.49295774647887325,pos,Farm,IT2
ASV_00324,ASV_00331,0.54,pos,Farm,IT2
ASV_00324,ASV_00334,0.5172413793103449,pos,Farm,IT2
ASV_00324,ASV_00335,0.4855072463768116,pos,Farm,IT2
ASV_00324,ASV_00350,0.4962962962962963,pos,Farm,IT2
ASV_00324,ASV_00352,0.5106382978723404,pos,Farm,IT2
ASV_00324,ASV_00361,0.5241379310344828,pos,Farm,IT2
ASV_00324,ASV_00365,0.5034965034965035,pos,Farm,IT2
ASV_00324,ASV_00367,0.49645390070921985,pos,Farm,IT2
ASV_00324,ASV_00369,0.528169014084507,pos,Farm,IT2
ASV_00324,ASV_00372,0.5220588235294118,pos,Farm,IT2
ASV_00324,ASV_00373,0.5107913669064749,pos,Farm,IT2
ASV_00324,ASV_00376,0.5673758865248227,pos,Farm,IT2
ASV_00324,ASV_00378,0.5486111111111112,pos,Farm,IT2
ASV_00324,ASV_00384,0.524822695035461,pos,Farm,IT2
ASV_00324,ASV_00387,0.5174825174825175,pos,Farm,IT2
ASV_00324,ASV_00389,0.528169014084507,pos,Farm,IT2
ASV_00324,ASV_00390,0.5694444444444444,pos,Farm,IT2
ASV_00324,ASV_00391,0.5481481481481482,pos,Farm,IT2
ASV_00324,ASV_00395,0.5289855072463768,pos,Farm,IT2
ASV_00324,ASV_00397,0.5211267605633803,pos,Farm,IT2
ASV_00324,ASV_00400,0.5492957746478874,pos,Farm,IT2
ASV_00324,ASV_00421,0.5103448275862069,pos,Farm,IT2
ASV_00324,ASV_00425,0.4859154929577465,pos,Farm,IT2
ASV_00324,ASV_00445,0.5140845070422535,pos,Farm,IT2
ASV_00324,ASV_00450,0.5244755244755245,pos,Farm,IT2
ASV_00324,ASV_00452,0.5071428571428571,pos,Farm,IT2
ASV_00324,ASV_00460,0.5571428571428572,pos,Farm,IT2
ASV_00324,ASV_00477,0.5138888888888888,pos,Farm,IT2
ASV_00324,ASV_00483,0.5664335664335665,pos,Farm,IT2
ASV_00324,ASV_00486,0.5374149659863946,pos,Farm,IT2
ASV_00324,ASV_00490,0.5547945205479452,pos,Farm,IT2
ASV_00324,ASV_00498,0.4748201438848921,pos,Farm,IT2
ASV_00324,ASV_00501,0.5069444444444444,pos,Farm,IT2
ASV_00324,ASV_00503,0.5140845070422535,pos,Farm,IT2
ASV_00324,ASV_00504,0.5374149659863946,pos,Farm,IT2
ASV_00324,ASV_00508,0.5251798561151079,pos,Farm,IT2
ASV_00324,ASV_00513,0.524822695035461,pos,Farm,IT2
ASV_00324,ASV_00517,0.5289855072463768,pos,Farm,IT2
ASV_00324,ASV_00524,0.48936170212765956,pos,Farm,IT2
ASV_00324,ASV_00529,0.4892086330935252,pos,Farm,IT2
ASV_00324,ASV_00530,0.5,pos,Farm,IT2
ASV_00324,ASV_00542,0.541095890410959,pos,Farm,IT2
ASV_00324,ASV_00543,0.5208333333333334,pos,Farm,IT2
ASV_00324,ASV_00554,0.5208333333333334,pos,Farm,IT2
ASV_00324,ASV_00566,0.5034965034965035,pos,Farm,IT2
ASV_00324,ASV_00570,0.5255474452554745,pos,Farm,IT2
ASV_00324,ASV_00572,0.6056338028169014,pos,Farm,IT2
ASV_00324,ASV_00581,0.4748201438848921,pos,Farm,IT2
ASV_00324,ASV_00595,0.49295774647887325,pos,Farm,IT2
ASV_00324,ASV_00596,0.49635036496350365,pos,Farm,IT2
ASV_00324,ASV_00615,0.49640287769784175,pos,Farm,IT2
ASV_00324,ASV_00622,0.4748201438848921,pos,Farm,IT2
ASV_00324,ASV_00628,0.5,pos,Farm,IT2
ASV_00324,ASV_00633,0.5683453237410072,pos,Farm,IT2
ASV_00324,ASV_00636,0.5436241610738255,pos,Farm,IT2
ASV_00324,ASV_00638,0.5172413793103449,pos,Farm,IT2
ASV_00324,ASV_00643,0.5104895104895105,pos,Farm,IT2
ASV_00324,ASV_00651,0.5034965034965035,pos,Farm,IT2
ASV_00324,ASV_00662,0.4859154929577465,pos,Farm,IT2
ASV_00324,ASV_00666,0.5205479452054794,pos,Farm,IT2
ASV_00324,ASV_00671,0.5035460992907801,pos,Farm,IT2
ASV_00324,ASV_00673,0.527027027027027,pos,Farm,IT2
ASV_00324,ASV_00687,0.5034965034965035,pos,Farm,IT2
ASV_00324,ASV_00718,0.4857142857142857,pos,Farm,IT2
ASV_00324,ASV_00724,0.5142857142857142,pos,Farm,IT2
ASV_00324,ASV_00728,0.5036496350364964,pos,Farm,IT2
ASV_00324,ASV_00757,0.5531914893617021,pos,Farm,IT2
ASV_00324,ASV_00772,0.5211267605633803,pos,Farm,IT2
ASV_00324,ASV_00809,0.5436241610738255,pos,Farm,IT2
ASV_00324,ASV_00811,0.5602836879432624,pos,Farm,IT2
ASV_00324,ASV_00815,0.6041666666666666,pos,Farm,IT2
ASV_00324,ASV_00822,0.5174825174825175,pos,Farm,IT2
ASV_00324,ASV_00829,0.5285714285714286,pos,Farm,IT2
ASV_00324,ASV_00843,0.5172413793103449,pos,Farm,IT2
ASV_00324,ASV_00865,0.572463768115942,pos,Farm,IT2
ASV_00324,ASV_00873,0.5072463768115942,pos,Farm,IT2
ASV_00324,ASV_00880,0.49645390070921985,pos,Farm,IT2
ASV_00324,ASV_00890,0.5138888888888888,pos,Farm,IT2
ASV_00324,ASV_00891,0.5472972972972973,pos,Farm,IT2
ASV_00324,ASV_00906,0.5337837837837838,pos,Farm,IT2
ASV_00324,ASV_00912,0.4748201438848921,pos,Farm,IT2
ASV_00324,ASV_00924,0.4676258992805755,pos,Farm,IT2
ASV_00324,ASV_00929,0.5136986301369864,pos,Farm,IT2
ASV_00324,ASV_00935,0.5,pos,Farm,IT2
ASV_00324,ASV_00984,0.5390070921985816,pos,Farm,IT2
ASV_00324,ASV_00989,0.5185185185185185,pos,Farm,IT2
ASV_00324,ASV_01048,0.5507246376811594,pos,Farm,IT2
ASV_00324,ASV_01065,0.5367647058823529,pos,Farm,IT2
ASV_00324,ASV_01101,0.5208333333333334,pos,Farm,IT2
ASV_00324,ASV_01119,0.5625,pos,Farm,IT2
ASV_00324,ASV_01124,0.5104895104895105,pos,Farm,IT2
ASV_00324,ASV_01179,0.5107913669064749,pos,Farm,IT2
ASV_00324,ASV_01204,0.5273972602739726,pos,Farm,IT2
ASV_00324,ASV_01223,0.5303030303030303,pos,Farm,IT2
ASV_00324,ASV_01342,0.54421768707483,pos,Farm,IT2
ASV_00324,ASV_01349,0.5,pos,Farm,IT2
ASV_00324,ASV_01458,0.4927536231884058,pos,Farm,IT2
ASV_00324,ASV_02332,0.5136986301369864,pos,Farm,IT2
ASV_00325,ASV_00367,0.5106382978723404,pos,Farm,IT2
ASV_00325,ASV_00381,0.5214285714285715,pos,Farm,IT2
ASV_00325,ASV_00387,0.5531914893617021,pos,Farm,IT2
ASV_00325,ASV_00390,0.5405405405405406,pos,Farm,IT2
ASV_00325,ASV_00397,0.5244755244755245,pos,Farm,IT2
ASV_00325,ASV_00400,0.5205479452054794,pos,Farm,IT2
ASV_00325,ASV_00406,0.5179856115107914,pos,Farm,IT2
ASV_00325,ASV_00407,0.524822695035461,pos,Farm,IT2
ASV_00325,ASV_00416,0.5174825174825175,pos,Farm,IT2
ASV_00325,ASV_00418,0.524822695035461,pos,Farm,IT2
ASV_00325,ASV_00422,0.528169014084507,pos,Farm,IT2
ASV_00325,ASV_00437,0.5136986301369864,pos,Farm,IT2
ASV_00325,ASV_00443,0.5106382978723404,pos,Farm,IT2
ASV_00325,ASV_00465,0.5069444444444444,pos,Farm,IT2
ASV_00325,ASV_00476,0.4965034965034965,pos,Farm,IT2
ASV_00325,ASV_00490,0.5793103448275863,pos,Farm,IT2
ASV_00325,ASV_00503,0.528169014084507,pos,Farm,IT2
ASV_00325,ASV_00520,0.5241379310344828,pos,Farm,IT2
ASV_00325,ASV_00528,0.5070422535211268,pos,Farm,IT2
ASV_00325,ASV_00530,0.5244755244755245,pos,Farm,IT2
ASV_00325,ASV_00536,0.527027027027027,pos,Farm,IT2
ASV_00325,ASV_00570,0.49645390070921985,pos,Farm,IT2
ASV_00325,ASV_00595,0.5285714285714286,pos,Farm,IT2
ASV_00325,ASV_00596,0.4785714285714286,pos,Farm,IT2
ASV_00325,ASV_00654,0.49645390070921985,pos,Farm,IT2
ASV_00325,ASV_00673,0.5405405405405406,pos,Farm,IT2
ASV_00325,ASV_00686,0.5103448275862069,pos,Farm,IT2
ASV_00325,ASV_00687,0.528169014084507,pos,Farm,IT2
ASV_00325,ASV_00697,0.5179856115107914,pos,Farm,IT2
ASV_00325,ASV_00718,0.5328467153284672,pos,Farm,IT2
ASV_00325,ASV_00726,0.5241379310344828,pos,Farm,IT2
ASV_00325,ASV_00781,0.5069444444444444,pos,Farm,IT2
ASV_00325,ASV_00815,0.5533333333333333,pos,Farm,IT2
ASV_00325,ASV_00821,0.5172413793103449,pos,Farm,IT2
ASV_00325,ASV_00912,0.5333333333333333,pos,Farm,IT2
ASV_00325,ASV_00958,0.5174825174825175,pos,Farm,IT2
ASV_00325,ASV_00984,0.5103448275862069,pos,Farm,IT2
ASV_00325,ASV_01253,0.5138888888888888,pos,Farm,IT2
ASV_00325,ASV_01267,0.5,pos,Farm,IT2
ASV_00326,ASV_00342,0.5035460992907801,pos,Farm,IT2
ASV_00326,ASV_00346,0.5035971223021583,pos,Farm,IT2
ASV_00326,ASV_00356,0.5172413793103449,pos,Farm,IT2
ASV_00326,ASV_00369,0.5070422535211268,pos,Farm,IT2
ASV_00326,ASV_00380,0.49640287769784175,pos,Farm,IT2
ASV_00326,ASV_00403,0.5174825174825175,pos,Farm,IT2
ASV_00326,ASV_00410,0.49295774647887325,pos,Farm,IT2
ASV_00326,ASV_00438,0.5035460992907801,pos,Farm,IT2
ASV_00326,ASV_00455,0.48226950354609927,pos,Farm,IT2
ASV_00326,ASV_00460,0.524822695035461,pos,Farm,IT2
ASV_00326,ASV_00477,0.5034965034965035,pos,Farm,IT2
ASV_00326,ASV_00486,0.5170068027210885,pos,Farm,IT2
ASV_00326,ASV_00514,0.5405405405405406,pos,Farm,IT2
ASV_00326,ASV_00518,0.5205479452054794,pos,Farm,IT2
ASV_00326,ASV_00541,0.5035460992907801,pos,Farm,IT2
ASV_00326,ASV_00563,0.5104895104895105,pos,Farm,IT2
ASV_00326,ASV_00618,0.5142857142857142,pos,Farm,IT2
ASV_00326,ASV_00622,0.4852941176470588,pos,Farm,IT2
ASV_00326,ASV_00630,0.5,pos,Farm,IT2
ASV_00326,ASV_00633,0.5034965034965035,pos,Farm,IT2
ASV_00326,ASV_00635,0.5277777777777778,pos,Farm,IT2
ASV_00326,ASV_00636,0.5763888888888888,pos,Farm,IT2
ASV_00326,ASV_00651,0.5251798561151079,pos,Farm,IT2
ASV_00326,ASV_00806,0.5314685314685315,pos,Farm,IT2
ASV_00326,ASV_00808,0.5144927536231884,pos,Farm,IT2
ASV_00326,ASV_00811,0.5069444444444444,pos,Farm,IT2
ASV_00326,ASV_00821,0.5140845070422535,pos,Farm,IT2
ASV_00326,ASV_00822,0.5285714285714286,pos,Farm,IT2
ASV_00326,ASV_00845,0.4676258992805755,pos,Farm,IT2
ASV_00326,ASV_00865,0.5177304964539007,pos,Farm,IT2
ASV_00326,ASV_00906,0.5555555555555556,pos,Farm,IT2
ASV_00326,ASV_01276,0.48201438848920863,pos,Farm,IT2
ASV_00326,ASV_01491,0.5142857142857142,pos,Farm,IT2
ASV_00326,ASV_01512,0.4676258992805755,pos,Farm,IT2
ASV_00326,ASV_01578,0.5507246376811594,pos,Farm,IT2
ASV_00326,ASV_02149,0.5220588235294118,pos,Farm,IT2
ASV_00327,ASV_00343,0.5104895104895105,pos,Farm,IT2
ASV_00327,ASV_00352,0.5071428571428571,pos,Farm,IT2
ASV_00327,ASV_00356,0.5347222222222222,pos,Farm,IT2
ASV_00327,ASV_00357,0.49640287769784175,pos,Farm,IT2
ASV_00327,ASV_00391,0.5109489051094891,pos,Farm,IT2
ASV_00327,ASV_00393,0.5149253731343284,pos,Farm,IT2
ASV_00327,ASV_00397,0.4965034965034965,pos,Farm,IT2
ASV_00327,ASV_00402,0.4744525547445255,pos,Farm,IT2
ASV_00327,ASV_00407,0.49645390070921985,pos,Farm,IT2
ASV_00327,ASV_00412,0.4785714285714286,pos,Farm,IT2
ASV_00327,ASV_00421,0.528169014084507,pos,Farm,IT2
ASV_00327,ASV_00440,0.4928571428571429,pos,Farm,IT2
ASV_00327,ASV_00452,0.5367647058823529,pos,Farm,IT2
ASV_00327,ASV_00453,0.5104895104895105,pos,Farm,IT2
ASV_00327,ASV_00460,0.5,pos,Farm,IT2
ASV_00327,ASV_00463,0.5138888888888888,pos,Farm,IT2
ASV_00327,ASV_00485,0.5069444444444444,pos,Farm,IT2
ASV_00327,ASV_00511,0.4782608695652174,pos,Farm,IT2
ASV_00327,ASV_00513,0.5106382978723404,pos,Farm,IT2
ASV_00327,ASV_00518,0.5273972602739726,pos,Farm,IT2
ASV_00327,ASV_00521,0.5241379310344828,pos,Farm,IT2
ASV_00327,ASV_00528,0.48936170212765956,pos,Farm,IT2
ASV_00327,ASV_00529,0.4855072463768116,pos,Farm,IT2
ASV_00327,ASV_00533,0.49295774647887325,pos,Farm,IT2
ASV_00327,ASV_00542,0.5379310344827586,pos,Farm,IT2
ASV_00327,ASV_00543,0.5390070921985816,pos,Farm,IT2
ASV_00327,ASV_00544,0.49295774647887325,pos,Farm,IT2
ASV_00327,ASV_00551,0.5104895104895105,pos,Farm,IT2
ASV_00327,ASV_00569,0.4928571428571429,pos,Farm,IT2
ASV_00327,ASV_00587,0.5107913669064749,pos,Farm,IT2
ASV_00327,ASV_00620,0.5138888888888888,pos,Farm,IT2
ASV_00327,ASV_00635,0.5241379310344828,pos,Farm,IT2
ASV_00327,ASV_00656,0.5034965034965035,pos,Farm,IT2
ASV_00327,ASV_00671,0.48936170212765956,pos,Farm,IT2
ASV_00327,ASV_00709,0.5323741007194245,pos,Farm,IT2
ASV_00327,ASV_00721,0.4748201438848921,pos,Farm,IT2
ASV_00327,ASV_00727,0.5035971223021583,pos,Farm,IT2
ASV_00327,ASV_00728,0.5111111111111111,pos,Farm,IT2
ASV_00327,ASV_00758,0.5,pos,Farm,IT2
ASV_00327,ASV_00772,0.5285714285714286,pos,Farm,IT2
ASV_00327,ASV_00801,0.4927536231884058,pos,Farm,IT2
ASV_00327,ASV_00806,0.5172413793103449,pos,Farm,IT2
ASV_00327,ASV_00807,0.5140845070422535,pos,Farm,IT2
ASV_00327,ASV_00808,0.5,pos,Farm,IT2
ASV_00327,ASV_00809,0.5405405405405406,pos,Farm,IT2
ASV_00327,ASV_00815,0.5472972972972973,pos,Farm,IT2
ASV_00327,ASV_00821,0.5104895104895105,pos,Farm,IT2
ASV_00327,ASV_00822,0.5034965034965035,pos,Farm,IT2
ASV_00327,ASV_00829,0.49295774647887325,pos,Farm,IT2
ASV_00327,ASV_00880,0.48226950354609927,pos,Farm,IT2
ASV_00327,ASV_00890,0.5211267605633803,pos,Farm,IT2
ASV_00327,ASV_00912,0.48175182481751827,pos,Farm,IT2
ASV_00327,ASV_00952,0.5255474452554745,pos,Farm,IT2
ASV_00327,ASV_00958,0.5214285714285715,pos,Farm,IT2
ASV_00327,ASV_00966,0.47101449275362317,pos,Farm,IT2
ASV_00327,ASV_01092,0.5170068027210885,pos,Farm,IT2
ASV_00327,ASV_01119,0.5704225352112676,pos,Farm,IT2
ASV_00327,ASV_01152,0.5035460992907801,pos,Farm,IT2
ASV_00327,ASV_01250,0.5205479452054794,pos,Farm,IT2
ASV_00327,ASV_01458,0.4676258992805755,pos,Farm,IT2
ASV_00327,ASV_01491,0.5214285714285715,pos,Farm,IT2
ASV_00328,ASV_00330,0.5390070921985816,pos,Farm,IT2
ASV_00328,ASV_00336,0.5172413793103449,pos,Farm,IT2
ASV_00328,ASV_00345,0.5374149659863946,pos,Farm,IT2
ASV_00328,ASV_00346,0.5069444444444444,pos,Farm,IT2
ASV_00328,ASV_00347,0.547945205479452,pos,Farm,IT2
ASV_00328,ASV_00355,0.5273972602739726,pos,Farm,IT2
ASV_00328,ASV_00361,0.547945205479452,pos,Farm,IT2
ASV_00328,ASV_00373,0.5140845070422535,pos,Farm,IT2
ASV_00328,ASV_00377,0.48951048951048953,pos,Farm,IT2
ASV_00328,ASV_00382,0.5306122448979592,pos,Farm,IT2
ASV_00328,ASV_00391,0.5285714285714286,pos,Farm,IT2
ASV_00328,ASV_00395,0.5539568345323741,pos,Farm,IT2
ASV_00328,ASV_00409,0.524822695035461,pos,Farm,IT2
ASV_00328,ASV_00421,0.5448275862068965,pos,Farm,IT2
ASV_00328,ASV_00426,0.58,pos,Farm,IT2
ASV_00328,ASV_00443,0.5539568345323741,pos,Farm,IT2
ASV_00328,ASV_00445,0.5172413793103449,pos,Farm,IT2
ASV_00328,ASV_00447,0.5804195804195804,pos,Farm,IT2
ASV_00328,ASV_00453,0.5704225352112676,pos,Farm,IT2
ASV_00328,ASV_00467,0.5466666666666666,pos,Farm,IT2
ASV_00328,ASV_00476,0.528169014084507,pos,Farm,IT2
ASV_00328,ASV_00485,0.5342465753424658,pos,Farm,IT2
ASV_00328,ASV_00486,0.5608108108108109,pos,Farm,IT2
ASV_00328,ASV_00490,0.5466666666666666,pos,Farm,IT2
ASV_00328,ASV_00494,0.5136986301369864,pos,Farm,IT2
ASV_00328,ASV_00501,0.5416666666666666,pos,Farm,IT2
ASV_00328,ASV_00503,0.5172413793103449,pos,Farm,IT2
ASV_00328,ASV_00504,0.5503355704697986,pos,Farm,IT2
ASV_00328,ASV_00507,0.5136986301369864,pos,Farm,IT2
ASV_00328,ASV_00511,0.4859154929577465,pos,Farm,IT2
ASV_00328,ASV_00512,0.5436241610738255,pos,Farm,IT2
ASV_00328,ASV_00513,0.5277777777777778,pos,Farm,IT2
ASV_00328,ASV_00550,0.5804195804195804,pos,Farm,IT2
ASV_00328,ASV_00555,0.5238095238095238,pos,Farm,IT2
ASV_00328,ASV_00571,0.5664335664335665,pos,Farm,IT2
ASV_00328,ASV_00596,0.5107913669064749,pos,Farm,IT2
ASV_00328,ASV_00612,0.5957446808510638,pos,Farm,IT2
ASV_00328,ASV_00615,0.5106382978723404,pos,Farm,IT2
ASV_00328,ASV_00641,0.5405405405405406,pos,Farm,IT2
ASV_00328,ASV_00665,0.5,pos,Farm,IT2
ASV_00328,ASV_00666,0.54421768707483,pos,Farm,IT2
ASV_00328,ASV_00686,0.5416666666666666,pos,Farm,IT2
ASV_00328,ASV_00709,0.5172413793103449,pos,Farm,IT2
ASV_00328,ASV_00721,0.49295774647887325,pos,Farm,IT2
ASV_00328,ASV_00732,0.5244755244755245,pos,Farm,IT2
ASV_00328,ASV_00789,0.5857142857142857,pos,Farm,IT2
ASV_00328,ASV_00806,0.5547945205479452,pos,Farm,IT2
ASV_00328,ASV_00807,0.574468085106383,pos,Farm,IT2
ASV_00328,ASV_00808,0.5390070921985816,pos,Farm,IT2
ASV_00328,ASV_00817,0.5369127516778524,pos,Farm,IT2
ASV_00328,ASV_00821,0.5486111111111112,pos,Farm,IT2
ASV_00328,ASV_00822,0.5205479452054794,pos,Farm,IT2
ASV_00328,ASV_00842,0.539568345323741,pos,Farm,IT2
ASV_00328,ASV_00843,0.5306122448979592,pos,Farm,IT2
ASV_00328,ASV_00924,0.48226950354609927,pos,Farm,IT2
ASV_00328,ASV_00929,0.547945205479452,pos,Farm,IT2
ASV_00328,ASV_01267,0.5103448275862069,pos,Farm,IT2
ASV_00328,ASV_01342,0.5782312925170068,pos,Farm,IT2
ASV_00328,ASV_01426,0.5070422535211268,pos,Farm,IT2
ASV_00328,ASV_01491,0.5172413793103449,pos,Farm,IT2
ASV_00328,ASV_01541,0.5273972602739726,pos,Farm,IT2
ASV_00328,ASV_01578,0.574468085106383,pos,Farm,IT2
ASV_00330,ASV_00331,0.5369127516778524,pos,Farm,IT2
ASV_00330,ASV_00334,0.5138888888888888,pos,Farm,IT2
ASV_00330,ASV_00336,0.5,pos,Farm,IT2
ASV_00330,ASV_00337,0.5273972602739726,pos,Farm,IT2
ASV_00330,ASV_00342,0.5,pos,Farm,IT2
ASV_00330,ASV_00343,0.5211267605633803,pos,Farm,IT2
ASV_00330,ASV_00346,0.5328467153284672,pos,Farm,IT2
ASV_00330,ASV_00353,0.6106870229007634,pos,Farm,IT2
ASV_00330,ASV_00357,0.4857142857142857,pos,Farm,IT2
ASV_00330,ASV_00367,0.4928571428571429,pos,Farm,IT2
ASV_00330,ASV_00369,0.5034965034965035,pos,Farm,IT2
ASV_00330,ASV_00373,0.5072463768115942,pos,Farm,IT2
ASV_00330,ASV_00390,0.5238095238095238,pos,Farm,IT2
ASV_00330,ASV_00391,0.5220588235294118,pos,Farm,IT2
ASV_00330,ASV_00393,0.47101449275362317,pos,Farm,IT2
ASV_00330,ASV_00395,0.5035971223021583,pos,Farm,IT2
ASV_00330,ASV_00403,0.5138888888888888,pos,Farm,IT2
ASV_00330,ASV_00406,0.4892086330935252,pos,Farm,IT2
ASV_00330,ASV_00412,0.4892086330935252,pos,Farm,IT2
ASV_00330,ASV_00418,0.49645390070921985,pos,Farm,IT2
ASV_00330,ASV_00425,0.48226950354609927,pos,Farm,IT2
ASV_00330,ASV_00440,0.48226950354609927,pos,Farm,IT2
ASV_00330,ASV_00443,0.48226950354609927,pos,Farm,IT2
ASV_00330,ASV_00445,0.5,pos,Farm,IT2
ASV_00330,ASV_00447,0.5531914893617021,pos,Farm,IT2
ASV_00330,ASV_00458,0.5109489051094891,pos,Farm,IT2
ASV_00330,ASV_00460,0.5,pos,Farm,IT2
ASV_00330,ASV_00464,0.5103448275862069,pos,Farm,IT2
ASV_00330,ASV_00479,0.5314685314685315,pos,Farm,IT2
ASV_00330,ASV_00486,0.5238095238095238,pos,Farm,IT2
ASV_00330,ASV_00490,0.5517241379310345,pos,Farm,IT2
ASV_00330,ASV_00494,0.539568345323741,pos,Farm,IT2
ASV_00330,ASV_00495,0.48201438848920863,pos,Farm,IT2
ASV_00330,ASV_00496,0.5140845070422535,pos,Farm,IT2
ASV_00330,ASV_00514,0.5369127516778524,pos,Farm,IT2
ASV_00330,ASV_00517,0.48226950354609927,pos,Farm,IT2
ASV_00330,ASV_00528,0.5217391304347826,pos,Farm,IT2
ASV_00330,ASV_00530,0.4965034965034965,pos,Farm,IT2
ASV_00330,ASV_00554,0.5174825174825175,pos,Farm,IT2
ASV_00330,ASV_00555,0.5390070921985816,pos,Farm,IT2
ASV_00330,ASV_00566,0.5323741007194245,pos,Farm,IT2
ASV_00330,ASV_00568,0.5103448275862069,pos,Farm,IT2
ASV_00330,ASV_00570,0.5333333333333333,pos,Farm,IT2
ASV_00330,ASV_00612,0.5683453237410072,pos,Farm,IT2
ASV_00330,ASV_00615,0.48201438848920863,pos,Farm,IT2
ASV_00330,ASV_00618,0.5214285714285715,pos,Farm,IT2
ASV_00330,ASV_00628,0.5401459854014599,pos,Farm,IT2
ASV_00330,ASV_00636,0.5302013422818792,pos,Farm,IT2
ASV_00330,ASV_00651,0.5,pos,Farm,IT2
ASV_00330,ASV_00654,0.5,pos,Farm,IT2
ASV_00330,ASV_00668,0.5,pos,Farm,IT2
ASV_00330,ASV_00687,0.5,pos,Farm,IT2
ASV_00330,ASV_00728,0.4782608695652174,pos,Farm,IT2
ASV_00330,ASV_00789,0.5140845070422535,pos,Farm,IT2
ASV_00330,ASV_00793,0.48936170212765956,pos,Farm,IT2
ASV_00330,ASV_00808,0.5217391304347826,pos,Farm,IT2
ASV_00330,ASV_00809,0.5405405405405406,pos,Farm,IT2
ASV_00330,ASV_00817,0.5416666666666666,pos,Farm,IT2
ASV_00330,ASV_00829,0.5362318840579711,pos,Farm,IT2
ASV_00330,ASV_00869,0.5136986301369864,pos,Farm,IT2
ASV_00330,ASV_00875,0.5486111111111112,pos,Farm,IT2
ASV_00330,ASV_00890,0.5,pos,Farm,IT2
ASV_00330,ASV_00924,0.5074626865671642,pos,Farm,IT2
ASV_00330,ASV_00958,0.5214285714285715,pos,Farm,IT2
ASV_00330,ASV_01092,0.5273972602739726,pos,Farm,IT2
ASV_00330,ASV_01153,0.5035971223021583,pos,Farm,IT2
ASV_00330,ASV_01179,0.4857142857142857,pos,Farm,IT2
ASV_00330,ASV_01249,0.48936170212765956,pos,Farm,IT2
ASV_00330,ASV_01276,0.5333333333333333,pos,Farm,IT2
ASV_00330,ASV_01368,0.539568345323741,pos,Farm,IT2
ASV_00330,ASV_01458,0.4676258992805755,pos,Farm,IT2
ASV_00330,ASV_01503,0.5104895104895105,pos,Farm,IT2
ASV_00331,ASV_00336,0.5570469798657718,pos,Farm,IT2
ASV_00331,ASV_00343,0.5562913907284768,pos,Farm,IT2
ASV_00331,ASV_00368,0.5608108108108109,pos,Farm,IT2
ASV_00331,ASV_00373,0.5234899328859061,pos,Farm,IT2
ASV_00331,ASV_00378,0.5894039735099338,pos,Farm,IT2
ASV_00331,ASV_00389,0.5704697986577181,pos,Farm,IT2
ASV_00331,ASV_00400,0.5695364238410596,pos,Farm,IT2
ASV_00331,ASV_00406,0.5586206896551724,pos,Farm,IT2
ASV_00331,ASV_00409,0.5234899328859061,pos,Farm,IT2
ASV_00331,ASV_00422,0.5570469798657718,pos,Farm,IT2
ASV_00331,ASV_00429,0.5,pos,Farm,IT2
ASV_00331,ASV_00443,0.5405405405405406,pos,Farm,IT2
ASV_00331,ASV_00447,0.5761589403973509,pos,Farm,IT2
ASV_00331,ASV_00452,0.5405405405405406,pos,Farm,IT2
ASV_00331,ASV_00460,0.5666666666666667,pos,Farm,IT2
ASV_00331,ASV_00464,0.5866666666666667,pos,Farm,IT2
ASV_00331,ASV_00468,0.47586206896551725,pos,Farm,IT2
ASV_00331,ASV_00474,0.5629139072847682,pos,Farm,IT2
ASV_00331,ASV_00485,0.5838926174496645,pos,Farm,IT2
ASV_00331,ASV_00488,0.6174496644295302,pos,Farm,IT2
ASV_00331,ASV_00493,0.5686274509803921,pos,Farm,IT2
ASV_00331,ASV_00494,0.5743243243243243,pos,Farm,IT2
ASV_00331,ASV_00495,0.5202702702702703,pos,Farm,IT2
ASV_00331,ASV_00506,0.5547945205479452,pos,Farm,IT2
ASV_00331,ASV_00507,0.5533333333333333,pos,Farm,IT2
ASV_00331,ASV_00508,0.5684931506849316,pos,Farm,IT2
ASV_00331,ASV_00517,0.5510204081632653,pos,Farm,IT2
ASV_00331,ASV_00534,0.6052631578947368,pos,Farm,IT2
ASV_00331,ASV_00556,0.56,pos,Farm,IT2
ASV_00331,ASV_00568,0.5866666666666667,pos,Farm,IT2
ASV_00331,ASV_00570,0.547945205479452,pos,Farm,IT2
ASV_00331,ASV_00612,0.58,pos,Farm,IT2
ASV_00331,ASV_00622,0.5205479452054794,pos,Farm,IT2
ASV_00331,ASV_00630,0.5238095238095238,pos,Farm,IT2
ASV_00331,ASV_00638,0.5592105263157895,pos,Farm,IT2
ASV_00331,ASV_00651,0.5675675675675675,pos,Farm,IT2
ASV_00331,ASV_00662,0.5510204081632653,pos,Farm,IT2
ASV_00331,ASV_00676,0.6066666666666667,pos,Farm,IT2
ASV_00331,ASV_00718,0.541095890410959,pos,Farm,IT2
ASV_00331,ASV_00728,0.5379310344827586,pos,Farm,IT2
ASV_00331,ASV_00781,0.6,pos,Farm,IT2
ASV_00331,ASV_00782,0.5570469798657718,pos,Farm,IT2
ASV_00331,ASV_00829,0.5608108108108109,pos,Farm,IT2
ASV_00331,ASV_00865,0.56,pos,Farm,IT2
ASV_00331,ASV_00890,0.5666666666666667,pos,Farm,IT2
ASV_00331,ASV_00959,0.5533333333333333,pos,Farm,IT2
ASV_00331,ASV_00966,0.5416666666666666,pos,Farm,IT2
ASV_00331,ASV_00989,0.5205479452054794,pos,Farm,IT2
ASV_00331,ASV_01119,0.5816993464052288,pos,Farm,IT2
ASV_00331,ASV_01267,0.54,pos,Farm,IT2
ASV_00331,ASV_01288,0.5733333333333334,pos,Farm,IT2
ASV_00331,ASV_02149,0.5547945205479452,pos,Farm,IT2
ASV_00332,ASV_00336,0.5507246376811594,pos,Farm,IT2
ASV_00332,ASV_00339,0.4857142857142857,pos,Farm,IT2
ASV_00332,ASV_00342,0.4965034965034965,pos,Farm,IT2
ASV_00332,ASV_00346,0.5071428571428571,pos,Farm,IT2
ASV_00332,ASV_00347,0.5384615384615384,pos,Farm,IT2
ASV_00332,ASV_00350,0.46715328467153283,pos,Farm,IT2
ASV_00332,ASV_00352,0.49295774647887325,pos,Farm,IT2
ASV_00332,ASV_00354,0.49295774647887325,pos,Farm,IT2
ASV_00332,ASV_00361,0.5492957746478874,pos,Farm,IT2
ASV_00332,ASV_00403,0.5422535211267606,pos,Farm,IT2
ASV_00332,ASV_00409,0.4928571428571429,pos,Farm,IT2
ASV_00332,ASV_00411,0.5,pos,Farm,IT2
ASV_00332,ASV_00438,0.4965034965034965,pos,Farm,IT2
ASV_00332,ASV_00443,0.5328467153284672,pos,Farm,IT2
ASV_00332,ASV_00444,0.5034965034965035,pos,Farm,IT2
ASV_00332,ASV_00452,0.5,pos,Farm,IT2
ASV_00332,ASV_00455,0.49645390070921985,pos,Farm,IT2
ASV_00332,ASV_00463,0.5208333333333334,pos,Farm,IT2
ASV_00332,ASV_00477,0.5174825174825175,pos,Farm,IT2
ASV_00332,ASV_00486,0.5625,pos,Farm,IT2
ASV_00332,ASV_00501,0.5211267605633803,pos,Farm,IT2
ASV_00332,ASV_00530,0.524822695035461,pos,Farm,IT2
ASV_00332,ASV_00534,0.527027027027027,pos,Farm,IT2
ASV_00332,ASV_00543,0.5138888888888888,pos,Farm,IT2
ASV_00332,ASV_00550,0.5384615384615384,pos,Farm,IT2
ASV_00332,ASV_00551,0.5069444444444444,pos,Farm,IT2
ASV_00332,ASV_00556,0.5428571428571428,pos,Farm,IT2
ASV_00332,ASV_00568,0.5827338129496403,pos,Farm,IT2
ASV_00332,ASV_00595,0.5071428571428571,pos,Farm,IT2
ASV_00332,ASV_00596,0.4782608695652174,pos,Farm,IT2
ASV_00332,ASV_00611,0.5352112676056338,pos,Farm,IT2
ASV_00332,ASV_00635,0.574468085106383,pos,Farm,IT2
ASV_00332,ASV_00641,0.5310344827586206,pos,Farm,IT2
ASV_00332,ASV_00643,0.5140845070422535,pos,Farm,IT2
ASV_00332,ASV_00651,0.4965034965034965,pos,Farm,IT2
ASV_00332,ASV_00656,0.5,pos,Farm,IT2
ASV_00332,ASV_00666,0.5241379310344828,pos,Farm,IT2
ASV_00332,ASV_00668,0.5179856115107914,pos,Farm,IT2
ASV_00332,ASV_00671,0.4859154929577465,pos,Farm,IT2
ASV_00332,ASV_00769,0.4965034965034965,pos,Farm,IT2
ASV_00332,ASV_00793,0.4859154929577465,pos,Farm,IT2
ASV_00332,ASV_00801,0.4892086330935252,pos,Farm,IT2
ASV_00332,ASV_00808,0.4859154929577465,pos,Farm,IT2
ASV_00332,ASV_00809,0.5472972972972973,pos,Farm,IT2
ASV_00332,ASV_00821,0.5174825174825175,pos,Farm,IT2
ASV_00332,ASV_00822,0.5104895104895105,pos,Farm,IT2
ASV_00332,ASV_00843,0.5422535211267606,pos,Farm,IT2
ASV_00332,ASV_00865,0.5211267605633803,pos,Farm,IT2
ASV_00332,ASV_00869,0.5310344827586206,pos,Farm,IT2
ASV_00332,ASV_00873,0.5,pos,Farm,IT2
ASV_00332,ASV_00890,0.5069444444444444,pos,Farm,IT2
ASV_00332,ASV_00891,0.5405405405405406,pos,Farm,IT2
ASV_00332,ASV_00959,0.5034965034965035,pos,Farm,IT2
ASV_00332,ASV_01018,0.49645390070921985,pos,Farm,IT2
ASV_00332,ASV_01048,0.5106382978723404,pos,Farm,IT2
ASV_00332,ASV_01065,0.49640287769784175,pos,Farm,IT2
ASV_00332,ASV_01087,0.5390070921985816,pos,Farm,IT2
ASV_00332,ASV_01090,0.5241379310344828,pos,Farm,IT2
ASV_00332,ASV_01204,0.5205479452054794,pos,Farm,IT2
ASV_00332,ASV_01417,0.5070422535211268,pos,Farm,IT2
ASV_00332,ASV_01459,0.5362318840579711,pos,Farm,IT2
ASV_00332,ASV_01578,0.5319148936170213,pos,Farm,IT2
ASV_00332,ASV_01840,0.4965034965034965,pos,Farm,IT2
ASV_00333,ASV_00339,0.5285714285714286,pos,Farm,IT2
ASV_00333,ASV_00352,0.5244755244755245,pos,Farm,IT2
ASV_00333,ASV_00354,0.5138888888888888,pos,Farm,IT2
ASV_00333,ASV_00361,0.5915492957746479,pos,Farm,IT2
ASV_00333,ASV_00376,0.5586206896551724,pos,Farm,IT2
ASV_00333,ASV_00381,0.5319148936170213,pos,Farm,IT2
ASV_00333,ASV_00403,0.541095890410959,pos,Farm,IT2
ASV_00333,ASV_00412,0.5070422535211268,pos,Farm,IT2
ASV_00333,ASV_00416,0.5602836879432624,pos,Farm,IT2
ASV_00333,ASV_00440,0.5,pos,Farm,IT2
ASV_00333,ASV_00451,0.5369127516778524,pos,Farm,IT2
ASV_00333,ASV_00465,0.5172413793103449,pos,Farm,IT2
ASV_00333,ASV_00490,0.5675675675675675,pos,Farm,IT2
ASV_00333,ASV_00495,0.48951048951048953,pos,Farm,IT2
ASV_00333,ASV_00503,0.5172413793103449,pos,Farm,IT2
ASV_00333,ASV_00506,0.524822695035461,pos,Farm,IT2
ASV_00333,ASV_00512,0.5540540540540541,pos,Farm,IT2
ASV_00333,ASV_00513,0.5172413793103449,pos,Farm,IT2
ASV_00333,ASV_00517,0.5,pos,Farm,IT2
ASV_00333,ASV_00518,0.5540540540540541,pos,Farm,IT2
ASV_00333,ASV_00520,0.5664335664335665,pos,Farm,IT2
ASV_00333,ASV_00528,0.5069444444444444,pos,Farm,IT2
ASV_00333,ASV_00534,0.6,pos,Farm,IT2
ASV_00333,ASV_00542,0.5753424657534246,pos,Farm,IT2
ASV_00333,ASV_00543,0.5555555555555556,pos,Farm,IT2
ASV_00333,ASV_00554,0.5238095238095238,pos,Farm,IT2
ASV_00333,ASV_00574,0.5374149659863946,pos,Farm,IT2
ASV_00333,ASV_00592,0.5136986301369864,pos,Farm,IT2
ASV_00333,ASV_00643,0.5454545454545454,pos,Farm,IT2
ASV_00333,ASV_00673,0.5503355704697986,pos,Farm,IT2
ASV_00333,ASV_00686,0.5310344827586206,pos,Farm,IT2
ASV_00333,ASV_00687,0.5172413793103449,pos,Farm,IT2
ASV_00333,ASV_00709,0.5492957746478874,pos,Farm,IT2
ASV_00333,ASV_00718,0.5,pos,Farm,IT2
ASV_00333,ASV_00727,0.5539568345323741,pos,Farm,IT2
ASV_00333,ASV_00732,0.5244755244755245,pos,Farm,IT2
ASV_00333,ASV_00755,0.5436241610738255,pos,Farm,IT2
ASV_00333,ASV_00757,0.5238095238095238,pos,Farm,IT2
ASV_00333,ASV_00772,0.5241379310344828,pos,Farm,IT2
ASV_00333,ASV_00781,0.5602836879432624,pos,Farm,IT2
ASV_00333,ASV_00789,0.5205479452054794,pos,Farm,IT2
ASV_00333,ASV_00798,0.5586206896551724,pos,Farm,IT2
ASV_00333,ASV_00801,0.48951048951048953,pos,Farm,IT2
ASV_00333,ASV_00809,0.5666666666666667,pos,Farm,IT2
ASV_00333,ASV_00821,0.5273972602739726,pos,Farm,IT2
ASV_00333,ASV_00829,0.5531914893617021,pos,Farm,IT2
ASV_00333,ASV_00848,0.5306122448979592,pos,Farm,IT2
ASV_00333,ASV_00865,0.5310344827586206,pos,Farm,IT2
ASV_00333,ASV_00869,0.5405405405405406,pos,Farm,IT2
ASV_00333,ASV_00924,0.4928571428571429,pos,Farm,IT2
ASV_00333,ASV_00931,0.528169014084507,pos,Farm,IT2
ASV_00333,ASV_00958,0.5384615384615384,pos,Farm,IT2
ASV_00333,ASV_00959,0.5241379310344828,pos,Farm,IT2
ASV_00333,ASV_00966,0.5,pos,Farm,IT2
ASV_00333,ASV_01119,0.5436241610738255,pos,Farm,IT2
ASV_00333,ASV_01267,0.5208333333333334,pos,Farm,IT2
ASV_00333,ASV_01288,0.5555555555555556,pos,Farm,IT2
ASV_00333,ASV_01385,0.5314685314685315,pos,Farm,IT2
ASV_00333,ASV_01458,0.4859154929577465,pos,Farm,IT2
ASV_00333,ASV_01512,0.5142857142857142,pos,Farm,IT2
ASV_00333,ASV_01541,0.5273972602739726,pos,Farm,IT2
ASV_00333,ASV_02020,0.5422535211267606,pos,Farm,IT2
ASV_00334,ASV_00339,0.5140845070422535,pos,Farm,IT2
ASV_00334,ASV_00340,0.5586206896551724,pos,Farm,IT2
ASV_00334,ASV_00343,0.5238095238095238,pos,Farm,IT2
ASV_00334,ASV_00359,0.48951048951048953,pos,Farm,IT2
ASV_00334,ASV_00372,0.48951048951048953,pos,Farm,IT2
ASV_00334,ASV_00376,0.5337837837837838,pos,Farm,IT2
ASV_00334,ASV_00384,0.5136986301369864,pos,Farm,IT2
ASV_00334,ASV_00391,0.5140845070422535,pos,Farm,IT2
ASV_00334,ASV_00393,0.49645390070921985,pos,Farm,IT2
ASV_00334,ASV_00397,0.5310344827586206,pos,Farm,IT2
ASV_00334,ASV_00402,0.48936170212765956,pos,Farm,IT2
ASV_00334,ASV_00422,0.5241379310344828,pos,Farm,IT2
ASV_00334,ASV_00425,0.5174825174825175,pos,Farm,IT2
ASV_00334,ASV_00429,0.475177304964539,pos,Farm,IT2
ASV_00334,ASV_00444,0.5524475524475524,pos,Farm,IT2
ASV_00334,ASV_00451,0.564625850340136,pos,Farm,IT2
ASV_00334,ASV_00458,0.524822695035461,pos,Farm,IT2
ASV_00334,ASV_00463,0.547945205479452,pos,Farm,IT2
ASV_00334,ASV_00467,0.5533333333333333,pos,Farm,IT2
ASV_00334,ASV_00498,0.49645390070921985,pos,Farm,IT2
ASV_00334,ASV_00511,0.5035460992907801,pos,Farm,IT2
ASV_00334,ASV_00513,0.5347222222222222,pos,Farm,IT2
ASV_00334,ASV_00517,0.5069444444444444,pos,Farm,IT2
ASV_00334,ASV_00518,0.5503355704697986,pos,Farm,IT2
ASV_00334,ASV_00521,0.5369127516778524,pos,Farm,IT2
ASV_00334,ASV_00533,0.5172413793103449,pos,Farm,IT2
ASV_00334,ASV_00542,0.5608108108108109,pos,Farm,IT2
ASV_00334,ASV_00548,0.5323741007194245,pos,Farm,IT2
ASV_00334,ASV_00554,0.5306122448979592,pos,Farm,IT2
ASV_00334,ASV_00563,0.541095890410959,pos,Farm,IT2
ASV_00334,ASV_00587,0.5138888888888888,pos,Farm,IT2
ASV_00334,ASV_00592,0.5205479452054794,pos,Farm,IT2
ASV_00334,ASV_00615,0.5177304964539007,pos,Farm,IT2
ASV_00334,ASV_00618,0.5347222222222222,pos,Farm,IT2
ASV_00334,ASV_00620,0.5586206896551724,pos,Farm,IT2
ASV_00334,ASV_00628,0.5103448275862069,pos,Farm,IT2
ASV_00334,ASV_00630,0.48951048951048953,pos,Farm,IT2
ASV_00334,ASV_00633,0.5342465753424658,pos,Farm,IT2
ASV_00334,ASV_00651,0.5136986301369864,pos,Farm,IT2
ASV_00334,ASV_00654,0.524822695035461,pos,Farm,IT2
ASV_00334,ASV_00656,0.5486111111111112,pos,Farm,IT2
ASV_00334,ASV_00679,0.5374149659863946,pos,Farm,IT2
ASV_00334,ASV_00687,0.5136986301369864,pos,Farm,IT2
ASV_00334,ASV_00718,0.5177304964539007,pos,Farm,IT2
ASV_00334,ASV_00721,0.48951048951048953,pos,Farm,IT2
ASV_00334,ASV_00728,0.5035460992907801,pos,Farm,IT2
ASV_00334,ASV_00732,0.5103448275862069,pos,Farm,IT2
ASV_00334,ASV_00734,0.5306122448979592,pos,Farm,IT2
ASV_00334,ASV_00798,0.5337837837837838,pos,Farm,IT2
ASV_00334,ASV_00801,0.4965034965034965,pos,Farm,IT2
ASV_00334,ASV_00809,0.5945945945945946,pos,Farm,IT2
ASV_00334,ASV_00815,0.5695364238410596,pos,Farm,IT2
ASV_00334,ASV_00829,0.5277777777777778,pos,Farm,IT2
ASV_00334,ASV_00875,0.5503355704697986,pos,Farm,IT2
ASV_00334,ASV_00880,0.55,pos,Farm,IT2
ASV_00334,ASV_00890,0.5342465753424658,pos,Farm,IT2
ASV_00334,ASV_01018,0.5138888888888888,pos,Farm,IT2
ASV_00334,ASV_01065,0.5034965034965035,pos,Farm,IT2
ASV_00334,ASV_01071,0.5103448275862069,pos,Farm,IT2
ASV_00334,ASV_01276,0.5034965034965035,pos,Farm,IT2
ASV_00334,ASV_01288,0.5957446808510638,pos,Farm,IT2
ASV_00334,ASV_01328,0.5208333333333334,pos,Farm,IT2
ASV_00334,ASV_01417,0.5136986301369864,pos,Farm,IT2
ASV_00334,ASV_01941,0.541095890410959,pos,Farm,IT2
ASV_00334,ASV_02149,0.5104895104895105,pos,Farm,IT2
ASV_00335,ASV_00345,0.5035460992907801,pos,Farm,IT2
ASV_00335,ASV_00346,0.48175182481751827,pos,Farm,IT2
ASV_00335,ASV_00347,0.5035460992907801,pos,Farm,IT2
ASV_00335,ASV_00350,0.45112781954887216,pos,Farm,IT2
ASV_00335,ASV_00352,0.4676258992805755,pos,Farm,IT2
ASV_00335,ASV_00355,0.48226950354609927,pos,Farm,IT2
ASV_00335,ASV_00365,0.4714285714285714,pos,Farm,IT2
ASV_00335,ASV_00372,0.4666666666666667,pos,Farm,IT2
ASV_00335,ASV_00390,0.528169014084507,pos,Farm,IT2
ASV_00335,ASV_00391,0.47058823529411764,pos,Farm,IT2
ASV_00335,ASV_00404,0.48148148148148145,pos,Farm,IT2
ASV_00335,ASV_00421,0.48936170212765956,pos,Farm,IT2
ASV_00335,ASV_00425,0.4962962962962963,pos,Farm,IT2
ASV_00335,ASV_00441,0.47101449275362317,pos,Farm,IT2
ASV_00335,ASV_00442,0.5106382978723404,pos,Farm,IT2
ASV_00335,ASV_00455,0.49264705882352944,pos,Farm,IT2
ASV_00335,ASV_00459,0.48226950354609927,pos,Farm,IT2
ASV_00335,ASV_00460,0.4928571428571429,pos,Farm,IT2
ASV_00335,ASV_00479,0.49295774647887325,pos,Farm,IT2
ASV_00335,ASV_00493,0.5177304964539007,pos,Farm,IT2
ASV_00335,ASV_00494,0.4892086330935252,pos,Farm,IT2
ASV_00335,ASV_00504,0.55,pos,Farm,IT2
ASV_00335,ASV_00543,0.5107913669064749,pos,Farm,IT2
ASV_00335,ASV_00555,0.48936170212765956,pos,Farm,IT2
ASV_00335,ASV_00592,0.4892086330935252,pos,Farm,IT2
ASV_00335,ASV_00595,0.48175182481751827,pos,Farm,IT2
ASV_00335,ASV_00622,0.48484848484848486,pos,Farm,IT2
ASV_00335,ASV_00630,0.47761194029850745,pos,Farm,IT2
ASV_00335,ASV_00643,0.4892086330935252,pos,Farm,IT2
ASV_00335,ASV_00651,0.48201438848920863,pos,Farm,IT2
ASV_00335,ASV_00671,0.47101449275362317,pos,Farm,IT2
ASV_00335,ASV_00676,0.5034965034965035,pos,Farm,IT2
ASV_00335,ASV_00679,0.49645390070921985,pos,Farm,IT2
ASV_00335,ASV_00709,0.4714285714285714,pos,Farm,IT2
ASV_00335,ASV_00757,0.5,pos,Farm,IT2
ASV_00335,ASV_00772,0.5109489051094891,pos,Farm,IT2
ASV_00335,ASV_00801,0.48507462686567165,pos,Farm,IT2
ASV_00335,ASV_00806,0.5,pos,Farm,IT2
ASV_00335,ASV_00808,0.48175182481751827,pos,Farm,IT2
ASV_00335,ASV_00815,0.5310344827586206,pos,Farm,IT2
ASV_00335,ASV_00845,0.4666666666666667,pos,Farm,IT2
ASV_00335,ASV_00865,0.5294117647058824,pos,Farm,IT2
ASV_00335,ASV_00875,0.5,pos,Farm,IT2
ASV_00335,ASV_00909,0.47101449275362317,pos,Farm,IT2
ASV_00335,ASV_00929,0.5251798561151079,pos,Farm,IT2
ASV_00335,ASV_00931,0.49264705882352944,pos,Farm,IT2
ASV_00335,ASV_00935,0.5220588235294118,pos,Farm,IT2
ASV_00335,ASV_01018,0.47101449275362317,pos,Farm,IT2
ASV_00335,ASV_01204,0.4965034965034965,pos,Farm,IT2
ASV_00335,ASV_01328,0.4676258992805755,pos,Farm,IT2
ASV_00335,ASV_01491,0.5373134328358209,pos,Farm,IT2
ASV_00335,ASV_01512,0.47761194029850745,pos,Farm,IT2
ASV_00335,ASV_01578,0.5072463768115942,pos,Farm,IT2
ASV_00335,ASV_01941,0.5328467153284672,pos,Farm,IT2
ASV_00335,ASV_02020,0.49635036496350365,pos,Farm,IT2
ASV_00336,ASV_00337,0.527027027027027,pos,Farm,IT2
ASV_00336,ASV_00343,0.5103448275862069,pos,Farm,IT2
ASV_00336,ASV_00347,0.5310344827586206,pos,Farm,IT2
ASV_00336,ASV_00352,0.539568345323741,pos,Farm,IT2
ASV_00336,ASV_00353,0.5285714285714286,pos,Farm,IT2
ASV_00336,ASV_00361,0.5205479452054794,pos,Farm,IT2
ASV_00336,ASV_00365,0.5211267605633803,pos,Farm,IT2
ASV_00336,ASV_00378,0.5555555555555556,pos,Farm,IT2
ASV_00336,ASV_00381,0.5035460992907801,pos,Farm,IT2
ASV_00336,ASV_00382,0.5136986301369864,pos,Farm,IT2
ASV_00336,ASV_00391,0.48936170212765956,pos,Farm,IT2
ASV_00336,ASV_00393,0.4714285714285714,pos,Farm,IT2
ASV_00336,ASV_00407,0.5070422535211268,pos,Farm,IT2
ASV_00336,ASV_00409,0.4859154929577465,pos,Farm,IT2
ASV_00336,ASV_00411,0.5244755244755245,pos,Farm,IT2
ASV_00336,ASV_00429,0.48175182481751827,pos,Farm,IT2
ASV_00336,ASV_00437,0.5277777777777778,pos,Farm,IT2
ASV_00336,ASV_00447,0.5310344827586206,pos,Farm,IT2
ASV_00336,ASV_00452,0.49295774647887325,pos,Farm,IT2
ASV_00336,ASV_00458,0.5,pos,Farm,IT2
ASV_00336,ASV_00460,0.5422535211267606,pos,Farm,IT2
ASV_00336,ASV_00463,0.5347222222222222,pos,Farm,IT2
ASV_00336,ASV_00464,0.5310344827586206,pos,Farm,IT2
ASV_00336,ASV_00495,0.5144927536231884,pos,Farm,IT2
ASV_00336,ASV_00501,0.5244755244755245,pos,Farm,IT2
ASV_00336,ASV_00504,0.5874125874125874,pos,Farm,IT2
ASV_00336,ASV_00514,0.5466666666666666,pos,Farm,IT2
ASV_00336,ASV_00521,0.5342465753424658,pos,Farm,IT2
ASV_00336,ASV_00524,0.4859154929577465,pos,Farm,IT2
ASV_00336,ASV_00529,0.4857142857142857,pos,Farm,IT2
ASV_00336,ASV_00533,0.5357142857142857,pos,Farm,IT2
ASV_00336,ASV_00543,0.5172413793103449,pos,Farm,IT2
ASV_00336,ASV_00550,0.5310344827586206,pos,Farm,IT2
ASV_00336,ASV_00554,0.5384615384615384,pos,Farm,IT2
ASV_00336,ASV_00555,0.5277777777777778,pos,Farm,IT2
ASV_00336,ASV_00570,0.5217391304347826,pos,Farm,IT2
ASV_00336,ASV_00587,0.5,pos,Farm,IT2
ASV_00336,ASV_00592,0.5069444444444444,pos,Farm,IT2
ASV_00336,ASV_00611,0.5277777777777778,pos,Farm,IT2
ASV_00336,ASV_00612,0.5136986301369864,pos,Farm,IT2
ASV_00336,ASV_00613,0.4714285714285714,pos,Farm,IT2
ASV_00336,ASV_00615,0.4928571428571429,pos,Farm,IT2
ASV_00336,ASV_00620,0.5454545454545454,pos,Farm,IT2
ASV_00336,ASV_00622,0.48201438848920863,pos,Farm,IT2
ASV_00336,ASV_00628,0.5070422535211268,pos,Farm,IT2
ASV_00336,ASV_00638,0.5241379310344828,pos,Farm,IT2
ASV_00336,ASV_00643,0.5069444444444444,pos,Farm,IT2
ASV_00336,ASV_00651,0.5104895104895105,pos,Farm,IT2
ASV_00336,ASV_00666,0.5379310344827586,pos,Farm,IT2
ASV_00336,ASV_00673,0.5547945205479452,pos,Farm,IT2
ASV_00336,ASV_00679,0.5241379310344828,pos,Farm,IT2
ASV_00336,ASV_00697,0.5,pos,Farm,IT2
ASV_00336,ASV_00709,0.5652173913043478,pos,Farm,IT2
ASV_00336,ASV_00718,0.5035971223021583,pos,Farm,IT2
ASV_00336,ASV_00732,0.5070422535211268,pos,Farm,IT2
ASV_00336,ASV_00755,0.527027027027027,pos,Farm,IT2
ASV_00336,ASV_00757,0.5384615384615384,pos,Farm,IT2
ASV_00336,ASV_00760,0.5238095238095238,pos,Farm,IT2
ASV_00336,ASV_00772,0.528169014084507,pos,Farm,IT2
ASV_00336,ASV_00782,0.5104895104895105,pos,Farm,IT2
ASV_00336,ASV_00798,0.5310344827586206,pos,Farm,IT2
ASV_00336,ASV_00801,0.5035971223021583,pos,Farm,IT2
ASV_00336,ASV_00807,0.5352112676056338,pos,Farm,IT2
ASV_00336,ASV_00809,0.5503355704697986,pos,Farm,IT2
ASV_00336,ASV_00842,0.5,pos,Farm,IT2
ASV_00336,ASV_00845,0.4857142857142857,pos,Farm,IT2
ASV_00336,ASV_00869,0.5238095238095238,pos,Farm,IT2
ASV_00336,ASV_00873,0.48226950354609927,pos,Farm,IT2
ASV_00336,ASV_00890,0.5103448275862069,pos,Farm,IT2
ASV_00336,ASV_00891,0.564625850340136,pos,Farm,IT2
ASV_00336,ASV_00906,0.5510204081632653,pos,Farm,IT2
ASV_00336,ASV_00912,0.4927536231884058,pos,Farm,IT2
ASV_00336,ASV_01023,0.5238095238095238,pos,Farm,IT2
ASV_00336,ASV_01087,0.5208333333333334,pos,Farm,IT2
ASV_00336,ASV_01119,0.527027027027027,pos,Farm,IT2
ASV_00336,ASV_01124,0.5174825174825175,pos,Farm,IT2
ASV_00336,ASV_01179,0.4859154929577465,pos,Farm,IT2
ASV_00336,ASV_01253,0.5069444444444444,pos,Farm,IT2
ASV_00336,ASV_01426,0.48936170212765956,pos,Farm,IT2
ASV_00336,ASV_01941,0.5172413793103449,pos,Farm,IT2
ASV_00337,ASV_00352,0.5555555555555556,pos,Farm,IT2
ASV_00337,ASV_00369,0.5405405405405406,pos,Farm,IT2
ASV_00337,ASV_00399,0.5753424657534246,pos,Farm,IT2
ASV_00337,ASV_00403,0.5503355704697986,pos,Farm,IT2
ASV_00337,ASV_00410,0.547945205479452,pos,Farm,IT2
ASV_00337,ASV_00416,0.5374149659863946,pos,Farm,IT2
ASV_00337,ASV_00444,0.5337837837837838,pos,Farm,IT2
ASV_00337,ASV_00451,0.5562913907284768,pos,Farm,IT2
ASV_00337,ASV_00458,0.5827338129496403,pos,Farm,IT2
ASV_00337,ASV_00464,0.5466666666666666,pos,Farm,IT2
ASV_00337,ASV_00465,0.5804195804195804,pos,Farm,IT2
ASV_00337,ASV_00493,0.6027397260273972,pos,Farm,IT2
ASV_00337,ASV_00504,0.5695364238410596,pos,Farm,IT2
ASV_00337,ASV_00506,0.5136986301369864,pos,Farm,IT2
ASV_00337,ASV_00548,0.503448275862069,pos,Farm,IT2
ASV_00337,ASV_00550,0.5570469798657718,pos,Farm,IT2
ASV_00337,ASV_00574,0.6338028169014085,pos,Farm,IT2
ASV_00337,ASV_00581,0.5,pos,Farm,IT2
ASV_00337,ASV_00612,0.5503355704697986,pos,Farm,IT2
ASV_00337,ASV_00633,0.5472972972972973,pos,Farm,IT2
ASV_00337,ASV_00635,0.56,pos,Farm,IT2
ASV_00337,ASV_00638,0.5503355704697986,pos,Farm,IT2
ASV_00337,ASV_00654,0.5277777777777778,pos,Farm,IT2
ASV_00337,ASV_00656,0.5616438356164384,pos,Farm,IT2
ASV_00337,ASV_00671,0.5170068027210885,pos,Farm,IT2
ASV_00337,ASV_00687,0.5374149659863946,pos,Farm,IT2
ASV_00337,ASV_00697,0.5068493150684932,pos,Farm,IT2
ASV_00337,ASV_00718,0.5208333333333334,pos,Farm,IT2
ASV_00337,ASV_00724,0.5170068027210885,pos,Farm,IT2
ASV_00337,ASV_00732,0.5238095238095238,pos,Farm,IT2
ASV_00337,ASV_00758,0.5578231292517006,pos,Farm,IT2
ASV_00337,ASV_00781,0.5374149659863946,pos,Farm,IT2
ASV_00337,ASV_00793,0.5594405594405595,pos,Farm,IT2
ASV_00337,ASV_00807,0.5405405405405406,pos,Farm,IT2
ASV_00337,ASV_00815,0.5816993464052288,pos,Farm,IT2
ASV_00337,ASV_00869,0.5704697986577181,pos,Farm,IT2
ASV_00337,ASV_00890,0.5472972972972973,pos,Farm,IT2
ASV_00337,ASV_00935,0.5337837837837838,pos,Farm,IT2
ASV_00337,ASV_01018,0.5170068027210885,pos,Farm,IT2
ASV_00337,ASV_01065,0.5068493150684932,pos,Farm,IT2
ASV_00337,ASV_01071,0.5238095238095238,pos,Farm,IT2
ASV_00337,ASV_01087,0.5369127516778524,pos,Farm,IT2
ASV_00337,ASV_01092,0.5945945945945946,pos,Farm,IT2
ASV_00337,ASV_01250,0.5562913907284768,pos,Farm,IT2
ASV_00337,ASV_01328,0.5238095238095238,pos,Farm,IT2
ASV_00337,ASV_01342,0.5761589403973509,pos,Farm,IT2
ASV_00337,ASV_01368,0.5337837837837838,pos,Farm,IT2
ASV_00337,ASV_01512,0.503448275862069,pos,Farm,IT2
ASV_00339,ASV_00343,0.5,pos,Farm,IT2
ASV_00339,ASV_00346,0.5220588235294118,pos,Farm,IT2
ASV_00339,ASV_00354,0.4857142857142857,pos,Farm,IT2
ASV_00339,ASV_00359,0.463768115942029,pos,Farm,IT2
ASV_00339,ASV_00361,0.5,pos,Farm,IT2
ASV_00339,ASV_00368,0.5035971223021583,pos,Farm,IT2
ASV_00339,ASV_00369,0.5251798561151079,pos,Farm,IT2
ASV_00339,ASV_00376,0.5,pos,Farm,IT2
ASV_00339,ASV_00378,0.5244755244755245,pos,Farm,IT2
ASV_00339,ASV_00381,0.5036496350364964,pos,Farm,IT2
ASV_00339,ASV_00395,0.48201438848920863,pos,Farm,IT2
ASV_00339,ASV_00398,0.4965034965034965,pos,Farm,IT2
ASV_00339,ASV_00410,0.48936170212765956,pos,Farm,IT2
ASV_00339,ASV_00412,0.5111111111111111,pos,Farm,IT2
ASV_00339,ASV_00421,0.5070422535211268,pos,Farm,IT2
ASV_00339,ASV_00429,0.4701492537313433,pos,Farm,IT2
ASV_00339,ASV_00438,0.48936170212765956,pos,Farm,IT2
ASV_00339,ASV_00447,0.5319148936170213,pos,Farm,IT2
ASV_00339,ASV_00451,0.5531914893617021,pos,Farm,IT2
ASV_00339,ASV_00455,0.5,pos,Farm,IT2
ASV_00339,ASV_00471,0.49295774647887325,pos,Farm,IT2
ASV_00339,ASV_00477,0.5,pos,Farm,IT2
ASV_00339,ASV_00479,0.5,pos,Farm,IT2
ASV_00339,ASV_00483,0.5103448275862069,pos,Farm,IT2
ASV_00339,ASV_00485,0.5070422535211268,pos,Farm,IT2
ASV_00339,ASV_00486,0.5347222222222222,pos,Farm,IT2
ASV_00339,ASV_00488,0.5314685314685315,pos,Farm,IT2
ASV_00339,ASV_00498,0.47058823529411764,pos,Farm,IT2
ASV_00339,ASV_00501,0.5474452554744526,pos,Farm,IT2
ASV_00339,ASV_00506,0.49635036496350365,pos,Farm,IT2
ASV_00339,ASV_00513,0.5,pos,Farm,IT2
ASV_00339,ASV_00514,0.5374149659863946,pos,Farm,IT2
ASV_00339,ASV_00521,0.503448275862069,pos,Farm,IT2
ASV_00339,ASV_00536,0.5208333333333334,pos,Farm,IT2
ASV_00339,ASV_00542,0.5384615384615384,pos,Farm,IT2
ASV_00339,ASV_00548,0.5074626865671642,pos,Farm,IT2
ASV_00339,ASV_00559,0.4928571428571429,pos,Farm,IT2
ASV_00339,ASV_00570,0.5,pos,Farm,IT2
ASV_00339,ASV_00574,0.5,pos,Farm,IT2
ASV_00339,ASV_00581,0.5037593984962406,pos,Farm,IT2
ASV_00339,ASV_00587,0.5220588235294118,pos,Farm,IT2
ASV_00339,ASV_00592,0.49645390070921985,pos,Farm,IT2
ASV_00339,ASV_00595,0.5,pos,Farm,IT2
ASV_00339,ASV_00615,0.47101449275362317,pos,Farm,IT2
ASV_00339,ASV_00620,0.5034965034965035,pos,Farm,IT2
ASV_00339,ASV_00635,0.5244755244755245,pos,Farm,IT2
ASV_00339,ASV_00651,0.5441176470588235,pos,Farm,IT2
ASV_00339,ASV_00656,0.5142857142857142,pos,Farm,IT2
ASV_00339,ASV_00668,0.4785714285714286,pos,Farm,IT2
ASV_00339,ASV_00671,0.5,pos,Farm,IT2
ASV_00339,ASV_00679,0.5140845070422535,pos,Farm,IT2
ASV_00339,ASV_00687,0.48936170212765956,pos,Farm,IT2
ASV_00339,ASV_00709,0.5441176470588235,pos,Farm,IT2
ASV_00339,ASV_00721,0.463768115942029,pos,Farm,IT2
ASV_00339,ASV_00724,0.5,pos,Farm,IT2
ASV_00339,ASV_00726,0.5177304964539007,pos,Farm,IT2
ASV_00339,ASV_00734,0.5177304964539007,pos,Farm,IT2
ASV_00339,ASV_00760,0.503448275862069,pos,Farm,IT2
ASV_00339,ASV_00769,0.48936170212765956,pos,Farm,IT2
ASV_00339,ASV_00781,0.5107913669064749,pos,Farm,IT2
ASV_00339,ASV_00798,0.5539568345323741,pos,Farm,IT2
ASV_00339,ASV_00802,0.5138888888888888,pos,Farm,IT2
ASV_00339,ASV_00809,0.5845070422535211,pos,Farm,IT2
ASV_00339,ASV_00815,0.547945205479452,pos,Farm,IT2
ASV_00339,ASV_00821,0.5106382978723404,pos,Farm,IT2
ASV_00339,ASV_00848,0.5140845070422535,pos,Farm,IT2
ASV_00339,ASV_00873,0.48175182481751827,pos,Farm,IT2
ASV_00339,ASV_00875,0.5172413793103449,pos,Farm,IT2
ASV_00339,ASV_00890,0.5214285714285715,pos,Farm,IT2
ASV_00339,ASV_00912,0.47058823529411764,pos,Farm,IT2
ASV_00339,ASV_00959,0.5071428571428571,pos,Farm,IT2
ASV_00339,ASV_01018,0.5447761194029851,pos,Farm,IT2
ASV_00339,ASV_01092,0.5384615384615384,pos,Farm,IT2
ASV_00339,ASV_01101,0.4965034965034965,pos,Farm,IT2
ASV_00339,ASV_01119,0.5277777777777778,pos,Farm,IT2
ASV_00339,ASV_01124,0.49645390070921985,pos,Farm,IT2
ASV_00339,ASV_01249,0.5,pos,Farm,IT2
ASV_00339,ASV_01253,0.4859154929577465,pos,Farm,IT2
ASV_00339,ASV_01267,0.4928571428571429,pos,Farm,IT2
ASV_00339,ASV_01276,0.5,pos,Farm,IT2
ASV_00339,ASV_01288,0.5735294117647058,pos,Farm,IT2
ASV_00339,ASV_01385,0.48226950354609927,pos,Farm,IT2
ASV_00339,ASV_01417,0.5,pos,Farm,IT2
ASV_00339,ASV_01458,0.47794117647058826,pos,Farm,IT2
ASV_00339,ASV_01459,0.5407407407407407,pos,Farm,IT2
ASV_00339,ASV_01578,0.5251798561151079,pos,Farm,IT2
ASV_00340,ASV_00342,0.5136986301369864,pos,Farm,IT2
ASV_00340,ASV_00373,0.5104895104895105,pos,Farm,IT2
ASV_00340,ASV_00384,0.5136986301369864,pos,Farm,IT2
ASV_00340,ASV_00389,0.5594405594405595,pos,Farm,IT2
ASV_00340,ASV_00390,0.5466666666666666,pos,Farm,IT2
ASV_00340,ASV_00393,0.5179856115107914,pos,Farm,IT2
ASV_00340,ASV_00402,0.5,pos,Farm,IT2
ASV_00340,ASV_00403,0.547945205479452,pos,Farm,IT2
ASV_00340,ASV_00426,0.5657894736842105,pos,Farm,IT2
ASV_00340,ASV_00440,0.5069444444444444,pos,Farm,IT2
ASV_00340,ASV_00442,0.5405405405405406,pos,Farm,IT2
ASV_00340,ASV_00444,0.5416666666666666,pos,Farm,IT2
ASV_00340,ASV_00445,0.5136986301369864,pos,Farm,IT2
ASV_00340,ASV_00459,0.5555555555555556,pos,Farm,IT2
ASV_00340,ASV_00464,0.54421768707483,pos,Farm,IT2
ASV_00340,ASV_00467,0.5533333333333333,pos,Farm,IT2
ASV_00340,ASV_00495,0.4965034965034965,pos,Farm,IT2
ASV_00340,ASV_00498,0.5071428571428571,pos,Farm,IT2
ASV_00340,ASV_00506,0.5,pos,Farm,IT2
ASV_00340,ASV_00518,0.5608108108108109,pos,Farm,IT2
ASV_00340,ASV_00548,0.5,pos,Farm,IT2
ASV_00340,ASV_00550,0.5337837837837838,pos,Farm,IT2
ASV_00340,ASV_00556,0.5379310344827586,pos,Farm,IT2
ASV_00340,ASV_00566,0.5136986301369864,pos,Farm,IT2
ASV_00340,ASV_00581,0.5289855072463768,pos,Farm,IT2
ASV_00340,ASV_00592,0.5524475524475524,pos,Farm,IT2
ASV_00340,ASV_00596,0.49645390070921985,pos,Farm,IT2
ASV_00340,ASV_00615,0.5070422535211268,pos,Farm,IT2
ASV_00340,ASV_00618,0.5347222222222222,pos,Farm,IT2
ASV_00340,ASV_00633,0.5238095238095238,pos,Farm,IT2
ASV_00340,ASV_00641,0.5369127516778524,pos,Farm,IT2
ASV_00340,ASV_00645,0.5070422535211268,pos,Farm,IT2
ASV_00340,ASV_00651,0.5241379310344828,pos,Farm,IT2
ASV_00340,ASV_00656,0.5273972602739726,pos,Farm,IT2
ASV_00340,ASV_00662,0.5069444444444444,pos,Farm,IT2
ASV_00340,ASV_00679,0.5694444444444444,pos,Farm,IT2
ASV_00340,ASV_00760,0.5472972972972973,pos,Farm,IT2
ASV_00340,ASV_00782,0.5136986301369864,pos,Farm,IT2
ASV_00340,ASV_00801,0.4965034965034965,pos,Farm,IT2
ASV_00340,ASV_00821,0.5342465753424658,pos,Farm,IT2
ASV_00340,ASV_00848,0.5374149659863946,pos,Farm,IT2
ASV_00340,ASV_00880,0.5174825174825175,pos,Farm,IT2
ASV_00340,ASV_00890,0.5342465753424658,pos,Farm,IT2
ASV_00340,ASV_00891,0.5666666666666667,pos,Farm,IT2
ASV_00340,ASV_00924,0.48936170212765956,pos,Farm,IT2
ASV_00340,ASV_00929,0.54421768707483,pos,Farm,IT2
ASV_00340,ASV_00935,0.5310344827586206,pos,Farm,IT2
ASV_00340,ASV_00952,0.5611510791366906,pos,Farm,IT2
ASV_00340,ASV_01018,0.5352112676056338,pos,Farm,IT2
ASV_00340,ASV_01087,0.5238095238095238,pos,Farm,IT2
ASV_00340,ASV_01152,0.5277777777777778,pos,Farm,IT2
ASV_00340,ASV_01153,0.5174825174825175,pos,Farm,IT2
ASV_00340,ASV_01204,0.5369127516778524,pos,Farm,IT2
ASV_00340,ASV_01328,0.5422535211267606,pos,Farm,IT2
ASV_00340,ASV_01342,0.5850340136054422,pos,Farm,IT2
ASV_00340,ASV_01491,0.5136986301369864,pos,Farm,IT2
ASV_00340,ASV_01941,0.5957446808510638,pos,Farm,IT2
ASV_00340,ASV_02332,0.54421768707483,pos,Farm,IT2
ASV_00342,ASV_00346,0.5214285714285715,pos,Farm,IT2
ASV_00342,ASV_00354,0.4965034965034965,pos,Farm,IT2
ASV_00342,ASV_00367,0.5142857142857142,pos,Farm,IT2
ASV_00342,ASV_00372,0.49640287769784175,pos,Farm,IT2
ASV_00342,ASV_00373,0.5289855072463768,pos,Farm,IT2
ASV_00342,ASV_00378,0.5238095238095238,pos,Farm,IT2
ASV_00342,ASV_00384,0.5319148936170213,pos,Farm,IT2
ASV_00342,ASV_00390,0.54421768707483,pos,Farm,IT2
ASV_00342,ASV_00416,0.5104895104895105,pos,Farm,IT2
ASV_00342,ASV_00421,0.5277777777777778,pos,Farm,IT2
ASV_00342,ASV_00425,0.5142857142857142,pos,Farm,IT2
ASV_00342,ASV_00429,0.48175182481751827,pos,Farm,IT2
ASV_00342,ASV_00442,0.5379310344827586,pos,Farm,IT2
ASV_00342,ASV_00443,0.5035460992907801,pos,Farm,IT2
ASV_00342,ASV_00453,0.5314685314685315,pos,Farm,IT2
ASV_00342,ASV_00458,0.5,pos,Farm,IT2
ASV_00342,ASV_00463,0.5454545454545454,pos,Farm,IT2
ASV_00342,ASV_00479,0.5524475524475524,pos,Farm,IT2
ASV_00342,ASV_00486,0.54421768707483,pos,Farm,IT2
ASV_00342,ASV_00488,0.5306122448979592,pos,Farm,IT2
ASV_00342,ASV_00498,0.4927536231884058,pos,Farm,IT2
ASV_00342,ASV_00513,0.5,pos,Farm,IT2
ASV_00342,ASV_00524,0.5179856115107914,pos,Farm,IT2
ASV_00342,ASV_00533,0.5034965034965035,pos,Farm,IT2
ASV_00342,ASV_00541,0.5104895104895105,pos,Farm,IT2
ASV_00342,ASV_00554,0.5172413793103449,pos,Farm,IT2
ASV_00342,ASV_00555,0.5277777777777778,pos,Farm,IT2
ASV_00342,ASV_00568,0.5310344827586206,pos,Farm,IT2
ASV_00342,ASV_00572,0.5578231292517006,pos,Farm,IT2
ASV_00342,ASV_00611,0.5277777777777778,pos,Farm,IT2
ASV_00342,ASV_00612,0.5241379310344828,pos,Farm,IT2
ASV_00342,ASV_00656,0.5138888888888888,pos,Farm,IT2
ASV_00342,ASV_00662,0.49295774647887325,pos,Farm,IT2
ASV_00342,ASV_00686,0.5138888888888888,pos,Farm,IT2
ASV_00342,ASV_00697,0.5,pos,Farm,IT2
ASV_00342,ASV_00709,0.5,pos,Farm,IT2
ASV_00342,ASV_00718,0.5035971223021583,pos,Farm,IT2
ASV_00342,ASV_00798,0.5310344827586206,pos,Farm,IT2
ASV_00342,ASV_00808,0.5,pos,Farm,IT2
ASV_00342,ASV_00811,0.5136986301369864,pos,Farm,IT2
ASV_00342,ASV_00822,0.5138888888888888,pos,Farm,IT2
ASV_00342,ASV_00873,0.4928571428571429,pos,Farm,IT2
ASV_00342,ASV_00890,0.5103448275862069,pos,Farm,IT2
ASV_00342,ASV_00924,0.49635036496350365,pos,Farm,IT2
ASV_00342,ASV_00958,0.5211267605633803,pos,Farm,IT2
ASV_00342,ASV_01087,0.5208333333333334,pos,Farm,IT2
ASV_00342,ASV_01101,0.5277777777777778,pos,Farm,IT2
ASV_00342,ASV_01124,0.5174825174825175,pos,Farm,IT2
ASV_00342,ASV_01223,0.5149253731343284,pos,Farm,IT2
ASV_00342,ASV_01253,0.5069444444444444,pos,Farm,IT2
ASV_00342,ASV_02149,0.5179856115107914,pos,Farm,IT2
ASV_00343,ASV_00346,0.5319148936170213,pos,Farm,IT2
ASV_00343,ASV_00347,0.5625,pos,Farm,IT2
ASV_00343,ASV_00355,0.5310344827586206,pos,Farm,IT2
ASV_00343,ASV_00356,0.54421768707483,pos,Farm,IT2
ASV_00343,ASV_00369,0.5136986301369864,pos,Farm,IT2
ASV_00343,ASV_00373,0.5177304964539007,pos,Farm,IT2
ASV_00343,ASV_00377,0.5035460992907801,pos,Farm,IT2
ASV_00343,ASV_00380,0.5140845070422535,pos,Farm,IT2
ASV_00343,ASV_00397,0.5277777777777778,pos,Farm,IT2
ASV_00343,ASV_00402,0.4857142857142857,pos,Farm,IT2
ASV_00343,ASV_00403,0.5238095238095238,pos,Farm,IT2
ASV_00343,ASV_00422,0.5103448275862069,pos,Farm,IT2
ASV_00343,ASV_00437,0.5704225352112676,pos,Farm,IT2
ASV_00343,ASV_00438,0.5531914893617021,pos,Farm,IT2
ASV_00343,ASV_00441,0.5211267605633803,pos,Farm,IT2
ASV_00343,ASV_00443,0.524822695035461,pos,Farm,IT2
ASV_00343,ASV_00452,0.5034965034965035,pos,Farm,IT2
ASV_00343,ASV_00455,0.5104895104895105,pos,Farm,IT2
ASV_00343,ASV_00474,0.5486111111111112,pos,Farm,IT2
ASV_00343,ASV_00482,0.5866666666666667,pos,Farm,IT2
ASV_00343,ASV_00488,0.5405405405405406,pos,Farm,IT2
ASV_00343,ASV_00493,0.5655172413793104,pos,Farm,IT2
ASV_00343,ASV_00494,0.5172413793103449,pos,Farm,IT2
ASV_00343,ASV_00495,0.5142857142857142,pos,Farm,IT2
ASV_00343,ASV_00501,0.5563380281690141,pos,Farm,IT2
ASV_00343,ASV_00513,0.5208333333333334,pos,Farm,IT2
ASV_00343,ASV_00518,0.5369127516778524,pos,Farm,IT2
ASV_00343,ASV_00521,0.5655172413793104,pos,Farm,IT2
ASV_00343,ASV_00528,0.5319148936170213,pos,Farm,IT2
ASV_00343,ASV_00530,0.5384615384615384,pos,Farm,IT2
ASV_00343,ASV_00534,0.5608108108108109,pos,Farm,IT2
ASV_00343,ASV_00536,0.5724137931034483,pos,Farm,IT2
ASV_00343,ASV_00541,0.5103448275862069,pos,Farm,IT2
ASV_00343,ASV_00542,0.5578231292517006,pos,Farm,IT2
ASV_00343,ASV_00543,0.5273972602739726,pos,Farm,IT2
ASV_00343,ASV_00544,0.5138888888888888,pos,Farm,IT2
ASV_00343,ASV_00548,0.5179856115107914,pos,Farm,IT2
ASV_00343,ASV_00554,0.5273972602739726,pos,Farm,IT2
ASV_00343,ASV_00555,0.5379310344827586,pos,Farm,IT2
ASV_00343,ASV_00559,0.5138888888888888,pos,Farm,IT2
ASV_00343,ASV_00581,0.48226950354609927,pos,Farm,IT2
ASV_00343,ASV_00587,0.5319148936170213,pos,Farm,IT2
ASV_00343,ASV_00615,0.49295774647887325,pos,Farm,IT2
ASV_00343,ASV_00620,0.5342465753424658,pos,Farm,IT2
ASV_00343,ASV_00630,0.5179856115107914,pos,Farm,IT2
ASV_00343,ASV_00635,0.54421768707483,pos,Farm,IT2
ASV_00343,ASV_00641,0.54421768707483,pos,Farm,IT2
ASV_00343,ASV_00651,0.5531914893617021,pos,Farm,IT2
ASV_00343,ASV_00665,0.49295774647887325,pos,Farm,IT2
ASV_00343,ASV_00671,0.5539568345323741,pos,Farm,IT2
ASV_00343,ASV_00714,0.49645390070921985,pos,Farm,IT2
ASV_00343,ASV_00758,0.5205479452054794,pos,Farm,IT2
ASV_00343,ASV_00760,0.5337837837837838,pos,Farm,IT2
ASV_00343,ASV_00772,0.5384615384615384,pos,Farm,IT2
ASV_00343,ASV_00789,0.5347222222222222,pos,Farm,IT2
ASV_00343,ASV_00793,0.5104895104895105,pos,Farm,IT2
ASV_00343,ASV_00801,0.5251798561151079,pos,Farm,IT2
ASV_00343,ASV_00807,0.5347222222222222,pos,Farm,IT2
ASV_00343,ASV_00809,0.56,pos,Farm,IT2
ASV_00343,ASV_00815,0.5562913907284768,pos,Farm,IT2
ASV_00343,ASV_00821,0.5205479452054794,pos,Farm,IT2
ASV_00343,ASV_00822,0.5136986301369864,pos,Farm,IT2
ASV_00343,ASV_00829,0.5138888888888888,pos,Farm,IT2
ASV_00343,ASV_00848,0.5448275862068965,pos,Farm,IT2
ASV_00343,ASV_00875,0.5578231292517006,pos,Farm,IT2
ASV_00343,ASV_00909,0.5104895104895105,pos,Farm,IT2
ASV_00343,ASV_00912,0.5035971223021583,pos,Farm,IT2
ASV_00343,ASV_00929,0.5306122448979592,pos,Farm,IT2
ASV_00343,ASV_00931,0.5104895104895105,pos,Farm,IT2
ASV_00343,ASV_01090,0.547945205479452,pos,Farm,IT2
ASV_00343,ASV_01092,0.5578231292517006,pos,Farm,IT2
ASV_00343,ASV_01119,0.5472972972972973,pos,Farm,IT2
ASV_00343,ASV_01276,0.5,pos,Farm,IT2
ASV_00343,ASV_01385,0.5138888888888888,pos,Farm,IT2
ASV_00343,ASV_01459,0.55,pos,Farm,IT2
ASV_00343,ASV_01541,0.5310344827586206,pos,Farm,IT2
ASV_00343,ASV_01578,0.5136986301369864,pos,Farm,IT2
ASV_00343,ASV_01941,0.5379310344827586,pos,Farm,IT2
ASV_00343,ASV_02149,0.5285714285714286,pos,Farm,IT2
ASV_00345,ASV_00346,0.5103448275862069,pos,Farm,IT2
ASV_00345,ASV_00350,0.48226950354609927,pos,Farm,IT2
ASV_00345,ASV_00355,0.5306122448979592,pos,Farm,IT2
ASV_00345,ASV_00361,0.6056338028169014,pos,Farm,IT2
ASV_00345,ASV_00368,0.5347222222222222,pos,Farm,IT2
ASV_00345,ASV_00372,0.5285714285714286,pos,Farm,IT2
ASV_00345,ASV_00377,0.524822695035461,pos,Farm,IT2
ASV_00345,ASV_00384,0.5310344827586206,pos,Farm,IT2
ASV_00345,ASV_00404,0.5,pos,Farm,IT2
ASV_00345,ASV_00409,0.5611510791366906,pos,Farm,IT2
ASV_00345,ASV_00412,0.5428571428571428,pos,Farm,IT2
ASV_00345,ASV_00421,0.5694444444444444,pos,Farm,IT2
ASV_00345,ASV_00425,0.5138888888888888,pos,Farm,IT2
ASV_00345,ASV_00428,0.5034965034965035,pos,Farm,IT2
ASV_00345,ASV_00438,0.5205479452054794,pos,Farm,IT2
ASV_00345,ASV_00441,0.5208333333333334,pos,Farm,IT2
ASV_00345,ASV_00447,0.5616438356164384,pos,Farm,IT2
ASV_00345,ASV_00455,0.5103448275862069,pos,Farm,IT2
ASV_00345,ASV_00458,0.5,pos,Farm,IT2
ASV_00345,ASV_00485,0.5374149659863946,pos,Farm,IT2
ASV_00345,ASV_00504,0.5533333333333333,pos,Farm,IT2
ASV_00345,ASV_00506,0.5174825174825175,pos,Farm,IT2
ASV_00345,ASV_00533,0.5347222222222222,pos,Farm,IT2
ASV_00345,ASV_00556,0.5238095238095238,pos,Farm,IT2
ASV_00345,ASV_00559,0.5241379310344828,pos,Farm,IT2
ASV_00345,ASV_00571,0.547945205479452,pos,Farm,IT2
ASV_00345,ASV_00572,0.5666666666666667,pos,Farm,IT2
ASV_00345,ASV_00581,0.49295774647887325,pos,Farm,IT2
ASV_00345,ASV_00595,0.5208333333333334,pos,Farm,IT2
ASV_00345,ASV_00633,0.5306122448979592,pos,Farm,IT2
ASV_00345,ASV_00636,0.5906040268456376,pos,Farm,IT2
ASV_00345,ASV_00638,0.54421768707483,pos,Farm,IT2
ASV_00345,ASV_00643,0.5486111111111112,pos,Farm,IT2
ASV_00345,ASV_00665,0.5034965034965035,pos,Farm,IT2
ASV_00345,ASV_00673,0.5743243243243243,pos,Farm,IT2
ASV_00345,ASV_00679,0.5655172413793104,pos,Farm,IT2
ASV_00345,ASV_00709,0.5310344827586206,pos,Farm,IT2
ASV_00345,ASV_00721,0.5070422535211268,pos,Farm,IT2
ASV_00345,ASV_00732,0.5172413793103449,pos,Farm,IT2
ASV_00345,ASV_00755,0.5675675675675675,pos,Farm,IT2
ASV_00345,ASV_00760,0.5972222222222222,pos,Farm,IT2
ASV_00345,ASV_00772,0.5379310344827586,pos,Farm,IT2
ASV_00345,ASV_00778,0.4788732394366197,pos,Farm,IT2
ASV_00345,ASV_00781,0.5416666666666666,pos,Farm,IT2
ASV_00345,ASV_00789,0.5448275862068965,pos,Farm,IT2
ASV_00345,ASV_00793,0.5208333333333334,pos,Farm,IT2
ASV_00345,ASV_00801,0.5140845070422535,pos,Farm,IT2
ASV_00345,ASV_00807,0.5555555555555556,pos,Farm,IT2
ASV_00345,ASV_00811,0.5337837837837838,pos,Farm,IT2
ASV_00345,ASV_00842,0.5,pos,Farm,IT2
ASV_00345,ASV_00880,0.5244755244755245,pos,Farm,IT2
ASV_00345,ASV_00891,0.5838926174496645,pos,Farm,IT2
ASV_00345,ASV_00959,0.5379310344827586,pos,Farm,IT2
ASV_00345,ASV_00984,0.5342465753424658,pos,Farm,IT2
ASV_00345,ASV_01090,0.5369127516778524,pos,Farm,IT2
ASV_00345,ASV_01385,0.5347222222222222,pos,Farm,IT2
ASV_00346,ASV_00347,0.5314685314685315,pos,Farm,IT2
ASV_00346,ASV_00350,0.47058823529411764,pos,Farm,IT2
ASV_00346,ASV_00352,0.5401459854014599,pos,Farm,IT2
ASV_00346,ASV_00353,0.4859154929577465,pos,Farm,IT2
ASV_00346,ASV_00354,0.4859154929577465,pos,Farm,IT2
ASV_00346,ASV_00355,0.5104895104895105,pos,Farm,IT2
ASV_00346,ASV_00361,0.5314685314685315,pos,Farm,IT2
ASV_00346,ASV_00373,0.4857142857142857,pos,Farm,IT2
ASV_00346,ASV_00377,0.4927536231884058,pos,Farm,IT2
ASV_00346,ASV_00390,0.5342465753424658,pos,Farm,IT2
ASV_00346,ASV_00391,0.5109489051094891,pos,Farm,IT2
ASV_00346,ASV_00393,0.47101449275362317,pos,Farm,IT2
ASV_00346,ASV_00395,0.5035971223021583,pos,Farm,IT2
ASV_00346,ASV_00403,0.5797101449275363,pos,Farm,IT2
ASV_00346,ASV_00404,0.5,pos,Farm,IT2
ASV_00346,ASV_00407,0.4859154929577465,pos,Farm,IT2
ASV_00346,ASV_00409,0.5072463768115942,pos,Farm,IT2
ASV_00346,ASV_00412,0.4892086330935252,pos,Farm,IT2
ASV_00346,ASV_00421,0.583941605839416,pos,Farm,IT2
ASV_00346,ASV_00425,0.5255474452554745,pos,Farm,IT2
ASV_00346,ASV_00426,0.5333333333333333,pos,Farm,IT2
ASV_00346,ASV_00438,0.5214285714285715,pos,Farm,IT2
ASV_00346,ASV_00440,0.4928571428571429,pos,Farm,IT2
ASV_00346,ASV_00443,0.5144927536231884,pos,Farm,IT2
ASV_00346,ASV_00444,0.4965034965034965,pos,Farm,IT2
ASV_00346,ASV_00447,0.5314685314685315,pos,Farm,IT2
ASV_00346,ASV_00451,0.5416666666666666,pos,Farm,IT2
ASV_00346,ASV_00453,0.5,pos,Farm,IT2
ASV_00346,ASV_00454,0.5277777777777778,pos,Farm,IT2
ASV_00346,ASV_00460,0.5104895104895105,pos,Farm,IT2
ASV_00346,ASV_00463,0.5352112676056338,pos,Farm,IT2
ASV_00346,ASV_00468,0.4444444444444444,pos,Farm,IT2
ASV_00346,ASV_00474,0.5174825174825175,pos,Farm,IT2
ASV_00346,ASV_00476,0.5,pos,Farm,IT2
ASV_00346,ASV_00477,0.5319148936170213,pos,Farm,IT2
ASV_00346,ASV_00479,0.5208333333333334,pos,Farm,IT2
ASV_00346,ASV_00485,0.5069444444444444,pos,Farm,IT2
ASV_00346,ASV_00486,0.5448275862068965,pos,Farm,IT2
ASV_00346,ASV_00490,0.5517241379310345,pos,Farm,IT2
ASV_00346,ASV_00494,0.5285714285714286,pos,Farm,IT2
ASV_00346,ASV_00495,0.4927536231884058,pos,Farm,IT2
ASV_00346,ASV_00498,0.48175182481751827,pos,Farm,IT2
ASV_00346,ASV_00503,0.5434782608695652,pos,Farm,IT2
ASV_00346,ASV_00507,0.5070422535211268,pos,Farm,IT2
ASV_00346,ASV_00514,0.5369127516778524,pos,Farm,IT2
ASV_00346,ASV_00518,0.5273972602739726,pos,Farm,IT2
ASV_00346,ASV_00524,0.49640287769784175,pos,Farm,IT2
ASV_00346,ASV_00528,0.5,pos,Farm,IT2
ASV_00346,ASV_00530,0.5177304964539007,pos,Farm,IT2
ASV_00346,ASV_00533,0.5035460992907801,pos,Farm,IT2
ASV_00346,ASV_00534,0.5845070422535211,pos,Farm,IT2
ASV_00346,ASV_00544,0.49295774647887325,pos,Farm,IT2
ASV_00346,ASV_00548,0.4748201438848921,pos,Farm,IT2
ASV_00346,ASV_00554,0.55,pos,Farm,IT2
ASV_00346,ASV_00559,0.5142857142857142,pos,Farm,IT2
ASV_00346,ASV_00568,0.5103448275862069,pos,Farm,IT2
ASV_00346,ASV_00570,0.5333333333333333,pos,Farm,IT2
ASV_00346,ASV_00571,0.5390070921985816,pos,Farm,IT2
ASV_00346,ASV_00581,0.5149253731343284,pos,Farm,IT2
ASV_00346,ASV_00587,0.5,pos,Farm,IT2
ASV_00346,ASV_00595,0.5107913669064749,pos,Farm,IT2
ASV_00346,ASV_00611,0.5069444444444444,pos,Farm,IT2
ASV_00346,ASV_00612,0.5244755244755245,pos,Farm,IT2
ASV_00346,ASV_00615,0.48201438848920863,pos,Farm,IT2
ASV_00346,ASV_00618,0.5,pos,Farm,IT2
ASV_00346,ASV_00620,0.5460992907801419,pos,Farm,IT2
ASV_00346,ASV_00628,0.5289855072463768,pos,Farm,IT2
ASV_00346,ASV_00636,0.5833333333333334,pos,Farm,IT2
ASV_00346,ASV_00638,0.5138888888888888,pos,Farm,IT2
ASV_00346,ASV_00645,0.48201438848920863,pos,Farm,IT2
ASV_00346,ASV_00651,0.5547445255474452,pos,Farm,IT2
ASV_00346,ASV_00654,0.5220588235294118,pos,Farm,IT2
ASV_00346,ASV_00656,0.5357142857142857,pos,Farm,IT2
ASV_00346,ASV_00662,0.5035971223021583,pos,Farm,IT2
ASV_00346,ASV_00666,0.5492957746478874,pos,Farm,IT2
ASV_00346,ASV_00668,0.5,pos,Farm,IT2
ASV_00346,ASV_00671,0.5328467153284672,pos,Farm,IT2
ASV_00346,ASV_00673,0.5342465753424658,pos,Farm,IT2
ASV_00346,ASV_00679,0.5352112676056338,pos,Farm,IT2
ASV_00346,ASV_00687,0.5323741007194245,pos,Farm,IT2
ASV_00346,ASV_00709,0.5106382978723404,pos,Farm,IT2
ASV_00346,ASV_00718,0.48201438848920863,pos,Farm,IT2
ASV_00346,ASV_00760,0.5347222222222222,pos,Farm,IT2
ASV_00346,ASV_00769,0.5,pos,Farm,IT2
ASV_00346,ASV_00772,0.5507246376811594,pos,Farm,IT2
ASV_00346,ASV_00778,0.47794117647058826,pos,Farm,IT2
ASV_00346,ASV_00781,0.5106382978723404,pos,Farm,IT2
ASV_00346,ASV_00806,0.5277777777777778,pos,Farm,IT2
ASV_00346,ASV_00807,0.5140845070422535,pos,Farm,IT2
ASV_00346,ASV_00809,0.5724137931034483,pos,Farm,IT2
ASV_00346,ASV_00815,0.5578231292517006,pos,Farm,IT2
ASV_00346,ASV_00821,0.5428571428571428,pos,Farm,IT2
ASV_00346,ASV_00822,0.5034965034965035,pos,Farm,IT2
ASV_00346,ASV_00829,0.5362318840579711,pos,Farm,IT2
ASV_00346,ASV_00842,0.5,pos,Farm,IT2
ASV_00346,ASV_00869,0.6014492753623188,pos,Farm,IT2
ASV_00346,ASV_00875,0.5379310344827586,pos,Farm,IT2
ASV_00346,ASV_00880,0.4928571428571429,pos,Farm,IT2
ASV_00346,ASV_00890,0.5104895104895105,pos,Farm,IT2
ASV_00346,ASV_00891,0.54421768707483,pos,Farm,IT2
ASV_00346,ASV_00912,0.5037037037037037,pos,Farm,IT2
ASV_00346,ASV_00924,0.4744525547445255,pos,Farm,IT2
ASV_00346,ASV_00929,0.5103448275862069,pos,Farm,IT2
ASV_00346,ASV_00931,0.5217391304347826,pos,Farm,IT2
ASV_00346,ASV_00984,0.5579710144927537,pos,Farm,IT2
ASV_00346,ASV_01018,0.48936170212765956,pos,Farm,IT2
ASV_00346,ASV_01023,0.5136986301369864,pos,Farm,IT2
ASV_00346,ASV_01048,0.49295774647887325,pos,Farm,IT2
ASV_00346,ASV_01065,0.4785714285714286,pos,Farm,IT2
ASV_00346,ASV_01092,0.5486111111111112,pos,Farm,IT2
ASV_00346,ASV_01101,0.5390070921985816,pos,Farm,IT2
ASV_00346,ASV_01124,0.4965034965034965,pos,Farm,IT2
ASV_00346,ASV_01249,0.5217391304347826,pos,Farm,IT2
ASV_00346,ASV_01250,0.5205479452054794,pos,Farm,IT2
ASV_00346,ASV_01253,0.539568345323741,pos,Farm,IT2
ASV_00346,ASV_01267,0.5035460992907801,pos,Farm,IT2
ASV_00346,ASV_01276,0.5333333333333333,pos,Farm,IT2
ASV_00346,ASV_01328,0.5179856115107914,pos,Farm,IT2
ASV_00346,ASV_01368,0.5070422535211268,pos,Farm,IT2
ASV_00346,ASV_01385,0.5142857142857142,pos,Farm,IT2
ASV_00346,ASV_01426,0.5447761194029851,pos,Farm,IT2
ASV_00346,ASV_01458,0.5111111111111111,pos,Farm,IT2
ASV_00346,ASV_01491,0.5547445255474452,pos,Farm,IT2
ASV_00346,ASV_01512,0.5073529411764706,pos,Farm,IT2
ASV_00346,ASV_01578,0.6287878787878788,pos,Farm,IT2
ASV_00346,ASV_01941,0.5174825174825175,pos,Farm,IT2
ASV_00346,ASV_02332,0.5642857142857143,pos,Farm,IT2
ASV_00347,ASV_00357,0.5069444444444444,pos,Farm,IT2
ASV_00347,ASV_00361,0.5510204081632653,pos,Farm,IT2
ASV_00347,ASV_00373,0.55,pos,Farm,IT2
ASV_00347,ASV_00384,0.5310344827586206,pos,Farm,IT2
ASV_00347,ASV_00393,0.5142857142857142,pos,Farm,IT2
ASV_00347,ASV_00397,0.5486111111111112,pos,Farm,IT2
ASV_00347,ASV_00403,0.5337837837837838,pos,Farm,IT2
ASV_00347,ASV_00407,0.5492957746478874,pos,Farm,IT2
ASV_00347,ASV_00409,0.5069444444444444,pos,Farm,IT2
ASV_00347,ASV_00418,0.5172413793103449,pos,Farm,IT2
ASV_00347,ASV_00422,0.5971223021582733,pos,Farm,IT2
ASV_00347,ASV_00423,0.5405405405405406,pos,Farm,IT2
ASV_00347,ASV_00425,0.5244755244755245,pos,Farm,IT2
ASV_00347,ASV_00438,0.5310344827586206,pos,Farm,IT2
ASV_00347,ASV_00441,0.5103448275862069,pos,Farm,IT2
ASV_00347,ASV_00443,0.5460992907801419,pos,Farm,IT2
ASV_00347,ASV_00453,0.541095890410959,pos,Farm,IT2
ASV_00347,ASV_00463,0.5547945205479452,pos,Farm,IT2
ASV_00347,ASV_00474,0.6028368794326241,pos,Farm,IT2
ASV_00347,ASV_00490,0.5704697986577181,pos,Farm,IT2
ASV_00347,ASV_00495,0.5034965034965035,pos,Farm,IT2
ASV_00347,ASV_00501,0.5774647887323944,pos,Farm,IT2
ASV_00347,ASV_00511,0.5106382978723404,pos,Farm,IT2
ASV_00347,ASV_00517,0.503448275862069,pos,Farm,IT2
ASV_00347,ASV_00518,0.5570469798657718,pos,Farm,IT2
ASV_00347,ASV_00529,0.5070422535211268,pos,Farm,IT2
ASV_00347,ASV_00530,0.5486111111111112,pos,Farm,IT2
ASV_00347,ASV_00533,0.5454545454545454,pos,Farm,IT2
ASV_00347,ASV_00534,0.6027397260273972,pos,Farm,IT2
ASV_00347,ASV_00544,0.5241379310344828,pos,Farm,IT2
ASV_00347,ASV_00548,0.5285714285714286,pos,Farm,IT2
ASV_00347,ASV_00550,0.5405405405405406,pos,Farm,IT2
ASV_00347,ASV_00555,0.5374149659863946,pos,Farm,IT2
ASV_00347,ASV_00568,0.5510204081632653,pos,Farm,IT2
ASV_00347,ASV_00570,0.5,pos,Farm,IT2
ASV_00347,ASV_00571,0.5586206896551724,pos,Farm,IT2
ASV_00347,ASV_00572,0.5562913907284768,pos,Farm,IT2
ASV_00347,ASV_00587,0.5314685314685315,pos,Farm,IT2
ASV_00347,ASV_00592,0.5379310344827586,pos,Farm,IT2
ASV_00347,ASV_00613,0.5142857142857142,pos,Farm,IT2
ASV_00347,ASV_00620,0.5337837837837838,pos,Farm,IT2
ASV_00347,ASV_00638,0.54421768707483,pos,Farm,IT2
ASV_00347,ASV_00651,0.5416666666666666,pos,Farm,IT2
ASV_00347,ASV_00656,0.5342465753424658,pos,Farm,IT2
ASV_00347,ASV_00671,0.5103448275862069,pos,Farm,IT2
ASV_00347,ASV_00676,0.5503355704697986,pos,Farm,IT2
ASV_00347,ASV_00687,0.5205479452054794,pos,Farm,IT2
ASV_00347,ASV_00697,0.5,pos,Farm,IT2
ASV_00347,ASV_00714,0.4965034965034965,pos,Farm,IT2
ASV_00347,ASV_00721,0.5070422535211268,pos,Farm,IT2
ASV_00347,ASV_00760,0.5436241610738255,pos,Farm,IT2
ASV_00347,ASV_00769,0.5205479452054794,pos,Farm,IT2
ASV_00347,ASV_00772,0.5379310344827586,pos,Farm,IT2
ASV_00347,ASV_00801,0.524822695035461,pos,Farm,IT2
ASV_00347,ASV_00802,0.5540540540540541,pos,Farm,IT2
ASV_00347,ASV_00806,0.5902777777777778,pos,Farm,IT2
ASV_00347,ASV_00807,0.5238095238095238,pos,Farm,IT2
ASV_00347,ASV_00809,0.5592105263157895,pos,Farm,IT2
ASV_00347,ASV_00821,0.5517241379310345,pos,Farm,IT2
ASV_00347,ASV_00829,0.5136986301369864,pos,Farm,IT2
ASV_00347,ASV_00842,0.5,pos,Farm,IT2
ASV_00347,ASV_00865,0.5238095238095238,pos,Farm,IT2
ASV_00347,ASV_00890,0.5625,pos,Farm,IT2
ASV_00347,ASV_00909,0.5103448275862069,pos,Farm,IT2
ASV_00347,ASV_00929,0.5724137931034483,pos,Farm,IT2
ASV_00347,ASV_00935,0.5273972602739726,pos,Farm,IT2
ASV_00347,ASV_00952,0.503448275862069,pos,Farm,IT2
ASV_00347,ASV_00984,0.5664335664335665,pos,Farm,IT2
ASV_00347,ASV_00989,0.49295774647887325,pos,Farm,IT2
ASV_00347,ASV_01018,0.5531914893617021,pos,Farm,IT2
ASV_00347,ASV_01090,0.5369127516778524,pos,Farm,IT2
ASV_00347,ASV_01092,0.5675675675675675,pos,Farm,IT2
ASV_00347,ASV_01119,0.5466666666666666,pos,Farm,IT2
ASV_00347,ASV_01179,0.528169014084507,pos,Farm,IT2
ASV_00347,ASV_01342,0.56,pos,Farm,IT2
ASV_00347,ASV_01459,0.5277777777777778,pos,Farm,IT2
ASV_00347,ASV_01503,0.5517241379310345,pos,Farm,IT2
ASV_00347,ASV_01541,0.5957446808510638,pos,Farm,IT2
ASV_00347,ASV_01578,0.5774647887323944,pos,Farm,IT2
ASV_00350,ASV_00361,0.48226950354609927,pos,Farm,IT2
ASV_00350,ASV_00389,0.4748201438848921,pos,Farm,IT2
ASV_00350,ASV_00391,0.4485294117647059,pos,Farm,IT2
ASV_00350,ASV_00403,0.475177304964539,pos,Farm,IT2
ASV_00350,ASV_00404,0.45925925925925926,pos,Farm,IT2
ASV_00350,ASV_00409,0.45588235294117646,pos,Farm,IT2
ASV_00350,ASV_00447,0.4928571428571429,pos,Farm,IT2
ASV_00350,ASV_00455,0.5037593984962406,pos,Farm,IT2
ASV_00350,ASV_00465,0.48175182481751827,pos,Farm,IT2
ASV_00350,ASV_00471,0.4855072463768116,pos,Farm,IT2
ASV_00350,ASV_00483,0.49295774647887325,pos,Farm,IT2
ASV_00350,ASV_00486,0.4861111111111111,pos,Farm,IT2
ASV_00350,ASV_00488,0.5142857142857142,pos,Farm,IT2
ASV_00350,ASV_00490,0.4930555555555556,pos,Farm,IT2
ASV_00350,ASV_00494,0.4676258992805755,pos,Farm,IT2
ASV_00350,ASV_00501,0.4748201438848921,pos,Farm,IT2
ASV_00350,ASV_00507,0.4782608695652174,pos,Farm,IT2
ASV_00350,ASV_00520,0.4785714285714286,pos,Farm,IT2
ASV_00350,ASV_00566,0.47101449275362317,pos,Farm,IT2
ASV_00350,ASV_00569,0.45255474452554745,pos,Farm,IT2
ASV_00350,ASV_00571,0.4892086330935252,pos,Farm,IT2
ASV_00350,ASV_00572,0.5104895104895105,pos,Farm,IT2
ASV_00350,ASV_00581,0.44029850746268656,pos,Farm,IT2
ASV_00350,ASV_00587,0.4925373134328358,pos,Farm,IT2
ASV_00350,ASV_00592,0.4676258992805755,pos,Farm,IT2
ASV_00350,ASV_00595,0.47058823529411764,pos,Farm,IT2
ASV_00350,ASV_00628,0.46715328467153283,pos,Farm,IT2
ASV_00350,ASV_00630,0.4552238805970149,pos,Farm,IT2
ASV_00350,ASV_00636,0.5352112676056338,pos,Farm,IT2
ASV_00350,ASV_00643,0.4676258992805755,pos,Farm,IT2
ASV_00350,ASV_00651,0.5263157894736842,pos,Farm,IT2
ASV_00350,ASV_00679,0.4857142857142857,pos,Farm,IT2
ASV_00350,ASV_00772,0.4676258992805755,pos,Farm,IT2
ASV_00350,ASV_00842,0.4485294117647059,pos,Farm,IT2
ASV_00350,ASV_00843,0.4857142857142857,pos,Farm,IT2
ASV_00350,ASV_00845,0.4444444444444444,pos,Farm,IT2
ASV_00350,ASV_00865,0.4855072463768116,pos,Farm,IT2
ASV_00350,ASV_00875,0.5106382978723404,pos,Farm,IT2
ASV_00350,ASV_00909,0.45985401459854014,pos,Farm,IT2
ASV_00350,ASV_00989,0.49612403100775193,pos,Farm,IT2
ASV_00350,ASV_01048,0.463768115942029,pos,Farm,IT2
ASV_00350,ASV_01092,0.48951048951048953,pos,Farm,IT2
ASV_00350,ASV_01124,0.4782608695652174,pos,Farm,IT2
ASV_00350,ASV_01276,0.45925925925925926,pos,Farm,IT2
ASV_00350,ASV_01578,0.4748201438848921,pos,Farm,IT2
ASV_00352,ASV_00354,0.5251798561151079,pos,Farm,IT2
ASV_00352,ASV_00357,0.48226950354609927,pos,Farm,IT2
ASV_00352,ASV_00372,0.48201438848920863,pos,Farm,IT2
ASV_00352,ASV_00373,0.5255474452554745,pos,Farm,IT2
ASV_00352,ASV_00403,0.5208333333333334,pos,Farm,IT2
ASV_00352,ASV_00409,0.4928571428571429,pos,Farm,IT2
ASV_00352,ASV_00412,0.4857142857142857,pos,Farm,IT2
ASV_00352,ASV_00421,0.5244755244755245,pos,Farm,IT2
ASV_00352,ASV_00425,0.5,pos,Farm,IT2
ASV_00352,ASV_00440,0.48936170212765956,pos,Farm,IT2
ASV_00352,ASV_00450,0.5069444444444444,pos,Farm,IT2
ASV_00352,ASV_00451,0.5273972602739726,pos,Farm,IT2
ASV_00352,ASV_00453,0.5174825174825175,pos,Farm,IT2
ASV_00352,ASV_00460,0.5174825174825175,pos,Farm,IT2
ASV_00352,ASV_00471,0.5104895104895105,pos,Farm,IT2
ASV_00352,ASV_00477,0.5069444444444444,pos,Farm,IT2
ASV_00352,ASV_00486,0.541095890410959,pos,Farm,IT2
ASV_00352,ASV_00495,0.4892086330935252,pos,Farm,IT2
ASV_00352,ASV_00496,0.5,pos,Farm,IT2
ASV_00352,ASV_00498,0.4782608695652174,pos,Farm,IT2
ASV_00352,ASV_00503,0.4965034965034965,pos,Farm,IT2
ASV_00352,ASV_00506,0.48226950354609927,pos,Farm,IT2
ASV_00352,ASV_00511,0.4855072463768116,pos,Farm,IT2
ASV_00352,ASV_00520,0.5352112676056338,pos,Farm,IT2
ASV_00352,ASV_00524,0.48226950354609927,pos,Farm,IT2
ASV_00352,ASV_00528,0.5071428571428571,pos,Farm,IT2
ASV_00352,ASV_00534,0.5586206896551724,pos,Farm,IT2
ASV_00352,ASV_00542,0.5342465753424658,pos,Farm,IT2
ASV_00352,ASV_00568,0.5172413793103449,pos,Farm,IT2
ASV_00352,ASV_00581,0.4676258992805755,pos,Farm,IT2
ASV_00352,ASV_00612,0.5314685314685315,pos,Farm,IT2
ASV_00352,ASV_00620,0.5103448275862069,pos,Farm,IT2
ASV_00352,ASV_00651,0.4965034965034965,pos,Farm,IT2
ASV_00352,ASV_00654,0.49640287769784175,pos,Farm,IT2
ASV_00352,ASV_00687,0.5507246376811594,pos,Farm,IT2
ASV_00352,ASV_00697,0.4857142857142857,pos,Farm,IT2
ASV_00352,ASV_00709,0.4965034965034965,pos,Farm,IT2
ASV_00352,ASV_00718,0.4892086330935252,pos,Farm,IT2
ASV_00352,ASV_00755,0.5555555555555556,pos,Farm,IT2
ASV_00352,ASV_00769,0.4965034965034965,pos,Farm,IT2
ASV_00352,ASV_00778,0.4744525547445255,pos,Farm,IT2
ASV_00352,ASV_00789,0.5766423357664233,pos,Farm,IT2
ASV_00352,ASV_00793,0.5071428571428571,pos,Farm,IT2
ASV_00352,ASV_00822,0.5211267605633803,pos,Farm,IT2
ASV_00352,ASV_00829,0.5,pos,Farm,IT2
ASV_00352,ASV_00869,0.5416666666666666,pos,Farm,IT2
ASV_00352,ASV_00890,0.5390070921985816,pos,Farm,IT2
ASV_00352,ASV_00912,0.48905109489051096,pos,Farm,IT2
ASV_00352,ASV_00929,0.5384615384615384,pos,Farm,IT2
ASV_00352,ASV_00959,0.5034965034965035,pos,Farm,IT2
ASV_00352,ASV_00987,0.4859154929577465,pos,Farm,IT2
ASV_00352,ASV_01018,0.49645390070921985,pos,Farm,IT2
ASV_00352,ASV_01023,0.574468085106383,pos,Farm,IT2
ASV_00352,ASV_01092,0.5342465753424658,pos,Farm,IT2
ASV_00352,ASV_01253,0.5357142857142857,pos,Farm,IT2
ASV_00352,ASV_01276,0.5294117647058824,pos,Farm,IT2
ASV_00352,ASV_01491,0.5285714285714286,pos,Farm,IT2
ASV_00352,ASV_01578,0.5319148936170213,pos,Farm,IT2
ASV_00353,ASV_00369,0.5211267605633803,pos,Farm,IT2
ASV_00353,ASV_00373,0.5255474452554745,pos,Farm,IT2
ASV_00353,ASV_00376,0.5492957746478874,pos,Farm,IT2
ASV_00353,ASV_00381,0.48936170212765956,pos,Farm,IT2
ASV_00353,ASV_00391,0.49640287769784175,pos,Farm,IT2
ASV_00353,ASV_00393,0.4782608695652174,pos,Farm,IT2
ASV_00353,ASV_00397,0.524822695035461,pos,Farm,IT2
ASV_00353,ASV_00406,0.4857142857142857,pos,Farm,IT2
ASV_00353,ASV_00410,0.5177304964539007,pos,Farm,IT2
ASV_00353,ASV_00422,0.4965034965034965,pos,Farm,IT2
ASV_00353,ASV_00423,0.5172413793103449,pos,Farm,IT2
ASV_00353,ASV_00425,0.5107913669064749,pos,Farm,IT2
ASV_00353,ASV_00426,0.54,pos,Farm,IT2
ASV_00353,ASV_00442,0.5136986301369864,pos,Farm,IT2
ASV_00353,ASV_00444,0.5140845070422535,pos,Farm,IT2
ASV_00353,ASV_00447,0.5172413793103449,pos,Farm,IT2
ASV_00353,ASV_00455,0.49645390070921985,pos,Farm,IT2
ASV_00353,ASV_00458,0.49640287769784175,pos,Farm,IT2
ASV_00353,ASV_00464,0.5277777777777778,pos,Farm,IT2
ASV_00353,ASV_00467,0.527027027027027,pos,Farm,IT2
ASV_00353,ASV_00477,0.5069444444444444,pos,Farm,IT2
ASV_00353,ASV_00490,0.5694444444444444,pos,Farm,IT2
ASV_00353,ASV_00496,0.5,pos,Farm,IT2
ASV_00353,ASV_00498,0.48905109489051096,pos,Farm,IT2
ASV_00353,ASV_00504,0.5306122448979592,pos,Farm,IT2
ASV_00353,ASV_00507,0.5140845070422535,pos,Farm,IT2
ASV_00353,ASV_00512,0.5448275862068965,pos,Farm,IT2
ASV_00353,ASV_00514,0.5540540540540541,pos,Farm,IT2
ASV_00353,ASV_00528,0.49645390070921985,pos,Farm,IT2
ASV_00353,ASV_00529,0.5036496350364964,pos,Farm,IT2
ASV_00353,ASV_00530,0.5034965034965035,pos,Farm,IT2
ASV_00353,ASV_00551,0.5069444444444444,pos,Farm,IT2
ASV_00353,ASV_00554,0.5138888888888888,pos,Farm,IT2
ASV_00353,ASV_00555,0.5138888888888888,pos,Farm,IT2
ASV_00353,ASV_00566,0.5285714285714286,pos,Farm,IT2
ASV_00353,ASV_00570,0.5072463768115942,pos,Farm,IT2
ASV_00353,ASV_00571,0.5244755244755245,pos,Farm,IT2
ASV_00353,ASV_00587,0.5071428571428571,pos,Farm,IT2
ASV_00353,ASV_00592,0.5467625899280576,pos,Farm,IT2
ASV_00353,ASV_00595,0.4859154929577465,pos,Farm,IT2
ASV_00353,ASV_00596,0.5111111111111111,pos,Farm,IT2
ASV_00353,ASV_00612,0.5103448275862069,pos,Farm,IT2
ASV_00353,ASV_00615,0.5,pos,Farm,IT2
ASV_00353,ASV_00618,0.5285714285714286,pos,Farm,IT2
ASV_00353,ASV_00620,0.5103448275862069,pos,Farm,IT2
ASV_00353,ASV_00622,0.4676258992805755,pos,Farm,IT2
ASV_00353,ASV_00628,0.5588235294117647,pos,Farm,IT2
ASV_00353,ASV_00636,0.5369127516778524,pos,Farm,IT2
ASV_00353,ASV_00638,0.5103448275862069,pos,Farm,IT2
ASV_00353,ASV_00645,0.4785714285714286,pos,Farm,IT2
ASV_00353,ASV_00651,0.5177304964539007,pos,Farm,IT2
ASV_00353,ASV_00654,0.5072463768115942,pos,Farm,IT2
ASV_00353,ASV_00662,0.48936170212765956,pos,Farm,IT2
ASV_00353,ASV_00665,0.4892086330935252,pos,Farm,IT2
ASV_00353,ASV_00666,0.5136986301369864,pos,Farm,IT2
ASV_00353,ASV_00676,0.5379310344827586,pos,Farm,IT2
ASV_00353,ASV_00679,0.5642857142857143,pos,Farm,IT2
ASV_00353,ASV_00687,0.5177304964539007,pos,Farm,IT2
ASV_00353,ASV_00697,0.5182481751824818,pos,Farm,IT2
ASV_00353,ASV_00714,0.48201438848920863,pos,Farm,IT2
ASV_00353,ASV_00760,0.5310344827586206,pos,Farm,IT2
ASV_00353,ASV_00778,0.463768115942029,pos,Farm,IT2
ASV_00353,ASV_00808,0.49645390070921985,pos,Farm,IT2
ASV_00353,ASV_00809,0.5369127516778524,pos,Farm,IT2
ASV_00353,ASV_00842,0.49640287769784175,pos,Farm,IT2
ASV_00353,ASV_00845,0.4927536231884058,pos,Farm,IT2
ASV_00353,ASV_00873,0.4785714285714286,pos,Farm,IT2
ASV_00353,ASV_00891,0.5616438356164384,pos,Farm,IT2
ASV_00353,ASV_00906,0.5374149659863946,pos,Farm,IT2
ASV_00353,ASV_00909,0.4859154929577465,pos,Farm,IT2
ASV_00353,ASV_00912,0.48905109489051096,pos,Farm,IT2
ASV_00353,ASV_00924,0.48175182481751827,pos,Farm,IT2
ASV_00353,ASV_00931,0.4859154929577465,pos,Farm,IT2
ASV_00353,ASV_00952,0.5,pos,Farm,IT2
ASV_00353,ASV_00966,0.4782608695652174,pos,Farm,IT2
ASV_00353,ASV_00987,0.5071428571428571,pos,Farm,IT2
ASV_00353,ASV_01023,0.5633802816901409,pos,Farm,IT2
ASV_00353,ASV_01071,0.49295774647887325,pos,Farm,IT2
ASV_00353,ASV_01124,0.5140845070422535,pos,Farm,IT2
ASV_00353,ASV_01153,0.48936170212765956,pos,Farm,IT2
ASV_00353,ASV_01179,0.4928571428571429,pos,Farm,IT2
ASV_00353,ASV_01253,0.5034965034965035,pos,Farm,IT2
ASV_00353,ASV_01276,0.5072463768115942,pos,Farm,IT2
ASV_00353,ASV_01328,0.49295774647887325,pos,Farm,IT2
ASV_00353,ASV_01342,0.527027027027027,pos,Farm,IT2
ASV_00353,ASV_01458,0.4855072463768116,pos,Farm,IT2
ASV_00353,ASV_01512,0.48201438848920863,pos,Farm,IT2
ASV_00353,ASV_02332,0.5492957746478874,pos,Farm,IT2
ASV_00354,ASV_00355,0.5174825174825175,pos,Farm,IT2
ASV_00354,ASV_00356,0.5205479452054794,pos,Farm,IT2
ASV_00354,ASV_00359,0.4927536231884058,pos,Farm,IT2
ASV_00354,ASV_00373,0.5144927536231884,pos,Farm,IT2
ASV_00354,ASV_00376,0.5492957746478874,pos,Farm,IT2
ASV_00354,ASV_00377,0.5,pos,Farm,IT2
ASV_00354,ASV_00380,0.5107913669064749,pos,Farm,IT2
ASV_00354,ASV_00382,0.5314685314685315,pos,Farm,IT2
ASV_00354,ASV_00384,0.4965034965034965,pos,Farm,IT2
ASV_00354,ASV_00389,0.5211267605633803,pos,Farm,IT2
ASV_00354,ASV_00390,0.541095890410959,pos,Farm,IT2
ASV_00354,ASV_00393,0.4676258992805755,pos,Farm,IT2
ASV_00354,ASV_00395,0.5555555555555556,pos,Farm,IT2
ASV_00354,ASV_00403,0.5103448275862069,pos,Farm,IT2
ASV_00354,ASV_00409,0.48226950354609927,pos,Farm,IT2
ASV_00354,ASV_00410,0.5285714285714286,pos,Farm,IT2
ASV_00354,ASV_00411,0.5319148936170213,pos,Farm,IT2
ASV_00354,ASV_00426,0.5714285714285714,pos,Farm,IT2
ASV_00354,ASV_00429,0.47794117647058826,pos,Farm,IT2
ASV_00354,ASV_00441,0.5071428571428571,pos,Farm,IT2
ASV_00354,ASV_00443,0.5107913669064749,pos,Farm,IT2
ASV_00354,ASV_00444,0.5140845070422535,pos,Farm,IT2
ASV_00354,ASV_00451,0.5486111111111112,pos,Farm,IT2
ASV_00354,ASV_00452,0.5107913669064749,pos,Farm,IT2
ASV_00354,ASV_00453,0.5174825174825175,pos,Farm,IT2
ASV_00354,ASV_00454,0.5136986301369864,pos,Farm,IT2
ASV_00354,ASV_00459,0.528169014084507,pos,Farm,IT2
ASV_00354,ASV_00460,0.5069444444444444,pos,Farm,IT2
ASV_00354,ASV_00474,0.5138888888888888,pos,Farm,IT2
ASV_00354,ASV_00476,0.4859154929577465,pos,Farm,IT2
ASV_00354,ASV_00486,0.541095890410959,pos,Farm,IT2
ASV_00354,ASV_00493,0.5524475524475524,pos,Farm,IT2
ASV_00354,ASV_00495,0.5109489051094891,pos,Farm,IT2
ASV_00354,ASV_00496,0.5,pos,Farm,IT2
ASV_00354,ASV_00498,0.5223880597014925,pos,Farm,IT2
ASV_00354,ASV_00503,0.4965034965034965,pos,Farm,IT2
ASV_00354,ASV_00504,0.541095890410959,pos,Farm,IT2
ASV_00354,ASV_00506,0.48226950354609927,pos,Farm,IT2
ASV_00354,ASV_00512,0.5342465753424658,pos,Farm,IT2
ASV_00354,ASV_00513,0.539568345323741,pos,Farm,IT2
ASV_00354,ASV_00528,0.49645390070921985,pos,Farm,IT2
ASV_00354,ASV_00534,0.547945205479452,pos,Farm,IT2
ASV_00354,ASV_00536,0.5379310344827586,pos,Farm,IT2
ASV_00354,ASV_00542,0.5238095238095238,pos,Farm,IT2
ASV_00354,ASV_00548,0.4927536231884058,pos,Farm,IT2
ASV_00354,ASV_00550,0.5172413793103449,pos,Farm,IT2
ASV_00354,ASV_00563,0.5138888888888888,pos,Farm,IT2
ASV_00354,ASV_00572,0.5337837837837838,pos,Farm,IT2
ASV_00354,ASV_00581,0.4782608695652174,pos,Farm,IT2
ASV_00354,ASV_00587,0.49645390070921985,pos,Farm,IT2
ASV_00354,ASV_00612,0.5422535211267606,pos,Farm,IT2
ASV_00354,ASV_00622,0.5,pos,Farm,IT2
ASV_00354,ASV_00633,0.5069444444444444,pos,Farm,IT2
ASV_00354,ASV_00636,0.5369127516778524,pos,Farm,IT2
ASV_00354,ASV_00638,0.5103448275862069,pos,Farm,IT2
ASV_00354,ASV_00645,0.4785714285714286,pos,Farm,IT2
ASV_00354,ASV_00651,0.4965034965034965,pos,Farm,IT2
ASV_00354,ASV_00668,0.5289855072463768,pos,Farm,IT2
ASV_00354,ASV_00671,0.4859154929577465,pos,Farm,IT2
ASV_00354,ASV_00679,0.5103448275862069,pos,Farm,IT2
ASV_00354,ASV_00697,0.4857142857142857,pos,Farm,IT2
ASV_00354,ASV_00724,0.49645390070921985,pos,Farm,IT2
ASV_00354,ASV_00727,0.48936170212765956,pos,Farm,IT2
ASV_00354,ASV_00734,0.5138888888888888,pos,Farm,IT2
ASV_00354,ASV_00760,0.5416666666666666,pos,Farm,IT2
ASV_00354,ASV_00769,0.5070422535211268,pos,Farm,IT2
ASV_00354,ASV_00772,0.5579710144927537,pos,Farm,IT2
ASV_00354,ASV_00778,0.463768115942029,pos,Farm,IT2
ASV_00354,ASV_00789,0.5319148936170213,pos,Farm,IT2
ASV_00354,ASV_00806,0.5241379310344828,pos,Farm,IT2
ASV_00354,ASV_00807,0.5428571428571428,pos,Farm,IT2
ASV_00354,ASV_00808,0.5179856115107914,pos,Farm,IT2
ASV_00354,ASV_00829,0.5434782608695652,pos,Farm,IT2
ASV_00354,ASV_00843,0.5314685314685315,pos,Farm,IT2
ASV_00354,ASV_00906,0.527027027027027,pos,Farm,IT2
ASV_00354,ASV_00912,0.4676258992805755,pos,Farm,IT2
ASV_00354,ASV_00929,0.5172413793103449,pos,Farm,IT2
ASV_00354,ASV_00952,0.48936170212765956,pos,Farm,IT2
ASV_00354,ASV_00958,0.4965034965034965,pos,Farm,IT2
ASV_00354,ASV_00959,0.524822695035461,pos,Farm,IT2
ASV_00354,ASV_01018,0.5401459854014599,pos,Farm,IT2
ASV_00354,ASV_01087,0.5174825174825175,pos,Farm,IT2
ASV_00354,ASV_01101,0.5683453237410072,pos,Farm,IT2
ASV_00354,ASV_01288,0.5797101449275363,pos,Farm,IT2
ASV_00354,ASV_01368,0.524822695035461,pos,Farm,IT2
ASV_00354,ASV_01385,0.5214285714285715,pos,Farm,IT2
ASV_00354,ASV_01459,0.5035460992907801,pos,Farm,IT2
ASV_00354,ASV_01491,0.5285714285714286,pos,Farm,IT2
ASV_00354,ASV_01512,0.4927536231884058,pos,Farm,IT2
ASV_00354,ASV_01941,0.5352112676056338,pos,Farm,IT2
ASV_00354,ASV_02332,0.5172413793103449,pos,Farm,IT2
ASV_00355,ASV_00359,0.5179856115107914,pos,Farm,IT2
ASV_00355,ASV_00368,0.5244755244755245,pos,Farm,IT2
ASV_00355,ASV_00373,0.5177304964539007,pos,Farm,IT2
ASV_00355,ASV_00376,0.5517241379310345,pos,Farm,IT2
ASV_00355,ASV_00380,0.5140845070422535,pos,Farm,IT2
ASV_00355,ASV_00384,0.5314685314685315,pos,Farm,IT2
ASV_00355,ASV_00390,0.5436241610738255,pos,Farm,IT2
ASV_00355,ASV_00395,0.5034965034965035,pos,Farm,IT2
ASV_00355,ASV_00398,0.5273972602739726,pos,Farm,IT2
ASV_00355,ASV_00404,0.5,pos,Farm,IT2
ASV_00355,ASV_00409,0.4965034965034965,pos,Farm,IT2
ASV_00355,ASV_00425,0.524822695035461,pos,Farm,IT2
ASV_00355,ASV_00438,0.5208333333333334,pos,Farm,IT2
ASV_00355,ASV_00440,0.5034965034965035,pos,Farm,IT2
ASV_00355,ASV_00441,0.5104895104895105,pos,Farm,IT2
ASV_00355,ASV_00443,0.5357142857142857,pos,Farm,IT2
ASV_00355,ASV_00450,0.5205479452054794,pos,Farm,IT2
ASV_00355,ASV_00460,0.5524475524475524,pos,Farm,IT2
ASV_00355,ASV_00493,0.5337837837837838,pos,Farm,IT2
ASV_00355,ASV_00495,0.5035460992907801,pos,Farm,IT2
ASV_00355,ASV_00504,0.5436241610738255,pos,Farm,IT2
ASV_00355,ASV_00508,0.5104895104895105,pos,Farm,IT2
ASV_00355,ASV_00518,0.5472972972972973,pos,Farm,IT2
ASV_00355,ASV_00521,0.5337837837837838,pos,Farm,IT2
ASV_00355,ASV_00536,0.5616438356164384,pos,Farm,IT2
ASV_00355,ASV_00555,0.5273972602739726,pos,Farm,IT2
ASV_00355,ASV_00595,0.5211267605633803,pos,Farm,IT2
ASV_00355,ASV_00622,0.48226950354609927,pos,Farm,IT2
ASV_00355,ASV_00630,0.49645390070921985,pos,Farm,IT2
ASV_00355,ASV_00636,0.5704697986577181,pos,Farm,IT2
ASV_00355,ASV_00665,0.5142857142857142,pos,Farm,IT2
ASV_00355,ASV_00668,0.5211267605633803,pos,Farm,IT2
ASV_00355,ASV_00671,0.5,pos,Farm,IT2
ASV_00355,ASV_00679,0.5555555555555556,pos,Farm,IT2
ASV_00355,ASV_00718,0.5035460992907801,pos,Farm,IT2
ASV_00355,ASV_00721,0.5071428571428571,pos,Farm,IT2
ASV_00355,ASV_00727,0.5034965034965035,pos,Farm,IT2
ASV_00355,ASV_00728,0.5107913669064749,pos,Farm,IT2
ASV_00355,ASV_00732,0.5069444444444444,pos,Farm,IT2
ASV_00355,ASV_00755,0.5369127516778524,pos,Farm,IT2
ASV_00355,ASV_00758,0.5310344827586206,pos,Farm,IT2
ASV_00355,ASV_00769,0.5422535211267606,pos,Farm,IT2
ASV_00355,ASV_00772,0.5277777777777778,pos,Farm,IT2
ASV_00355,ASV_00778,0.4785714285714286,pos,Farm,IT2
ASV_00355,ASV_00782,0.5422535211267606,pos,Farm,IT2
ASV_00355,ASV_00789,0.5136986301369864,pos,Farm,IT2
ASV_00355,ASV_00807,0.5347222222222222,pos,Farm,IT2
ASV_00355,ASV_00808,0.5,pos,Farm,IT2
ASV_00355,ASV_00817,0.5405405405405406,pos,Farm,IT2
ASV_00355,ASV_00821,0.5524475524475524,pos,Farm,IT2
ASV_00355,ASV_00822,0.5241379310344828,pos,Farm,IT2
ASV_00355,ASV_00848,0.5448275862068965,pos,Farm,IT2
ASV_00355,ASV_00875,0.5369127516778524,pos,Farm,IT2
ASV_00355,ASV_00890,0.5310344827586206,pos,Farm,IT2
ASV_00355,ASV_00966,0.48226950354609927,pos,Farm,IT2
ASV_00355,ASV_00987,0.5319148936170213,pos,Farm,IT2
ASV_00355,ASV_01018,0.5,pos,Farm,IT2
ASV_00355,ASV_01048,0.5352112676056338,pos,Farm,IT2
ASV_00355,ASV_01250,0.5616438356164384,pos,Farm,IT2
ASV_00355,ASV_01458,0.48936170212765956,pos,Farm,IT2
ASV_00356,ASV_00359,0.5,pos,Farm,IT2
ASV_00356,ASV_00368,0.5273972602739726,pos,Farm,IT2
ASV_00356,ASV_00380,0.5277777777777778,pos,Farm,IT2
ASV_00356,ASV_00384,0.5448275862068965,pos,Farm,IT2
ASV_00356,ASV_00399,0.5510204081632653,pos,Farm,IT2
ASV_00356,ASV_00404,0.5460992907801419,pos,Farm,IT2
ASV_00356,ASV_00406,0.5244755244755245,pos,Farm,IT2
ASV_00356,ASV_00422,0.5342465753424658,pos,Farm,IT2
ASV_00356,ASV_00423,0.5540540540540541,pos,Farm,IT2
ASV_00356,ASV_00437,0.5405405405405406,pos,Farm,IT2
ASV_00356,ASV_00443,0.5277777777777778,pos,Farm,IT2
ASV_00356,ASV_00447,0.5436241610738255,pos,Farm,IT2
ASV_00356,ASV_00454,0.5821917808219178,pos,Farm,IT2
ASV_00356,ASV_00459,0.5337837837837838,pos,Farm,IT2
ASV_00356,ASV_00460,0.5337837837837838,pos,Farm,IT2
ASV_00356,ASV_00477,0.54421768707483,pos,Farm,IT2
ASV_00356,ASV_00485,0.5405405405405406,pos,Farm,IT2
ASV_00356,ASV_00488,0.5743243243243243,pos,Farm,IT2
ASV_00356,ASV_00490,0.6164383561643836,pos,Farm,IT2
ASV_00356,ASV_00493,0.5675675675675675,pos,Farm,IT2
ASV_00356,ASV_00494,0.541095890410959,pos,Farm,IT2
ASV_00356,ASV_00495,0.55,pos,Farm,IT2
ASV_00356,ASV_00498,0.4965034965034965,pos,Farm,IT2
ASV_00356,ASV_00506,0.5314685314685315,pos,Farm,IT2
ASV_00356,ASV_00507,0.541095890410959,pos,Farm,IT2
ASV_00356,ASV_00508,0.5241379310344828,pos,Farm,IT2
ASV_00356,ASV_00513,0.5448275862068965,pos,Farm,IT2
ASV_00356,ASV_00528,0.5136986301369864,pos,Farm,IT2
ASV_00356,ASV_00543,0.5616438356164384,pos,Farm,IT2
ASV_00356,ASV_00548,0.5,pos,Farm,IT2
ASV_00356,ASV_00554,0.5510204081632653,pos,Farm,IT2
ASV_00356,ASV_00568,0.5540540540540541,pos,Farm,IT2
ASV_00356,ASV_00594,0.5306122448979592,pos,Farm,IT2
ASV_00356,ASV_00595,0.5454545454545454,pos,Farm,IT2
ASV_00356,ASV_00615,0.5069444444444444,pos,Farm,IT2
ASV_00356,ASV_00620,0.5472972972972973,pos,Farm,IT2
ASV_00356,ASV_00622,0.5070422535211268,pos,Farm,IT2
ASV_00356,ASV_00633,0.5655172413793104,pos,Farm,IT2
ASV_00356,ASV_00638,0.5369127516778524,pos,Farm,IT2
ASV_00356,ASV_00643,0.541095890410959,pos,Farm,IT2
ASV_00356,ASV_00654,0.503448275862069,pos,Farm,IT2
ASV_00356,ASV_00662,0.5714285714285714,pos,Farm,IT2
ASV_00356,ASV_00665,0.528169014084507,pos,Farm,IT2
ASV_00356,ASV_00666,0.5714285714285714,pos,Farm,IT2
ASV_00356,ASV_00671,0.5347222222222222,pos,Farm,IT2
ASV_00356,ASV_00687,0.5342465753424658,pos,Farm,IT2
ASV_00356,ASV_00697,0.5352112676056338,pos,Farm,IT2
ASV_00356,ASV_00709,0.5342465753424658,pos,Farm,IT2
ASV_00356,ASV_00757,0.5510204081632653,pos,Farm,IT2
ASV_00356,ASV_00758,0.5985915492957746,pos,Farm,IT2
ASV_00356,ASV_00760,0.6,pos,Farm,IT2
ASV_00356,ASV_00769,0.5555555555555556,pos,Farm,IT2
ASV_00356,ASV_00789,0.5915492957746479,pos,Farm,IT2
ASV_00356,ASV_00793,0.5136986301369864,pos,Farm,IT2
ASV_00356,ASV_00806,0.5714285714285714,pos,Farm,IT2
ASV_00356,ASV_00808,0.5241379310344828,pos,Farm,IT2
ASV_00356,ASV_00815,0.5789473684210527,pos,Farm,IT2
ASV_00356,ASV_00821,0.5337837837837838,pos,Farm,IT2
ASV_00356,ASV_00848,0.5684931506849316,pos,Farm,IT2
ASV_00356,ASV_00869,0.5570469798657718,pos,Farm,IT2
ASV_00356,ASV_00906,0.5945945945945946,pos,Farm,IT2
ASV_00356,ASV_00912,0.5507246376811594,pos,Farm,IT2
ASV_00356,ASV_00931,0.5136986301369864,pos,Farm,IT2
ASV_00356,ASV_00958,0.5664335664335665,pos,Farm,IT2
ASV_00356,ASV_00984,0.547945205479452,pos,Farm,IT2
ASV_00356,ASV_01023,0.5570469798657718,pos,Farm,IT2
ASV_00356,ASV_01092,0.56,pos,Farm,IT2
ASV_00356,ASV_01249,0.5136986301369864,pos,Farm,IT2
ASV_00356,ASV_01253,0.5625,pos,Farm,IT2
ASV_00356,ASV_01267,0.5486111111111112,pos,Farm,IT2
ASV_00356,ASV_01288,0.5405405405405406,pos,Farm,IT2
ASV_00356,ASV_01491,0.5238095238095238,pos,Farm,IT2
ASV_00356,ASV_02149,0.5103448275862069,pos,Farm,IT2
ASV_00357,ASV_00373,0.5036496350364964,pos,Farm,IT2
ASV_00357,ASV_00403,0.5,pos,Farm,IT2
ASV_00357,ASV_00418,0.4928571428571429,pos,Farm,IT2
ASV_00357,ASV_00440,0.5109489051094891,pos,Farm,IT2
ASV_00357,ASV_00442,0.5352112676056338,pos,Farm,IT2
ASV_00357,ASV_00460,0.4965034965034965,pos,Farm,IT2
ASV_00357,ASV_00467,0.5170068027210885,pos,Farm,IT2
ASV_00357,ASV_00474,0.5467625899280576,pos,Farm,IT2
ASV_00357,ASV_00482,0.5540540540540541,pos,Farm,IT2
ASV_00357,ASV_00490,0.5273972602739726,pos,Farm,IT2
ASV_00357,ASV_00493,0.5208333333333334,pos,Farm,IT2
ASV_00357,ASV_00495,0.4676258992805755,pos,Farm,IT2
ASV_00357,ASV_00498,0.46715328467153283,pos,Farm,IT2
ASV_00357,ASV_00530,0.5362318840579711,pos,Farm,IT2
ASV_00357,ASV_00542,0.5241379310344828,pos,Farm,IT2
ASV_00357,ASV_00544,0.5,pos,Farm,IT2
ASV_00357,ASV_00559,0.5,pos,Farm,IT2
ASV_00357,ASV_00563,0.524822695035461,pos,Farm,IT2
ASV_00357,ASV_00568,0.528169014084507,pos,Farm,IT2
ASV_00357,ASV_00574,0.5069444444444444,pos,Farm,IT2
ASV_00357,ASV_00630,0.48175182481751827,pos,Farm,IT2
ASV_00357,ASV_00633,0.5177304964539007,pos,Farm,IT2
ASV_00357,ASV_00651,0.5071428571428571,pos,Farm,IT2
ASV_00357,ASV_00665,0.4782608695652174,pos,Farm,IT2
ASV_00357,ASV_00687,0.49645390070921985,pos,Farm,IT2
ASV_00357,ASV_00757,0.5140845070422535,pos,Farm,IT2
ASV_00357,ASV_00801,0.5111111111111111,pos,Farm,IT2
ASV_00357,ASV_00808,0.49640287769784175,pos,Farm,IT2
ASV_00357,ASV_00821,0.5070422535211268,pos,Farm,IT2
ASV_00357,ASV_00865,0.5,pos,Farm,IT2
ASV_00357,ASV_00912,0.4888888888888889,pos,Farm,IT2
ASV_00357,ASV_00989,0.46715328467153283,pos,Farm,IT2
ASV_00357,ASV_01092,0.5136986301369864,pos,Farm,IT2
ASV_00357,ASV_01119,0.5241379310344828,pos,Farm,IT2
ASV_00357,ASV_01459,0.5255474452554745,pos,Farm,IT2
ASV_00357,ASV_01491,0.5071428571428571,pos,Farm,IT2
ASV_00357,ASV_02020,0.5107913669064749,pos,Farm,IT2
ASV_00359,ASV_00361,0.4965034965034965,pos,Farm,IT2
ASV_00359,ASV_00368,0.4785714285714286,pos,Farm,IT2
ASV_00359,ASV_00380,0.4676258992805755,pos,Farm,IT2
ASV_00359,ASV_00384,0.4857142857142857,pos,Farm,IT2
ASV_00359,ASV_00390,0.5103448275862069,pos,Farm,IT2
ASV_00359,ASV_00398,0.5251798561151079,pos,Farm,IT2
ASV_00359,ASV_00400,0.5,pos,Farm,IT2
ASV_00359,ASV_00406,0.4744525547445255,pos,Farm,IT2
ASV_00359,ASV_00412,0.5074626865671642,pos,Farm,IT2
ASV_00359,ASV_00425,0.48905109489051096,pos,Farm,IT2
ASV_00359,ASV_00444,0.5367647058823529,pos,Farm,IT2
ASV_00359,ASV_00445,0.4857142857142857,pos,Farm,IT2
ASV_00359,ASV_00447,0.5070422535211268,pos,Farm,IT2
ASV_00359,ASV_00450,0.49645390070921985,pos,Farm,IT2
ASV_00359,ASV_00454,0.4930555555555556,pos,Farm,IT2
ASV_00359,ASV_00460,0.49645390070921985,pos,Farm,IT2
ASV_00359,ASV_00486,0.5314685314685315,pos,Farm,IT2
ASV_00359,ASV_00488,0.5174825174825175,pos,Farm,IT2
ASV_00359,ASV_00493,0.5,pos,Farm,IT2
ASV_00359,ASV_00498,0.45588235294117646,pos,Farm,IT2
ASV_00359,ASV_00517,0.4782608695652174,pos,Farm,IT2
ASV_00359,ASV_00518,0.5460992907801419,pos,Farm,IT2
ASV_00359,ASV_00524,0.49264705882352944,pos,Farm,IT2
ASV_00359,ASV_00530,0.48226950354609927,pos,Farm,IT2
ASV_00359,ASV_00533,0.5,pos,Farm,IT2
ASV_00359,ASV_00534,0.5172413793103449,pos,Farm,IT2
ASV_00359,ASV_00536,0.5069444444444444,pos,Farm,IT2
ASV_00359,ASV_00541,0.5182481751824818,pos,Farm,IT2
ASV_00359,ASV_00554,0.5035460992907801,pos,Farm,IT2
ASV_00359,ASV_00563,0.5474452554744526,pos,Farm,IT2
ASV_00359,ASV_00566,0.49640287769784175,pos,Farm,IT2
ASV_00359,ASV_00570,0.4744525547445255,pos,Farm,IT2
ASV_00359,ASV_00587,0.4748201438848921,pos,Farm,IT2
ASV_00359,ASV_00595,0.4748201438848921,pos,Farm,IT2
ASV_00359,ASV_00596,0.45588235294117646,pos,Farm,IT2
ASV_00359,ASV_00620,0.48951048951048953,pos,Farm,IT2
ASV_00359,ASV_00622,0.48872180451127817,pos,Farm,IT2
ASV_00359,ASV_00630,0.45985401459854014,pos,Farm,IT2
ASV_00359,ASV_00633,0.5179856115107914,pos,Farm,IT2
ASV_00359,ASV_00635,0.5104895104895105,pos,Farm,IT2
ASV_00359,ASV_00636,0.5170068027210885,pos,Farm,IT2
ASV_00359,ASV_00643,0.5255474452554745,pos,Farm,IT2
ASV_00359,ASV_00668,0.4855072463768116,pos,Farm,IT2
ASV_00359,ASV_00697,0.4744525547445255,pos,Farm,IT2
ASV_00359,ASV_00709,0.5294117647058824,pos,Farm,IT2
ASV_00359,ASV_00718,0.46715328467153283,pos,Farm,IT2
ASV_00359,ASV_00721,0.48148148148148145,pos,Farm,IT2
ASV_00359,ASV_00732,0.4927536231884058,pos,Farm,IT2
ASV_00359,ASV_00755,0.503448275862069,pos,Farm,IT2
ASV_00359,ASV_00758,0.4859154929577465,pos,Farm,IT2
ASV_00359,ASV_00769,0.5072463768115942,pos,Farm,IT2
ASV_00359,ASV_00778,0.4626865671641791,pos,Farm,IT2
ASV_00359,ASV_00781,0.4857142857142857,pos,Farm,IT2
ASV_00359,ASV_00808,0.5413533834586466,pos,Farm,IT2
ASV_00359,ASV_00815,0.5238095238095238,pos,Farm,IT2
ASV_00359,ASV_00829,0.5,pos,Farm,IT2
ASV_00359,ASV_00869,0.5211267605633803,pos,Farm,IT2
ASV_00359,ASV_00875,0.5244755244755245,pos,Farm,IT2
ASV_00359,ASV_00906,0.5172413793103449,pos,Farm,IT2
ASV_00359,ASV_00924,0.45925925925925926,pos,Farm,IT2
ASV_00359,ASV_00929,0.5070422535211268,pos,Farm,IT2
ASV_00359,ASV_00931,0.5298507462686567,pos,Farm,IT2
ASV_00359,ASV_00935,0.48226950354609927,pos,Farm,IT2
ASV_00359,ASV_00958,0.5294117647058824,pos,Farm,IT2
ASV_00359,ASV_00987,0.4748201438848921,pos,Farm,IT2
ASV_00359,ASV_01018,0.4748201438848921,pos,Farm,IT2
ASV_00359,ASV_01065,0.4744525547445255,pos,Farm,IT2
ASV_00359,ASV_01071,0.4927536231884058,pos,Farm,IT2
ASV_00359,ASV_01092,0.503448275862069,pos,Farm,IT2
ASV_00359,ASV_01153,0.4676258992805755,pos,Farm,IT2
ASV_00359,ASV_01204,0.5,pos,Farm,IT2
ASV_00359,ASV_01253,0.4928571428571429,pos,Farm,IT2
ASV_00359,ASV_01267,0.4892086330935252,pos,Farm,IT2
ASV_00359,ASV_01276,0.4852941176470588,pos,Farm,IT2
ASV_00359,ASV_01288,0.5035460992907801,pos,Farm,IT2
ASV_00359,ASV_01368,0.5035971223021583,pos,Farm,IT2
ASV_00359,ASV_01503,0.5179856115107914,pos,Farm,IT2
ASV_00359,ASV_02149,0.48175182481751827,pos,Farm,IT2
ASV_00361,ASV_00381,0.5797101449275363,pos,Farm,IT2
ASV_00361,ASV_00384,0.5310344827586206,pos,Farm,IT2
ASV_00361,ASV_00409,0.55,pos,Farm,IT2
ASV_00361,ASV_00412,0.5,pos,Farm,IT2
ASV_00361,ASV_00421,0.5586206896551724,pos,Farm,IT2
ASV_00361,ASV_00425,0.5352112676056338,pos,Farm,IT2
ASV_00361,ASV_00428,0.524822695035461,pos,Farm,IT2
ASV_00361,ASV_00447,0.5405405405405406,pos,Farm,IT2
ASV_00361,ASV_00452,0.5460992907801419,pos,Farm,IT2
ASV_00361,ASV_00458,0.5211267605633803,pos,Farm,IT2
ASV_00361,ASV_00459,0.5306122448979592,pos,Farm,IT2
ASV_00361,ASV_00463,0.5337837837837838,pos,Farm,IT2
ASV_00361,ASV_00465,0.5205479452054794,pos,Farm,IT2
ASV_00361,ASV_00468,0.4676258992805755,pos,Farm,IT2
ASV_00361,ASV_00486,0.5637583892617449,pos,Farm,IT2
ASV_00361,ASV_00488,0.5608108108108109,pos,Farm,IT2
ASV_00361,ASV_00490,0.5704697986577181,pos,Farm,IT2
ASV_00361,ASV_00507,0.5486111111111112,pos,Farm,IT2
ASV_00361,ASV_00517,0.503448275862069,pos,Farm,IT2
ASV_00361,ASV_00518,0.5466666666666666,pos,Farm,IT2
ASV_00361,ASV_00524,0.5069444444444444,pos,Farm,IT2
ASV_00361,ASV_00543,0.547945205479452,pos,Farm,IT2
ASV_00361,ASV_00554,0.5374149659863946,pos,Farm,IT2
ASV_00361,ASV_00556,0.5238095238095238,pos,Farm,IT2
ASV_00361,ASV_00572,0.5666666666666667,pos,Farm,IT2
ASV_00361,ASV_00574,0.5616438356164384,pos,Farm,IT2
ASV_00361,ASV_00587,0.5208333333333334,pos,Farm,IT2
ASV_00361,ASV_00592,0.5273972602739726,pos,Farm,IT2
ASV_00361,ASV_00595,0.5208333333333334,pos,Farm,IT2
ASV_00361,ASV_00611,0.5586206896551724,pos,Farm,IT2
ASV_00361,ASV_00618,0.5205479452054794,pos,Farm,IT2
ASV_00361,ASV_00622,0.49295774647887325,pos,Farm,IT2
ASV_00361,ASV_00635,0.5436241610738255,pos,Farm,IT2
ASV_00361,ASV_00636,0.5695364238410596,pos,Farm,IT2
ASV_00361,ASV_00643,0.5379310344827586,pos,Farm,IT2
ASV_00361,ASV_00656,0.5342465753424658,pos,Farm,IT2
ASV_00361,ASV_00662,0.5244755244755245,pos,Farm,IT2
ASV_00361,ASV_00671,0.5208333333333334,pos,Farm,IT2
ASV_00361,ASV_00673,0.5533333333333333,pos,Farm,IT2
ASV_00361,ASV_00679,0.54421768707483,pos,Farm,IT2
ASV_00361,ASV_00697,0.5211267605633803,pos,Farm,IT2
ASV_00361,ASV_00718,0.5140845070422535,pos,Farm,IT2
ASV_00361,ASV_00721,0.5070422535211268,pos,Farm,IT2
ASV_00361,ASV_00727,0.5352112676056338,pos,Farm,IT2
ASV_00361,ASV_00732,0.5384615384615384,pos,Farm,IT2
ASV_00361,ASV_00760,0.5540540540540541,pos,Farm,IT2
ASV_00361,ASV_00772,0.5273972602739726,pos,Farm,IT2
ASV_00361,ASV_00798,0.5510204081632653,pos,Farm,IT2
ASV_00361,ASV_00809,0.6013513513513513,pos,Farm,IT2
ASV_00361,ASV_00817,0.5608108108108109,pos,Farm,IT2
ASV_00361,ASV_00821,0.5306122448979592,pos,Farm,IT2
ASV_00361,ASV_00842,0.5,pos,Farm,IT2
ASV_00361,ASV_00845,0.4965034965034965,pos,Farm,IT2
ASV_00361,ASV_00869,0.564625850340136,pos,Farm,IT2
ASV_00361,ASV_00873,0.5140845070422535,pos,Farm,IT2
ASV_00361,ASV_00875,0.5466666666666666,pos,Farm,IT2
ASV_00361,ASV_00880,0.5244755244755245,pos,Farm,IT2
ASV_00361,ASV_00890,0.541095890410959,pos,Farm,IT2
ASV_00361,ASV_00912,0.5142857142857142,pos,Farm,IT2
ASV_00361,ASV_00924,0.5071428571428571,pos,Farm,IT2
ASV_00361,ASV_00929,0.5510204081632653,pos,Farm,IT2
ASV_00361,ASV_00959,0.5486111111111112,pos,Farm,IT2
ASV_00361,ASV_00984,0.5238095238095238,pos,Farm,IT2
ASV_00361,ASV_00989,0.5035460992907801,pos,Farm,IT2
ASV_00361,ASV_01048,0.5347222222222222,pos,Farm,IT2
ASV_00361,ASV_01071,0.5384615384615384,pos,Farm,IT2
ASV_00361,ASV_01092,0.5675675675675675,pos,Farm,IT2
ASV_00361,ASV_01119,0.5570469798657718,pos,Farm,IT2
ASV_00361,ASV_01250,0.5608108108108109,pos,Farm,IT2
ASV_00361,ASV_01267,0.5241379310344828,pos,Farm,IT2
ASV_00361,ASV_01288,0.547945205479452,pos,Farm,IT2
ASV_00361,ASV_01342,0.581081081081081,pos,Farm,IT2
ASV_00361,ASV_01426,0.5428571428571428,pos,Farm,IT2
ASV_00361,ASV_01578,0.5238095238095238,pos,Farm,IT2
ASV_00361,ASV_01941,0.5374149659863946,pos,Farm,IT2
ASV_00361,ASV_02332,0.5405405405405406,pos,Farm,IT2
ASV_00365,ASV_00390,0.5874125874125874,pos,Farm,IT2
ASV_00365,ASV_00397,0.5069444444444444,pos,Farm,IT2
ASV_00365,ASV_00400,0.5347222222222222,pos,Farm,IT2
ASV_00365,ASV_00425,0.5142857142857142,pos,Farm,IT2
ASV_00365,ASV_00464,0.5205479452054794,pos,Farm,IT2
ASV_00365,ASV_00468,0.45588235294117646,pos,Farm,IT2
ASV_00365,ASV_00490,0.5405405405405406,pos,Farm,IT2
ASV_00365,ASV_00495,0.5035971223021583,pos,Farm,IT2
ASV_00365,ASV_00496,0.5460992907801419,pos,Farm,IT2
ASV_00365,ASV_00513,0.5,pos,Farm,IT2
ASV_00365,ASV_00520,0.5277777777777778,pos,Farm,IT2
ASV_00365,ASV_00530,0.5174825174825175,pos,Farm,IT2
ASV_00365,ASV_00550,0.5310344827586206,pos,Farm,IT2
ASV_00365,ASV_00554,0.5277777777777778,pos,Farm,IT2
ASV_00365,ASV_00555,0.5384615384615384,pos,Farm,IT2
ASV_00365,ASV_00587,0.5,pos,Farm,IT2
ASV_00365,ASV_00612,0.5241379310344828,pos,Farm,IT2
ASV_00365,ASV_00635,0.5238095238095238,pos,Farm,IT2
ASV_00365,ASV_00662,0.5362318840579711,pos,Farm,IT2
ASV_00365,ASV_00671,0.5434782608695652,pos,Farm,IT2
ASV_00365,ASV_00679,0.5347222222222222,pos,Farm,IT2
ASV_00365,ASV_00718,0.48226950354609927,pos,Farm,IT2
ASV_00365,ASV_00865,0.5244755244755245,pos,Farm,IT2
ASV_00365,ASV_00869,0.5342465753424658,pos,Farm,IT2
ASV_00365,ASV_00912,0.4714285714285714,pos,Farm,IT2
ASV_00365,ASV_00924,0.4748201438848921,pos,Farm,IT2
ASV_00365,ASV_00935,0.5174825174825175,pos,Farm,IT2
ASV_00365,ASV_00984,0.5244755244755245,pos,Farm,IT2
ASV_00365,ASV_00989,0.5036496350364964,pos,Farm,IT2
ASV_00365,ASV_01249,0.5,pos,Farm,IT2
ASV_00365,ASV_01253,0.528169014084507,pos,Farm,IT2
ASV_00365,ASV_01342,0.5833333333333334,pos,Farm,IT2
ASV_00365,ASV_01349,0.528169014084507,pos,Farm,IT2
ASV_00365,ASV_01458,0.4785714285714286,pos,Farm,IT2
ASV_00367,ASV_00377,0.5073529411764706,pos,Farm,IT2
ASV_00367,ASV_00389,0.5285714285714286,pos,Farm,IT2
ASV_00367,ASV_00398,0.5104895104895105,pos,Farm,IT2
ASV_00367,ASV_00421,0.5,pos,Farm,IT2
ASV_00367,ASV_00438,0.5142857142857142,pos,Farm,IT2
ASV_00367,ASV_00445,0.5142857142857142,pos,Farm,IT2
ASV_00367,ASV_00447,0.5138888888888888,pos,Farm,IT2
ASV_00367,ASV_00450,0.5034965034965035,pos,Farm,IT2
ASV_00367,ASV_00453,0.5579710144927537,pos,Farm,IT2
ASV_00367,ASV_00455,0.48226950354609927,pos,Farm,IT2
ASV_00367,ASV_00460,0.524822695035461,pos,Farm,IT2
ASV_00367,ASV_00479,0.5138888888888888,pos,Farm,IT2
ASV_00367,ASV_00495,0.5073529411764706,pos,Farm,IT2
ASV_00367,ASV_00496,0.4965034965034965,pos,Farm,IT2
ASV_00367,ASV_00501,0.5070422535211268,pos,Farm,IT2
ASV_00367,ASV_00528,0.48226950354609927,pos,Farm,IT2
ASV_00367,ASV_00541,0.5035460992907801,pos,Farm,IT2
ASV_00367,ASV_00544,0.49645390070921985,pos,Farm,IT2
ASV_00367,ASV_00571,0.5,pos,Farm,IT2
ASV_00367,ASV_00596,0.463768115942029,pos,Farm,IT2
ASV_00367,ASV_00612,0.5069444444444444,pos,Farm,IT2
ASV_00367,ASV_00633,0.524822695035461,pos,Farm,IT2
ASV_00367,ASV_00662,0.4857142857142857,pos,Farm,IT2
ASV_00367,ASV_00668,0.5035971223021583,pos,Farm,IT2
ASV_00367,ASV_00673,0.5486111111111112,pos,Farm,IT2
ASV_00367,ASV_00758,0.524822695035461,pos,Farm,IT2
ASV_00367,ASV_00760,0.5384615384615384,pos,Farm,IT2
ASV_00367,ASV_00793,0.48226950354609927,pos,Farm,IT2
ASV_00367,ASV_00798,0.503448275862069,pos,Farm,IT2
ASV_00367,ASV_00808,0.48226950354609927,pos,Farm,IT2
ASV_00367,ASV_00811,0.5069444444444444,pos,Farm,IT2
ASV_00367,ASV_00817,0.5136986301369864,pos,Farm,IT2
ASV_00367,ASV_00821,0.524822695035461,pos,Farm,IT2
ASV_00367,ASV_00873,0.4855072463768116,pos,Farm,IT2
ASV_00367,ASV_00912,0.4744525547445255,pos,Farm,IT2
ASV_00367,ASV_01119,0.5205479452054794,pos,Farm,IT2
ASV_00367,ASV_01223,0.48507462686567165,pos,Farm,IT2
ASV_00367,ASV_01267,0.4859154929577465,pos,Farm,IT2
ASV_00367,ASV_01491,0.5035460992907801,pos,Farm,IT2
ASV_00367,ASV_02149,0.4892086330935252,pos,Farm,IT2
ASV_00368,ASV_00369,0.528169014084507,pos,Farm,IT2
ASV_00368,ASV_00378,0.5704225352112676,pos,Farm,IT2
ASV_00368,ASV_00387,0.5069444444444444,pos,Farm,IT2
ASV_00368,ASV_00397,0.5319148936170213,pos,Farm,IT2
ASV_00368,ASV_00404,0.5035971223021583,pos,Farm,IT2
ASV_00368,ASV_00415,0.5104895104895105,pos,Farm,IT2
ASV_00368,ASV_00418,0.5106382978723404,pos,Farm,IT2
ASV_00368,ASV_00421,0.5103448275862069,pos,Farm,IT2
ASV_00368,ASV_00422,0.524822695035461,pos,Farm,IT2
ASV_00368,ASV_00425,0.49645390070921985,pos,Farm,IT2
ASV_00368,ASV_00443,0.5071428571428571,pos,Farm,IT2
ASV_00368,ASV_00459,0.5138888888888888,pos,Farm,IT2
ASV_00368,ASV_00460,0.5138888888888888,pos,Farm,IT2
ASV_00368,ASV_00488,0.5555555555555556,pos,Farm,IT2
ASV_00368,ASV_00496,0.5174825174825175,pos,Farm,IT2
ASV_00368,ASV_00504,0.527027027027027,pos,Farm,IT2
ASV_00368,ASV_00506,0.5555555555555556,pos,Farm,IT2
ASV_00368,ASV_00508,0.5142857142857142,pos,Farm,IT2
ASV_00368,ASV_00518,0.541095890410959,pos,Farm,IT2
ASV_00368,ASV_00536,0.5238095238095238,pos,Farm,IT2
ASV_00368,ASV_00548,0.5,pos,Farm,IT2
ASV_00368,ASV_00592,0.5104895104895105,pos,Farm,IT2
ASV_00368,ASV_00596,0.4748201438848921,pos,Farm,IT2
ASV_00368,ASV_00622,0.4855072463768116,pos,Farm,IT2
ASV_00368,ASV_00628,0.5106382978723404,pos,Farm,IT2
ASV_00368,ASV_00643,0.5,pos,Farm,IT2
ASV_00368,ASV_00651,0.5034965034965035,pos,Farm,IT2
ASV_00368,ASV_00714,0.5220588235294118,pos,Farm,IT2
ASV_00368,ASV_00724,0.49295774647887325,pos,Farm,IT2
ASV_00368,ASV_00727,0.5179856115107914,pos,Farm,IT2
ASV_00368,ASV_00755,0.541095890410959,pos,Farm,IT2
ASV_00368,ASV_00781,0.5034965034965035,pos,Farm,IT2
ASV_00368,ASV_00802,0.5379310344827586,pos,Farm,IT2
ASV_00368,ASV_00807,0.5174825174825175,pos,Farm,IT2
ASV_00368,ASV_00809,0.5436241610738255,pos,Farm,IT2
ASV_00368,ASV_00821,0.5138888888888888,pos,Farm,IT2
ASV_00368,ASV_00829,0.5070422535211268,pos,Farm,IT2
ASV_00368,ASV_00890,0.5244755244755245,pos,Farm,IT2
ASV_00368,ASV_00924,0.4676258992805755,pos,Farm,IT2
ASV_00368,ASV_00984,0.528169014084507,pos,Farm,IT2
ASV_00368,ASV_00989,0.4748201438848921,pos,Farm,IT2
ASV_00368,ASV_01065,0.4928571428571429,pos,Farm,IT2
ASV_00368,ASV_01223,0.4852941176470588,pos,Farm,IT2
ASV_00368,ASV_01250,0.5238095238095238,pos,Farm,IT2
ASV_00368,ASV_01253,0.5539568345323741,pos,Farm,IT2
ASV_00368,ASV_01267,0.539568345323741,pos,Farm,IT2
ASV_00368,ASV_02149,0.5,pos,Farm,IT2
ASV_00369,ASV_00372,0.48936170212765956,pos,Farm,IT2
ASV_00369,ASV_00373,0.5,pos,Farm,IT2
ASV_00369,ASV_00376,0.5342465753424658,pos,Farm,IT2
ASV_00369,ASV_00377,0.4859154929577465,pos,Farm,IT2
ASV_00369,ASV_00384,0.5244755244755245,pos,Farm,IT2
ASV_00369,ASV_00389,0.5172413793103449,pos,Farm,IT2
ASV_00369,ASV_00397,0.5103448275862069,pos,Farm,IT2
ASV_00369,ASV_00421,0.5205479452054794,pos,Farm,IT2
ASV_00369,ASV_00440,0.5285714285714286,pos,Farm,IT2
ASV_00369,ASV_00442,0.5625,pos,Farm,IT2
ASV_00369,ASV_00447,0.5342465753424658,pos,Farm,IT2
ASV_00369,ASV_00452,0.4965034965034965,pos,Farm,IT2
ASV_00369,ASV_00458,0.5362318840579711,pos,Farm,IT2
ASV_00369,ASV_00459,0.5241379310344828,pos,Farm,IT2
ASV_00369,ASV_00460,0.5241379310344828,pos,Farm,IT2
ASV_00369,ASV_00467,0.5972222222222222,pos,Farm,IT2
ASV_00369,ASV_00486,0.5369127516778524,pos,Farm,IT2
ASV_00369,ASV_00488,0.5763888888888888,pos,Farm,IT2
ASV_00369,ASV_00490,0.5540540540540541,pos,Farm,IT2
ASV_00369,ASV_00513,0.5352112676056338,pos,Farm,IT2
ASV_00369,ASV_00514,0.5704697986577181,pos,Farm,IT2
ASV_00369,ASV_00517,0.5285714285714286,pos,Farm,IT2
ASV_00369,ASV_00518,0.5510204081632653,pos,Farm,IT2
ASV_00369,ASV_00529,0.5107913669064749,pos,Farm,IT2
ASV_00369,ASV_00533,0.5174825174825175,pos,Farm,IT2
ASV_00369,ASV_00536,0.54421768707483,pos,Farm,IT2
ASV_00369,ASV_00541,0.5138888888888888,pos,Farm,IT2
ASV_00369,ASV_00542,0.5405405405405406,pos,Farm,IT2
ASV_00369,ASV_00544,0.528169014084507,pos,Farm,IT2
ASV_00369,ASV_00548,0.5107913669064749,pos,Farm,IT2
ASV_00369,ASV_00551,0.5241379310344828,pos,Farm,IT2
ASV_00369,ASV_00554,0.5310344827586206,pos,Farm,IT2
ASV_00369,ASV_00555,0.5524475524475524,pos,Farm,IT2
ASV_00369,ASV_00559,0.5174825174825175,pos,Farm,IT2
ASV_00369,ASV_00587,0.5034965034965035,pos,Farm,IT2
ASV_00369,ASV_00596,0.4857142857142857,pos,Farm,IT2
ASV_00369,ASV_00615,0.49645390070921985,pos,Farm,IT2
ASV_00369,ASV_00618,0.5138888888888888,pos,Farm,IT2
ASV_00369,ASV_00622,0.49640287769784175,pos,Farm,IT2
ASV_00369,ASV_00628,0.5428571428571428,pos,Farm,IT2
ASV_00369,ASV_00636,0.5850340136054422,pos,Farm,IT2
ASV_00369,ASV_00645,0.4859154929577465,pos,Farm,IT2
ASV_00369,ASV_00668,0.5034965034965035,pos,Farm,IT2
ASV_00369,ASV_00676,0.5337837837837838,pos,Farm,IT2
ASV_00369,ASV_00697,0.49295774647887325,pos,Farm,IT2
ASV_00369,ASV_00757,0.5205479452054794,pos,Farm,IT2
ASV_00369,ASV_00758,0.5136986301369864,pos,Farm,IT2
ASV_00369,ASV_00760,0.5586206896551724,pos,Farm,IT2
ASV_00369,ASV_00772,0.5103448275862069,pos,Farm,IT2
ASV_00369,ASV_00789,0.5172413793103449,pos,Farm,IT2
ASV_00369,ASV_00811,0.5594405594405595,pos,Farm,IT2
ASV_00369,ASV_00821,0.5454545454545454,pos,Farm,IT2
ASV_00369,ASV_00822,0.5384615384615384,pos,Farm,IT2
ASV_00369,ASV_00873,0.49645390070921985,pos,Farm,IT2
ASV_00369,ASV_00875,0.5405405405405406,pos,Farm,IT2
ASV_00369,ASV_00880,0.5177304964539007,pos,Farm,IT2
ASV_00369,ASV_00958,0.5460992907801419,pos,Farm,IT2
ASV_00369,ASV_01018,0.5140845070422535,pos,Farm,IT2
ASV_00369,ASV_01065,0.5035460992907801,pos,Farm,IT2
ASV_00369,ASV_01071,0.5211267605633803,pos,Farm,IT2
ASV_00369,ASV_01087,0.5241379310344828,pos,Farm,IT2
ASV_00369,ASV_01092,0.5405405405405406,pos,Farm,IT2
ASV_00369,ASV_01153,0.4965034965034965,pos,Farm,IT2
ASV_00369,ASV_01223,0.5073529411764706,pos,Farm,IT2
ASV_00369,ASV_01267,0.5174825174825175,pos,Farm,IT2
ASV_00369,ASV_01276,0.49295774647887325,pos,Farm,IT2
ASV_00369,ASV_01368,0.5103448275862069,pos,Farm,IT2
ASV_00369,ASV_01417,0.5138888888888888,pos,Farm,IT2
ASV_00369,ASV_01503,0.5241379310344828,pos,Farm,IT2
ASV_00369,ASV_01941,0.5310344827586206,pos,Farm,IT2
ASV_00369,ASV_02149,0.5,pos,Farm,IT2
ASV_00369,ASV_02332,0.5238095238095238,pos,Farm,IT2
ASV_00372,ASV_00377,0.46715328467153283,pos,Farm,IT2
ASV_00372,ASV_00421,0.5142857142857142,pos,Farm,IT2
ASV_00372,ASV_00447,0.5070422535211268,pos,Farm,IT2
ASV_00372,ASV_00459,0.49645390070921985,pos,Farm,IT2
ASV_00372,ASV_00494,0.48226950354609927,pos,Farm,IT2
ASV_00372,ASV_00524,0.47101449275362317,pos,Farm,IT2
ASV_00372,ASV_00543,0.5142857142857142,pos,Farm,IT2
ASV_00372,ASV_00544,0.5109489051094891,pos,Farm,IT2
ASV_00372,ASV_00554,0.49295774647887325,pos,Farm,IT2
ASV_00372,ASV_00561,0.5337837837837838,pos,Farm,IT2
ASV_00372,ASV_00572,0.5241379310344828,pos,Farm,IT2
ASV_00372,ASV_00587,0.4855072463768116,pos,Farm,IT2
ASV_00372,ASV_00595,0.4748201438848921,pos,Farm,IT2
ASV_00372,ASV_00596,0.45588235294117646,pos,Farm,IT2
ASV_00372,ASV_00630,0.48148148148148145,pos,Farm,IT2
ASV_00372,ASV_00638,0.48951048951048953,pos,Farm,IT2
ASV_00372,ASV_00643,0.4928571428571429,pos,Farm,IT2
ASV_00372,ASV_00721,0.5151515151515151,pos,Farm,IT2
ASV_00372,ASV_00755,0.5244755244755245,pos,Farm,IT2
ASV_00372,ASV_00772,0.5035971223021583,pos,Farm,IT2
ASV_00372,ASV_00793,0.4855072463768116,pos,Farm,IT2
ASV_00372,ASV_00807,0.5,pos,Farm,IT2
ASV_00372,ASV_00815,0.5135135135135135,pos,Farm,IT2
ASV_00372,ASV_00873,0.46715328467153283,pos,Farm,IT2
ASV_00372,ASV_00929,0.4965034965034965,pos,Farm,IT2
ASV_00372,ASV_00958,0.5072463768115942,pos,Farm,IT2
ASV_00372,ASV_00959,0.48226950354609927,pos,Farm,IT2
ASV_00372,ASV_00987,0.4748201438848921,pos,Farm,IT2
ASV_00372,ASV_01023,0.5319148936170213,pos,Farm,IT2
ASV_00372,ASV_01276,0.463768115942029,pos,Farm,IT2
ASV_00372,ASV_01288,0.49295774647887325,pos,Farm,IT2
ASV_00372,ASV_01458,0.4740740740740741,pos,Farm,IT2
ASV_00372,ASV_01491,0.4857142857142857,pos,Farm,IT2
ASV_00372,ASV_01512,0.48148148148148145,pos,Farm,IT2
ASV_00373,ASV_00376,0.5069444444444444,pos,Farm,IT2
ASV_00373,ASV_00382,0.5104895104895105,pos,Farm,IT2
ASV_00373,ASV_00384,0.5179856115107914,pos,Farm,IT2
ASV_00373,ASV_00390,0.5416666666666666,pos,Farm,IT2
ASV_00373,ASV_00395,0.4785714285714286,pos,Farm,IT2
ASV_00373,ASV_00404,0.4855072463768116,pos,Farm,IT2
ASV_00373,ASV_00409,0.48201438848920863,pos,Farm,IT2
ASV_00373,ASV_00422,0.5514705882352942,pos,Farm,IT2
ASV_00373,ASV_00423,0.5069444444444444,pos,Farm,IT2
ASV_00373,ASV_00425,0.4892086330935252,pos,Farm,IT2
ASV_00373,ASV_00440,0.5333333333333333,pos,Farm,IT2
ASV_00373,ASV_00442,0.5138888888888888,pos,Farm,IT2
ASV_00373,ASV_00443,0.5220588235294118,pos,Farm,IT2
ASV_00373,ASV_00447,0.5390070921985816,pos,Farm,IT2
ASV_00373,ASV_00451,0.5277777777777778,pos,Farm,IT2
ASV_00373,ASV_00453,0.5177304964539007,pos,Farm,IT2
ASV_00373,ASV_00460,0.4965034965034965,pos,Farm,IT2
ASV_00373,ASV_00467,0.5170068027210885,pos,Farm,IT2
ASV_00373,ASV_00476,0.4857142857142857,pos,Farm,IT2
ASV_00373,ASV_00486,0.5310344827586206,pos,Farm,IT2
ASV_00373,ASV_00496,0.5,pos,Farm,IT2
ASV_00373,ASV_00498,0.46715328467153283,pos,Farm,IT2
ASV_00373,ASV_00501,0.5106382978723404,pos,Farm,IT2
ASV_00373,ASV_00503,0.4859154929577465,pos,Farm,IT2
ASV_00373,ASV_00511,0.463768115942029,pos,Farm,IT2
ASV_00373,ASV_00512,0.5241379310344828,pos,Farm,IT2
ASV_00373,ASV_00524,0.48201438848920863,pos,Farm,IT2
ASV_00373,ASV_00530,0.49295774647887325,pos,Farm,IT2
ASV_00373,ASV_00534,0.5170068027210885,pos,Farm,IT2
ASV_00373,ASV_00536,0.5172413793103449,pos,Farm,IT2
ASV_00373,ASV_00542,0.5136986301369864,pos,Farm,IT2
ASV_00373,ASV_00550,0.5390070921985816,pos,Farm,IT2
ASV_00373,ASV_00555,0.5140845070422535,pos,Farm,IT2
ASV_00373,ASV_00556,0.5106382978723404,pos,Farm,IT2
ASV_00373,ASV_00566,0.5179856115107914,pos,Farm,IT2
ASV_00373,ASV_00568,0.5611510791366906,pos,Farm,IT2
ASV_00373,ASV_00570,0.4748201438848921,pos,Farm,IT2
ASV_00373,ASV_00572,0.5342465753424658,pos,Farm,IT2
ASV_00373,ASV_00587,0.4857142857142857,pos,Farm,IT2
ASV_00373,ASV_00596,0.46715328467153283,pos,Farm,IT2
ASV_00373,ASV_00612,0.5,pos,Farm,IT2
ASV_00373,ASV_00618,0.49645390070921985,pos,Farm,IT2
ASV_00373,ASV_00633,0.5285714285714286,pos,Farm,IT2
ASV_00373,ASV_00635,0.5103448275862069,pos,Farm,IT2
ASV_00373,ASV_00636,0.527027027027027,pos,Farm,IT2
ASV_00373,ASV_00638,0.5428571428571428,pos,Farm,IT2
ASV_00373,ASV_00651,0.5401459854014599,pos,Farm,IT2
ASV_00373,ASV_00662,0.4785714285714286,pos,Farm,IT2
ASV_00373,ASV_00665,0.48905109489051096,pos,Farm,IT2
ASV_00373,ASV_00666,0.503448275862069,pos,Farm,IT2
ASV_00373,ASV_00668,0.49640287769784175,pos,Farm,IT2
ASV_00373,ASV_00671,0.4857142857142857,pos,Farm,IT2
ASV_00373,ASV_00686,0.5,pos,Farm,IT2
ASV_00373,ASV_00718,0.5,pos,Farm,IT2
ASV_00373,ASV_00732,0.4928571428571429,pos,Farm,IT2
ASV_00373,ASV_00757,0.5034965034965035,pos,Farm,IT2
ASV_00373,ASV_00758,0.5070422535211268,pos,Farm,IT2
ASV_00373,ASV_00760,0.5314685314685315,pos,Farm,IT2
ASV_00373,ASV_00806,0.503448275862069,pos,Farm,IT2
ASV_00373,ASV_00807,0.5214285714285715,pos,Farm,IT2
ASV_00373,ASV_00808,0.5522388059701493,pos,Farm,IT2
ASV_00373,ASV_00821,0.5070422535211268,pos,Farm,IT2
ASV_00373,ASV_00829,0.5,pos,Farm,IT2
ASV_00373,ASV_00842,0.4748201438848921,pos,Farm,IT2
ASV_00373,ASV_00845,0.49264705882352944,pos,Farm,IT2
ASV_00373,ASV_00865,0.5,pos,Farm,IT2
ASV_00373,ASV_00873,0.4676258992805755,pos,Farm,IT2
ASV_00373,ASV_00880,0.4785714285714286,pos,Farm,IT2
ASV_00373,ASV_00890,0.4965034965034965,pos,Farm,IT2
ASV_00373,ASV_00906,0.5170068027210885,pos,Farm,IT2
ASV_00373,ASV_00924,0.45985401459854014,pos,Farm,IT2
ASV_00373,ASV_00929,0.528169014084507,pos,Farm,IT2
ASV_00373,ASV_00952,0.4785714285714286,pos,Farm,IT2
ASV_00373,ASV_00958,0.4859154929577465,pos,Farm,IT2
ASV_00373,ASV_00959,0.49295774647887325,pos,Farm,IT2
ASV_00373,ASV_01018,0.49640287769784175,pos,Farm,IT2
ASV_00373,ASV_01101,0.5140845070422535,pos,Farm,IT2
ASV_00373,ASV_01124,0.49295774647887325,pos,Farm,IT2
ASV_00373,ASV_01152,0.5441176470588235,pos,Farm,IT2
ASV_00373,ASV_01179,0.4927536231884058,pos,Farm,IT2
ASV_00373,ASV_01204,0.5208333333333334,pos,Farm,IT2
ASV_00373,ASV_01223,0.48872180451127817,pos,Farm,IT2
ASV_00373,ASV_01276,0.5298507462686567,pos,Farm,IT2
ASV_00373,ASV_01328,0.48226950354609927,pos,Farm,IT2
ASV_00373,ASV_01342,0.5170068027210885,pos,Farm,IT2
ASV_00373,ASV_01459,0.5035971223021583,pos,Farm,IT2
ASV_00373,ASV_01512,0.49264705882352944,pos,Farm,IT2
ASV_00373,ASV_01541,0.5070422535211268,pos,Farm,IT2
ASV_00373,ASV_01578,0.5,pos,Farm,IT2
ASV_00373,ASV_01840,0.4859154929577465,pos,Farm,IT2
ASV_00373,ASV_02149,0.4927536231884058,pos,Farm,IT2
ASV_00373,ASV_02332,0.5174825174825175,pos,Farm,IT2
ASV_00376,ASV_00390,0.5533333333333333,pos,Farm,IT2
ASV_00376,ASV_00391,0.5,pos,Farm,IT2
ASV_00376,ASV_00412,0.5,pos,Farm,IT2
ASV_00376,ASV_00416,0.5416666666666666,pos,Farm,IT2
ASV_00376,ASV_00440,0.5460992907801419,pos,Farm,IT2
ASV_00376,ASV_00452,0.5138888888888888,pos,Farm,IT2
ASV_00376,ASV_00458,0.5,pos,Farm,IT2
ASV_00376,ASV_00471,0.5342465753424658,pos,Farm,IT2
ASV_00376,ASV_00488,0.5608108108108109,pos,Farm,IT2
ASV_00376,ASV_00504,0.5637583892617449,pos,Farm,IT2
ASV_00376,ASV_00517,0.503448275862069,pos,Farm,IT2
ASV_00376,ASV_00542,0.5675675675675675,pos,Farm,IT2
ASV_00376,ASV_00555,0.5374149659863946,pos,Farm,IT2
ASV_00376,ASV_00566,0.5310344827586206,pos,Farm,IT2
ASV_00376,ASV_00570,0.5104895104895105,pos,Farm,IT2
ASV_00376,ASV_00574,0.5405405405405406,pos,Farm,IT2
ASV_00376,ASV_00595,0.5208333333333334,pos,Farm,IT2
ASV_00376,ASV_00622,0.49295774647887325,pos,Farm,IT2
ASV_00376,ASV_00633,0.5306122448979592,pos,Farm,IT2
ASV_00376,ASV_00635,0.5540540540540541,pos,Farm,IT2
ASV_00376,ASV_00638,0.54421768707483,pos,Farm,IT2
ASV_00376,ASV_00643,0.5273972602739726,pos,Farm,IT2
ASV_00376,ASV_00665,0.5140845070422535,pos,Farm,IT2
ASV_00376,ASV_00697,0.5211267605633803,pos,Farm,IT2
ASV_00376,ASV_00806,0.5472972972972973,pos,Farm,IT2
ASV_00376,ASV_00809,0.5592105263157895,pos,Farm,IT2
ASV_00376,ASV_00829,0.5136986301369864,pos,Farm,IT2
ASV_00376,ASV_00848,0.5337837837837838,pos,Farm,IT2
ASV_00376,ASV_00865,0.5342465753424658,pos,Farm,IT2
ASV_00376,ASV_00890,0.5306122448979592,pos,Farm,IT2
ASV_00376,ASV_00989,0.5142857142857142,pos,Farm,IT2
ASV_00376,ASV_01018,0.5103448275862069,pos,Farm,IT2
ASV_00376,ASV_01048,0.5241379310344828,pos,Farm,IT2
ASV_00376,ASV_01065,0.5652173913043478,pos,Farm,IT2
ASV_00376,ASV_01071,0.5172413793103449,pos,Farm,IT2
ASV_00376,ASV_01204,0.5540540540540541,pos,Farm,IT2
ASV_00377,ASV_00382,0.5285714285714286,pos,Farm,IT2
ASV_00377,ASV_00389,0.5514705882352942,pos,Farm,IT2
ASV_00377,ASV_00391,0.47101449275362317,pos,Farm,IT2
ASV_00377,ASV_00395,0.4855072463768116,pos,Farm,IT2
ASV_00377,ASV_00407,0.4785714285714286,pos,Farm,IT2
ASV_00377,ASV_00409,0.4676258992805755,pos,Farm,IT2
ASV_00377,ASV_00421,0.5323741007194245,pos,Farm,IT2
ASV_00377,ASV_00425,0.4748201438848921,pos,Farm,IT2
ASV_00377,ASV_00426,0.5374149659863946,pos,Farm,IT2
ASV_00377,ASV_00447,0.524822695035461,pos,Farm,IT2
ASV_00377,ASV_00452,0.5073529411764706,pos,Farm,IT2
ASV_00377,ASV_00453,0.49295774647887325,pos,Farm,IT2
ASV_00377,ASV_00454,0.5104895104895105,pos,Farm,IT2
ASV_00377,ASV_00455,0.5147058823529411,pos,Farm,IT2
ASV_00377,ASV_00460,0.5142857142857142,pos,Farm,IT2
ASV_00377,ASV_00464,0.5357142857142857,pos,Farm,IT2
ASV_00377,ASV_00465,0.48226950354609927,pos,Farm,IT2
ASV_00377,ASV_00476,0.48201438848920863,pos,Farm,IT2
ASV_00377,ASV_00483,0.5138888888888888,pos,Farm,IT2
ASV_00377,ASV_00485,0.5,pos,Farm,IT2
ASV_00377,ASV_00493,0.5069444444444444,pos,Farm,IT2
ASV_00377,ASV_00495,0.4744525547445255,pos,Farm,IT2
ASV_00377,ASV_00504,0.5068493150684932,pos,Farm,IT2
ASV_00377,ASV_00518,0.5314685314685315,pos,Farm,IT2
ASV_00377,ASV_00528,0.48201438848920863,pos,Farm,IT2
ASV_00377,ASV_00536,0.5571428571428572,pos,Farm,IT2
ASV_00377,ASV_00542,0.5103448275862069,pos,Farm,IT2
ASV_00377,ASV_00544,0.4857142857142857,pos,Farm,IT2
ASV_00377,ASV_00566,0.48226950354609927,pos,Farm,IT2
ASV_00377,ASV_00568,0.5140845070422535,pos,Farm,IT2
ASV_00377,ASV_00581,0.5075757575757576,pos,Farm,IT2
ASV_00377,ASV_00615,0.5074626865671642,pos,Farm,IT2
ASV_00377,ASV_00628,0.5,pos,Farm,IT2
ASV_00377,ASV_00638,0.4965034965034965,pos,Farm,IT2
ASV_00377,ASV_00645,0.4744525547445255,pos,Farm,IT2
ASV_00377,ASV_00673,0.5172413793103449,pos,Farm,IT2
ASV_00377,ASV_00686,0.5071428571428571,pos,Farm,IT2
ASV_00377,ASV_00721,0.47794117647058826,pos,Farm,IT2
ASV_00377,ASV_00726,0.5106382978723404,pos,Farm,IT2
ASV_00377,ASV_00734,0.5,pos,Farm,IT2
ASV_00377,ASV_00793,0.4927536231884058,pos,Farm,IT2
ASV_00377,ASV_00811,0.4965034965034965,pos,Farm,IT2
ASV_00377,ASV_00848,0.5285714285714286,pos,Farm,IT2
ASV_00377,ASV_00890,0.5035460992907801,pos,Farm,IT2
ASV_00377,ASV_00929,0.5034965034965035,pos,Farm,IT2
ASV_00377,ASV_01018,0.5036496350364964,pos,Farm,IT2
ASV_00377,ASV_01023,0.572463768115942,pos,Farm,IT2
ASV_00377,ASV_01223,0.4626865671641791,pos,Farm,IT2
ASV_00377,ASV_01288,0.48951048951048953,pos,Farm,IT2
ASV_00377,ASV_01349,0.5328467153284672,pos,Farm,IT2
ASV_00377,ASV_01426,0.49264705882352944,pos,Farm,IT2
ASV_00377,ASV_01512,0.46715328467153283,pos,Farm,IT2
ASV_00377,ASV_01578,0.49645390070921985,pos,Farm,IT2
ASV_00377,ASV_01941,0.48951048951048953,pos,Farm,IT2
ASV_00378,ASV_00381,0.5172413793103449,pos,Farm,IT2
ASV_00378,ASV_00397,0.5625,pos,Farm,IT2
ASV_00378,ASV_00398,0.5833333333333334,pos,Farm,IT2
ASV_00378,ASV_00400,0.5578231292517006,pos,Farm,IT2
ASV_00378,ASV_00403,0.5472972972972973,pos,Farm,IT2
ASV_00378,ASV_00404,0.5138888888888888,pos,Farm,IT2
ASV_00378,ASV_00406,0.503448275862069,pos,Farm,IT2
ASV_00378,ASV_00425,0.5172413793103449,pos,Farm,IT2
ASV_00378,ASV_00429,0.4859154929577465,pos,Farm,IT2
ASV_00378,ASV_00438,0.5448275862068965,pos,Farm,IT2
ASV_00378,ASV_00443,0.5277777777777778,pos,Farm,IT2
ASV_00378,ASV_00451,0.5850340136054422,pos,Farm,IT2
ASV_00378,ASV_00460,0.5337837837837838,pos,Farm,IT2
ASV_00378,ASV_00485,0.5616438356164384,pos,Farm,IT2
ASV_00378,ASV_00486,0.6095890410958904,pos,Farm,IT2
ASV_00378,ASV_00495,0.528169014084507,pos,Farm,IT2
ASV_00378,ASV_00498,0.4965034965034965,pos,Farm,IT2
ASV_00378,ASV_00501,0.5586206896551724,pos,Farm,IT2
ASV_00378,ASV_00503,0.5238095238095238,pos,Farm,IT2
ASV_00378,ASV_00504,0.5666666666666667,pos,Farm,IT2
ASV_00378,ASV_00507,0.5306122448979592,pos,Farm,IT2
ASV_00378,ASV_00508,0.5673758865248227,pos,Farm,IT2
ASV_00378,ASV_00533,0.5486111111111112,pos,Farm,IT2
ASV_00378,ASV_00548,0.5,pos,Farm,IT2
ASV_00378,ASV_00555,0.5616438356164384,pos,Farm,IT2
ASV_00378,ASV_00568,0.5436241610738255,pos,Farm,IT2
ASV_00378,ASV_00570,0.503448275862069,pos,Farm,IT2
ASV_00378,ASV_00594,0.5734265734265734,pos,Farm,IT2
ASV_00378,ASV_00615,0.5390070921985816,pos,Farm,IT2
ASV_00378,ASV_00620,0.5472972972972973,pos,Farm,IT2
ASV_00378,ASV_00622,0.5177304964539007,pos,Farm,IT2
ASV_00378,ASV_00628,0.5205479452054794,pos,Farm,IT2
ASV_00378,ASV_00633,0.5337837837837838,pos,Farm,IT2
ASV_00378,ASV_00638,0.5472972972972973,pos,Farm,IT2
ASV_00378,ASV_00651,0.5342465753424658,pos,Farm,IT2
ASV_00378,ASV_00656,0.5374149659863946,pos,Farm,IT2
ASV_00378,ASV_00676,0.5533333333333333,pos,Farm,IT2
ASV_00378,ASV_00679,0.5578231292517006,pos,Farm,IT2
ASV_00378,ASV_00687,0.5342465753424658,pos,Farm,IT2
ASV_00378,ASV_00718,0.5174825174825175,pos,Farm,IT2
ASV_00378,ASV_00769,0.5342465753424658,pos,Farm,IT2
ASV_00378,ASV_00778,0.5142857142857142,pos,Farm,IT2
ASV_00378,ASV_00808,0.5454545454545454,pos,Farm,IT2
ASV_00378,ASV_00809,0.5933333333333334,pos,Farm,IT2
ASV_00378,ASV_00811,0.5369127516778524,pos,Farm,IT2
ASV_00378,ASV_00821,0.54421768707483,pos,Farm,IT2
ASV_00378,ASV_00873,0.5069444444444444,pos,Farm,IT2
ASV_00378,ASV_00875,0.581081081081081,pos,Farm,IT2
ASV_00378,ASV_00931,0.5136986301369864,pos,Farm,IT2
ASV_00378,ASV_00935,0.5306122448979592,pos,Farm,IT2
ASV_00378,ASV_00989,0.4965034965034965,pos,Farm,IT2
ASV_00378,ASV_01048,0.5273972602739726,pos,Farm,IT2
ASV_00378,ASV_01071,0.5310344827586206,pos,Farm,IT2
ASV_00378,ASV_01101,0.5510204081632653,pos,Farm,IT2
ASV_00378,ASV_01119,0.5704697986577181,pos,Farm,IT2
ASV_00378,ASV_01124,0.5734265734265734,pos,Farm,IT2
ASV_00378,ASV_01179,0.5103448275862069,pos,Farm,IT2
ASV_00378,ASV_01223,0.5401459854014599,pos,Farm,IT2
ASV_00378,ASV_01328,0.5205479452054794,pos,Farm,IT2
ASV_00378,ASV_01342,0.5838926174496645,pos,Farm,IT2
ASV_00378,ASV_01941,0.5510204081632653,pos,Farm,IT2
ASV_00380,ASV_00399,0.5104895104895105,pos,Farm,IT2
ASV_00380,ASV_00404,0.4927536231884058,pos,Farm,IT2
ASV_00380,ASV_00416,0.5035460992907801,pos,Farm,IT2
ASV_00380,ASV_00422,0.49295774647887325,pos,Farm,IT2
ASV_00380,ASV_00443,0.4857142857142857,pos,Farm,IT2
ASV_00380,ASV_00458,0.48201438848920863,pos,Farm,IT2
ASV_00380,ASV_00493,0.5172413793103449,pos,Farm,IT2
ASV_00380,ASV_00494,0.5,pos,Farm,IT2
ASV_00380,ASV_00501,0.5177304964539007,pos,Farm,IT2
ASV_00380,ASV_00503,0.49295774647887325,pos,Farm,IT2
ASV_00380,ASV_00506,0.4785714285714286,pos,Farm,IT2
ASV_00380,ASV_00508,0.5255474452554745,pos,Farm,IT2
ASV_00380,ASV_00534,0.5555555555555556,pos,Farm,IT2
ASV_00380,ASV_00548,0.4676258992805755,pos,Farm,IT2
ASV_00380,ASV_00550,0.5138888888888888,pos,Farm,IT2
ASV_00380,ASV_00570,0.48201438848920863,pos,Farm,IT2
ASV_00380,ASV_00615,0.4748201438848921,pos,Farm,IT2
ASV_00380,ASV_00628,0.48936170212765956,pos,Farm,IT2
ASV_00380,ASV_00633,0.5140845070422535,pos,Farm,IT2
ASV_00380,ASV_00638,0.5069444444444444,pos,Farm,IT2
ASV_00380,ASV_00641,0.5172413793103449,pos,Farm,IT2
ASV_00380,ASV_00645,0.4855072463768116,pos,Farm,IT2
ASV_00380,ASV_00668,0.5035971223021583,pos,Farm,IT2
ASV_00380,ASV_00671,0.4928571428571429,pos,Farm,IT2
ASV_00380,ASV_00760,0.5172413793103449,pos,Farm,IT2
ASV_00380,ASV_00815,0.5405405405405406,pos,Farm,IT2
ASV_00380,ASV_00829,0.49645390070921985,pos,Farm,IT2
ASV_00380,ASV_00865,0.5177304964539007,pos,Farm,IT2
ASV_00380,ASV_00873,0.4748201438848921,pos,Farm,IT2
ASV_00380,ASV_00875,0.5205479452054794,pos,Farm,IT2
ASV_00380,ASV_00890,0.5034965034965035,pos,Farm,IT2
ASV_00380,ASV_00912,0.4852941176470588,pos,Farm,IT2
ASV_00380,ASV_00931,0.5144927536231884,pos,Farm,IT2
ASV_00380,ASV_01018,0.48226950354609927,pos,Farm,IT2
ASV_00380,ASV_01101,0.5211267605633803,pos,Farm,IT2
ASV_00380,ASV_01223,0.4632352941176471,pos,Farm,IT2
ASV_00380,ASV_01288,0.5211267605633803,pos,Farm,IT2
ASV_00380,ASV_01503,0.5140845070422535,pos,Farm,IT2
ASV_00381,ASV_00397,0.5214285714285715,pos,Farm,IT2
ASV_00381,ASV_00421,0.5,pos,Farm,IT2
ASV_00381,ASV_00425,0.49640287769784175,pos,Farm,IT2
ASV_00381,ASV_00455,0.4928571428571429,pos,Farm,IT2
ASV_00381,ASV_00486,0.5170068027210885,pos,Farm,IT2
ASV_00381,ASV_00520,0.5211267605633803,pos,Farm,IT2
ASV_00381,ASV_00528,0.4928571428571429,pos,Farm,IT2
ASV_00381,ASV_00559,0.49645390070921985,pos,Farm,IT2
ASV_00381,ASV_00587,0.4928571428571429,pos,Farm,IT2
ASV_00381,ASV_00620,0.528169014084507,pos,Farm,IT2
ASV_00381,ASV_00628,0.5,pos,Farm,IT2
ASV_00381,ASV_00643,0.5,pos,Farm,IT2
ASV_00381,ASV_00651,0.49295774647887325,pos,Farm,IT2
ASV_00381,ASV_00673,0.5273972602739726,pos,Farm,IT2
ASV_00381,ASV_00709,0.5035460992907801,pos,Farm,IT2
ASV_00381,ASV_00718,0.5073529411764706,pos,Farm,IT2
ASV_00381,ASV_00732,0.5107913669064749,pos,Farm,IT2
ASV_00381,ASV_00757,0.5,pos,Farm,IT2
ASV_00381,ASV_00769,0.49295774647887325,pos,Farm,IT2
ASV_00381,ASV_00781,0.5035460992907801,pos,Farm,IT2
ASV_00381,ASV_00798,0.5352112676056338,pos,Farm,IT2
ASV_00381,ASV_00809,0.5655172413793104,pos,Farm,IT2
ASV_00381,ASV_00817,0.5347222222222222,pos,Farm,IT2
ASV_00381,ASV_00873,0.49635036496350365,pos,Farm,IT2
ASV_00381,ASV_00912,0.4852941176470588,pos,Farm,IT2
ASV_00381,ASV_00924,0.46715328467153283,pos,Farm,IT2
ASV_00381,ASV_01092,0.5205479452054794,pos,Farm,IT2
ASV_00381,ASV_01119,0.5310344827586206,pos,Farm,IT2
ASV_00381,ASV_01288,0.5211267605633803,pos,Farm,IT2
ASV_00381,ASV_01328,0.5,pos,Farm,IT2
ASV_00381,ASV_01385,0.4859154929577465,pos,Farm,IT2
ASV_00381,ASV_01417,0.5035460992907801,pos,Farm,IT2
ASV_00381,ASV_01578,0.4965034965034965,pos,Farm,IT2
ASV_00382,ASV_00447,0.5547945205479452,pos,Farm,IT2
ASV_00382,ASV_00467,0.5533333333333333,pos,Farm,IT2
ASV_00382,ASV_00468,0.5149253731343284,pos,Farm,IT2
ASV_00382,ASV_00485,0.541095890410959,pos,Farm,IT2
ASV_00382,ASV_00490,0.5637583892617449,pos,Farm,IT2
ASV_00382,ASV_00495,0.5070422535211268,pos,Farm,IT2
ASV_00382,ASV_00521,0.5369127516778524,pos,Farm,IT2
ASV_00382,ASV_00534,0.5637583892617449,pos,Farm,IT2
ASV_00382,ASV_00536,0.564625850340136,pos,Farm,IT2
ASV_00382,ASV_00544,0.5172413793103449,pos,Farm,IT2
ASV_00382,ASV_00548,0.48951048951048953,pos,Farm,IT2
ASV_00382,ASV_00581,0.49645390070921985,pos,Farm,IT2
ASV_00382,ASV_00594,0.5310344827586206,pos,Farm,IT2
ASV_00382,ASV_00615,0.4965034965034965,pos,Farm,IT2
ASV_00382,ASV_00633,0.5555555555555556,pos,Farm,IT2
ASV_00382,ASV_00641,0.5369127516778524,pos,Farm,IT2
ASV_00382,ASV_00651,0.5136986301369864,pos,Farm,IT2
ASV_00382,ASV_00673,0.5466666666666666,pos,Farm,IT2
ASV_00382,ASV_00709,0.5454545454545454,pos,Farm,IT2
ASV_00382,ASV_00714,0.48951048951048953,pos,Farm,IT2
ASV_00382,ASV_00718,0.5285714285714286,pos,Farm,IT2
ASV_00382,ASV_00734,0.5517241379310345,pos,Farm,IT2
ASV_00382,ASV_00802,0.5472972972972973,pos,Farm,IT2
ASV_00382,ASV_00807,0.5594405594405595,pos,Farm,IT2
ASV_00382,ASV_00808,0.5138888888888888,pos,Farm,IT2
ASV_00382,ASV_00811,0.547945205479452,pos,Farm,IT2
ASV_00382,ASV_00817,0.5540540540540541,pos,Farm,IT2
ASV_00382,ASV_00842,0.5140845070422535,pos,Farm,IT2
ASV_00382,ASV_00869,0.5369127516778524,pos,Farm,IT2
ASV_00382,ASV_00929,0.54421768707483,pos,Farm,IT2
ASV_00382,ASV_01071,0.5422535211267606,pos,Farm,IT2
ASV_00382,ASV_01101,0.5625,pos,Farm,IT2
ASV_00382,ASV_01253,0.5310344827586206,pos,Farm,IT2
ASV_00382,ASV_01267,0.5492957746478874,pos,Farm,IT2
ASV_00382,ASV_01288,0.5306122448979592,pos,Farm,IT2
ASV_00382,ASV_01328,0.5422535211267606,pos,Farm,IT2
ASV_00382,ASV_01342,0.5637583892617449,pos,Farm,IT2
ASV_00382,ASV_01426,0.5808823529411765,pos,Farm,IT2
ASV_00382,ASV_01941,0.541095890410959,pos,Farm,IT2
ASV_00382,ASV_02332,0.5337837837837838,pos,Farm,IT2
ASV_00384,ASV_00391,0.48936170212765956,pos,Farm,IT2
ASV_00384,ASV_00409,0.5071428571428571,pos,Farm,IT2
ASV_00384,ASV_00410,0.5,pos,Farm,IT2
ASV_00384,ASV_00412,0.48936170212765956,pos,Farm,IT2
ASV_00384,ASV_00415,0.5069444444444444,pos,Farm,IT2
ASV_00384,ASV_00422,0.5,pos,Farm,IT2
ASV_00384,ASV_00425,0.5035460992907801,pos,Farm,IT2
ASV_00384,ASV_00438,0.5428571428571428,pos,Farm,IT2
ASV_00384,ASV_00440,0.5142857142857142,pos,Farm,IT2
ASV_00384,ASV_00442,0.5273972602739726,pos,Farm,IT2
ASV_00384,ASV_00444,0.5174825174825175,pos,Farm,IT2
ASV_00384,ASV_00445,0.5104895104895105,pos,Farm,IT2
ASV_00384,ASV_00447,0.5416666666666666,pos,Farm,IT2
ASV_00384,ASV_00453,0.5314685314685315,pos,Farm,IT2
ASV_00384,ASV_00460,0.5103448275862069,pos,Farm,IT2
ASV_00384,ASV_00463,0.5136986301369864,pos,Farm,IT2
ASV_00384,ASV_00474,0.5277777777777778,pos,Farm,IT2
ASV_00384,ASV_00485,0.5384615384615384,pos,Farm,IT2
ASV_00384,ASV_00486,0.5337837837837838,pos,Farm,IT2
ASV_00384,ASV_00488,0.5845070422535211,pos,Farm,IT2
ASV_00384,ASV_00494,0.5174825174825175,pos,Farm,IT2
ASV_00384,ASV_00503,0.5,pos,Farm,IT2
ASV_00384,ASV_00506,0.4859154929577465,pos,Farm,IT2
ASV_00384,ASV_00508,0.5214285714285715,pos,Farm,IT2
ASV_00384,ASV_00513,0.5428571428571428,pos,Farm,IT2
ASV_00384,ASV_00517,0.5142857142857142,pos,Farm,IT2
ASV_00384,ASV_00518,0.5374149659863946,pos,Farm,IT2
ASV_00384,ASV_00521,0.5342465753424658,pos,Farm,IT2
ASV_00384,ASV_00524,0.5401459854014599,pos,Farm,IT2
ASV_00384,ASV_00528,0.5106382978723404,pos,Farm,IT2
ASV_00384,ASV_00530,0.528169014084507,pos,Farm,IT2
ASV_00384,ASV_00533,0.5034965034965035,pos,Farm,IT2
ASV_00384,ASV_00536,0.541095890410959,pos,Farm,IT2
ASV_00384,ASV_00542,0.547945205479452,pos,Farm,IT2
ASV_00384,ASV_00548,0.5522388059701493,pos,Farm,IT2
ASV_00384,ASV_00554,0.5172413793103449,pos,Farm,IT2
ASV_00384,ASV_00568,0.5205479452054794,pos,Farm,IT2
ASV_00384,ASV_00570,0.48936170212765956,pos,Farm,IT2
ASV_00384,ASV_00571,0.5172413793103449,pos,Farm,IT2
ASV_00384,ASV_00572,0.5369127516778524,pos,Farm,IT2
ASV_00384,ASV_00587,0.5214285714285715,pos,Farm,IT2
ASV_00384,ASV_00618,0.5104895104895105,pos,Farm,IT2
ASV_00384,ASV_00630,0.49640287769784175,pos,Farm,IT2
ASV_00384,ASV_00635,0.5342465753424658,pos,Farm,IT2
ASV_00384,ASV_00638,0.5241379310344828,pos,Farm,IT2
ASV_00384,ASV_00643,0.5069444444444444,pos,Farm,IT2
ASV_00384,ASV_00656,0.5138888888888888,pos,Farm,IT2
ASV_00384,ASV_00662,0.5362318840579711,pos,Farm,IT2
ASV_00384,ASV_00665,0.48226950354609927,pos,Farm,IT2
ASV_00384,ASV_00668,0.5214285714285715,pos,Farm,IT2
ASV_00384,ASV_00697,0.5217391304347826,pos,Farm,IT2
ASV_00384,ASV_00718,0.5035971223021583,pos,Farm,IT2
ASV_00384,ASV_00721,0.5182481751824818,pos,Farm,IT2
ASV_00384,ASV_00758,0.5531914893617021,pos,Farm,IT2
ASV_00384,ASV_00760,0.5238095238095238,pos,Farm,IT2
ASV_00384,ASV_00769,0.6,pos,Farm,IT2
ASV_00384,ASV_00772,0.5174825174825175,pos,Farm,IT2
ASV_00384,ASV_00778,0.5111111111111111,pos,Farm,IT2
ASV_00384,ASV_00782,0.5104895104895105,pos,Farm,IT2
ASV_00384,ASV_00801,0.48226950354609927,pos,Farm,IT2
ASV_00384,ASV_00807,0.5683453237410072,pos,Farm,IT2
ASV_00384,ASV_00808,0.5106382978723404,pos,Farm,IT2
ASV_00384,ASV_00821,0.5103448275862069,pos,Farm,IT2
ASV_00384,ASV_00842,0.5,pos,Farm,IT2
ASV_00384,ASV_00912,0.5036496350364964,pos,Farm,IT2
ASV_00384,ASV_00959,0.5174825174825175,pos,Farm,IT2
ASV_00384,ASV_01018,0.5,pos,Farm,IT2
ASV_00384,ASV_01087,0.5208333333333334,pos,Farm,IT2
ASV_00384,ASV_01101,0.5277777777777778,pos,Farm,IT2
ASV_00384,ASV_01119,0.527027027027027,pos,Farm,IT2
ASV_00384,ASV_01204,0.5342465753424658,pos,Farm,IT2
ASV_00384,ASV_01223,0.5149253731343284,pos,Farm,IT2
ASV_00384,ASV_01249,0.5,pos,Farm,IT2
ASV_00384,ASV_01253,0.5069444444444444,pos,Farm,IT2
ASV_00384,ASV_01342,0.5833333333333334,pos,Farm,IT2
ASV_00384,ASV_01458,0.5109489051094891,pos,Farm,IT2
ASV_00384,ASV_02020,0.5034965034965035,pos,Farm,IT2
ASV_00384,ASV_02149,0.49645390070921985,pos,Farm,IT2
ASV_00387,ASV_00390,0.5369127516778524,pos,Farm,IT2
ASV_00387,ASV_00397,0.5103448275862069,pos,Farm,IT2
ASV_00387,ASV_00400,0.5379310344827586,pos,Farm,IT2
ASV_00387,ASV_00422,0.5138888888888888,pos,Farm,IT2
ASV_00387,ASV_00423,0.5342465753424658,pos,Farm,IT2
ASV_00387,ASV_00464,0.5238095238095238,pos,Farm,IT2
ASV_00387,ASV_00485,0.5971223021582733,pos,Farm,IT2
ASV_00387,ASV_00511,0.4928571428571429,pos,Farm,IT2
ASV_00387,ASV_00628,0.5,pos,Farm,IT2
ASV_00387,ASV_00643,0.5531914893617021,pos,Farm,IT2
ASV_00387,ASV_00673,0.5472972972972973,pos,Farm,IT2
ASV_00387,ASV_00718,0.5179856115107914,pos,Farm,IT2
ASV_00387,ASV_00727,0.5070422535211268,pos,Farm,IT2
ASV_00387,ASV_00757,0.5205479452054794,pos,Farm,IT2
ASV_00387,ASV_00891,0.5466666666666666,pos,Farm,IT2
ASV_00387,ASV_01267,0.5069444444444444,pos,Farm,IT2
ASV_00387,ASV_01288,0.5205479452054794,pos,Farm,IT2
ASV_00389,ASV_00393,0.49640287769784175,pos,Farm,IT2
ASV_00389,ASV_00402,0.4785714285714286,pos,Farm,IT2
ASV_00389,ASV_00404,0.5142857142857142,pos,Farm,IT2
ASV_00389,ASV_00416,0.5244755244755245,pos,Farm,IT2
ASV_00389,ASV_00421,0.5205479452054794,pos,Farm,IT2
ASV_00389,ASV_00429,0.49635036496350365,pos,Farm,IT2
ASV_00389,ASV_00440,0.4965034965034965,pos,Farm,IT2
ASV_00389,ASV_00441,0.5140845070422535,pos,Farm,IT2
ASV_00389,ASV_00443,0.4965034965034965,pos,Farm,IT2
ASV_00389,ASV_00444,0.5103448275862069,pos,Farm,IT2
ASV_00389,ASV_00453,0.5563380281690141,pos,Farm,IT2
ASV_00389,ASV_00458,0.5142857142857142,pos,Farm,IT2
ASV_00389,ASV_00459,0.5241379310344828,pos,Farm,IT2
ASV_00389,ASV_00465,0.5138888888888888,pos,Farm,IT2
ASV_00389,ASV_00467,0.5540540540540541,pos,Farm,IT2
ASV_00389,ASV_00479,0.5238095238095238,pos,Farm,IT2
ASV_00389,ASV_00482,0.5695364238410596,pos,Farm,IT2
ASV_00389,ASV_00485,0.5524475524475524,pos,Farm,IT2
ASV_00389,ASV_00494,0.5314685314685315,pos,Farm,IT2
ASV_00389,ASV_00495,0.5071428571428571,pos,Farm,IT2
ASV_00389,ASV_00498,0.5072463768115942,pos,Farm,IT2
ASV_00389,ASV_00504,0.5472972972972973,pos,Farm,IT2
ASV_00389,ASV_00511,0.5035971223021583,pos,Farm,IT2
ASV_00389,ASV_00517,0.5177304964539007,pos,Farm,IT2
ASV_00389,ASV_00518,0.5405405405405406,pos,Farm,IT2
ASV_00389,ASV_00536,0.5337837837837838,pos,Farm,IT2
ASV_00389,ASV_00550,0.5342465753424658,pos,Farm,IT2
ASV_00389,ASV_00561,0.5592105263157895,pos,Farm,IT2
ASV_00389,ASV_00566,0.5244755244755245,pos,Farm,IT2
ASV_00389,ASV_00570,0.5142857142857142,pos,Farm,IT2
ASV_00389,ASV_00581,0.4857142857142857,pos,Farm,IT2
ASV_00389,ASV_00612,0.5273972602739726,pos,Farm,IT2
ASV_00389,ASV_00615,0.5401459854014599,pos,Farm,IT2
ASV_00389,ASV_00636,0.5533333333333333,pos,Farm,IT2
ASV_00389,ASV_00638,0.5273972602739726,pos,Farm,IT2
ASV_00389,ASV_00643,0.5314685314685315,pos,Farm,IT2
ASV_00389,ASV_00656,0.5172413793103449,pos,Farm,IT2
ASV_00389,ASV_00671,0.5034965034965035,pos,Farm,IT2
ASV_00389,ASV_00686,0.5384615384615384,pos,Farm,IT2
ASV_00389,ASV_00728,0.48226950354609927,pos,Farm,IT2
ASV_00389,ASV_00769,0.5138888888888888,pos,Farm,IT2
ASV_00389,ASV_00793,0.5140845070422535,pos,Farm,IT2
ASV_00389,ASV_00811,0.5486111111111112,pos,Farm,IT2
ASV_00389,ASV_00815,0.5496688741721855,pos,Farm,IT2
ASV_00389,ASV_00822,0.5384615384615384,pos,Farm,IT2
ASV_00389,ASV_00829,0.528169014084507,pos,Farm,IT2
ASV_00389,ASV_00843,0.5273972602739726,pos,Farm,IT2
ASV_00389,ASV_00848,0.5486111111111112,pos,Farm,IT2
ASV_00389,ASV_00865,0.5277777777777778,pos,Farm,IT2
ASV_00389,ASV_00890,0.5136986301369864,pos,Farm,IT2
ASV_00389,ASV_00891,0.5675675675675675,pos,Farm,IT2
ASV_00389,ASV_00931,0.5034965034965035,pos,Farm,IT2
ASV_00389,ASV_00935,0.5208333333333334,pos,Farm,IT2
ASV_00389,ASV_00952,0.5177304964539007,pos,Farm,IT2
ASV_00389,ASV_00958,0.5138888888888888,pos,Farm,IT2
ASV_00389,ASV_00959,0.5422535211267606,pos,Farm,IT2
ASV_00389,ASV_01018,0.524822695035461,pos,Farm,IT2
ASV_00389,ASV_01023,0.5586206896551724,pos,Farm,IT2
ASV_00389,ASV_01065,0.5035460992907801,pos,Farm,IT2
ASV_00389,ASV_01087,0.5454545454545454,pos,Farm,IT2
ASV_00389,ASV_01152,0.5174825174825175,pos,Farm,IT2
ASV_00389,ASV_01204,0.547945205479452,pos,Farm,IT2
ASV_00389,ASV_01349,0.5103448275862069,pos,Farm,IT2
ASV_00389,ASV_01512,0.5,pos,Farm,IT2
ASV_00389,ASV_02332,0.5555555555555556,pos,Farm,IT2
ASV_00390,ASV_00397,0.5405405405405406,pos,Farm,IT2
ASV_00390,ASV_00400,0.5570469798657718,pos,Farm,IT2
ASV_00390,ASV_00407,0.541095890410959,pos,Farm,IT2
ASV_00390,ASV_00410,0.5655172413793104,pos,Farm,IT2
ASV_00390,ASV_00412,0.5347222222222222,pos,Farm,IT2
ASV_00390,ASV_00425,0.5273972602739726,pos,Farm,IT2
ASV_00390,ASV_00442,0.581081081081081,pos,Farm,IT2
ASV_00390,ASV_00443,0.5704225352112676,pos,Farm,IT2
ASV_00390,ASV_00444,0.5405405405405406,pos,Farm,IT2
ASV_00390,ASV_00451,0.5945945945945946,pos,Farm,IT2
ASV_00390,ASV_00453,0.5436241610738255,pos,Farm,IT2
ASV_00390,ASV_00459,0.5436241610738255,pos,Farm,IT2
ASV_00390,ASV_00486,0.5657894736842105,pos,Farm,IT2
ASV_00390,ASV_00493,0.5878378378378378,pos,Farm,IT2
ASV_00390,ASV_00495,0.5068493150684932,pos,Farm,IT2
ASV_00390,ASV_00498,0.496551724137931,pos,Farm,IT2
ASV_00390,ASV_00507,0.5510204081632653,pos,Farm,IT2
ASV_00390,ASV_00508,0.5342465753424658,pos,Farm,IT2
ASV_00390,ASV_00513,0.54421768707483,pos,Farm,IT2
ASV_00390,ASV_00528,0.5555555555555556,pos,Farm,IT2
ASV_00390,ASV_00543,0.5503355704697986,pos,Farm,IT2
ASV_00390,ASV_00550,0.5533333333333333,pos,Farm,IT2
ASV_00390,ASV_00554,0.5714285714285714,pos,Farm,IT2
ASV_00390,ASV_00555,0.5503355704697986,pos,Farm,IT2
ASV_00390,ASV_00572,0.610738255033557,pos,Farm,IT2
ASV_00390,ASV_00587,0.5238095238095238,pos,Farm,IT2
ASV_00390,ASV_00595,0.5342465753424658,pos,Farm,IT2
ASV_00390,ASV_00596,0.5069444444444444,pos,Farm,IT2
ASV_00390,ASV_00611,0.5821917808219178,pos,Farm,IT2
ASV_00390,ASV_00613,0.496551724137931,pos,Farm,IT2
ASV_00390,ASV_00618,0.5547945205479452,pos,Farm,IT2
ASV_00390,ASV_00622,0.55,pos,Farm,IT2
ASV_00390,ASV_00635,0.5878378378378378,pos,Farm,IT2
ASV_00390,ASV_00641,0.5562913907284768,pos,Farm,IT2
ASV_00390,ASV_00643,0.5724137931034483,pos,Farm,IT2
ASV_00390,ASV_00662,0.5379310344827586,pos,Farm,IT2
ASV_00390,ASV_00668,0.5342465753424658,pos,Farm,IT2
ASV_00390,ASV_00671,0.6,pos,Farm,IT2
ASV_00390,ASV_00687,0.5547945205479452,pos,Farm,IT2
ASV_00390,ASV_00709,0.5763888888888888,pos,Farm,IT2
ASV_00390,ASV_00718,0.5172413793103449,pos,Farm,IT2
ASV_00390,ASV_00757,0.5503355704697986,pos,Farm,IT2
ASV_00390,ASV_00772,0.5944055944055944,pos,Farm,IT2
ASV_00390,ASV_00778,0.5034965034965035,pos,Farm,IT2
ASV_00390,ASV_00782,0.5337837837837838,pos,Farm,IT2
ASV_00390,ASV_00807,0.5369127516778524,pos,Farm,IT2
ASV_00390,ASV_00808,0.5664335664335665,pos,Farm,IT2
ASV_00390,ASV_00822,0.5472972972972973,pos,Farm,IT2
ASV_00390,ASV_00829,0.5586206896551724,pos,Farm,IT2
ASV_00390,ASV_00843,0.5782312925170068,pos,Farm,IT2
ASV_00390,ASV_00845,0.5314685314685315,pos,Farm,IT2
ASV_00390,ASV_00865,0.6357142857142857,pos,Farm,IT2
ASV_00390,ASV_00875,0.5906040268456376,pos,Farm,IT2
ASV_00390,ASV_00924,0.5,pos,Farm,IT2
ASV_00390,ASV_00931,0.5238095238095238,pos,Farm,IT2
ASV_00390,ASV_00959,0.5510204081632653,pos,Farm,IT2
ASV_00390,ASV_00966,0.496551724137931,pos,Farm,IT2
ASV_00390,ASV_00984,0.5369127516778524,pos,Farm,IT2
ASV_00390,ASV_01018,0.5664335664335665,pos,Farm,IT2
ASV_00390,ASV_01023,0.5562913907284768,pos,Farm,IT2
ASV_00390,ASV_01153,0.5273972602739726,pos,Farm,IT2
ASV_00390,ASV_01204,0.5562913907284768,pos,Farm,IT2
ASV_00390,ASV_01276,0.5136986301369864,pos,Farm,IT2
ASV_00390,ASV_01491,0.5337837837837838,pos,Farm,IT2
ASV_00391,ASV_00397,0.4859154929577465,pos,Farm,IT2
ASV_00391,ASV_00402,0.4740740740740741,pos,Farm,IT2
ASV_00391,ASV_00403,0.5034965034965035,pos,Farm,IT2
ASV_00391,ASV_00409,0.49635036496350365,pos,Farm,IT2
ASV_00391,ASV_00412,0.4676258992805755,pos,Farm,IT2
ASV_00391,ASV_00421,0.539568345323741,pos,Farm,IT2
ASV_00391,ASV_00425,0.5147058823529411,pos,Farm,IT2
ASV_00391,ASV_00444,0.4859154929577465,pos,Farm,IT2
ASV_00391,ASV_00445,0.5,pos,Farm,IT2
ASV_00391,ASV_00452,0.4927536231884058,pos,Farm,IT2
ASV_00391,ASV_00460,0.5106382978723404,pos,Farm,IT2
ASV_00391,ASV_00464,0.5539568345323741,pos,Farm,IT2
ASV_00391,ASV_00479,0.5539568345323741,pos,Farm,IT2
ASV_00391,ASV_00486,0.5136986301369864,pos,Farm,IT2
ASV_00391,ASV_00493,0.5244755244755245,pos,Farm,IT2
ASV_00391,ASV_00503,0.5,pos,Farm,IT2
ASV_00391,ASV_00517,0.5036496350364964,pos,Farm,IT2
ASV_00391,ASV_00518,0.5714285714285714,pos,Farm,IT2
ASV_00391,ASV_00529,0.4962962962962963,pos,Farm,IT2
ASV_00391,ASV_00533,0.48226950354609927,pos,Farm,IT2
ASV_00391,ASV_00543,0.5070422535211268,pos,Farm,IT2
ASV_00391,ASV_00566,0.5217391304347826,pos,Farm,IT2
ASV_00391,ASV_00568,0.5428571428571428,pos,Farm,IT2
ASV_00391,ASV_00569,0.5036496350364964,pos,Farm,IT2
ASV_00391,ASV_00570,0.4676258992805755,pos,Farm,IT2
ASV_00391,ASV_00571,0.5070422535211268,pos,Farm,IT2
ASV_00391,ASV_00572,0.5486111111111112,pos,Farm,IT2
ASV_00391,ASV_00574,0.5104895104895105,pos,Farm,IT2
ASV_00391,ASV_00587,0.5,pos,Farm,IT2
ASV_00391,ASV_00612,0.5034965034965035,pos,Farm,IT2
ASV_00391,ASV_00628,0.5294117647058824,pos,Farm,IT2
ASV_00391,ASV_00638,0.5467625899280576,pos,Farm,IT2
ASV_00391,ASV_00643,0.5071428571428571,pos,Farm,IT2
ASV_00391,ASV_00656,0.5142857142857142,pos,Farm,IT2
ASV_00391,ASV_00665,0.47101449275362317,pos,Farm,IT2
ASV_00391,ASV_00673,0.5241379310344828,pos,Farm,IT2
ASV_00391,ASV_00679,0.5034965034965035,pos,Farm,IT2
ASV_00391,ASV_00728,0.5,pos,Farm,IT2
ASV_00391,ASV_00732,0.4857142857142857,pos,Farm,IT2
ASV_00391,ASV_00772,0.5401459854014599,pos,Farm,IT2
ASV_00391,ASV_00778,0.48872180451127817,pos,Farm,IT2
ASV_00391,ASV_00807,0.49295774647887325,pos,Farm,IT2
ASV_00391,ASV_00808,0.5109489051094891,pos,Farm,IT2
ASV_00391,ASV_00809,0.5625,pos,Farm,IT2
ASV_00391,ASV_00817,0.5208333333333334,pos,Farm,IT2
ASV_00391,ASV_00822,0.5035460992907801,pos,Farm,IT2
ASV_00391,ASV_00829,0.48226950354609927,pos,Farm,IT2
ASV_00391,ASV_00842,0.48905109489051096,pos,Farm,IT2
ASV_00391,ASV_00843,0.524822695035461,pos,Farm,IT2
ASV_00391,ASV_00873,0.5149253731343284,pos,Farm,IT2
ASV_00391,ASV_00875,0.5277777777777778,pos,Farm,IT2
ASV_00391,ASV_00891,0.5342465753424658,pos,Farm,IT2
ASV_00391,ASV_00906,0.5205479452054794,pos,Farm,IT2
ASV_00391,ASV_00912,0.4925373134328358,pos,Farm,IT2
ASV_00391,ASV_00966,0.45985401459854014,pos,Farm,IT2
ASV_00391,ASV_00989,0.47058823529411764,pos,Farm,IT2
ASV_00391,ASV_01023,0.5138888888888888,pos,Farm,IT2
ASV_00391,ASV_01092,0.5492957746478874,pos,Farm,IT2
ASV_00391,ASV_01250,0.5208333333333334,pos,Farm,IT2
ASV_00391,ASV_01417,0.5,pos,Farm,IT2
ASV_00391,ASV_01458,0.47794117647058826,pos,Farm,IT2
ASV_00391,ASV_01491,0.5328467153284672,pos,Farm,IT2
ASV_00391,ASV_01578,0.5035460992907801,pos,Farm,IT2
ASV_00393,ASV_00397,0.5,pos,Farm,IT2
ASV_00393,ASV_00398,0.48936170212765956,pos,Farm,IT2
ASV_00393,ASV_00402,0.4552238805970149,pos,Farm,IT2
ASV_00393,ASV_00403,0.49645390070921985,pos,Farm,IT2
ASV_00393,ASV_00404,0.45985401459854014,pos,Farm,IT2
ASV_00393,ASV_00412,0.48148148148148145,pos,Farm,IT2
ASV_00393,ASV_00425,0.4744525547445255,pos,Farm,IT2
ASV_00393,ASV_00440,0.4852941176470588,pos,Farm,IT2
ASV_00393,ASV_00441,0.5037037037037037,pos,Farm,IT2
ASV_00393,ASV_00463,0.4859154929577465,pos,Farm,IT2
ASV_00393,ASV_00474,0.48936170212765956,pos,Farm,IT2
ASV_00393,ASV_00488,0.4930555555555556,pos,Farm,IT2
ASV_00393,ASV_00495,0.48507462686567165,pos,Farm,IT2
ASV_00393,ASV_00504,0.496551724137931,pos,Farm,IT2
ASV_00393,ASV_00507,0.5,pos,Farm,IT2
ASV_00393,ASV_00514,0.5102040816326531,pos,Farm,IT2
ASV_00393,ASV_00517,0.4962962962962963,pos,Farm,IT2
ASV_00393,ASV_00518,0.5104895104895105,pos,Farm,IT2
ASV_00393,ASV_00533,0.4748201438848921,pos,Farm,IT2
ASV_00393,ASV_00534,0.503448275862069,pos,Farm,IT2
ASV_00393,ASV_00543,0.5217391304347826,pos,Farm,IT2
ASV_00393,ASV_00548,0.5,pos,Farm,IT2
ASV_00393,ASV_00551,0.5035971223021583,pos,Farm,IT2
ASV_00393,ASV_00561,0.5202702702702703,pos,Farm,IT2
ASV_00393,ASV_00570,0.48148148148148145,pos,Farm,IT2
ASV_00393,ASV_00572,0.5208333333333334,pos,Farm,IT2
ASV_00393,ASV_00581,0.4626865671641791,pos,Farm,IT2
ASV_00393,ASV_00620,0.5071428571428571,pos,Farm,IT2
ASV_00393,ASV_00630,0.45588235294117646,pos,Farm,IT2
ASV_00393,ASV_00636,0.5136986301369864,pos,Farm,IT2
ASV_00393,ASV_00638,0.5179856115107914,pos,Farm,IT2
ASV_00393,ASV_00709,0.48201438848920863,pos,Farm,IT2
ASV_00393,ASV_00758,0.48226950354609927,pos,Farm,IT2
ASV_00393,ASV_00772,0.5220588235294118,pos,Farm,IT2
ASV_00393,ASV_00793,0.49264705882352944,pos,Farm,IT2
ASV_00393,ASV_00801,0.48507462686567165,pos,Farm,IT2
ASV_00393,ASV_00807,0.49640287769784175,pos,Farm,IT2
ASV_00393,ASV_00809,0.5241379310344828,pos,Farm,IT2
ASV_00393,ASV_00821,0.4928571428571429,pos,Farm,IT2
ASV_00393,ASV_00829,0.4748201438848921,pos,Farm,IT2
ASV_00393,ASV_00842,0.47058823529411764,pos,Farm,IT2
ASV_00393,ASV_00843,0.5071428571428571,pos,Farm,IT2
ASV_00393,ASV_00890,0.48226950354609927,pos,Farm,IT2
ASV_00393,ASV_00912,0.45185185185185184,pos,Farm,IT2
ASV_00393,ASV_00952,0.5074626865671642,pos,Farm,IT2
ASV_00393,ASV_01092,0.5,pos,Farm,IT2
ASV_00393,ASV_01119,0.5104895104895105,pos,Farm,IT2
ASV_00393,ASV_01276,0.47058823529411764,pos,Farm,IT2
ASV_00393,ASV_01288,0.48936170212765956,pos,Farm,IT2
ASV_00393,ASV_01458,0.5038167938931297,pos,Farm,IT2
ASV_00393,ASV_01541,0.4928571428571429,pos,Farm,IT2
ASV_00393,ASV_02020,0.49635036496350365,pos,Farm,IT2
ASV_00393,ASV_02149,0.47794117647058826,pos,Farm,IT2
ASV_00395,ASV_00403,0.5174825174825175,pos,Farm,IT2
ASV_00395,ASV_00410,0.5142857142857142,pos,Farm,IT2
ASV_00395,ASV_00421,0.5104895104895105,pos,Farm,IT2
ASV_00395,ASV_00425,0.5072463768115942,pos,Farm,IT2
ASV_00395,ASV_00426,0.5578231292517006,pos,Farm,IT2
ASV_00395,ASV_00445,0.5142857142857142,pos,Farm,IT2
ASV_00395,ASV_00453,0.5467625899280576,pos,Farm,IT2
ASV_00395,ASV_00454,0.5422535211267606,pos,Farm,IT2
ASV_00395,ASV_00458,0.48201438848920863,pos,Farm,IT2
ASV_00395,ASV_00460,0.5467625899280576,pos,Farm,IT2
ASV_00395,ASV_00467,0.5238095238095238,pos,Farm,IT2
ASV_00395,ASV_00476,0.4928571428571429,pos,Farm,IT2
ASV_00395,ASV_00482,0.54,pos,Farm,IT2
ASV_00395,ASV_00490,0.5238095238095238,pos,Farm,IT2
ASV_00395,ASV_00498,0.5303030303030303,pos,Farm,IT2
ASV_00395,ASV_00528,0.5035971223021583,pos,Farm,IT2
ASV_00395,ASV_00533,0.4859154929577465,pos,Farm,IT2
ASV_00395,ASV_00541,0.5035460992907801,pos,Farm,IT2
ASV_00395,ASV_00571,0.5104895104895105,pos,Farm,IT2
ASV_00395,ASV_00615,0.4748201438848921,pos,Farm,IT2
ASV_00395,ASV_00636,0.5655172413793104,pos,Farm,IT2
ASV_00395,ASV_00651,0.49295774647887325,pos,Farm,IT2
ASV_00395,ASV_00662,0.4857142857142857,pos,Farm,IT2
ASV_00395,ASV_00666,0.5531914893617021,pos,Farm,IT2
ASV_00395,ASV_00673,0.5170068027210885,pos,Farm,IT2
ASV_00395,ASV_00709,0.5474452554744526,pos,Farm,IT2
ASV_00395,ASV_00724,0.5035971223021583,pos,Farm,IT2
ASV_00395,ASV_00789,0.5070422535211268,pos,Farm,IT2
ASV_00395,ASV_00808,0.48226950354609927,pos,Farm,IT2
ASV_00395,ASV_00815,0.5510204081632653,pos,Farm,IT2
ASV_00395,ASV_00829,0.4859154929577465,pos,Farm,IT2
ASV_00395,ASV_00873,0.4748201438848921,pos,Farm,IT2
ASV_00395,ASV_00906,0.5342465753424658,pos,Farm,IT2
ASV_00395,ASV_00929,0.503448275862069,pos,Farm,IT2
ASV_00395,ASV_00958,0.49295774647887325,pos,Farm,IT2
ASV_00395,ASV_01101,0.5211267605633803,pos,Farm,IT2
ASV_00395,ASV_01124,0.5,pos,Farm,IT2
ASV_00395,ASV_01179,0.4892086330935252,pos,Farm,IT2
ASV_00395,ASV_01204,0.5384615384615384,pos,Farm,IT2
ASV_00395,ASV_01426,0.48201438848920863,pos,Farm,IT2
ASV_00395,ASV_01458,0.48175182481751827,pos,Farm,IT2
ASV_00395,ASV_01512,0.4782608695652174,pos,Farm,IT2
ASV_00395,ASV_01578,0.4965034965034965,pos,Farm,IT2
ASV_00395,ASV_01840,0.49295774647887325,pos,Farm,IT2
ASV_00397,ASV_00400,0.5633802816901409,pos,Farm,IT2
ASV_00397,ASV_00407,0.5140845070422535,pos,Farm,IT2
ASV_00397,ASV_00422,0.5069444444444444,pos,Farm,IT2
ASV_00397,ASV_00425,0.5434782608695652,pos,Farm,IT2
ASV_00397,ASV_00441,0.4965034965034965,pos,Farm,IT2
ASV_00397,ASV_00444,0.5138888888888888,pos,Farm,IT2
ASV_00397,ASV_00451,0.527027027027027,pos,Farm,IT2
ASV_00397,ASV_00477,0.5172413793103449,pos,Farm,IT2
ASV_00397,ASV_00488,0.527027027027027,pos,Farm,IT2
ASV_00397,ASV_00490,0.5684931506849316,pos,Farm,IT2
ASV_00397,ASV_00493,0.541095890410959,pos,Farm,IT2
ASV_00397,ASV_00495,0.5217391304347826,pos,Farm,IT2
ASV_00397,ASV_00496,0.5208333333333334,pos,Farm,IT2
ASV_00397,ASV_00511,0.5072463768115942,pos,Farm,IT2
ASV_00397,ASV_00512,0.5547945205479452,pos,Farm,IT2
ASV_00397,ASV_00524,0.5142857142857142,pos,Farm,IT2
ASV_00397,ASV_00529,0.4928571428571429,pos,Farm,IT2
ASV_00397,ASV_00542,0.54421768707483,pos,Farm,IT2
ASV_00397,ASV_00548,0.5255474452554745,pos,Farm,IT2
ASV_00397,ASV_00587,0.5285714285714286,pos,Farm,IT2
ASV_00397,ASV_00596,0.5,pos,Farm,IT2
ASV_00397,ASV_00622,0.4785714285714286,pos,Farm,IT2
ASV_00397,ASV_00636,0.5570469798657718,pos,Farm,IT2
ASV_00397,ASV_00638,0.5205479452054794,pos,Farm,IT2
ASV_00397,ASV_00643,0.5138888888888888,pos,Farm,IT2
ASV_00397,ASV_00654,0.5071428571428571,pos,Farm,IT2
ASV_00397,ASV_00656,0.5531914893617021,pos,Farm,IT2
ASV_00397,ASV_00718,0.5107913669064749,pos,Farm,IT2
ASV_00397,ASV_00758,0.5172413793103449,pos,Farm,IT2
ASV_00397,ASV_00778,0.4748201438848921,pos,Farm,IT2
ASV_00397,ASV_00821,0.5384615384615384,pos,Farm,IT2
ASV_00397,ASV_00829,0.5,pos,Farm,IT2
ASV_00397,ASV_00873,0.5107913669064749,pos,Farm,IT2
ASV_00397,ASV_00909,0.4965034965034965,pos,Farm,IT2
ASV_00397,ASV_00984,0.5103448275862069,pos,Farm,IT2
ASV_00397,ASV_01090,0.5342465753424658,pos,Farm,IT2
ASV_00397,ASV_01092,0.5337837837837838,pos,Farm,IT2
ASV_00397,ASV_01119,0.5985915492957746,pos,Farm,IT2
ASV_00397,ASV_01179,0.5142857142857142,pos,Farm,IT2
ASV_00397,ASV_01267,0.5104895104895105,pos,Farm,IT2
ASV_00397,ASV_01288,0.5241379310344828,pos,Farm,IT2
ASV_00397,ASV_01328,0.5467625899280576,pos,Farm,IT2
ASV_00397,ASV_01541,0.5172413793103449,pos,Farm,IT2
ASV_00398,ASV_00407,0.5138888888888888,pos,Farm,IT2
ASV_00398,ASV_00423,0.5374149659863946,pos,Farm,IT2
ASV_00398,ASV_00438,0.5277777777777778,pos,Farm,IT2
ASV_00398,ASV_00442,0.54421768707483,pos,Farm,IT2
ASV_00398,ASV_00453,0.5486111111111112,pos,Farm,IT2
ASV_00398,ASV_00459,0.5273972602739726,pos,Farm,IT2
ASV_00398,ASV_00482,0.5723684210526315,pos,Farm,IT2
ASV_00398,ASV_00486,0.5503355704697986,pos,Farm,IT2
ASV_00398,ASV_00488,0.5684931506849316,pos,Farm,IT2
ASV_00398,ASV_00493,0.5616438356164384,pos,Farm,IT2
ASV_00398,ASV_00495,0.5106382978723404,pos,Farm,IT2
ASV_00398,ASV_00503,0.5277777777777778,pos,Farm,IT2
ASV_00398,ASV_00506,0.5034965034965035,pos,Farm,IT2
ASV_00398,ASV_00508,0.5069444444444444,pos,Farm,IT2
ASV_00398,ASV_00514,0.5733333333333334,pos,Farm,IT2
ASV_00398,ASV_00517,0.5104895104895105,pos,Farm,IT2
ASV_00398,ASV_00518,0.5540540540540541,pos,Farm,IT2
ASV_00398,ASV_00521,0.5405405405405406,pos,Farm,IT2
ASV_00398,ASV_00533,0.5314685314685315,pos,Farm,IT2
ASV_00398,ASV_00542,0.5540540540540541,pos,Farm,IT2
ASV_00398,ASV_00555,0.5448275862068965,pos,Farm,IT2
ASV_00398,ASV_00556,0.5310344827586206,pos,Farm,IT2
ASV_00398,ASV_00563,0.5238095238095238,pos,Farm,IT2
ASV_00398,ASV_00568,0.547945205479452,pos,Farm,IT2
ASV_00398,ASV_00587,0.5069444444444444,pos,Farm,IT2
ASV_00398,ASV_00613,0.5107913669064749,pos,Farm,IT2
ASV_00398,ASV_00615,0.5214285714285715,pos,Farm,IT2
ASV_00398,ASV_00620,0.541095890410959,pos,Farm,IT2
ASV_00398,ASV_00635,0.5405405405405406,pos,Farm,IT2
ASV_00398,ASV_00643,0.5241379310344828,pos,Farm,IT2
ASV_00398,ASV_00654,0.5070422535211268,pos,Farm,IT2
ASV_00398,ASV_00671,0.5069444444444444,pos,Farm,IT2
ASV_00398,ASV_00686,0.5205479452054794,pos,Farm,IT2
ASV_00398,ASV_00687,0.5277777777777778,pos,Farm,IT2
ASV_00398,ASV_00709,0.5602836879432624,pos,Farm,IT2
ASV_00398,ASV_00732,0.5244755244755245,pos,Farm,IT2
ASV_00398,ASV_00757,0.5555555555555556,pos,Farm,IT2
ASV_00398,ASV_00758,0.5594405594405595,pos,Farm,IT2
ASV_00398,ASV_00769,0.5384615384615384,pos,Farm,IT2
ASV_00398,ASV_00781,0.5277777777777778,pos,Farm,IT2
ASV_00398,ASV_00798,0.547945205479452,pos,Farm,IT2
ASV_00398,ASV_00815,0.5629139072847682,pos,Farm,IT2
ASV_00398,ASV_00865,0.5205479452054794,pos,Farm,IT2
ASV_00398,ASV_00909,0.5174825174825175,pos,Farm,IT2
ASV_00398,ASV_01119,0.5436241610738255,pos,Farm,IT2
ASV_00398,ASV_01204,0.5510204081632653,pos,Farm,IT2
ASV_00398,ASV_01223,0.4892086330935252,pos,Farm,IT2
ASV_00398,ASV_01249,0.5390070921985816,pos,Farm,IT2
ASV_00399,ASV_00410,0.5602836879432624,pos,Farm,IT2
ASV_00399,ASV_00442,0.54421768707483,pos,Farm,IT2
ASV_00399,ASV_00485,0.5342465753424658,pos,Farm,IT2
ASV_00399,ASV_00488,0.5472972972972973,pos,Farm,IT2
ASV_00399,ASV_00498,0.48936170212765956,pos,Farm,IT2
ASV_00399,ASV_00504,0.5503355704697986,pos,Farm,IT2
ASV_00399,ASV_00506,0.5034965034965035,pos,Farm,IT2
ASV_00399,ASV_00507,0.5136986301369864,pos,Farm,IT2
ASV_00399,ASV_00528,0.528169014084507,pos,Farm,IT2
ASV_00399,ASV_00542,0.5436241610738255,pos,Farm,IT2
ASV_00399,ASV_00550,0.5374149659863946,pos,Farm,IT2
ASV_00399,ASV_00574,0.5374149659863946,pos,Farm,IT2
ASV_00399,ASV_00595,0.5069444444444444,pos,Farm,IT2
ASV_00399,ASV_00596,0.48936170212765956,pos,Farm,IT2
ASV_00399,ASV_00615,0.5214285714285715,pos,Farm,IT2
ASV_00399,ASV_00633,0.5594405594405595,pos,Farm,IT2
ASV_00399,ASV_00635,0.5724137931034483,pos,Farm,IT2
ASV_00399,ASV_00636,0.5562913907284768,pos,Farm,IT2
ASV_00399,ASV_00643,0.5241379310344828,pos,Farm,IT2
ASV_00399,ASV_00656,0.5205479452054794,pos,Farm,IT2
ASV_00399,ASV_00760,0.5405405405405406,pos,Farm,IT2
ASV_00399,ASV_00769,0.5172413793103449,pos,Farm,IT2
ASV_00399,ASV_00789,0.5205479452054794,pos,Farm,IT2
ASV_00399,ASV_00815,0.5629139072847682,pos,Farm,IT2
ASV_00399,ASV_00890,0.5273972602739726,pos,Farm,IT2
ASV_00399,ASV_00906,0.5570469798657718,pos,Farm,IT2
ASV_00399,ASV_00912,0.5107913669064749,pos,Farm,IT2
ASV_00399,ASV_00952,0.5,pos,Farm,IT2
ASV_00399,ASV_00966,0.48936170212765956,pos,Farm,IT2
ASV_00399,ASV_01048,0.5208333333333334,pos,Farm,IT2
ASV_00399,ASV_01152,0.5103448275862069,pos,Farm,IT2
ASV_00399,ASV_01153,0.5,pos,Farm,IT2
ASV_00399,ASV_01267,0.5103448275862069,pos,Farm,IT2
ASV_00399,ASV_01328,0.5138888888888888,pos,Farm,IT2
ASV_00400,ASV_00440,0.5069444444444444,pos,Farm,IT2
ASV_00400,ASV_00451,0.5540540540540541,pos,Farm,IT2
ASV_00400,ASV_00474,0.5306122448979592,pos,Farm,IT2
ASV_00400,ASV_00504,0.5782312925170068,pos,Farm,IT2
ASV_00400,ASV_00508,0.5138888888888888,pos,Farm,IT2
ASV_00400,ASV_00524,0.5,pos,Farm,IT2
ASV_00400,ASV_00529,0.48951048951048953,pos,Farm,IT2
ASV_00400,ASV_00530,0.5205479452054794,pos,Farm,IT2
ASV_00400,ASV_00554,0.5306122448979592,pos,Farm,IT2
ASV_00400,ASV_00566,0.5136986301369864,pos,Farm,IT2
ASV_00400,ASV_00570,0.5034965034965035,pos,Farm,IT2
ASV_00400,ASV_00595,0.5138888888888888,pos,Farm,IT2
ASV_00400,ASV_00643,0.5524475524475524,pos,Farm,IT2
ASV_00400,ASV_00656,0.5273972602739726,pos,Farm,IT2
ASV_00400,ASV_00668,0.5138888888888888,pos,Farm,IT2
ASV_00400,ASV_00772,0.5205479452054794,pos,Farm,IT2
ASV_00400,ASV_00958,0.5136986301369864,pos,Farm,IT2
ASV_00400,ASV_00984,0.5379310344827586,pos,Farm,IT2
ASV_00400,ASV_00989,0.5289855072463768,pos,Farm,IT2
ASV_00400,ASV_01065,0.5140845070422535,pos,Farm,IT2
ASV_00400,ASV_01087,0.5342465753424658,pos,Farm,IT2
ASV_00402,ASV_00418,0.48175182481751827,pos,Farm,IT2
ASV_00402,ASV_00422,0.4855072463768116,pos,Farm,IT2
ASV_00402,ASV_00444,0.5147058823529411,pos,Farm,IT2
ASV_00402,ASV_00452,0.4888888888888889,pos,Farm,IT2
ASV_00402,ASV_00490,0.528169014084507,pos,Farm,IT2
ASV_00402,ASV_00493,0.5106382978723404,pos,Farm,IT2
ASV_00402,ASV_00501,0.5,pos,Farm,IT2
ASV_00402,ASV_00506,0.47058823529411764,pos,Farm,IT2
ASV_00402,ASV_00513,0.4748201438848921,pos,Farm,IT2
ASV_00402,ASV_00518,0.5140845070422535,pos,Farm,IT2
ASV_00402,ASV_00536,0.5285714285714286,pos,Farm,IT2
ASV_00402,ASV_00543,0.5035971223021583,pos,Farm,IT2
ASV_00402,ASV_00548,0.45925925925925926,pos,Farm,IT2
ASV_00402,ASV_00550,0.5179856115107914,pos,Farm,IT2
ASV_00402,ASV_00559,0.4782608695652174,pos,Farm,IT2
ASV_00402,ASV_00561,0.5135135135135135,pos,Farm,IT2
ASV_00402,ASV_00566,0.49635036496350365,pos,Farm,IT2
ASV_00402,ASV_00572,0.5244755244755245,pos,Farm,IT2
ASV_00402,ASV_00613,0.46616541353383456,pos,Farm,IT2
ASV_00402,ASV_00638,0.48936170212765956,pos,Farm,IT2
ASV_00402,ASV_00643,0.4927536231884058,pos,Farm,IT2
ASV_00402,ASV_00651,0.4855072463768116,pos,Farm,IT2
ASV_00402,ASV_00656,0.4785714285714286,pos,Farm,IT2
ASV_00402,ASV_00686,0.4892086330935252,pos,Farm,IT2
ASV_00402,ASV_00728,0.47368421052631576,pos,Farm,IT2
ASV_00402,ASV_00772,0.5147058823529411,pos,Farm,IT2
ASV_00402,ASV_00789,0.4892086330935252,pos,Farm,IT2
ASV_00402,ASV_00802,0.5106382978723404,pos,Farm,IT2
ASV_00402,ASV_00807,0.5,pos,Farm,IT2
ASV_00402,ASV_00815,0.5241379310344828,pos,Farm,IT2
ASV_00402,ASV_00842,0.49624060150375937,pos,Farm,IT2
ASV_00402,ASV_00890,0.475177304964539,pos,Farm,IT2
ASV_00402,ASV_00931,0.4744525547445255,pos,Farm,IT2
ASV_00402,ASV_00952,0.4888888888888889,pos,Farm,IT2
ASV_00402,ASV_00989,0.4444444444444444,pos,Farm,IT2
ASV_00402,ASV_01071,0.47101449275362317,pos,Farm,IT2
ASV_00402,ASV_01152,0.4676258992805755,pos,Farm,IT2
ASV_00402,ASV_01288,0.5144927536231884,pos,Farm,IT2
ASV_00402,ASV_01342,0.5069444444444444,pos,Farm,IT2
ASV_00402,ASV_01458,0.45185185185185184,pos,Farm,IT2
ASV_00402,ASV_01491,0.4748201438848921,pos,Farm,IT2
ASV_00402,ASV_01941,0.5035971223021583,pos,Farm,IT2
ASV_00403,ASV_00412,0.5034965034965035,pos,Farm,IT2
ASV_00403,ASV_00415,0.5205479452054794,pos,Farm,IT2
ASV_00403,ASV_00418,0.5314685314685315,pos,Farm,IT2
ASV_00403,ASV_00425,0.5069444444444444,pos,Farm,IT2
ASV_00403,ASV_00429,0.4857142857142857,pos,Farm,IT2
ASV_00403,ASV_00444,0.5310344827586206,pos,Farm,IT2
ASV_00403,ASV_00445,0.5347222222222222,pos,Farm,IT2
ASV_00403,ASV_00454,0.5616438356164384,pos,Farm,IT2
ASV_00403,ASV_00455,0.5138888888888888,pos,Farm,IT2
ASV_00403,ASV_00471,0.5273972602739726,pos,Farm,IT2
ASV_00403,ASV_00482,0.5686274509803921,pos,Farm,IT2
ASV_00403,ASV_00493,0.5369127516778524,pos,Farm,IT2
ASV_00403,ASV_00498,0.4859154929577465,pos,Farm,IT2
ASV_00403,ASV_00506,0.5211267605633803,pos,Farm,IT2
ASV_00403,ASV_00513,0.5241379310344828,pos,Farm,IT2
ASV_00403,ASV_00518,0.5821917808219178,pos,Farm,IT2
ASV_00403,ASV_00524,0.5,pos,Farm,IT2
ASV_00403,ASV_00528,0.5460992907801419,pos,Farm,IT2
ASV_00403,ASV_00530,0.5205479452054794,pos,Farm,IT2
ASV_00403,ASV_00534,0.5743243243243243,pos,Farm,IT2
ASV_00403,ASV_00541,0.5563380281690141,pos,Farm,IT2
ASV_00403,ASV_00554,0.5306122448979592,pos,Farm,IT2
ASV_00403,ASV_00556,0.5273972602739726,pos,Farm,IT2
ASV_00403,ASV_00563,0.541095890410959,pos,Farm,IT2
ASV_00403,ASV_00568,0.5763888888888888,pos,Farm,IT2
ASV_00403,ASV_00592,0.5205479452054794,pos,Farm,IT2
ASV_00403,ASV_00618,0.5241379310344828,pos,Farm,IT2
ASV_00403,ASV_00620,0.5694444444444444,pos,Farm,IT2
ASV_00403,ASV_00630,0.5323741007194245,pos,Farm,IT2
ASV_00403,ASV_00633,0.5342465753424658,pos,Farm,IT2
ASV_00403,ASV_00635,0.5472972972972973,pos,Farm,IT2
ASV_00403,ASV_00636,0.5733333333333334,pos,Farm,IT2
ASV_00403,ASV_00651,0.5785714285714286,pos,Farm,IT2
ASV_00403,ASV_00656,0.5594405594405595,pos,Farm,IT2
ASV_00403,ASV_00666,0.5510204081632653,pos,Farm,IT2
ASV_00403,ASV_00687,0.5563380281690141,pos,Farm,IT2
ASV_00403,ASV_00709,0.5136986301369864,pos,Farm,IT2
ASV_00403,ASV_00718,0.5070422535211268,pos,Farm,IT2
ASV_00403,ASV_00801,0.4965034965034965,pos,Farm,IT2
ASV_00403,ASV_00807,0.5273972602739726,pos,Farm,IT2
ASV_00403,ASV_00809,0.5838926174496645,pos,Farm,IT2
ASV_00403,ASV_00821,0.5555555555555556,pos,Farm,IT2
ASV_00403,ASV_00829,0.5384615384615384,pos,Farm,IT2
ASV_00403,ASV_00842,0.524822695035461,pos,Farm,IT2
ASV_00403,ASV_00869,0.5578231292517006,pos,Farm,IT2
ASV_00403,ASV_00891,0.5562913907284768,pos,Farm,IT2
ASV_00403,ASV_00924,0.4788732394366197,pos,Farm,IT2
ASV_00403,ASV_00931,0.5460992907801419,pos,Farm,IT2
ASV_00403,ASV_00958,0.5136986301369864,pos,Farm,IT2
ASV_00403,ASV_00984,0.5379310344827586,pos,Farm,IT2
ASV_00403,ASV_00989,0.4859154929577465,pos,Farm,IT2
ASV_00403,ASV_01071,0.5103448275862069,pos,Farm,IT2
ASV_00403,ASV_01092,0.5821917808219178,pos,Farm,IT2
ASV_00403,ASV_01124,0.5205479452054794,pos,Farm,IT2
ASV_00403,ASV_01152,0.5172413793103449,pos,Farm,IT2
ASV_00403,ASV_01276,0.5467625899280576,pos,Farm,IT2
ASV_00403,ASV_01385,0.5172413793103449,pos,Farm,IT2
ASV_00403,ASV_01417,0.5241379310344828,pos,Farm,IT2
ASV_00403,ASV_01426,0.5034965034965035,pos,Farm,IT2
ASV_00403,ASV_01458,0.5251798561151079,pos,Farm,IT2
ASV_00403,ASV_01508,0.5405405405405406,pos,Farm,IT2
ASV_00403,ASV_01578,0.5594405594405595,pos,Farm,IT2
ASV_00404,ASV_00422,0.5,pos,Farm,IT2
ASV_00404,ASV_00423,0.5,pos,Farm,IT2
ASV_00404,ASV_00442,0.5174825174825175,pos,Farm,IT2
ASV_00404,ASV_00454,0.5069444444444444,pos,Farm,IT2
ASV_00404,ASV_00458,0.48905109489051096,pos,Farm,IT2
ASV_00404,ASV_00506,0.49635036496350365,pos,Farm,IT2
ASV_00404,ASV_00507,0.4859154929577465,pos,Farm,IT2
ASV_00404,ASV_00508,0.4785714285714286,pos,Farm,IT2
ASV_00404,ASV_00536,0.5103448275862069,pos,Farm,IT2
ASV_00404,ASV_00561,0.5266666666666666,pos,Farm,IT2
ASV_00404,ASV_00570,0.4676258992805755,pos,Farm,IT2
ASV_00404,ASV_00572,0.5379310344827586,pos,Farm,IT2
ASV_00404,ASV_00587,0.4892086330935252,pos,Farm,IT2
ASV_00404,ASV_00615,0.48175182481751827,pos,Farm,IT2
ASV_00404,ASV_00620,0.524822695035461,pos,Farm,IT2
ASV_00404,ASV_00636,0.5306122448979592,pos,Farm,IT2
ASV_00404,ASV_00641,0.503448275862069,pos,Farm,IT2
ASV_00404,ASV_00643,0.5071428571428571,pos,Farm,IT2
ASV_00404,ASV_00651,0.48936170212765956,pos,Farm,IT2
ASV_00404,ASV_00668,0.4785714285714286,pos,Farm,IT2
ASV_00404,ASV_00757,0.4965034965034965,pos,Farm,IT2
ASV_00404,ASV_00760,0.5244755244755245,pos,Farm,IT2
ASV_00404,ASV_00782,0.5217391304347826,pos,Farm,IT2
ASV_00404,ASV_00808,0.4892086330935252,pos,Farm,IT2
ASV_00404,ASV_00809,0.5202702702702703,pos,Farm,IT2
ASV_00404,ASV_00815,0.5694444444444444,pos,Farm,IT2
ASV_00404,ASV_00829,0.48226950354609927,pos,Farm,IT2
ASV_00404,ASV_00842,0.4782608695652174,pos,Farm,IT2
ASV_00404,ASV_00875,0.5068493150684932,pos,Farm,IT2
ASV_00404,ASV_00891,0.5238095238095238,pos,Farm,IT2
ASV_00404,ASV_00924,0.4740740740740741,pos,Farm,IT2
ASV_00404,ASV_00931,0.4785714285714286,pos,Farm,IT2
ASV_00404,ASV_00959,0.49645390070921985,pos,Farm,IT2
ASV_00404,ASV_01023,0.5138888888888888,pos,Farm,IT2
ASV_00404,ASV_01065,0.4782608695652174,pos,Farm,IT2
ASV_00404,ASV_01101,0.5070422535211268,pos,Farm,IT2
ASV_00404,ASV_01253,0.5289855072463768,pos,Farm,IT2
ASV_00404,ASV_01328,0.49640287769784175,pos,Farm,IT2
ASV_00404,ASV_01491,0.5328467153284672,pos,Farm,IT2
ASV_00404,ASV_01578,0.5142857142857142,pos,Farm,IT2
ASV_00406,ASV_00422,0.5,pos,Farm,IT2
ASV_00406,ASV_00423,0.5,pos,Farm,IT2
ASV_00406,ASV_00447,0.5104895104895105,pos,Farm,IT2
ASV_00406,ASV_00464,0.5104895104895105,pos,Farm,IT2
ASV_00406,ASV_00485,0.5507246376811594,pos,Farm,IT2
ASV_00406,ASV_00486,0.5241379310344828,pos,Farm,IT2
ASV_00406,ASV_00490,0.5416666666666666,pos,Farm,IT2
ASV_00406,ASV_00494,0.49645390070921985,pos,Farm,IT2
ASV_00406,ASV_00514,0.5804195804195804,pos,Farm,IT2
ASV_00406,ASV_00550,0.5104895104895105,pos,Farm,IT2
ASV_00406,ASV_00554,0.4965034965034965,pos,Farm,IT2
ASV_00406,ASV_00587,0.4785714285714286,pos,Farm,IT2
ASV_00406,ASV_00595,0.4785714285714286,pos,Farm,IT2
ASV_00406,ASV_00620,0.5034965034965035,pos,Farm,IT2
ASV_00406,ASV_00628,0.5072463768115942,pos,Farm,IT2
ASV_00406,ASV_00633,0.5323741007194245,pos,Farm,IT2
ASV_00406,ASV_00636,0.541095890410959,pos,Farm,IT2
ASV_00406,ASV_00654,0.4782608695652174,pos,Farm,IT2
ASV_00406,ASV_00671,0.556390977443609,pos,Farm,IT2
ASV_00406,ASV_00687,0.5107913669064749,pos,Farm,IT2
ASV_00406,ASV_00778,0.47761194029850745,pos,Farm,IT2
ASV_00406,ASV_00782,0.48936170212765956,pos,Farm,IT2
ASV_00406,ASV_00793,0.4785714285714286,pos,Farm,IT2
ASV_00406,ASV_00801,0.49264705882352944,pos,Farm,IT2
ASV_00406,ASV_00808,0.4892086330935252,pos,Farm,IT2
ASV_00406,ASV_00845,0.463768115942029,pos,Farm,IT2
ASV_00406,ASV_00869,0.503448275862069,pos,Farm,IT2
ASV_00406,ASV_00875,0.5068493150684932,pos,Farm,IT2
ASV_00406,ASV_00931,0.5109489051094891,pos,Farm,IT2
ASV_00406,ASV_00935,0.49645390070921985,pos,Farm,IT2
ASV_00406,ASV_00984,0.5035460992907801,pos,Farm,IT2
ASV_00406,ASV_01071,0.4857142857142857,pos,Farm,IT2
ASV_00406,ASV_01119,0.5172413793103449,pos,Farm,IT2
ASV_00406,ASV_01124,0.4859154929577465,pos,Farm,IT2
ASV_00406,ASV_01223,0.4485294117647059,pos,Farm,IT2
ASV_00406,ASV_01249,0.4892086330935252,pos,Farm,IT2
ASV_00406,ASV_01250,0.5314685314685315,pos,Farm,IT2
ASV_00406,ASV_01288,0.5070422535211268,pos,Farm,IT2
ASV_00406,ASV_01328,0.49640287769784175,pos,Farm,IT2
ASV_00406,ASV_02020,0.48226950354609927,pos,Farm,IT2
ASV_00406,ASV_02149,0.4748201438848921,pos,Farm,IT2
ASV_00407,ASV_00415,0.5140845070422535,pos,Farm,IT2
ASV_00407,ASV_00422,0.5070422535211268,pos,Farm,IT2
ASV_00407,ASV_00425,0.5,pos,Farm,IT2
ASV_00407,ASV_00426,0.5608108108108109,pos,Farm,IT2
ASV_00407,ASV_00438,0.539568345323741,pos,Farm,IT2
ASV_00407,ASV_00441,0.5071428571428571,pos,Farm,IT2
ASV_00407,ASV_00443,0.5,pos,Farm,IT2
ASV_00407,ASV_00445,0.539568345323741,pos,Farm,IT2
ASV_00407,ASV_00453,0.5390070921985816,pos,Farm,IT2
ASV_00407,ASV_00486,0.541095890410959,pos,Farm,IT2
ASV_00407,ASV_00490,0.5374149659863946,pos,Farm,IT2
ASV_00407,ASV_00501,0.5,pos,Farm,IT2
ASV_00407,ASV_00503,0.5070422535211268,pos,Farm,IT2
ASV_00407,ASV_00508,0.49645390070921985,pos,Farm,IT2
ASV_00407,ASV_00513,0.5177304964539007,pos,Farm,IT2
ASV_00407,ASV_00514,0.5753424657534246,pos,Farm,IT2
ASV_00407,ASV_00533,0.5106382978723404,pos,Farm,IT2
ASV_00407,ASV_00543,0.5138888888888888,pos,Farm,IT2
ASV_00407,ASV_00550,0.5277777777777778,pos,Farm,IT2
ASV_00407,ASV_00554,0.5244755244755245,pos,Farm,IT2
ASV_00407,ASV_00566,0.5285714285714286,pos,Farm,IT2
ASV_00407,ASV_00570,0.49640287769784175,pos,Farm,IT2
ASV_00407,ASV_00595,0.49645390070921985,pos,Farm,IT2
ASV_00407,ASV_00613,0.4782608695652174,pos,Farm,IT2
ASV_00407,ASV_00618,0.4965034965034965,pos,Farm,IT2
ASV_00407,ASV_00620,0.5208333333333334,pos,Farm,IT2
ASV_00407,ASV_00622,0.5,pos,Farm,IT2
ASV_00407,ASV_00656,0.5104895104895105,pos,Farm,IT2
ASV_00407,ASV_00671,0.5179856115107914,pos,Farm,IT2
ASV_00407,ASV_00673,0.541095890410959,pos,Farm,IT2
ASV_00407,ASV_00687,0.5285714285714286,pos,Farm,IT2
ASV_00407,ASV_00709,0.539568345323741,pos,Farm,IT2
ASV_00407,ASV_00724,0.5071428571428571,pos,Farm,IT2
ASV_00407,ASV_00732,0.49295774647887325,pos,Farm,IT2
ASV_00407,ASV_00772,0.5357142857142857,pos,Farm,IT2
ASV_00407,ASV_00793,0.49645390070921985,pos,Farm,IT2
ASV_00407,ASV_00801,0.4892086330935252,pos,Farm,IT2
ASV_00407,ASV_00806,0.5136986301369864,pos,Farm,IT2
ASV_00407,ASV_00807,0.5,pos,Farm,IT2
ASV_00407,ASV_00809,0.5369127516778524,pos,Farm,IT2
ASV_00407,ASV_00843,0.5103448275862069,pos,Farm,IT2
ASV_00407,ASV_00845,0.4927536231884058,pos,Farm,IT2
ASV_00407,ASV_00865,0.5104895104895105,pos,Farm,IT2
ASV_00407,ASV_00891,0.5405405405405406,pos,Farm,IT2
ASV_00407,ASV_00935,0.5034965034965035,pos,Farm,IT2
ASV_00407,ASV_00984,0.5211267605633803,pos,Farm,IT2
ASV_00407,ASV_01023,0.5524475524475524,pos,Farm,IT2
ASV_00407,ASV_01090,0.5454545454545454,pos,Farm,IT2
ASV_00407,ASV_01204,0.5205479452054794,pos,Farm,IT2
ASV_00407,ASV_01276,0.4857142857142857,pos,Farm,IT2
ASV_00407,ASV_01349,0.5034965034965035,pos,Farm,IT2
ASV_00407,ASV_01578,0.5104895104895105,pos,Farm,IT2
ASV_00409,ASV_00410,0.49645390070921985,pos,Farm,IT2
ASV_00409,ASV_00416,0.5179856115107914,pos,Farm,IT2
ASV_00409,ASV_00421,0.5034965034965035,pos,Farm,IT2
ASV_00409,ASV_00425,0.4892086330935252,pos,Farm,IT2
ASV_00409,ASV_00429,0.45588235294117646,pos,Farm,IT2
ASV_00409,ASV_00438,0.5071428571428571,pos,Farm,IT2
ASV_00409,ASV_00444,0.49295774647887325,pos,Farm,IT2
ASV_00409,ASV_00447,0.5069444444444444,pos,Farm,IT2
ASV_00409,ASV_00452,0.5109489051094891,pos,Farm,IT2
ASV_00409,ASV_00453,0.4965034965034965,pos,Farm,IT2
ASV_00409,ASV_00455,0.4857142857142857,pos,Farm,IT2
ASV_00409,ASV_00459,0.5177304964539007,pos,Farm,IT2
ASV_00409,ASV_00479,0.5069444444444444,pos,Farm,IT2
ASV_00409,ASV_00482,0.5333333333333333,pos,Farm,IT2
ASV_00409,ASV_00485,0.5357142857142857,pos,Farm,IT2
ASV_00409,ASV_00488,0.5172413793103449,pos,Farm,IT2
ASV_00409,ASV_00494,0.5362318840579711,pos,Farm,IT2
ASV_00409,ASV_00495,0.48905109489051096,pos,Farm,IT2
ASV_00409,ASV_00503,0.5071428571428571,pos,Farm,IT2
ASV_00409,ASV_00504,0.5205479452054794,pos,Farm,IT2
ASV_00409,ASV_00511,0.5419847328244275,pos,Farm,IT2
ASV_00409,ASV_00517,0.5109489051094891,pos,Farm,IT2
ASV_00409,ASV_00518,0.5454545454545454,pos,Farm,IT2
ASV_00409,ASV_00521,0.5103448275862069,pos,Farm,IT2
ASV_00409,ASV_00524,0.5036496350364964,pos,Farm,IT2
ASV_00409,ASV_00529,0.5149253731343284,pos,Farm,IT2
ASV_00409,ASV_00533,0.5,pos,Farm,IT2
ASV_00409,ASV_00536,0.5602836879432624,pos,Farm,IT2
ASV_00409,ASV_00548,0.47101449275362317,pos,Farm,IT2
ASV_00409,ASV_00556,0.5547445255474452,pos,Farm,IT2
ASV_00409,ASV_00559,0.5,pos,Farm,IT2
ASV_00409,ASV_00568,0.528169014084507,pos,Farm,IT2
ASV_00409,ASV_00576,0.48936170212765956,pos,Farm,IT2
ASV_00409,ASV_00581,0.47794117647058826,pos,Farm,IT2
ASV_00409,ASV_00587,0.5072463768115942,pos,Farm,IT2
ASV_00409,ASV_00620,0.5,pos,Farm,IT2
ASV_00409,ASV_00636,0.5374149659863946,pos,Farm,IT2
ASV_00409,ASV_00638,0.5766423357664233,pos,Farm,IT2
ASV_00409,ASV_00662,0.4785714285714286,pos,Farm,IT2
ASV_00409,ASV_00665,0.4676258992805755,pos,Farm,IT2
ASV_00409,ASV_00668,0.4857142857142857,pos,Farm,IT2
ASV_00409,ASV_00671,0.49640287769784175,pos,Farm,IT2
ASV_00409,ASV_00679,0.5211267605633803,pos,Farm,IT2
ASV_00409,ASV_00687,0.5179856115107914,pos,Farm,IT2
ASV_00409,ASV_00697,0.4855072463768116,pos,Farm,IT2
ASV_00409,ASV_00718,0.4782608695652174,pos,Farm,IT2
ASV_00409,ASV_00726,0.524822695035461,pos,Farm,IT2
ASV_00409,ASV_00769,0.5179856115107914,pos,Farm,IT2
ASV_00409,ASV_00772,0.5142857142857142,pos,Farm,IT2
ASV_00409,ASV_00801,0.4676258992805755,pos,Farm,IT2
ASV_00409,ASV_00807,0.5,pos,Farm,IT2
ASV_00409,ASV_00809,0.527027027027027,pos,Farm,IT2
ASV_00409,ASV_00821,0.5177304964539007,pos,Farm,IT2
ASV_00409,ASV_00829,0.48936170212765956,pos,Farm,IT2
ASV_00409,ASV_00842,0.4855072463768116,pos,Farm,IT2
ASV_00409,ASV_00880,0.5,pos,Farm,IT2
ASV_00409,ASV_00890,0.4965034965034965,pos,Farm,IT2
ASV_00409,ASV_00912,0.47794117647058826,pos,Farm,IT2
ASV_00409,ASV_00929,0.5174825174825175,pos,Farm,IT2
ASV_00409,ASV_00959,0.5035460992907801,pos,Farm,IT2
ASV_00409,ASV_01023,0.5422535211267606,pos,Farm,IT2
ASV_00409,ASV_01048,0.5,pos,Farm,IT2
ASV_00409,ASV_01092,0.5563380281690141,pos,Farm,IT2
ASV_00409,ASV_01124,0.5362318840579711,pos,Farm,IT2
ASV_00409,ASV_01276,0.49635036496350365,pos,Farm,IT2
ASV_00409,ASV_01342,0.5170068027210885,pos,Farm,IT2
ASV_00409,ASV_01385,0.5217391304347826,pos,Farm,IT2
ASV_00409,ASV_01417,0.49645390070921985,pos,Farm,IT2
ASV_00409,ASV_01491,0.5071428571428571,pos,Farm,IT2
ASV_00409,ASV_01840,0.4859154929577465,pos,Farm,IT2
ASV_00409,ASV_01941,0.5140845070422535,pos,Farm,IT2
ASV_00410,ASV_00412,0.5,pos,Farm,IT2
ASV_00410,ASV_00421,0.5384615384615384,pos,Farm,IT2
ASV_00410,ASV_00429,0.47101449275362317,pos,Farm,IT2
ASV_00410,ASV_00438,0.5104895104895105,pos,Farm,IT2
ASV_00410,ASV_00459,0.5422535211267606,pos,Farm,IT2
ASV_00410,ASV_00460,0.5208333333333334,pos,Farm,IT2
ASV_00410,ASV_00463,0.5136986301369864,pos,Farm,IT2
ASV_00410,ASV_00486,0.5655172413793104,pos,Farm,IT2
ASV_00410,ASV_00496,0.5138888888888888,pos,Farm,IT2
ASV_00410,ASV_00498,0.48201438848920863,pos,Farm,IT2
ASV_00410,ASV_00503,0.5,pos,Farm,IT2
ASV_00410,ASV_00506,0.5289855072463768,pos,Farm,IT2
ASV_00410,ASV_00507,0.5069444444444444,pos,Farm,IT2
ASV_00410,ASV_00514,0.6111111111111112,pos,Farm,IT2
ASV_00410,ASV_00518,0.5374149659863946,pos,Farm,IT2
ASV_00410,ASV_00528,0.5,pos,Farm,IT2
ASV_00410,ASV_00536,0.541095890410959,pos,Farm,IT2
ASV_00410,ASV_00543,0.5172413793103449,pos,Farm,IT2
ASV_00410,ASV_00554,0.5277777777777778,pos,Farm,IT2
ASV_00410,ASV_00566,0.5,pos,Farm,IT2
ASV_00410,ASV_00569,0.5035460992907801,pos,Farm,IT2
ASV_00410,ASV_00581,0.4714285714285714,pos,Farm,IT2
ASV_00410,ASV_00587,0.5106382978723404,pos,Farm,IT2
ASV_00410,ASV_00592,0.528169014084507,pos,Farm,IT2
ASV_00410,ASV_00596,0.48201438848920863,pos,Farm,IT2
ASV_00410,ASV_00618,0.5,pos,Farm,IT2
ASV_00410,ASV_00620,0.5454545454545454,pos,Farm,IT2
ASV_00410,ASV_00622,0.4927536231884058,pos,Farm,IT2
ASV_00410,ASV_00628,0.5070422535211268,pos,Farm,IT2
ASV_00410,ASV_00633,0.5103448275862069,pos,Farm,IT2
ASV_00410,ASV_00636,0.593103448275862,pos,Farm,IT2
ASV_00410,ASV_00638,0.5241379310344828,pos,Farm,IT2
ASV_00410,ASV_00645,0.48226950354609927,pos,Farm,IT2
ASV_00410,ASV_00651,0.5104895104895105,pos,Farm,IT2
ASV_00410,ASV_00654,0.48936170212765956,pos,Farm,IT2
ASV_00410,ASV_00662,0.5142857142857142,pos,Farm,IT2
ASV_00410,ASV_00671,0.5106382978723404,pos,Farm,IT2
ASV_00410,ASV_00760,0.5664335664335665,pos,Farm,IT2
ASV_00410,ASV_00769,0.5211267605633803,pos,Farm,IT2
ASV_00410,ASV_00778,0.5,pos,Farm,IT2
ASV_00410,ASV_00781,0.5211267605633803,pos,Farm,IT2
ASV_00410,ASV_00807,0.5352112676056338,pos,Farm,IT2
ASV_00410,ASV_00809,0.5608108108108109,pos,Farm,IT2
ASV_00410,ASV_00815,0.6111111111111112,pos,Farm,IT2
ASV_00410,ASV_00843,0.5136986301369864,pos,Farm,IT2
ASV_00410,ASV_00906,0.5405405405405406,pos,Farm,IT2
ASV_00410,ASV_00924,0.4748201438848921,pos,Farm,IT2
ASV_00410,ASV_00959,0.55,pos,Farm,IT2
ASV_00410,ASV_00966,0.48201438848920863,pos,Farm,IT2
ASV_00410,ASV_00987,0.5323741007194245,pos,Farm,IT2
ASV_00410,ASV_01071,0.5070422535211268,pos,Farm,IT2
ASV_00410,ASV_01101,0.5277777777777778,pos,Farm,IT2
ASV_00410,ASV_01458,0.4785714285714286,pos,Farm,IT2
ASV_00410,ASV_01491,0.5,pos,Farm,IT2
ASV_00410,ASV_01578,0.5138888888888888,pos,Farm,IT2
ASV_00411,ASV_00422,0.5244755244755245,pos,Farm,IT2
ASV_00411,ASV_00447,0.5342465753424658,pos,Farm,IT2
ASV_00411,ASV_00453,0.5136986301369864,pos,Farm,IT2
ASV_00411,ASV_00460,0.5136986301369864,pos,Farm,IT2
ASV_00411,ASV_00483,0.5547945205479452,pos,Farm,IT2
ASV_00411,ASV_00506,0.5,pos,Farm,IT2
ASV_00411,ASV_00513,0.5138888888888888,pos,Farm,IT2
ASV_00411,ASV_00550,0.5448275862068965,pos,Farm,IT2
ASV_00411,ASV_00551,0.5136986301369864,pos,Farm,IT2
ASV_00411,ASV_00556,0.5277777777777778,pos,Farm,IT2
ASV_00411,ASV_00566,0.5138888888888888,pos,Farm,IT2
ASV_00411,ASV_00576,0.5174825174825175,pos,Farm,IT2
ASV_00411,ASV_00581,0.4857142857142857,pos,Farm,IT2
ASV_00411,ASV_00620,0.5379310344827586,pos,Farm,IT2
ASV_00411,ASV_00636,0.5533333333333333,pos,Farm,IT2
ASV_00411,ASV_00673,0.5369127516778524,pos,Farm,IT2
ASV_00411,ASV_00687,0.5138888888888888,pos,Farm,IT2
ASV_00411,ASV_00709,0.5138888888888888,pos,Farm,IT2
ASV_00411,ASV_00727,0.5070422535211268,pos,Farm,IT2
ASV_00411,ASV_00798,0.5238095238095238,pos,Farm,IT2
ASV_00411,ASV_00801,0.49645390070921985,pos,Farm,IT2
ASV_00411,ASV_00807,0.5172413793103449,pos,Farm,IT2
ASV_00411,ASV_00891,0.5466666666666666,pos,Farm,IT2
ASV_00411,ASV_00912,0.49640287769784175,pos,Farm,IT2
ASV_00411,ASV_01124,0.5314685314685315,pos,Farm,IT2
ASV_00411,ASV_01249,0.5034965034965035,pos,Farm,IT2
ASV_00411,ASV_01250,0.5337837837837838,pos,Farm,IT2
ASV_00411,ASV_01459,0.5211267605633803,pos,Farm,IT2
ASV_00411,ASV_01508,0.5306122448979592,pos,Farm,IT2
ASV_00412,ASV_00421,0.5507246376811594,pos,Farm,IT2
ASV_00412,ASV_00425,0.4927536231884058,pos,Farm,IT2
ASV_00412,ASV_00426,0.5234899328859061,pos,Farm,IT2
ASV_00412,ASV_00438,0.48936170212765956,pos,Farm,IT2
ASV_00412,ASV_00440,0.48201438848920863,pos,Farm,IT2
ASV_00412,ASV_00442,0.5069444444444444,pos,Farm,IT2
ASV_00412,ASV_00447,0.5211267605633803,pos,Farm,IT2
ASV_00412,ASV_00477,0.5214285714285715,pos,Farm,IT2
ASV_00412,ASV_00479,0.5211267605633803,pos,Farm,IT2
ASV_00412,ASV_00490,0.5205479452054794,pos,Farm,IT2
ASV_00412,ASV_00494,0.49645390070921985,pos,Farm,IT2
ASV_00412,ASV_00495,0.5037037037037037,pos,Farm,IT2
ASV_00412,ASV_00506,0.4855072463768116,pos,Farm,IT2
ASV_00412,ASV_00508,0.4892086330935252,pos,Farm,IT2
ASV_00412,ASV_00514,0.527027027027027,pos,Farm,IT2
ASV_00412,ASV_00518,0.5172413793103449,pos,Farm,IT2
ASV_00412,ASV_00530,0.49645390070921985,pos,Farm,IT2
ASV_00412,ASV_00542,0.5068493150684932,pos,Farm,IT2
ASV_00412,ASV_00559,0.5255474452554745,pos,Farm,IT2
ASV_00412,ASV_00587,0.4785714285714286,pos,Farm,IT2
ASV_00412,ASV_00595,0.4892086330935252,pos,Farm,IT2
ASV_00412,ASV_00612,0.5140845070422535,pos,Farm,IT2
ASV_00412,ASV_00622,0.48148148148148145,pos,Farm,IT2
ASV_00412,ASV_00628,0.49640287769784175,pos,Farm,IT2
ASV_00412,ASV_00635,0.503448275862069,pos,Farm,IT2
ASV_00412,ASV_00641,0.503448275862069,pos,Farm,IT2
ASV_00412,ASV_00643,0.562962962962963,pos,Farm,IT2
ASV_00412,ASV_00656,0.49295774647887325,pos,Farm,IT2
ASV_00412,ASV_00665,0.5263157894736842,pos,Farm,IT2
ASV_00412,ASV_00671,0.5109489051094891,pos,Farm,IT2
ASV_00412,ASV_00673,0.5136986301369864,pos,Farm,IT2
ASV_00412,ASV_00679,0.5034965034965035,pos,Farm,IT2
ASV_00412,ASV_00709,0.5,pos,Farm,IT2
ASV_00412,ASV_00728,0.46715328467153283,pos,Farm,IT2
ASV_00412,ASV_00760,0.5244755244755245,pos,Farm,IT2
ASV_00412,ASV_00769,0.5,pos,Farm,IT2
ASV_00412,ASV_00778,0.47761194029850745,pos,Farm,IT2
ASV_00412,ASV_00802,0.503448275862069,pos,Farm,IT2
ASV_00412,ASV_00808,0.5109489051094891,pos,Farm,IT2
ASV_00412,ASV_00809,0.5202702702702703,pos,Farm,IT2
ASV_00412,ASV_00821,0.5106382978723404,pos,Farm,IT2
ASV_00412,ASV_00829,0.4928571428571429,pos,Farm,IT2
ASV_00412,ASV_00869,0.503448275862069,pos,Farm,IT2
ASV_00412,ASV_00931,0.4785714285714286,pos,Farm,IT2
ASV_00412,ASV_00952,0.5036496350364964,pos,Farm,IT2
ASV_00412,ASV_01092,0.5384615384615384,pos,Farm,IT2
ASV_00412,ASV_01119,0.5277777777777778,pos,Farm,IT2
ASV_00412,ASV_01153,0.5036496350364964,pos,Farm,IT2
ASV_00412,ASV_01253,0.49645390070921985,pos,Farm,IT2
ASV_00412,ASV_01267,0.48226950354609927,pos,Farm,IT2
ASV_00412,ASV_01368,0.4859154929577465,pos,Farm,IT2
ASV_00412,ASV_01385,0.5144927536231884,pos,Farm,IT2
ASV_00412,ASV_01491,0.5107913669064749,pos,Farm,IT2
ASV_00415,ASV_00418,0.5140845070422535,pos,Farm,IT2
ASV_00415,ASV_00438,0.5069444444444444,pos,Farm,IT2
ASV_00415,ASV_00477,0.5277777777777778,pos,Farm,IT2
ASV_00415,ASV_00488,0.5374149659863946,pos,Farm,IT2
ASV_00415,ASV_00498,0.4785714285714286,pos,Farm,IT2
ASV_00415,ASV_00501,0.5314685314685315,pos,Farm,IT2
ASV_00415,ASV_00513,0.5069444444444444,pos,Farm,IT2
ASV_00415,ASV_00533,0.5319148936170213,pos,Farm,IT2
ASV_00415,ASV_00556,0.5103448275862069,pos,Farm,IT2
ASV_00415,ASV_00587,0.4965034965034965,pos,Farm,IT2
ASV_00415,ASV_00620,0.5205479452054794,pos,Farm,IT2
ASV_00415,ASV_00645,0.5107913669064749,pos,Farm,IT2
ASV_00415,ASV_00651,0.5174825174825175,pos,Farm,IT2
ASV_00415,ASV_00665,0.48936170212765956,pos,Farm,IT2
ASV_00415,ASV_00686,0.5208333333333334,pos,Farm,IT2
ASV_00415,ASV_00697,0.4859154929577465,pos,Farm,IT2
ASV_00415,ASV_00721,0.4928571428571429,pos,Farm,IT2
ASV_00415,ASV_00727,0.5106382978723404,pos,Farm,IT2
ASV_00415,ASV_00732,0.5140845070422535,pos,Farm,IT2
ASV_00415,ASV_00769,0.5069444444444444,pos,Farm,IT2
ASV_00415,ASV_00807,0.5314685314685315,pos,Farm,IT2
ASV_00415,ASV_00808,0.4965034965034965,pos,Farm,IT2
ASV_00415,ASV_00821,0.5277777777777778,pos,Farm,IT2
ASV_00415,ASV_00845,0.48226950354609927,pos,Farm,IT2
ASV_00415,ASV_01092,0.5337837837837838,pos,Farm,IT2
ASV_00415,ASV_01152,0.5104895104895105,pos,Farm,IT2
ASV_00415,ASV_01179,0.5142857142857142,pos,Farm,IT2
ASV_00415,ASV_01249,0.5070422535211268,pos,Farm,IT2
ASV_00415,ASV_01267,0.5211267605633803,pos,Farm,IT2
ASV_00415,ASV_01288,0.5136986301369864,pos,Farm,IT2
ASV_00415,ASV_01385,0.5104895104895105,pos,Farm,IT2
ASV_00415,ASV_01458,0.49640287769784175,pos,Farm,IT2
ASV_00415,ASV_02020,0.5,pos,Farm,IT2
ASV_00416,ASV_00421,0.5172413793103449,pos,Farm,IT2
ASV_00416,ASV_00437,0.5492957746478874,pos,Farm,IT2
ASV_00416,ASV_00440,0.5035460992907801,pos,Farm,IT2
ASV_00416,ASV_00463,0.5136986301369864,pos,Farm,IT2
ASV_00416,ASV_00494,0.5069444444444444,pos,Farm,IT2
ASV_00416,ASV_00495,0.48226950354609927,pos,Farm,IT2
ASV_00416,ASV_00496,0.5138888888888888,pos,Farm,IT2
ASV_00416,ASV_00498,0.4927536231884058,pos,Farm,IT2
ASV_00416,ASV_00503,0.5104895104895105,pos,Farm,IT2
ASV_00416,ASV_00504,0.54421768707483,pos,Farm,IT2
ASV_00416,ASV_00507,0.5174825174825175,pos,Farm,IT2
ASV_00416,ASV_00511,0.5,pos,Farm,IT2
ASV_00416,ASV_00517,0.5035460992907801,pos,Farm,IT2
ASV_00416,ASV_00528,0.5,pos,Farm,IT2
ASV_00416,ASV_00529,0.4857142857142857,pos,Farm,IT2
ASV_00416,ASV_00542,0.527027027027027,pos,Farm,IT2
ASV_00416,ASV_00544,0.5034965034965035,pos,Farm,IT2
ASV_00416,ASV_00555,0.5384615384615384,pos,Farm,IT2
ASV_00416,ASV_00594,0.528169014084507,pos,Farm,IT2
ASV_00416,ASV_00612,0.5136986301369864,pos,Farm,IT2
ASV_00416,ASV_00633,0.5103448275862069,pos,Farm,IT2
ASV_00416,ASV_00638,0.5347222222222222,pos,Farm,IT2
ASV_00416,ASV_00645,0.5144927536231884,pos,Farm,IT2
ASV_00416,ASV_00651,0.5,pos,Farm,IT2
ASV_00416,ASV_00686,0.5352112676056338,pos,Farm,IT2
ASV_00416,ASV_00724,0.5,pos,Farm,IT2
ASV_00416,ASV_00760,0.5238095238095238,pos,Farm,IT2
ASV_00416,ASV_00772,0.528169014084507,pos,Farm,IT2
ASV_00416,ASV_00798,0.5310344827586206,pos,Farm,IT2
ASV_00416,ASV_00806,0.5379310344827586,pos,Farm,IT2
ASV_00416,ASV_00808,0.5,pos,Farm,IT2
ASV_00416,ASV_00809,0.54,pos,Farm,IT2
ASV_00416,ASV_00829,0.5034965034965035,pos,Farm,IT2
ASV_00416,ASV_00875,0.527027027027027,pos,Farm,IT2
ASV_00416,ASV_00958,0.5,pos,Farm,IT2
ASV_00416,ASV_01023,0.5238095238095238,pos,Farm,IT2
ASV_00416,ASV_01092,0.527027027027027,pos,Farm,IT2
ASV_00416,ASV_01941,0.5602836879432624,pos,Farm,IT2
ASV_00418,ASV_00425,0.5107913669064749,pos,Farm,IT2
ASV_00418,ASV_00428,0.5,pos,Farm,IT2
ASV_00418,ASV_00440,0.5107913669064749,pos,Farm,IT2
ASV_00418,ASV_00454,0.5136986301369864,pos,Farm,IT2
ASV_00418,ASV_00455,0.4859154929577465,pos,Farm,IT2
ASV_00418,ASV_00471,0.5104895104895105,pos,Farm,IT2
ASV_00418,ASV_00490,0.527027027027027,pos,Farm,IT2
ASV_00418,ASV_00506,0.5035971223021583,pos,Farm,IT2
ASV_00418,ASV_00508,0.4859154929577465,pos,Farm,IT2
ASV_00418,ASV_00511,0.4748201438848921,pos,Farm,IT2
ASV_00418,ASV_00512,0.5448275862068965,pos,Farm,IT2
ASV_00418,ASV_00518,0.5555555555555556,pos,Farm,IT2
ASV_00418,ASV_00534,0.5374149659863946,pos,Farm,IT2
ASV_00418,ASV_00554,0.5460992907801419,pos,Farm,IT2
ASV_00418,ASV_00594,0.524822695035461,pos,Farm,IT2
ASV_00418,ASV_00618,0.5070422535211268,pos,Farm,IT2
ASV_00418,ASV_00620,0.5103448275862069,pos,Farm,IT2
ASV_00418,ASV_00651,0.5070422535211268,pos,Farm,IT2
ASV_00418,ASV_00679,0.5103448275862069,pos,Farm,IT2
ASV_00418,ASV_00687,0.539568345323741,pos,Farm,IT2
ASV_00418,ASV_00772,0.524822695035461,pos,Farm,IT2
ASV_00418,ASV_00806,0.5347222222222222,pos,Farm,IT2
ASV_00418,ASV_00809,0.5793103448275863,pos,Farm,IT2
ASV_00418,ASV_00843,0.5103448275862069,pos,Farm,IT2
ASV_00418,ASV_00875,0.5342465753424658,pos,Farm,IT2
ASV_00418,ASV_00935,0.5034965034965035,pos,Farm,IT2
ASV_00418,ASV_00989,0.4676258992805755,pos,Farm,IT2
ASV_00418,ASV_01249,0.5179856115107914,pos,Farm,IT2
ASV_00418,ASV_01328,0.49295774647887325,pos,Farm,IT2
ASV_00421,ASV_00425,0.5104895104895105,pos,Farm,IT2
ASV_00421,ASV_00443,0.5,pos,Farm,IT2
ASV_00421,ASV_00445,0.5277777777777778,pos,Farm,IT2
ASV_00421,ASV_00460,0.5815602836879432,pos,Farm,IT2
ASV_00421,ASV_00486,0.5608108108108109,pos,Farm,IT2
ASV_00421,ASV_00490,0.5782312925170068,pos,Farm,IT2
ASV_00421,ASV_00495,0.48951048951048953,pos,Farm,IT2
ASV_00421,ASV_00496,0.5205479452054794,pos,Farm,IT2
ASV_00421,ASV_00506,0.5034965034965035,pos,Farm,IT2
ASV_00421,ASV_00507,0.5136986301369864,pos,Farm,IT2
ASV_00421,ASV_00511,0.49645390070921985,pos,Farm,IT2
ASV_00421,ASV_00512,0.5436241610738255,pos,Farm,IT2
ASV_00421,ASV_00514,0.5838926174496645,pos,Farm,IT2
ASV_00421,ASV_00524,0.5357142857142857,pos,Farm,IT2
ASV_00421,ASV_00533,0.5314685314685315,pos,Farm,IT2
ASV_00421,ASV_00541,0.5172413793103449,pos,Farm,IT2
ASV_00421,ASV_00554,0.5448275862068965,pos,Farm,IT2
ASV_00421,ASV_00559,0.5103448275862069,pos,Farm,IT2
ASV_00421,ASV_00568,0.547945205479452,pos,Farm,IT2
ASV_00421,ASV_00571,0.5342465753424658,pos,Farm,IT2
ASV_00421,ASV_00581,0.5789473684210527,pos,Farm,IT2
ASV_00421,ASV_00587,0.5611510791366906,pos,Farm,IT2
ASV_00421,ASV_00595,0.5174825174825175,pos,Farm,IT2
ASV_00421,ASV_00596,0.48936170212765956,pos,Farm,IT2
ASV_00421,ASV_00612,0.5306122448979592,pos,Farm,IT2
ASV_00421,ASV_00615,0.5106382978723404,pos,Farm,IT2
ASV_00421,ASV_00618,0.5277777777777778,pos,Farm,IT2
ASV_00421,ASV_00622,0.48936170212765956,pos,Farm,IT2
ASV_00421,ASV_00628,0.5244755244755245,pos,Farm,IT2
ASV_00421,ASV_00633,0.5273972602739726,pos,Farm,IT2
ASV_00421,ASV_00635,0.5405405405405406,pos,Farm,IT2
ASV_00421,ASV_00636,0.5771812080536913,pos,Farm,IT2
ASV_00421,ASV_00643,0.5347222222222222,pos,Farm,IT2
ASV_00421,ASV_00651,0.5172413793103449,pos,Farm,IT2
ASV_00421,ASV_00654,0.5070422535211268,pos,Farm,IT2
ASV_00421,ASV_00656,0.5633802816901409,pos,Farm,IT2
ASV_00421,ASV_00662,0.5,pos,Farm,IT2
ASV_00421,ASV_00671,0.55,pos,Farm,IT2
ASV_00421,ASV_00686,0.5857142857142857,pos,Farm,IT2
ASV_00421,ASV_00709,0.5172413793103449,pos,Farm,IT2
ASV_00421,ASV_00727,0.5104895104895105,pos,Farm,IT2
ASV_00421,ASV_00728,0.49645390070921985,pos,Farm,IT2
ASV_00421,ASV_00769,0.5172413793103449,pos,Farm,IT2
ASV_00421,ASV_00778,0.4857142857142857,pos,Farm,IT2
ASV_00421,ASV_00781,0.5384615384615384,pos,Farm,IT2
ASV_00421,ASV_00793,0.5174825174825175,pos,Farm,IT2
ASV_00421,ASV_00802,0.5510204081632653,pos,Farm,IT2
ASV_00421,ASV_00806,0.5337837837837838,pos,Farm,IT2
ASV_00421,ASV_00807,0.5205479452054794,pos,Farm,IT2
ASV_00421,ASV_00809,0.5562913907284768,pos,Farm,IT2
ASV_00421,ASV_00817,0.5369127516778524,pos,Farm,IT2
ASV_00421,ASV_00821,0.5273972602739726,pos,Farm,IT2
ASV_00421,ASV_00822,0.5524475524475524,pos,Farm,IT2
ASV_00421,ASV_00842,0.5177304964539007,pos,Farm,IT2
ASV_00421,ASV_00843,0.541095890410959,pos,Farm,IT2
ASV_00421,ASV_00848,0.5306122448979592,pos,Farm,IT2
ASV_00421,ASV_00869,0.5405405405405406,pos,Farm,IT2
ASV_00421,ASV_00873,0.5434782608695652,pos,Farm,IT2
ASV_00421,ASV_00890,0.5486111111111112,pos,Farm,IT2
ASV_00421,ASV_00924,0.5035971223021583,pos,Farm,IT2
ASV_00421,ASV_00958,0.5714285714285714,pos,Farm,IT2
ASV_00421,ASV_00959,0.5136986301369864,pos,Farm,IT2
ASV_00421,ASV_01048,0.5103448275862069,pos,Farm,IT2
ASV_00421,ASV_01092,0.5753424657534246,pos,Farm,IT2
ASV_00421,ASV_01119,0.5436241610738255,pos,Farm,IT2
ASV_00421,ASV_01152,0.5208333333333334,pos,Farm,IT2
ASV_00421,ASV_01223,0.4785714285714286,pos,Farm,IT2
ASV_00421,ASV_01267,0.5103448275862069,pos,Farm,IT2
ASV_00421,ASV_01276,0.5285714285714286,pos,Farm,IT2
ASV_00421,ASV_01288,0.5448275862068965,pos,Farm,IT2
ASV_00421,ASV_01385,0.5531914893617021,pos,Farm,IT2
ASV_00421,ASV_01426,0.5177304964539007,pos,Farm,IT2
ASV_00421,ASV_01491,0.5714285714285714,pos,Farm,IT2
ASV_00421,ASV_01941,0.5448275862068965,pos,Farm,IT2
ASV_00421,ASV_02332,0.547945205479452,pos,Farm,IT2
ASV_00422,ASV_00423,0.5205479452054794,pos,Farm,IT2
ASV_00422,ASV_00438,0.5104895104895105,pos,Farm,IT2
ASV_00422,ASV_00447,0.5524475524475524,pos,Farm,IT2
ASV_00422,ASV_00464,0.5310344827586206,pos,Farm,IT2
ASV_00422,ASV_00490,0.5944055944055944,pos,Farm,IT2
ASV_00422,ASV_00506,0.4859154929577465,pos,Farm,IT2
ASV_00422,ASV_00513,0.5,pos,Farm,IT2
ASV_00422,ASV_00521,0.5238095238095238,pos,Farm,IT2
ASV_00422,ASV_00530,0.5174825174825175,pos,Farm,IT2
ASV_00422,ASV_00543,0.5172413793103449,pos,Farm,IT2
ASV_00422,ASV_00548,0.5182481751824818,pos,Farm,IT2
ASV_00422,ASV_00550,0.5310344827586206,pos,Farm,IT2
ASV_00422,ASV_00556,0.5244755244755245,pos,Farm,IT2
ASV_00422,ASV_00561,0.5771812080536913,pos,Farm,IT2
ASV_00422,ASV_00570,0.5441176470588235,pos,Farm,IT2
ASV_00422,ASV_00587,0.5,pos,Farm,IT2
ASV_00422,ASV_00592,0.5069444444444444,pos,Farm,IT2
ASV_00422,ASV_00594,0.5174825174825175,pos,Farm,IT2
ASV_00422,ASV_00595,0.5214285714285715,pos,Farm,IT2
ASV_00422,ASV_00613,0.48201438848920863,pos,Farm,IT2
ASV_00422,ASV_00620,0.5347222222222222,pos,Farm,IT2
ASV_00422,ASV_00628,0.4965034965034965,pos,Farm,IT2
ASV_00422,ASV_00633,0.5103448275862069,pos,Farm,IT2
ASV_00422,ASV_00636,0.5608108108108109,pos,Farm,IT2
ASV_00422,ASV_00643,0.5069444444444444,pos,Farm,IT2
ASV_00422,ASV_00651,0.5,pos,Farm,IT2
ASV_00422,ASV_00666,0.5486111111111112,pos,Farm,IT2
ASV_00422,ASV_00671,0.5214285714285715,pos,Farm,IT2
ASV_00422,ASV_00718,0.5035971223021583,pos,Farm,IT2
ASV_00422,ASV_00721,0.4857142857142857,pos,Farm,IT2
ASV_00422,ASV_00734,0.5492957746478874,pos,Farm,IT2
ASV_00422,ASV_00757,0.5277777777777778,pos,Farm,IT2
ASV_00422,ASV_00769,0.5,pos,Farm,IT2
ASV_00422,ASV_00801,0.48226950354609927,pos,Farm,IT2
ASV_00422,ASV_00806,0.5486111111111112,pos,Farm,IT2
ASV_00422,ASV_00829,0.524822695035461,pos,Farm,IT2
ASV_00422,ASV_00865,0.5244755244755245,pos,Farm,IT2
ASV_00422,ASV_00890,0.5422535211267606,pos,Farm,IT2
ASV_00422,ASV_00912,0.4927536231884058,pos,Farm,IT2
ASV_00422,ASV_00935,0.528169014084507,pos,Farm,IT2
ASV_00422,ASV_00984,0.5352112676056338,pos,Farm,IT2
ASV_00422,ASV_01018,0.5,pos,Farm,IT2
ASV_00422,ASV_01071,0.5285714285714286,pos,Farm,IT2
ASV_00422,ASV_01092,0.5374149659863946,pos,Farm,IT2
ASV_00422,ASV_01119,0.5374149659863946,pos,Farm,IT2
ASV_00422,ASV_01253,0.55,pos,Farm,IT2
ASV_00422,ASV_01267,0.5140845070422535,pos,Farm,IT2
ASV_00422,ASV_01276,0.5,pos,Farm,IT2
ASV_00422,ASV_01328,0.5735294117647058,pos,Farm,IT2
ASV_00422,ASV_01459,0.5070422535211268,pos,Farm,IT2
ASV_00422,ASV_01541,0.5314685314685315,pos,Farm,IT2
ASV_00422,ASV_01578,0.5138888888888888,pos,Farm,IT2
ASV_00422,ASV_02332,0.5416666666666666,pos,Farm,IT2
ASV_00423,ASV_00447,0.5405405405405406,pos,Farm,IT2
ASV_00423,ASV_00451,0.5714285714285714,pos,Farm,IT2
ASV_00423,ASV_00458,0.5104895104895105,pos,Farm,IT2
ASV_00423,ASV_00498,0.5142857142857142,pos,Farm,IT2
ASV_00423,ASV_00506,0.5174825174825175,pos,Farm,IT2
ASV_00423,ASV_00512,0.5466666666666666,pos,Farm,IT2
ASV_00423,ASV_00524,0.5174825174825175,pos,Farm,IT2
ASV_00423,ASV_00550,0.5616438356164384,pos,Farm,IT2
ASV_00423,ASV_00592,0.5273972602739726,pos,Farm,IT2
ASV_00423,ASV_00636,0.5592105263157895,pos,Farm,IT2
ASV_00423,ASV_00654,0.5,pos,Farm,IT2
ASV_00423,ASV_00676,0.5503355704697986,pos,Farm,IT2
ASV_00423,ASV_00721,0.4965034965034965,pos,Farm,IT2
ASV_00423,ASV_00798,0.5510204081632653,pos,Farm,IT2
ASV_00423,ASV_00929,0.5405405405405406,pos,Farm,IT2
ASV_00423,ASV_01249,0.5103448275862069,pos,Farm,IT2
ASV_00425,ASV_00438,0.5035460992907801,pos,Farm,IT2
ASV_00425,ASV_00441,0.5144927536231884,pos,Farm,IT2
ASV_00425,ASV_00444,0.5,pos,Farm,IT2
ASV_00425,ASV_00459,0.5140845070422535,pos,Farm,IT2
ASV_00425,ASV_00463,0.5390070921985816,pos,Farm,IT2
ASV_00425,ASV_00464,0.5138888888888888,pos,Farm,IT2
ASV_00425,ASV_00477,0.524822695035461,pos,Farm,IT2
ASV_00425,ASV_00486,0.5379310344827586,pos,Farm,IT2
ASV_00425,ASV_00490,0.5238095238095238,pos,Farm,IT2
ASV_00425,ASV_00494,0.5,pos,Farm,IT2
ASV_00425,ASV_00495,0.4855072463768116,pos,Farm,IT2
ASV_00425,ASV_00521,0.5277777777777778,pos,Farm,IT2
ASV_00425,ASV_00533,0.5071428571428571,pos,Farm,IT2
ASV_00425,ASV_00543,0.5,pos,Farm,IT2
ASV_00425,ASV_00544,0.49645390070921985,pos,Farm,IT2
ASV_00425,ASV_00548,0.5,pos,Farm,IT2
ASV_00425,ASV_00554,0.5539568345323741,pos,Farm,IT2
ASV_00425,ASV_00566,0.49295774647887325,pos,Farm,IT2
ASV_00425,ASV_00569,0.49640287769784175,pos,Farm,IT2
ASV_00425,ASV_00571,0.5,pos,Farm,IT2
ASV_00425,ASV_00587,0.48226950354609927,pos,Farm,IT2
ASV_00425,ASV_00612,0.5069444444444444,pos,Farm,IT2
ASV_00425,ASV_00618,0.5035460992907801,pos,Farm,IT2
ASV_00425,ASV_00620,0.5069444444444444,pos,Farm,IT2
ASV_00425,ASV_00628,0.5107913669064749,pos,Farm,IT2
ASV_00425,ASV_00635,0.5277777777777778,pos,Farm,IT2
ASV_00425,ASV_00643,0.5214285714285715,pos,Farm,IT2
ASV_00425,ASV_00651,0.5035460992907801,pos,Farm,IT2
ASV_00425,ASV_00654,0.5036496350364964,pos,Farm,IT2
ASV_00425,ASV_00656,0.4965034965034965,pos,Farm,IT2
ASV_00425,ASV_00662,0.5407407407407407,pos,Farm,IT2
ASV_00425,ASV_00668,0.48226950354609927,pos,Farm,IT2
ASV_00425,ASV_00671,0.5255474452554745,pos,Farm,IT2
ASV_00425,ASV_00676,0.5347222222222222,pos,Farm,IT2
ASV_00425,ASV_00679,0.5390070921985816,pos,Farm,IT2
ASV_00425,ASV_00686,0.4965034965034965,pos,Farm,IT2
ASV_00425,ASV_00734,0.5104895104895105,pos,Farm,IT2
ASV_00425,ASV_00758,0.5034965034965035,pos,Farm,IT2
ASV_00425,ASV_00772,0.5661764705882353,pos,Farm,IT2
ASV_00425,ASV_00778,0.47058823529411764,pos,Farm,IT2
ASV_00425,ASV_00801,0.4748201438848921,pos,Farm,IT2
ASV_00425,ASV_00817,0.5454545454545454,pos,Farm,IT2
ASV_00425,ASV_00821,0.5357142857142857,pos,Farm,IT2
ASV_00425,ASV_00829,0.49645390070921985,pos,Farm,IT2
ASV_00425,ASV_00842,0.48201438848920863,pos,Farm,IT2
ASV_00425,ASV_00843,0.5069444444444444,pos,Farm,IT2
ASV_00425,ASV_00845,0.4782608695652174,pos,Farm,IT2
ASV_00425,ASV_00873,0.5185185185185185,pos,Farm,IT2
ASV_00425,ASV_00890,0.5467625899280576,pos,Farm,IT2
ASV_00425,ASV_00924,0.4888888888888889,pos,Farm,IT2
ASV_00425,ASV_00931,0.5144927536231884,pos,Farm,IT2
ASV_00425,ASV_00987,0.4928571428571429,pos,Farm,IT2
ASV_00425,ASV_00989,0.4852941176470588,pos,Farm,IT2
ASV_00425,ASV_01018,0.48226950354609927,pos,Farm,IT2
ASV_00425,ASV_01119,0.5416666666666666,pos,Farm,IT2
ASV_00425,ASV_01249,0.48226950354609927,pos,Farm,IT2
ASV_00425,ASV_01253,0.5,pos,Farm,IT2
ASV_00425,ASV_01267,0.4859154929577465,pos,Farm,IT2
ASV_00425,ASV_01276,0.48201438848920863,pos,Farm,IT2
ASV_00425,ASV_01288,0.5,pos,Farm,IT2
ASV_00425,ASV_01491,0.49295774647887325,pos,Farm,IT2
ASV_00425,ASV_01512,0.4782608695652174,pos,Farm,IT2
ASV_00425,ASV_01578,0.5177304964539007,pos,Farm,IT2
ASV_00425,ASV_02149,0.4785714285714286,pos,Farm,IT2
ASV_00425,ASV_02332,0.503448275862069,pos,Farm,IT2
ASV_00426,ASV_00453,0.5629139072847682,pos,Farm,IT2
ASV_00426,ASV_00455,0.5333333333333333,pos,Farm,IT2
ASV_00426,ASV_00460,0.5629139072847682,pos,Farm,IT2
ASV_00426,ASV_00482,0.6470588235294118,pos,Farm,IT2
ASV_00426,ASV_00485,0.5592105263157895,pos,Farm,IT2
ASV_00426,ASV_00490,0.6013071895424836,pos,Farm,IT2
ASV_00426,ASV_00495,0.527027027027027,pos,Farm,IT2
ASV_00426,ASV_00498,0.5379310344827586,pos,Farm,IT2
ASV_00426,ASV_00512,0.577922077922078,pos,Farm,IT2
ASV_00426,ASV_00513,0.5637583892617449,pos,Farm,IT2
ASV_00426,ASV_00528,0.5333333333333333,pos,Farm,IT2
ASV_00426,ASV_00529,0.5306122448979592,pos,Farm,IT2
ASV_00426,ASV_00551,0.5945945945945946,pos,Farm,IT2
ASV_00426,ASV_00556,0.5562913907284768,pos,Farm,IT2
ASV_00426,ASV_00568,0.5723684210526315,pos,Farm,IT2
ASV_00426,ASV_00571,0.5906040268456376,pos,Farm,IT2
ASV_00426,ASV_00594,0.5704697986577181,pos,Farm,IT2
ASV_00426,ASV_00628,0.54,pos,Farm,IT2
ASV_00426,ASV_00665,0.547945205479452,pos,Farm,IT2
ASV_00426,ASV_00668,0.5436241610738255,pos,Farm,IT2
ASV_00426,ASV_00671,0.5436241610738255,pos,Farm,IT2
ASV_00426,ASV_00673,0.6052631578947368,pos,Farm,IT2
ASV_00426,ASV_00679,0.5657894736842105,pos,Farm,IT2
ASV_00426,ASV_00721,0.541095890410959,pos,Farm,IT2
ASV_00426,ASV_00757,0.5592105263157895,pos,Farm,IT2
ASV_00426,ASV_00772,0.581081081081081,pos,Farm,IT2
ASV_00426,ASV_00808,0.5862068965517241,pos,Farm,IT2
ASV_00426,ASV_00869,0.5751633986928104,pos,Farm,IT2
ASV_00426,ASV_00880,0.5472972972972973,pos,Farm,IT2
ASV_00426,ASV_00924,0.5205479452054794,pos,Farm,IT2
ASV_00426,ASV_00931,0.5436241610738255,pos,Farm,IT2
ASV_00426,ASV_00984,0.5666666666666667,pos,Farm,IT2
ASV_00426,ASV_01018,0.5436241610738255,pos,Farm,IT2
ASV_00426,ASV_01023,0.5751633986928104,pos,Farm,IT2
ASV_00426,ASV_01179,0.5302013422818792,pos,Farm,IT2
ASV_00426,ASV_01249,0.5333333333333333,pos,Farm,IT2
ASV_00426,ASV_01288,0.5592105263157895,pos,Farm,IT2
ASV_00426,ASV_01368,0.5704697986577181,pos,Farm,IT2
ASV_00426,ASV_01385,0.589041095890411,pos,Farm,IT2
ASV_00426,ASV_01941,0.58,pos,Farm,IT2
ASV_00428,ASV_00440,0.5648854961832062,pos,Farm,IT2
ASV_00428,ASV_00441,0.48201438848920863,pos,Farm,IT2
ASV_00428,ASV_00455,0.5147058823529411,pos,Farm,IT2
ASV_00428,ASV_00506,0.5,pos,Farm,IT2
ASV_00428,ASV_00513,0.4928571428571429,pos,Farm,IT2
ASV_00428,ASV_00514,0.5202702702702703,pos,Farm,IT2
ASV_00428,ASV_00554,0.5214285714285715,pos,Farm,IT2
ASV_00428,ASV_00556,0.4859154929577465,pos,Farm,IT2
ASV_00428,ASV_00571,0.48951048951048953,pos,Farm,IT2
ASV_00428,ASV_00572,0.5205479452054794,pos,Farm,IT2
ASV_00428,ASV_00594,0.48936170212765956,pos,Farm,IT2
ASV_00428,ASV_00656,0.4859154929577465,pos,Farm,IT2
ASV_00428,ASV_00673,0.5172413793103449,pos,Farm,IT2
ASV_00428,ASV_00687,0.4928571428571429,pos,Farm,IT2
ASV_00428,ASV_00721,0.4888888888888889,pos,Farm,IT2
ASV_00428,ASV_00807,0.4859154929577465,pos,Farm,IT2
ASV_00428,ASV_01512,0.46715328467153283,pos,Farm,IT2
ASV_00429,ASV_00438,0.49264705882352944,pos,Farm,IT2
ASV_00429,ASV_00459,0.4714285714285714,pos,Farm,IT2
ASV_00429,ASV_00463,0.475177304964539,pos,Farm,IT2
ASV_00429,ASV_00468,0.4230769230769231,pos,Farm,IT2
ASV_00429,ASV_00479,0.5144927536231884,pos,Farm,IT2
ASV_00429,ASV_00483,0.49295774647887325,pos,Farm,IT2
ASV_00429,ASV_00485,0.4892086330935252,pos,Farm,IT2
ASV_00429,ASV_00504,0.4965034965034965,pos,Farm,IT2
ASV_00429,ASV_00506,0.4666666666666667,pos,Farm,IT2
ASV_00429,ASV_00533,0.5303030303030303,pos,Farm,IT2
ASV_00429,ASV_00536,0.5251798561151079,pos,Farm,IT2
ASV_00429,ASV_00548,0.4772727272727273,pos,Farm,IT2
ASV_00429,ASV_00563,0.5109489051094891,pos,Farm,IT2
ASV_00429,ASV_00570,0.4485294117647059,pos,Farm,IT2
ASV_00429,ASV_00581,0.4846153846153846,pos,Farm,IT2
ASV_00429,ASV_00592,0.5111111111111111,pos,Farm,IT2
ASV_00429,ASV_00596,0.45112781954887216,pos,Farm,IT2
ASV_00429,ASV_00622,0.44029850746268656,pos,Farm,IT2
ASV_00429,ASV_00633,0.4927536231884058,pos,Farm,IT2
ASV_00429,ASV_00651,0.5149253731343284,pos,Farm,IT2
ASV_00429,ASV_00654,0.4485294117647059,pos,Farm,IT2
ASV_00429,ASV_00714,0.4444444444444444,pos,Farm,IT2
ASV_00429,ASV_00724,0.5151515151515151,pos,Farm,IT2
ASV_00429,ASV_00727,0.4632352941176471,pos,Farm,IT2
ASV_00429,ASV_00755,0.48951048951048953,pos,Farm,IT2
ASV_00429,ASV_00781,0.5149253731343284,pos,Farm,IT2
ASV_00429,ASV_00782,0.47101449275362317,pos,Farm,IT2
ASV_00429,ASV_00798,0.4928571428571429,pos,Farm,IT2
ASV_00429,ASV_00821,0.4714285714285714,pos,Farm,IT2
ASV_00429,ASV_00822,0.4748201438848921,pos,Farm,IT2
ASV_00429,ASV_00845,0.48854961832061067,pos,Farm,IT2
ASV_00429,ASV_00880,0.4632352941176471,pos,Farm,IT2
ASV_00429,ASV_00890,0.4714285714285714,pos,Farm,IT2
ASV_00429,ASV_00891,0.496551724137931,pos,Farm,IT2
ASV_00429,ASV_00906,0.5034965034965035,pos,Farm,IT2
ASV_00429,ASV_00958,0.47101449275362317,pos,Farm,IT2
ASV_00429,ASV_00966,0.44029850746268656,pos,Farm,IT2
ASV_00429,ASV_00984,0.49635036496350365,pos,Farm,IT2
ASV_00429,ASV_01048,0.4744525547445255,pos,Farm,IT2
ASV_00429,ASV_01223,0.4393939393939394,pos,Farm,IT2
ASV_00429,ASV_01276,0.4485294117647059,pos,Farm,IT2
ASV_00429,ASV_01512,0.4444444444444444,pos,Farm,IT2
ASV_00437,ASV_00441,0.5069444444444444,pos,Farm,IT2
ASV_00437,ASV_00445,0.5277777777777778,pos,Farm,IT2
ASV_00437,ASV_00528,0.5069444444444444,pos,Farm,IT2
ASV_00437,ASV_00542,0.5540540540540541,pos,Farm,IT2
ASV_00437,ASV_00543,0.5342465753424658,pos,Farm,IT2
ASV_00437,ASV_00555,0.5238095238095238,pos,Farm,IT2
ASV_00437,ASV_00571,0.5555555555555556,pos,Farm,IT2
ASV_00437,ASV_00673,0.5714285714285714,pos,Farm,IT2
ASV_00437,ASV_00724,0.5069444444444444,pos,Farm,IT2
ASV_00437,ASV_00757,0.5342465753424658,pos,Farm,IT2
ASV_00437,ASV_00829,0.5103448275862069,pos,Farm,IT2
ASV_00437,ASV_00912,0.5107913669064749,pos,Farm,IT2
ASV_00437,ASV_00931,0.528169014084507,pos,Farm,IT2
ASV_00437,ASV_00989,0.48936170212765956,pos,Farm,IT2
ASV_00437,ASV_01092,0.5436241610738255,pos,Farm,IT2
ASV_00437,ASV_01941,0.5342465753424658,pos,Farm,IT2
ASV_00438,ASV_00441,0.5,pos,Farm,IT2
ASV_00438,ASV_00443,0.49295774647887325,pos,Farm,IT2
ASV_00438,ASV_00445,0.5,pos,Farm,IT2
ASV_00438,ASV_00455,0.5,pos,Farm,IT2
ASV_00438,ASV_00459,0.5103448275862069,pos,Farm,IT2
ASV_00438,ASV_00460,0.5208333333333334,pos,Farm,IT2
ASV_00438,ASV_00463,0.5136986301369864,pos,Farm,IT2
ASV_00438,ASV_00483,0.5306122448979592,pos,Farm,IT2
ASV_00438,ASV_00486,0.54421768707483,pos,Farm,IT2
ASV_00438,ASV_00490,0.5405405405405406,pos,Farm,IT2
ASV_00438,ASV_00494,0.528169014084507,pos,Farm,IT2
ASV_00438,ASV_00495,0.5144927536231884,pos,Farm,IT2
ASV_00438,ASV_00501,0.5352112676056338,pos,Farm,IT2
ASV_00438,ASV_00503,0.5428571428571428,pos,Farm,IT2
ASV_00438,ASV_00508,0.5106382978723404,pos,Farm,IT2
ASV_00438,ASV_00518,0.5804195804195804,pos,Farm,IT2
ASV_00438,ASV_00520,0.5172413793103449,pos,Farm,IT2
ASV_00438,ASV_00521,0.5555555555555556,pos,Farm,IT2
ASV_00438,ASV_00528,0.5434782608695652,pos,Farm,IT2
ASV_00438,ASV_00533,0.5357142857142857,pos,Farm,IT2
ASV_00438,ASV_00536,0.541095890410959,pos,Farm,IT2
ASV_00438,ASV_00541,0.5211267605633803,pos,Farm,IT2
ASV_00438,ASV_00548,0.4857142857142857,pos,Farm,IT2
ASV_00438,ASV_00550,0.5416666666666666,pos,Farm,IT2
ASV_00438,ASV_00556,0.5683453237410072,pos,Farm,IT2
ASV_00438,ASV_00559,0.5140845070422535,pos,Farm,IT2
ASV_00438,ASV_00566,0.5211267605633803,pos,Farm,IT2
ASV_00438,ASV_00570,0.5217391304347826,pos,Farm,IT2
ASV_00438,ASV_00571,0.5492957746478874,pos,Farm,IT2
ASV_00438,ASV_00594,0.55,pos,Farm,IT2
ASV_00438,ASV_00613,0.48201438848920863,pos,Farm,IT2
ASV_00438,ASV_00620,0.5785714285714286,pos,Farm,IT2
ASV_00438,ASV_00628,0.5070422535211268,pos,Farm,IT2
ASV_00438,ASV_00636,0.5821917808219178,pos,Farm,IT2
ASV_00438,ASV_00643,0.5069444444444444,pos,Farm,IT2
ASV_00438,ASV_00651,0.5,pos,Farm,IT2
ASV_00438,ASV_00654,0.5,pos,Farm,IT2
ASV_00438,ASV_00656,0.5683453237410072,pos,Farm,IT2
ASV_00438,ASV_00668,0.5661764705882353,pos,Farm,IT2
ASV_00438,ASV_00671,0.5547445255474452,pos,Farm,IT2
ASV_00438,ASV_00673,0.5655172413793104,pos,Farm,IT2
ASV_00438,ASV_00686,0.5244755244755245,pos,Farm,IT2
ASV_00438,ASV_00724,0.5777777777777777,pos,Farm,IT2
ASV_00438,ASV_00732,0.4965034965034965,pos,Farm,IT2
ASV_00438,ASV_00758,0.5422535211267606,pos,Farm,IT2
ASV_00438,ASV_00769,0.5652173913043478,pos,Farm,IT2
ASV_00438,ASV_00772,0.5069444444444444,pos,Farm,IT2
ASV_00438,ASV_00778,0.4782608695652174,pos,Farm,IT2
ASV_00438,ASV_00781,0.5539568345323741,pos,Farm,IT2
ASV_00438,ASV_00798,0.5205479452054794,pos,Farm,IT2
ASV_00438,ASV_00806,0.5486111111111112,pos,Farm,IT2
ASV_00438,ASV_00807,0.5352112676056338,pos,Farm,IT2
ASV_00438,ASV_00808,0.5323741007194245,pos,Farm,IT2
ASV_00438,ASV_00821,0.5642857142857143,pos,Farm,IT2
ASV_00438,ASV_00822,0.5460992907801419,pos,Farm,IT2
ASV_00438,ASV_00829,0.5579710144927537,pos,Farm,IT2
ASV_00438,ASV_00845,0.4857142857142857,pos,Farm,IT2
ASV_00438,ASV_00848,0.5241379310344828,pos,Farm,IT2
ASV_00438,ASV_00865,0.5460992907801419,pos,Farm,IT2
ASV_00438,ASV_00873,0.48226950354609927,pos,Farm,IT2
ASV_00438,ASV_00906,0.5724137931034483,pos,Farm,IT2
ASV_00438,ASV_00989,0.48201438848920863,pos,Farm,IT2
ASV_00438,ASV_01065,0.5107913669064749,pos,Farm,IT2
ASV_00438,ASV_01119,0.527027027027027,pos,Farm,IT2
ASV_00438,ASV_01204,0.5342465753424658,pos,Farm,IT2
ASV_00438,ASV_01249,0.5,pos,Farm,IT2
ASV_00438,ASV_01385,0.5579710144927537,pos,Farm,IT2
ASV_00438,ASV_01578,0.5244755244755245,pos,Farm,IT2
ASV_00438,ASV_01941,0.5172413793103449,pos,Farm,IT2
ASV_00438,ASV_02149,0.4859154929577465,pos,Farm,IT2
ASV_00438,ASV_02332,0.5205479452054794,pos,Farm,IT2
ASV_00440,ASV_00463,0.5174825174825175,pos,Farm,IT2
ASV_00440,ASV_00471,0.5177304964539007,pos,Farm,IT2
ASV_00440,ASV_00479,0.503448275862069,pos,Farm,IT2
ASV_00440,ASV_00498,0.4852941176470588,pos,Farm,IT2
ASV_00440,ASV_00504,0.5170068027210885,pos,Farm,IT2
ASV_00440,ASV_00506,0.4892086330935252,pos,Farm,IT2
ASV_00440,ASV_00511,0.49264705882352944,pos,Farm,IT2
ASV_00440,ASV_00528,0.48226950354609927,pos,Farm,IT2
ASV_00440,ASV_00529,0.4676258992805755,pos,Farm,IT2
ASV_00440,ASV_00554,0.5104895104895105,pos,Farm,IT2
ASV_00440,ASV_00555,0.5,pos,Farm,IT2
ASV_00440,ASV_00556,0.4965034965034965,pos,Farm,IT2
ASV_00440,ASV_00563,0.5,pos,Farm,IT2
ASV_00440,ASV_00612,0.5174825174825175,pos,Farm,IT2
ASV_00440,ASV_00620,0.528169014084507,pos,Farm,IT2
ASV_00440,ASV_00628,0.5,pos,Farm,IT2
ASV_00440,ASV_00630,0.48905109489051096,pos,Farm,IT2
ASV_00440,ASV_00643,0.5,pos,Farm,IT2
ASV_00440,ASV_00645,0.4748201438848921,pos,Farm,IT2
ASV_00440,ASV_00651,0.5142857142857142,pos,Farm,IT2
ASV_00440,ASV_00654,0.5488721804511278,pos,Farm,IT2
ASV_00440,ASV_00665,0.49635036496350365,pos,Farm,IT2
ASV_00440,ASV_00676,0.5241379310344828,pos,Farm,IT2
ASV_00440,ASV_00687,0.5035460992907801,pos,Farm,IT2
ASV_00440,ASV_00718,0.5185185185185185,pos,Farm,IT2
ASV_00440,ASV_00726,0.5211267605633803,pos,Farm,IT2
ASV_00440,ASV_00758,0.5693430656934306,pos,Farm,IT2
ASV_00440,ASV_00769,0.5035460992907801,pos,Farm,IT2
ASV_00440,ASV_00772,0.5214285714285715,pos,Farm,IT2
ASV_00440,ASV_00782,0.49295774647887325,pos,Farm,IT2
ASV_00440,ASV_00798,0.5244755244755245,pos,Farm,IT2
ASV_00440,ASV_00806,0.5422535211267606,pos,Farm,IT2
ASV_00440,ASV_00807,0.4965034965034965,pos,Farm,IT2
ASV_00440,ASV_00808,0.4928571428571429,pos,Farm,IT2
ASV_00440,ASV_00829,0.5071428571428571,pos,Farm,IT2
ASV_00440,ASV_00842,0.5147058823529411,pos,Farm,IT2
ASV_00440,ASV_00909,0.48226950354609927,pos,Farm,IT2
ASV_00440,ASV_00958,0.5035460992907801,pos,Farm,IT2
ASV_00440,ASV_00989,0.4744525547445255,pos,Farm,IT2
ASV_00440,ASV_01048,0.4859154929577465,pos,Farm,IT2
ASV_00440,ASV_01065,0.4927536231884058,pos,Farm,IT2
ASV_00440,ASV_01152,0.4859154929577465,pos,Farm,IT2
ASV_00440,ASV_01204,0.5277777777777778,pos,Farm,IT2
ASV_00440,ASV_01342,0.5664335664335665,pos,Farm,IT2
ASV_00440,ASV_01385,0.4859154929577465,pos,Farm,IT2
ASV_00440,ASV_01458,0.49264705882352944,pos,Farm,IT2
ASV_00440,ASV_01578,0.5070422535211268,pos,Farm,IT2
ASV_00440,ASV_02020,0.5071428571428571,pos,Farm,IT2
ASV_00441,ASV_00443,0.48226950354609927,pos,Farm,IT2
ASV_00441,ASV_00452,0.4928571428571429,pos,Farm,IT2
ASV_00441,ASV_00486,0.5238095238095238,pos,Farm,IT2
ASV_00441,ASV_00493,0.5673758865248227,pos,Farm,IT2
ASV_00441,ASV_00503,0.5323741007194245,pos,Farm,IT2
ASV_00441,ASV_00504,0.5238095238095238,pos,Farm,IT2
ASV_00441,ASV_00511,0.4782608695652174,pos,Farm,IT2
ASV_00441,ASV_00512,0.5170068027210885,pos,Farm,IT2
ASV_00441,ASV_00533,0.49295774647887325,pos,Farm,IT2
ASV_00441,ASV_00544,0.49295774647887325,pos,Farm,IT2
ASV_00441,ASV_00550,0.5208333333333334,pos,Farm,IT2
ASV_00441,ASV_00551,0.5104895104895105,pos,Farm,IT2
ASV_00441,ASV_00554,0.5390070921985816,pos,Farm,IT2
ASV_00441,ASV_00570,0.4785714285714286,pos,Farm,IT2
ASV_00441,ASV_00572,0.547945205479452,pos,Farm,IT2
ASV_00441,ASV_00576,0.49295774647887325,pos,Farm,IT2
ASV_00441,ASV_00595,0.5217391304347826,pos,Farm,IT2
ASV_00441,ASV_00620,0.5138888888888888,pos,Farm,IT2
ASV_00441,ASV_00622,0.47101449275362317,pos,Farm,IT2
ASV_00441,ASV_00636,0.5302013422818792,pos,Farm,IT2
ASV_00441,ASV_00656,0.5140845070422535,pos,Farm,IT2
ASV_00441,ASV_00671,0.5,pos,Farm,IT2
ASV_00441,ASV_00673,0.5448275862068965,pos,Farm,IT2
ASV_00441,ASV_00697,0.4785714285714286,pos,Farm,IT2
ASV_00441,ASV_00714,0.4855072463768116,pos,Farm,IT2
ASV_00441,ASV_00718,0.4927536231884058,pos,Farm,IT2
ASV_00441,ASV_00732,0.49645390070921985,pos,Farm,IT2
ASV_00441,ASV_00757,0.5174825174825175,pos,Farm,IT2
ASV_00441,ASV_00769,0.5106382978723404,pos,Farm,IT2
ASV_00441,ASV_00772,0.5285714285714286,pos,Farm,IT2
ASV_00441,ASV_00778,0.46715328467153283,pos,Farm,IT2
ASV_00441,ASV_00817,0.5310344827586206,pos,Farm,IT2
ASV_00441,ASV_00842,0.4785714285714286,pos,Farm,IT2
ASV_00441,ASV_00845,0.49635036496350365,pos,Farm,IT2
ASV_00441,ASV_00865,0.5357142857142857,pos,Farm,IT2
ASV_00441,ASV_00873,0.5036496350364964,pos,Farm,IT2
ASV_00441,ASV_00931,0.5107913669064749,pos,Farm,IT2
ASV_00441,ASV_00952,0.4928571428571429,pos,Farm,IT2
ASV_00441,ASV_00959,0.5070422535211268,pos,Farm,IT2
ASV_00441,ASV_00984,0.5034965034965035,pos,Farm,IT2
ASV_00441,ASV_01204,0.5136986301369864,pos,Farm,IT2
ASV_00441,ASV_01223,0.47058823529411764,pos,Farm,IT2
ASV_00441,ASV_01253,0.5177304964539007,pos,Farm,IT2
ASV_00441,ASV_01385,0.5035460992907801,pos,Farm,IT2
ASV_00441,ASV_01491,0.5,pos,Farm,IT2
ASV_00441,ASV_01941,0.5069444444444444,pos,Farm,IT2
ASV_00441,ASV_02332,0.5314685314685315,pos,Farm,IT2
ASV_00442,ASV_00450,0.547945205479452,pos,Farm,IT2
ASV_00442,ASV_00454,0.5436241610738255,pos,Farm,IT2
ASV_00442,ASV_00459,0.5694444444444444,pos,Farm,IT2
ASV_00442,ASV_00463,0.5405405405405406,pos,Farm,IT2
ASV_00442,ASV_00467,0.5666666666666667,pos,Farm,IT2
ASV_00442,ASV_00468,0.4748201438848921,pos,Farm,IT2
ASV_00442,ASV_00477,0.5374149659863946,pos,Farm,IT2
ASV_00442,ASV_00479,0.5472972972972973,pos,Farm,IT2
ASV_00442,ASV_00488,0.589041095890411,pos,Farm,IT2
ASV_00442,ASV_00494,0.5342465753424658,pos,Farm,IT2
ASV_00442,ASV_00498,0.5,pos,Farm,IT2
ASV_00442,ASV_00521,0.5608108108108109,pos,Farm,IT2
ASV_00442,ASV_00530,0.5342465753424658,pos,Farm,IT2
ASV_00442,ASV_00544,0.5205479452054794,pos,Farm,IT2
ASV_00442,ASV_00554,0.5337837837837838,pos,Farm,IT2
ASV_00442,ASV_00587,0.5492957746478874,pos,Farm,IT2
ASV_00442,ASV_00622,0.48951048951048953,pos,Farm,IT2
ASV_00442,ASV_00638,0.5405405405405406,pos,Farm,IT2
ASV_00442,ASV_00643,0.5448275862068965,pos,Farm,IT2
ASV_00442,ASV_00651,0.5486111111111112,pos,Farm,IT2
ASV_00442,ASV_00662,0.5531914893617021,pos,Farm,IT2
ASV_00442,ASV_00665,0.5,pos,Farm,IT2
ASV_00442,ASV_00671,0.5172413793103449,pos,Farm,IT2
ASV_00442,ASV_00709,0.5486111111111112,pos,Farm,IT2
ASV_00442,ASV_00732,0.5136986301369864,pos,Farm,IT2
ASV_00442,ASV_00757,0.5547945205479452,pos,Farm,IT2
ASV_00442,ASV_00769,0.5486111111111112,pos,Farm,IT2
ASV_00442,ASV_00822,0.5306122448979592,pos,Farm,IT2
ASV_00442,ASV_00842,0.5069444444444444,pos,Farm,IT2
ASV_00442,ASV_00880,0.5208333333333334,pos,Farm,IT2
ASV_00442,ASV_00912,0.48951048951048953,pos,Farm,IT2
ASV_00442,ASV_00929,0.5578231292517006,pos,Farm,IT2
ASV_00442,ASV_00952,0.5208333333333334,pos,Farm,IT2
ASV_00442,ASV_01018,0.5172413793103449,pos,Farm,IT2
ASV_00442,ASV_01092,0.5533333333333333,pos,Farm,IT2
ASV_00442,ASV_01119,0.5533333333333333,pos,Farm,IT2
ASV_00442,ASV_01153,0.5314685314685315,pos,Farm,IT2
ASV_00442,ASV_01223,0.5,pos,Farm,IT2
ASV_00442,ASV_01288,0.5337837837837838,pos,Farm,IT2
ASV_00442,ASV_01491,0.5379310344827586,pos,Farm,IT2
ASV_00442,ASV_01512,0.4930555555555556,pos,Farm,IT2
ASV_00442,ASV_01578,0.5306122448979592,pos,Farm,IT2
ASV_00442,ASV_01941,0.5547945205479452,pos,Farm,IT2
ASV_00443,ASV_00444,0.5106382978723404,pos,Farm,IT2
ASV_00443,ASV_00445,0.5035460992907801,pos,Farm,IT2
ASV_00443,ASV_00447,0.5244755244755245,pos,Farm,IT2
ASV_00443,ASV_00452,0.4857142857142857,pos,Farm,IT2
ASV_00443,ASV_00453,0.5034965034965035,pos,Farm,IT2
ASV_00443,ASV_00455,0.4928571428571429,pos,Farm,IT2
ASV_00443,ASV_00467,0.5448275862068965,pos,Farm,IT2
ASV_00443,ASV_00474,0.5539568345323741,pos,Farm,IT2
ASV_00443,ASV_00476,0.48226950354609927,pos,Farm,IT2
ASV_00443,ASV_00486,0.5594405594405595,pos,Farm,IT2
ASV_00443,ASV_00488,0.5136986301369864,pos,Farm,IT2
ASV_00443,ASV_00493,0.5602836879432624,pos,Farm,IT2
ASV_00443,ASV_00501,0.5285714285714286,pos,Farm,IT2
ASV_00443,ASV_00504,0.5379310344827586,pos,Farm,IT2
ASV_00443,ASV_00508,0.5035971223021583,pos,Farm,IT2
ASV_00443,ASV_00511,0.49264705882352944,pos,Farm,IT2
ASV_00443,ASV_00524,0.4892086330935252,pos,Farm,IT2
ASV_00443,ASV_00530,0.5,pos,Farm,IT2
ASV_00443,ASV_00534,0.5664335664335665,pos,Farm,IT2
ASV_00443,ASV_00548,0.48905109489051096,pos,Farm,IT2
ASV_00443,ASV_00550,0.5797101449275363,pos,Farm,IT2
ASV_00443,ASV_00554,0.5,pos,Farm,IT2
ASV_00443,ASV_00555,0.5,pos,Farm,IT2
ASV_00443,ASV_00563,0.5428571428571428,pos,Farm,IT2
ASV_00443,ASV_00570,0.4927536231884058,pos,Farm,IT2
ASV_00443,ASV_00571,0.5104895104895105,pos,Farm,IT2
ASV_00443,ASV_00572,0.5306122448979592,pos,Farm,IT2
ASV_00443,ASV_00576,0.49645390070921985,pos,Farm,IT2
ASV_00443,ASV_00581,0.4852941176470588,pos,Farm,IT2
ASV_00443,ASV_00587,0.48226950354609927,pos,Farm,IT2
ASV_00443,ASV_00595,0.5035971223021583,pos,Farm,IT2
ASV_00443,ASV_00613,0.4852941176470588,pos,Farm,IT2
ASV_00443,ASV_00615,0.4855072463768116,pos,Farm,IT2
ASV_00443,ASV_00620,0.5069444444444444,pos,Farm,IT2
ASV_00443,ASV_00628,0.5,pos,Farm,IT2
ASV_00443,ASV_00641,0.5277777777777778,pos,Farm,IT2
ASV_00443,ASV_00643,0.5106382978723404,pos,Farm,IT2
ASV_00443,ASV_00671,0.5035971223021583,pos,Farm,IT2
ASV_00443,ASV_00686,0.539568345323741,pos,Farm,IT2
ASV_00443,ASV_00714,0.48905109489051096,pos,Farm,IT2
ASV_00443,ASV_00721,0.4782608695652174,pos,Farm,IT2
ASV_00443,ASV_00728,0.47101449275362317,pos,Farm,IT2
ASV_00443,ASV_00760,0.5172413793103449,pos,Farm,IT2
ASV_00443,ASV_00772,0.5106382978723404,pos,Farm,IT2
ASV_00443,ASV_00789,0.5177304964539007,pos,Farm,IT2
ASV_00443,ASV_00798,0.503448275862069,pos,Farm,IT2
ASV_00443,ASV_00806,0.5208333333333334,pos,Farm,IT2
ASV_00443,ASV_00808,0.4928571428571429,pos,Farm,IT2
ASV_00443,ASV_00811,0.528169014084507,pos,Farm,IT2
ASV_00443,ASV_00821,0.5579710144927537,pos,Farm,IT2
ASV_00443,ASV_00822,0.5070422535211268,pos,Farm,IT2
ASV_00443,ASV_00829,0.5071428571428571,pos,Farm,IT2
ASV_00443,ASV_00845,0.5,pos,Farm,IT2
ASV_00443,ASV_00865,0.5070422535211268,pos,Farm,IT2
ASV_00443,ASV_00880,0.5072463768115942,pos,Farm,IT2
ASV_00443,ASV_00890,0.5034965034965035,pos,Farm,IT2
ASV_00443,ASV_00929,0.503448275862069,pos,Farm,IT2
ASV_00443,ASV_00931,0.5481481481481482,pos,Farm,IT2
ASV_00443,ASV_00959,0.5,pos,Farm,IT2
ASV_00443,ASV_00984,0.4965034965034965,pos,Farm,IT2
ASV_00443,ASV_01018,0.4928571428571429,pos,Farm,IT2
ASV_00443,ASV_01071,0.5,pos,Farm,IT2
ASV_00443,ASV_01119,0.5205479452054794,pos,Farm,IT2
ASV_00443,ASV_01124,0.5,pos,Farm,IT2
ASV_00443,ASV_01267,0.49645390070921985,pos,Farm,IT2
ASV_00443,ASV_01578,0.4965034965034965,pos,Farm,IT2
ASV_00443,ASV_01941,0.5,pos,Farm,IT2
ASV_00443,ASV_02149,0.4785714285714286,pos,Farm,IT2
ASV_00444,ASV_00465,0.5174825174825175,pos,Farm,IT2
ASV_00444,ASV_00467,0.5472972972972973,pos,Farm,IT2
ASV_00444,ASV_00477,0.5172413793103449,pos,Farm,IT2
ASV_00444,ASV_00482,0.5733333333333334,pos,Farm,IT2
ASV_00444,ASV_00490,0.5578231292517006,pos,Farm,IT2
ASV_00444,ASV_00493,0.5517241379310345,pos,Farm,IT2
ASV_00444,ASV_00495,0.5328467153284672,pos,Farm,IT2
ASV_00444,ASV_00496,0.5208333333333334,pos,Farm,IT2
ASV_00444,ASV_00498,0.4785714285714286,pos,Farm,IT2
ASV_00444,ASV_00506,0.49295774647887325,pos,Farm,IT2
ASV_00444,ASV_00508,0.5070422535211268,pos,Farm,IT2
ASV_00444,ASV_00513,0.5069444444444444,pos,Farm,IT2
ASV_00444,ASV_00518,0.54421768707483,pos,Farm,IT2
ASV_00444,ASV_00524,0.49295774647887325,pos,Farm,IT2
ASV_00444,ASV_00528,0.5070422535211268,pos,Farm,IT2
ASV_00444,ASV_00529,0.5144927536231884,pos,Farm,IT2
ASV_00444,ASV_00533,0.5,pos,Farm,IT2
ASV_00444,ASV_00542,0.5337837837837838,pos,Farm,IT2
ASV_00444,ASV_00548,0.5035971223021583,pos,Farm,IT2
ASV_00444,ASV_00550,0.5379310344827586,pos,Farm,IT2
ASV_00444,ASV_00554,0.5241379310344828,pos,Farm,IT2
ASV_00444,ASV_00556,0.5642857142857143,pos,Farm,IT2
ASV_00444,ASV_00559,0.5319148936170213,pos,Farm,IT2
ASV_00444,ASV_00563,0.5347222222222222,pos,Farm,IT2
ASV_00444,ASV_00566,0.5390070921985816,pos,Farm,IT2
ASV_00444,ASV_00568,0.5273972602739726,pos,Farm,IT2
ASV_00444,ASV_00570,0.4859154929577465,pos,Farm,IT2
ASV_00444,ASV_00592,0.5244755244755245,pos,Farm,IT2
ASV_00444,ASV_00594,0.5352112676056338,pos,Farm,IT2
ASV_00444,ASV_00613,0.5109489051094891,pos,Farm,IT2
ASV_00444,ASV_00618,0.5069444444444444,pos,Farm,IT2
ASV_00444,ASV_00620,0.5205479452054794,pos,Farm,IT2
ASV_00444,ASV_00622,0.4892086330935252,pos,Farm,IT2
ASV_00444,ASV_00628,0.5357142857142857,pos,Farm,IT2
ASV_00444,ASV_00643,0.5460992907801419,pos,Farm,IT2
ASV_00444,ASV_00645,0.5328467153284672,pos,Farm,IT2
ASV_00444,ASV_00651,0.5611510791366906,pos,Farm,IT2
ASV_00444,ASV_00654,0.4859154929577465,pos,Farm,IT2
ASV_00444,ASV_00656,0.5314685314685315,pos,Farm,IT2
ASV_00444,ASV_00662,0.5,pos,Farm,IT2
ASV_00444,ASV_00665,0.5,pos,Farm,IT2
ASV_00444,ASV_00666,0.5238095238095238,pos,Farm,IT2
ASV_00444,ASV_00668,0.539568345323741,pos,Farm,IT2
ASV_00444,ASV_00679,0.5205479452054794,pos,Farm,IT2
ASV_00444,ASV_00686,0.5422535211267606,pos,Farm,IT2
ASV_00444,ASV_00687,0.5069444444444444,pos,Farm,IT2
ASV_00444,ASV_00727,0.5,pos,Farm,IT2
ASV_00444,ASV_00769,0.5390070921985816,pos,Farm,IT2
ASV_00444,ASV_00801,0.48936170212765956,pos,Farm,IT2
ASV_00444,ASV_00808,0.5177304964539007,pos,Farm,IT2
ASV_00444,ASV_00809,0.5782312925170068,pos,Farm,IT2
ASV_00444,ASV_00817,0.527027027027027,pos,Farm,IT2
ASV_00444,ASV_00829,0.5211267605633803,pos,Farm,IT2
ASV_00444,ASV_00842,0.4859154929577465,pos,Farm,IT2
ASV_00444,ASV_00869,0.541095890410959,pos,Farm,IT2
ASV_00444,ASV_00890,0.5384615384615384,pos,Farm,IT2
ASV_00444,ASV_00909,0.4965034965034965,pos,Farm,IT2
ASV_00444,ASV_00931,0.5177304964539007,pos,Farm,IT2
ASV_00444,ASV_00958,0.5069444444444444,pos,Farm,IT2
ASV_00444,ASV_00984,0.5103448275862069,pos,Farm,IT2
ASV_00444,ASV_01018,0.5285714285714286,pos,Farm,IT2
ASV_00444,ASV_01065,0.4859154929577465,pos,Farm,IT2
ASV_00444,ASV_01124,0.5244755244755245,pos,Farm,IT2
ASV_00444,ASV_01179,0.5251798561151079,pos,Farm,IT2
ASV_00444,ASV_01204,0.5306122448979592,pos,Farm,IT2
ASV_00444,ASV_01288,0.5241379310344828,pos,Farm,IT2
ASV_00444,ASV_01328,0.5357142857142857,pos,Farm,IT2
ASV_00444,ASV_01368,0.5352112676056338,pos,Farm,IT2
ASV_00444,ASV_01417,0.5390070921985816,pos,Farm,IT2
ASV_00444,ASV_02332,0.5594405594405595,pos,Farm,IT2
ASV_00445,ASV_00453,0.5755395683453237,pos,Farm,IT2
ASV_00445,ASV_00454,0.5273972602739726,pos,Farm,IT2
ASV_00445,ASV_00459,0.5642857142857143,pos,Farm,IT2
ASV_00445,ASV_00482,0.5562913907284768,pos,Farm,IT2
ASV_00445,ASV_00503,0.5428571428571428,pos,Farm,IT2
ASV_00445,ASV_00511,0.5,pos,Farm,IT2
ASV_00445,ASV_00518,0.547945205479452,pos,Farm,IT2
ASV_00445,ASV_00528,0.5106382978723404,pos,Farm,IT2
ASV_00445,ASV_00529,0.4857142857142857,pos,Farm,IT2
ASV_00445,ASV_00533,0.5034965034965035,pos,Farm,IT2
ASV_00445,ASV_00541,0.5,pos,Farm,IT2
ASV_00445,ASV_00550,0.5524475524475524,pos,Farm,IT2
ASV_00445,ASV_00556,0.5244755244755245,pos,Farm,IT2
ASV_00445,ASV_00587,0.5,pos,Farm,IT2
ASV_00445,ASV_00596,0.4714285714285714,pos,Farm,IT2
ASV_00445,ASV_00620,0.5241379310344828,pos,Farm,IT2
ASV_00445,ASV_00636,0.54,pos,Farm,IT2
ASV_00445,ASV_00662,0.49295774647887325,pos,Farm,IT2
ASV_00445,ASV_00668,0.5,pos,Farm,IT2
ASV_00445,ASV_00671,0.5,pos,Farm,IT2
ASV_00445,ASV_00687,0.5,pos,Farm,IT2
ASV_00445,ASV_00709,0.5104895104895105,pos,Farm,IT2
ASV_00445,ASV_00760,0.5238095238095238,pos,Farm,IT2
ASV_00445,ASV_00809,0.54,pos,Farm,IT2
ASV_00445,ASV_00815,0.5466666666666666,pos,Farm,IT2
ASV_00445,ASV_00829,0.5579710144927537,pos,Farm,IT2
ASV_00445,ASV_00843,0.5347222222222222,pos,Farm,IT2
ASV_00445,ASV_00875,0.5694444444444444,pos,Farm,IT2
ASV_00445,ASV_00890,0.5103448275862069,pos,Farm,IT2
ASV_00445,ASV_00891,0.5540540540540541,pos,Farm,IT2
ASV_00445,ASV_00931,0.5106382978723404,pos,Farm,IT2
ASV_00445,ASV_00959,0.5069444444444444,pos,Farm,IT2
ASV_00445,ASV_01065,0.5107913669064749,pos,Farm,IT2
ASV_00445,ASV_01204,0.5342465753424658,pos,Farm,IT2
ASV_00445,ASV_01249,0.5,pos,Farm,IT2
ASV_00445,ASV_01342,0.5405405405405406,pos,Farm,IT2
ASV_00445,ASV_01458,0.5,pos,Farm,IT2
ASV_00445,ASV_01491,0.5,pos,Farm,IT2
ASV_00445,ASV_02332,0.5205479452054794,pos,Farm,IT2
ASV_00447,ASV_00453,0.5517241379310345,pos,Farm,IT2
ASV_00447,ASV_00455,0.5208333333333334,pos,Farm,IT2
ASV_00447,ASV_00458,0.5,pos,Farm,IT2
ASV_00447,ASV_00460,0.5306122448979592,pos,Farm,IT2
ASV_00447,ASV_00465,0.5310344827586206,pos,Farm,IT2
ASV_00447,ASV_00486,0.5637583892617449,pos,Farm,IT2
ASV_00447,ASV_00488,0.5608108108108109,pos,Farm,IT2
ASV_00447,ASV_00490,0.6027397260273972,pos,Farm,IT2
ASV_00447,ASV_00503,0.5524475524475524,pos,Farm,IT2
ASV_00447,ASV_00508,0.5208333333333334,pos,Farm,IT2
ASV_00447,ASV_00511,0.5,pos,Farm,IT2
ASV_00447,ASV_00520,0.5374149659863946,pos,Farm,IT2
ASV_00447,ASV_00521,0.5436241610738255,pos,Farm,IT2
ASV_00447,ASV_00524,0.5390070921985816,pos,Farm,IT2
ASV_00447,ASV_00542,0.5675675675675675,pos,Farm,IT2
ASV_00447,ASV_00550,0.5510204081632653,pos,Farm,IT2
ASV_00447,ASV_00559,0.5136986301369864,pos,Farm,IT2
ASV_00447,ASV_00566,0.5310344827586206,pos,Farm,IT2
ASV_00447,ASV_00570,0.5319148936170213,pos,Farm,IT2
ASV_00447,ASV_00571,0.5374149659863946,pos,Farm,IT2
ASV_00447,ASV_00572,0.5562913907284768,pos,Farm,IT2
ASV_00447,ASV_00587,0.5103448275862069,pos,Farm,IT2
ASV_00447,ASV_00595,0.5103448275862069,pos,Farm,IT2
ASV_00447,ASV_00612,0.5655172413793104,pos,Farm,IT2
ASV_00447,ASV_00628,0.5827338129496403,pos,Farm,IT2
ASV_00447,ASV_00638,0.5655172413793104,pos,Farm,IT2
ASV_00447,ASV_00668,0.5314685314685315,pos,Farm,IT2
ASV_00447,ASV_00673,0.5743243243243243,pos,Farm,IT2
ASV_00447,ASV_00687,0.5205479452054794,pos,Farm,IT2
ASV_00447,ASV_00718,0.5357142857142857,pos,Farm,IT2
ASV_00447,ASV_00721,0.5735294117647058,pos,Farm,IT2
ASV_00447,ASV_00727,0.5138888888888888,pos,Farm,IT2
ASV_00447,ASV_00728,0.48951048951048953,pos,Farm,IT2
ASV_00447,ASV_00734,0.5374149659863946,pos,Farm,IT2
ASV_00447,ASV_00769,0.5205479452054794,pos,Farm,IT2
ASV_00447,ASV_00793,0.5208333333333334,pos,Farm,IT2
ASV_00447,ASV_00798,0.5510204081632653,pos,Farm,IT2
ASV_00447,ASV_00808,0.5314685314685315,pos,Farm,IT2
ASV_00447,ASV_00811,0.5337837837837838,pos,Farm,IT2
ASV_00447,ASV_00821,0.541095890410959,pos,Farm,IT2
ASV_00447,ASV_00842,0.5104895104895105,pos,Farm,IT2
ASV_00447,ASV_00869,0.5436241610738255,pos,Farm,IT2
ASV_00447,ASV_00891,0.5733333333333334,pos,Farm,IT2
ASV_00447,ASV_00906,0.56,pos,Farm,IT2
ASV_00447,ASV_00912,0.49295774647887325,pos,Farm,IT2
ASV_00447,ASV_00924,0.4859154929577465,pos,Farm,IT2
ASV_00447,ASV_00929,0.5510204081632653,pos,Farm,IT2
ASV_00447,ASV_00931,0.5422535211267606,pos,Farm,IT2
ASV_00447,ASV_01023,0.5862068965517241,pos,Farm,IT2
ASV_00447,ASV_01092,0.5466666666666666,pos,Farm,IT2
ASV_00447,ASV_01101,0.5374149659863946,pos,Farm,IT2
ASV_00447,ASV_01249,0.5314685314685315,pos,Farm,IT2
ASV_00447,ASV_01250,0.6267605633802817,pos,Farm,IT2
ASV_00447,ASV_01253,0.5704225352112676,pos,Farm,IT2
ASV_00447,ASV_01276,0.5428571428571428,pos,Farm,IT2
ASV_00447,ASV_01288,0.5374149659863946,pos,Farm,IT2
ASV_00447,ASV_01417,0.5310344827586206,pos,Farm,IT2
ASV_00447,ASV_01426,0.5319148936170213,pos,Farm,IT2
ASV_00447,ASV_01458,0.5,pos,Farm,IT2
ASV_00447,ASV_01459,0.5172413793103449,pos,Farm,IT2
ASV_00447,ASV_01512,0.4965034965034965,pos,Farm,IT2
ASV_00447,ASV_01541,0.5306122448979592,pos,Farm,IT2
ASV_00447,ASV_01578,0.5238095238095238,pos,Farm,IT2
ASV_00450,ASV_00455,0.5211267605633803,pos,Farm,IT2
ASV_00450,ASV_00471,0.5136986301369864,pos,Farm,IT2
ASV_00450,ASV_00488,0.5405405405405406,pos,Farm,IT2
ASV_00450,ASV_00501,0.5136986301369864,pos,Farm,IT2
ASV_00450,ASV_00541,0.5314685314685315,pos,Farm,IT2
ASV_00450,ASV_00551,0.5310344827586206,pos,Farm,IT2
ASV_00450,ASV_00566,0.5103448275862069,pos,Farm,IT2
ASV_00450,ASV_00572,0.5675675675675675,pos,Farm,IT2
ASV_00450,ASV_00615,0.49295774647887325,pos,Farm,IT2
ASV_00450,ASV_00638,0.5342465753424658,pos,Farm,IT2
ASV_00450,ASV_00656,0.5241379310344828,pos,Farm,IT2
ASV_00450,ASV_00709,0.5208333333333334,pos,Farm,IT2
ASV_00450,ASV_00728,0.5107913669064749,pos,Farm,IT2
ASV_00450,ASV_00757,0.5273972602739726,pos,Farm,IT2
ASV_00450,ASV_00789,0.5136986301369864,pos,Farm,IT2
ASV_00450,ASV_00809,0.5496688741721855,pos,Farm,IT2
ASV_00450,ASV_00865,0.5241379310344828,pos,Farm,IT2
ASV_00450,ASV_00890,0.5205479452054794,pos,Farm,IT2
ASV_00450,ASV_01048,0.5352112676056338,pos,Farm,IT2
ASV_00450,ASV_01267,0.5352112676056338,pos,Farm,IT2
ASV_00450,ASV_01512,0.4859154929577465,pos,Farm,IT2
ASV_00451,ASV_00458,0.5103448275862069,pos,Farm,IT2
ASV_00451,ASV_00459,0.5405405405405406,pos,Farm,IT2
ASV_00451,ASV_00486,0.5838926174496645,pos,Farm,IT2
ASV_00451,ASV_00498,0.5034965034965035,pos,Farm,IT2
ASV_00451,ASV_00503,0.5734265734265734,pos,Farm,IT2
ASV_00451,ASV_00504,0.5733333333333334,pos,Farm,IT2
ASV_00451,ASV_00508,0.5310344827586206,pos,Farm,IT2
ASV_00451,ASV_00528,0.5205479452054794,pos,Farm,IT2
ASV_00451,ASV_00533,0.5238095238095238,pos,Farm,IT2
ASV_00451,ASV_00534,0.5906040268456376,pos,Farm,IT2
ASV_00451,ASV_00544,0.5238095238095238,pos,Farm,IT2
ASV_00451,ASV_00548,0.5174825174825175,pos,Farm,IT2
ASV_00451,ASV_00554,0.5472972972972973,pos,Farm,IT2
ASV_00451,ASV_00555,0.5578231292517006,pos,Farm,IT2
ASV_00451,ASV_00581,0.5034965034965035,pos,Farm,IT2
ASV_00451,ASV_00587,0.5524475524475524,pos,Farm,IT2
ASV_00451,ASV_00620,0.5540540540540541,pos,Farm,IT2
ASV_00451,ASV_00622,0.5034965034965035,pos,Farm,IT2
ASV_00451,ASV_00643,0.5374149659863946,pos,Farm,IT2
ASV_00451,ASV_00673,0.5733333333333334,pos,Farm,IT2
ASV_00451,ASV_00687,0.541095890410959,pos,Farm,IT2
ASV_00451,ASV_00709,0.5625,pos,Farm,IT2
ASV_00451,ASV_00724,0.5310344827586206,pos,Farm,IT2
ASV_00451,ASV_00772,0.547945205479452,pos,Farm,IT2
ASV_00451,ASV_00793,0.5205479452054794,pos,Farm,IT2
ASV_00451,ASV_00809,0.610738255033557,pos,Farm,IT2
ASV_00451,ASV_00829,0.5238095238095238,pos,Farm,IT2
ASV_00451,ASV_00873,0.5138888888888888,pos,Farm,IT2
ASV_00451,ASV_00880,0.5241379310344828,pos,Farm,IT2
ASV_00451,ASV_00912,0.5034965034965035,pos,Farm,IT2
ASV_00451,ASV_00959,0.5374149659863946,pos,Farm,IT2
ASV_00451,ASV_01092,0.5562913907284768,pos,Farm,IT2
ASV_00451,ASV_01101,0.5472972972972973,pos,Farm,IT2
ASV_00451,ASV_01152,0.5238095238095238,pos,Farm,IT2
ASV_00451,ASV_01249,0.5205479452054794,pos,Farm,IT2
ASV_00451,ASV_01276,0.5103448275862069,pos,Farm,IT2
ASV_00451,ASV_01512,0.5174825174825175,pos,Farm,IT2
ASV_00452,ASV_00459,0.5034965034965035,pos,Farm,IT2
ASV_00452,ASV_00460,0.5140845070422535,pos,Farm,IT2
ASV_00452,ASV_00463,0.5069444444444444,pos,Farm,IT2
ASV_00452,ASV_00465,0.5035460992907801,pos,Farm,IT2
ASV_00452,ASV_00495,0.49635036496350365,pos,Farm,IT2
ASV_00452,ASV_00496,0.4965034965034965,pos,Farm,IT2
ASV_00452,ASV_00514,0.5302013422818792,pos,Farm,IT2
ASV_00452,ASV_00517,0.49640287769784175,pos,Farm,IT2
ASV_00452,ASV_00518,0.5524475524475524,pos,Farm,IT2
ASV_00452,ASV_00524,0.5,pos,Farm,IT2
ASV_00452,ASV_00529,0.48905109489051096,pos,Farm,IT2
ASV_00452,ASV_00536,0.5673758865248227,pos,Farm,IT2
ASV_00452,ASV_00541,0.5142857142857142,pos,Farm,IT2
ASV_00452,ASV_00542,0.5310344827586206,pos,Farm,IT2
ASV_00452,ASV_00543,0.5,pos,Farm,IT2
ASV_00452,ASV_00550,0.5138888888888888,pos,Farm,IT2
ASV_00452,ASV_00554,0.5539568345323741,pos,Farm,IT2
ASV_00452,ASV_00555,0.5,pos,Farm,IT2
ASV_00452,ASV_00561,0.5503355704697986,pos,Farm,IT2
ASV_00452,ASV_00568,0.503448275862069,pos,Farm,IT2
ASV_00452,ASV_00570,0.48201438848920863,pos,Farm,IT2
ASV_00452,ASV_00587,0.48226950354609927,pos,Farm,IT2
ASV_00452,ASV_00628,0.48936170212765956,pos,Farm,IT2
ASV_00452,ASV_00638,0.5069444444444444,pos,Farm,IT2
ASV_00452,ASV_00651,0.5142857142857142,pos,Farm,IT2
ASV_00452,ASV_00666,0.5422535211267606,pos,Farm,IT2
ASV_00452,ASV_00671,0.4928571428571429,pos,Farm,IT2
ASV_00452,ASV_00679,0.528169014084507,pos,Farm,IT2
ASV_00452,ASV_00697,0.48201438848920863,pos,Farm,IT2
ASV_00452,ASV_00709,0.49295774647887325,pos,Farm,IT2
ASV_00452,ASV_00721,0.4676258992805755,pos,Farm,IT2
ASV_00452,ASV_00726,0.5,pos,Farm,IT2
ASV_00452,ASV_00728,0.5149253731343284,pos,Farm,IT2
ASV_00452,ASV_00772,0.5,pos,Farm,IT2
ASV_00452,ASV_00806,0.5314685314685315,pos,Farm,IT2
ASV_00452,ASV_00815,0.5405405405405406,pos,Farm,IT2
ASV_00452,ASV_00817,0.5241379310344828,pos,Farm,IT2
ASV_00452,ASV_00842,0.5259259259259259,pos,Farm,IT2
ASV_00452,ASV_00865,0.5070422535211268,pos,Farm,IT2
ASV_00452,ASV_00890,0.5467625899280576,pos,Farm,IT2
ASV_00452,ASV_00891,0.527027027027027,pos,Farm,IT2
ASV_00452,ASV_00906,0.5448275862068965,pos,Farm,IT2
ASV_00452,ASV_00912,0.4744525547445255,pos,Farm,IT2
ASV_00452,ASV_00966,0.4852941176470588,pos,Farm,IT2
ASV_00452,ASV_01048,0.49645390070921985,pos,Farm,IT2
ASV_00452,ASV_01152,0.4859154929577465,pos,Farm,IT2
ASV_00452,ASV_01223,0.4632352941176471,pos,Farm,IT2
ASV_00452,ASV_01417,0.49295774647887325,pos,Farm,IT2
ASV_00452,ASV_01426,0.48201438848920863,pos,Farm,IT2
ASV_00452,ASV_01840,0.5035460992907801,pos,Farm,IT2
ASV_00452,ASV_01941,0.5,pos,Farm,IT2
ASV_00452,ASV_02332,0.5244755244755245,pos,Farm,IT2
ASV_00453,ASV_00459,0.574468085106383,pos,Farm,IT2
ASV_00453,ASV_00463,0.5342465753424658,pos,Farm,IT2
ASV_00453,ASV_00468,0.45652173913043476,pos,Farm,IT2
ASV_00453,ASV_00488,0.5510204081632653,pos,Farm,IT2
ASV_00453,ASV_00498,0.4928571428571429,pos,Farm,IT2
ASV_00453,ASV_00503,0.5531914893617021,pos,Farm,IT2
ASV_00453,ASV_00506,0.4965034965034965,pos,Farm,IT2
ASV_00453,ASV_00511,0.48936170212765956,pos,Farm,IT2
ASV_00453,ASV_00512,0.5684931506849316,pos,Farm,IT2
ASV_00453,ASV_00513,0.5103448275862069,pos,Farm,IT2
ASV_00453,ASV_00517,0.524822695035461,pos,Farm,IT2
ASV_00453,ASV_00518,0.5369127516778524,pos,Farm,IT2
ASV_00453,ASV_00524,0.5177304964539007,pos,Farm,IT2
ASV_00453,ASV_00528,0.5539568345323741,pos,Farm,IT2
ASV_00453,ASV_00529,0.5289855072463768,pos,Farm,IT2
ASV_00453,ASV_00533,0.5138888888888888,pos,Farm,IT2
ASV_00453,ASV_00550,0.5625,pos,Farm,IT2
ASV_00453,ASV_00568,0.5517241379310345,pos,Farm,IT2
ASV_00453,ASV_00571,0.5273972602739726,pos,Farm,IT2
ASV_00453,ASV_00592,0.5277777777777778,pos,Farm,IT2
ASV_00453,ASV_00596,0.4928571428571429,pos,Farm,IT2
ASV_00453,ASV_00615,0.49295774647887325,pos,Farm,IT2
ASV_00453,ASV_00618,0.5103448275862069,pos,Farm,IT2
ASV_00453,ASV_00620,0.5238095238095238,pos,Farm,IT2
ASV_00453,ASV_00636,0.5704697986577181,pos,Farm,IT2
ASV_00453,ASV_00662,0.5034965034965035,pos,Farm,IT2
ASV_00453,ASV_00666,0.547945205479452,pos,Farm,IT2
ASV_00453,ASV_00668,0.5428571428571428,pos,Farm,IT2
ASV_00453,ASV_00673,0.5436241610738255,pos,Farm,IT2
ASV_00453,ASV_00686,0.5136986301369864,pos,Farm,IT2
ASV_00453,ASV_00687,0.5103448275862069,pos,Farm,IT2
ASV_00453,ASV_00709,0.5314685314685315,pos,Farm,IT2
ASV_00453,ASV_00724,0.5,pos,Farm,IT2
ASV_00453,ASV_00732,0.5069444444444444,pos,Farm,IT2
ASV_00453,ASV_00769,0.5422535211267606,pos,Farm,IT2
ASV_00453,ASV_00778,0.4785714285714286,pos,Farm,IT2
ASV_00453,ASV_00781,0.5103448275862069,pos,Farm,IT2
ASV_00453,ASV_00801,0.5035460992907801,pos,Farm,IT2
ASV_00453,ASV_00808,0.5211267605633803,pos,Farm,IT2
ASV_00453,ASV_00821,0.5205479452054794,pos,Farm,IT2
ASV_00453,ASV_00822,0.5136986301369864,pos,Farm,IT2
ASV_00453,ASV_00829,0.5138888888888888,pos,Farm,IT2
ASV_00453,ASV_00843,0.5342465753424658,pos,Farm,IT2
ASV_00453,ASV_00848,0.5238095238095238,pos,Farm,IT2
ASV_00453,ASV_00865,0.5136986301369864,pos,Farm,IT2
ASV_00453,ASV_00875,0.5578231292517006,pos,Farm,IT2
ASV_00453,ASV_00935,0.5172413793103449,pos,Farm,IT2
ASV_00453,ASV_00958,0.5103448275862069,pos,Farm,IT2
ASV_00453,ASV_00959,0.6176470588235294,pos,Farm,IT2
ASV_00453,ASV_00984,0.5241379310344828,pos,Farm,IT2
ASV_00453,ASV_01018,0.5539568345323741,pos,Farm,IT2
ASV_00453,ASV_01023,0.54421768707483,pos,Farm,IT2
ASV_00453,ASV_01092,0.5369127516778524,pos,Farm,IT2
ASV_00453,ASV_01179,0.539568345323741,pos,Farm,IT2
ASV_00453,ASV_01223,0.48201438848920863,pos,Farm,IT2
ASV_00453,ASV_01249,0.5104895104895105,pos,Farm,IT2
ASV_00453,ASV_01426,0.5323741007194245,pos,Farm,IT2
ASV_00453,ASV_01458,0.48936170212765956,pos,Farm,IT2
ASV_00453,ASV_01491,0.5314685314685315,pos,Farm,IT2
ASV_00453,ASV_01578,0.5785714285714286,pos,Farm,IT2
ASV_00453,ASV_02149,0.5177304964539007,pos,Farm,IT2
ASV_00454,ASV_00460,0.5586206896551724,pos,Farm,IT2
ASV_00454,ASV_00471,0.5517241379310345,pos,Farm,IT2
ASV_00454,ASV_00498,0.5106382978723404,pos,Farm,IT2
ASV_00454,ASV_00504,0.56,pos,Farm,IT2
ASV_00454,ASV_00528,0.5384615384615384,pos,Farm,IT2
ASV_00454,ASV_00563,0.54421768707483,pos,Farm,IT2
ASV_00454,ASV_00581,0.48951048951048953,pos,Farm,IT2
ASV_00454,ASV_00612,0.5616438356164384,pos,Farm,IT2
ASV_00454,ASV_00643,0.5238095238095238,pos,Farm,IT2
ASV_00454,ASV_00651,0.5486111111111112,pos,Farm,IT2
ASV_00454,ASV_00665,0.5104895104895105,pos,Farm,IT2
ASV_00454,ASV_00666,0.5753424657534246,pos,Farm,IT2
ASV_00454,ASV_00728,0.4965034965034965,pos,Farm,IT2
ASV_00454,ASV_00772,0.5342465753424658,pos,Farm,IT2
ASV_00454,ASV_00817,0.5466666666666666,pos,Farm,IT2
ASV_00454,ASV_00821,0.5374149659863946,pos,Farm,IT2
ASV_00454,ASV_00869,0.5503355704697986,pos,Farm,IT2
ASV_00454,ASV_01249,0.5492957746478874,pos,Farm,IT2
ASV_00454,ASV_01288,0.5337837837837838,pos,Farm,IT2
ASV_00454,ASV_01385,0.5205479452054794,pos,Farm,IT2
ASV_00454,ASV_01503,0.5374149659863946,pos,Farm,IT2
ASV_00454,ASV_01512,0.524822695035461,pos,Farm,IT2
ASV_00455,ASV_00459,0.5,pos,Farm,IT2
ASV_00455,ASV_00460,0.5,pos,Farm,IT2
ASV_00455,ASV_00463,0.5244755244755245,pos,Farm,IT2
ASV_00455,ASV_00482,0.5570469798657718,pos,Farm,IT2
ASV_00455,ASV_00501,0.5140845070422535,pos,Farm,IT2
ASV_00455,ASV_00508,0.5,pos,Farm,IT2
ASV_00455,ASV_00550,0.5208333333333334,pos,Farm,IT2
ASV_00455,ASV_00551,0.5,pos,Farm,IT2
ASV_00455,ASV_00559,0.5142857142857142,pos,Farm,IT2
ASV_00455,ASV_00572,0.5374149659863946,pos,Farm,IT2
ASV_00455,ASV_00581,0.47101449275362317,pos,Farm,IT2
ASV_00455,ASV_00592,0.5177304964539007,pos,Farm,IT2
ASV_00455,ASV_00628,0.4859154929577465,pos,Farm,IT2
ASV_00455,ASV_00641,0.5347222222222222,pos,Farm,IT2
ASV_00455,ASV_00656,0.5140845070422535,pos,Farm,IT2
ASV_00455,ASV_00671,0.5,pos,Farm,IT2
ASV_00455,ASV_00686,0.5034965034965035,pos,Farm,IT2
ASV_00455,ASV_00687,0.5106382978723404,pos,Farm,IT2
ASV_00455,ASV_00757,0.5390070921985816,pos,Farm,IT2
ASV_00455,ASV_00772,0.5070422535211268,pos,Farm,IT2
ASV_00455,ASV_00808,0.5,pos,Farm,IT2
ASV_00455,ASV_00809,0.5405405405405406,pos,Farm,IT2
ASV_00455,ASV_00811,0.5244755244755245,pos,Farm,IT2
ASV_00455,ASV_00821,0.5104895104895105,pos,Farm,IT2
ASV_00455,ASV_00931,0.5,pos,Farm,IT2
ASV_00455,ASV_01018,0.5107913669064749,pos,Farm,IT2
ASV_00455,ASV_01092,0.5379310344827586,pos,Farm,IT2
ASV_00458,ASV_00459,0.5,pos,Farm,IT2
ASV_00458,ASV_00465,0.48936170212765956,pos,Farm,IT2
ASV_00458,ASV_00498,0.47058823529411764,pos,Farm,IT2
ASV_00458,ASV_00512,0.5068493150684932,pos,Farm,IT2
ASV_00458,ASV_00514,0.527027027027027,pos,Farm,IT2
ASV_00458,ASV_00550,0.5211267605633803,pos,Farm,IT2
ASV_00458,ASV_00554,0.5070422535211268,pos,Farm,IT2
ASV_00458,ASV_00555,0.4965034965034965,pos,Farm,IT2
ASV_00458,ASV_00561,0.5266666666666666,pos,Farm,IT2
ASV_00458,ASV_00615,0.5037037037037037,pos,Farm,IT2
ASV_00458,ASV_00620,0.5357142857142857,pos,Farm,IT2
ASV_00458,ASV_00630,0.463768115942029,pos,Farm,IT2
ASV_00458,ASV_00636,0.5202702702702703,pos,Farm,IT2
ASV_00458,ASV_00654,0.4676258992805755,pos,Farm,IT2
ASV_00458,ASV_00671,0.4892086330935252,pos,Farm,IT2
ASV_00458,ASV_00709,0.5,pos,Farm,IT2
ASV_00458,ASV_00721,0.4744525547445255,pos,Farm,IT2
ASV_00458,ASV_00757,0.4965034965034965,pos,Farm,IT2
ASV_00458,ASV_00760,0.5352112676056338,pos,Farm,IT2
ASV_00458,ASV_00769,0.48936170212765956,pos,Farm,IT2
ASV_00458,ASV_00772,0.4859154929577465,pos,Farm,IT2
ASV_00458,ASV_00782,0.48936170212765956,pos,Farm,IT2
ASV_00458,ASV_00789,0.5035460992907801,pos,Farm,IT2
ASV_00458,ASV_00798,0.5211267605633803,pos,Farm,IT2
ASV_00458,ASV_00809,0.5202702702702703,pos,Farm,IT2
ASV_00458,ASV_00869,0.5244755244755245,pos,Farm,IT2
ASV_00458,ASV_00875,0.5277777777777778,pos,Farm,IT2
ASV_00458,ASV_00924,0.4632352941176471,pos,Farm,IT2
ASV_00458,ASV_00935,0.4859154929577465,pos,Farm,IT2
ASV_00458,ASV_01018,0.4785714285714286,pos,Farm,IT2
ASV_00458,ASV_01065,0.5223880597014925,pos,Farm,IT2
ASV_00458,ASV_01071,0.5072463768115942,pos,Farm,IT2
ASV_00458,ASV_01101,0.5177304964539007,pos,Farm,IT2
ASV_00458,ASV_01152,0.48226950354609927,pos,Farm,IT2
ASV_00458,ASV_01253,0.4859154929577465,pos,Farm,IT2
ASV_00458,ASV_01267,0.4928571428571429,pos,Farm,IT2
ASV_00458,ASV_01276,0.48905109489051096,pos,Farm,IT2
ASV_00458,ASV_01328,0.5182481751824818,pos,Farm,IT2
ASV_00458,ASV_01840,0.5217391304347826,pos,Farm,IT2
ASV_00458,ASV_02020,0.5144927536231884,pos,Farm,IT2
ASV_00458,ASV_02332,0.5,pos,Farm,IT2
ASV_00459,ASV_00488,0.5616438356164384,pos,Farm,IT2
ASV_00459,ASV_00490,0.5608108108108109,pos,Farm,IT2
ASV_00459,ASV_00506,0.5177304964539007,pos,Farm,IT2
ASV_00459,ASV_00514,0.5562913907284768,pos,Farm,IT2
ASV_00459,ASV_00518,0.5578231292517006,pos,Farm,IT2
ASV_00459,ASV_00524,0.4965034965034965,pos,Farm,IT2
ASV_00459,ASV_00529,0.5071428571428571,pos,Farm,IT2
ASV_00459,ASV_00542,0.5369127516778524,pos,Farm,IT2
ASV_00459,ASV_00551,0.5205479452054794,pos,Farm,IT2
ASV_00459,ASV_00554,0.5273972602739726,pos,Farm,IT2
ASV_00459,ASV_00555,0.5273972602739726,pos,Farm,IT2
ASV_00459,ASV_00561,0.5761589403973509,pos,Farm,IT2
ASV_00459,ASV_00563,0.5273972602739726,pos,Farm,IT2
ASV_00459,ASV_00587,0.5,pos,Farm,IT2
ASV_00459,ASV_00592,0.5714285714285714,pos,Farm,IT2
ASV_00459,ASV_00620,0.5238095238095238,pos,Farm,IT2
ASV_00459,ASV_00630,0.4859154929577465,pos,Farm,IT2
ASV_00459,ASV_00636,0.56,pos,Farm,IT2
ASV_00459,ASV_00654,0.5106382978723404,pos,Farm,IT2
ASV_00459,ASV_00656,0.5136986301369864,pos,Farm,IT2
ASV_00459,ASV_00671,0.5882352941176471,pos,Farm,IT2
ASV_00459,ASV_00679,0.5342465753424658,pos,Farm,IT2
ASV_00459,ASV_00709,0.5208333333333334,pos,Farm,IT2
ASV_00459,ASV_00728,0.5,pos,Farm,IT2
ASV_00459,ASV_00769,0.5422535211267606,pos,Farm,IT2
ASV_00459,ASV_00772,0.5277777777777778,pos,Farm,IT2
ASV_00459,ASV_00781,0.5314685314685315,pos,Farm,IT2
ASV_00459,ASV_00789,0.5136986301369864,pos,Farm,IT2
ASV_00459,ASV_00801,0.49295774647887325,pos,Farm,IT2
ASV_00459,ASV_00809,0.581081081081081,pos,Farm,IT2
ASV_00459,ASV_00817,0.5616438356164384,pos,Farm,IT2
ASV_00459,ASV_00843,0.5238095238095238,pos,Farm,IT2
ASV_00459,ASV_00848,0.5342465753424658,pos,Farm,IT2
ASV_00459,ASV_00869,0.54421768707483,pos,Farm,IT2
ASV_00459,ASV_00880,0.5140845070422535,pos,Farm,IT2
ASV_00459,ASV_00890,0.5310344827586206,pos,Farm,IT2
ASV_00459,ASV_00891,0.5533333333333333,pos,Farm,IT2
ASV_00459,ASV_00935,0.5172413793103449,pos,Farm,IT2
ASV_00459,ASV_00959,0.5602836879432624,pos,Farm,IT2
ASV_00459,ASV_00984,0.5241379310344828,pos,Farm,IT2
ASV_00459,ASV_00987,0.5211267605633803,pos,Farm,IT2
ASV_00459,ASV_01023,0.54421768707483,pos,Farm,IT2
ASV_00459,ASV_01048,0.5244755244755245,pos,Farm,IT2
ASV_00459,ASV_01065,0.5323741007194245,pos,Farm,IT2
ASV_00459,ASV_01071,0.5069444444444444,pos,Farm,IT2
ASV_00459,ASV_01092,0.5369127516778524,pos,Farm,IT2
ASV_00459,ASV_01119,0.5684931506849316,pos,Farm,IT2
ASV_00459,ASV_01276,0.5106382978723404,pos,Farm,IT2
ASV_00459,ASV_01385,0.5244755244755245,pos,Farm,IT2
ASV_00459,ASV_01417,0.5208333333333334,pos,Farm,IT2
ASV_00459,ASV_01491,0.5422535211267606,pos,Farm,IT2
ASV_00459,ASV_01941,0.5486111111111112,pos,Farm,IT2
ASV_00459,ASV_02332,0.5306122448979592,pos,Farm,IT2
ASV_00460,ASV_00471,0.5241379310344828,pos,Farm,IT2
ASV_00460,ASV_00485,0.5273972602739726,pos,Farm,IT2
ASV_00460,ASV_00490,0.5608108108108109,pos,Farm,IT2
ASV_00460,ASV_00493,0.54421768707483,pos,Farm,IT2
ASV_00460,ASV_00495,0.49295774647887325,pos,Farm,IT2
ASV_00460,ASV_00498,0.48226950354609927,pos,Farm,IT2
ASV_00460,ASV_00501,0.5136986301369864,pos,Farm,IT2
ASV_00460,ASV_00503,0.5103448275862069,pos,Farm,IT2
ASV_00460,ASV_00506,0.5070422535211268,pos,Farm,IT2
ASV_00460,ASV_00508,0.5104895104895105,pos,Farm,IT2
ASV_00460,ASV_00512,0.5369127516778524,pos,Farm,IT2
ASV_00460,ASV_00514,0.5562913907284768,pos,Farm,IT2
ASV_00460,ASV_00529,0.4859154929577465,pos,Farm,IT2
ASV_00460,ASV_00534,0.5503355704697986,pos,Farm,IT2
ASV_00460,ASV_00541,0.5314685314685315,pos,Farm,IT2
ASV_00460,ASV_00542,0.5369127516778524,pos,Farm,IT2
ASV_00460,ASV_00554,0.5273972602739726,pos,Farm,IT2
ASV_00460,ASV_00556,0.5454545454545454,pos,Farm,IT2
ASV_00460,ASV_00571,0.5594405594405595,pos,Farm,IT2
ASV_00460,ASV_00611,0.5273972602739726,pos,Farm,IT2
ASV_00460,ASV_00620,0.5238095238095238,pos,Farm,IT2
ASV_00460,ASV_00628,0.5069444444444444,pos,Farm,IT2
ASV_00460,ASV_00630,0.4859154929577465,pos,Farm,IT2
ASV_00460,ASV_00636,0.5496688741721855,pos,Farm,IT2
ASV_00460,ASV_00643,0.5172413793103449,pos,Farm,IT2
ASV_00460,ASV_00651,0.5208333333333334,pos,Farm,IT2
ASV_00460,ASV_00665,0.5035460992907801,pos,Farm,IT2
ASV_00460,ASV_00671,0.5,pos,Farm,IT2
ASV_00460,ASV_00679,0.5238095238095238,pos,Farm,IT2
ASV_00460,ASV_00709,0.5103448275862069,pos,Farm,IT2
ASV_00460,ASV_00721,0.49645390070921985,pos,Farm,IT2
ASV_00460,ASV_00724,0.5319148936170213,pos,Farm,IT2
ASV_00460,ASV_00728,0.5217391304347826,pos,Farm,IT2
ASV_00460,ASV_00772,0.5277777777777778,pos,Farm,IT2
ASV_00460,ASV_00801,0.5142857142857142,pos,Farm,IT2
ASV_00460,ASV_00809,0.56,pos,Farm,IT2
ASV_00460,ASV_00815,0.5771812080536913,pos,Farm,IT2
ASV_00460,ASV_00817,0.5405405405405406,pos,Farm,IT2
ASV_00460,ASV_00822,0.5241379310344828,pos,Farm,IT2
ASV_00460,ASV_00843,0.5448275862068965,pos,Farm,IT2
ASV_00460,ASV_00869,0.5337837837837838,pos,Farm,IT2
ASV_00460,ASV_00906,0.5503355704697986,pos,Farm,IT2
ASV_00460,ASV_00924,0.4857142857142857,pos,Farm,IT2
ASV_00460,ASV_00989,0.4928571428571429,pos,Farm,IT2
ASV_00460,ASV_01092,0.5472972972972973,pos,Farm,IT2
ASV_00460,ASV_01119,0.5472972972972973,pos,Farm,IT2
ASV_00460,ASV_01179,0.5177304964539007,pos,Farm,IT2
ASV_00460,ASV_01249,0.5104895104895105,pos,Farm,IT2
ASV_00460,ASV_01250,0.5405405405405406,pos,Farm,IT2
ASV_00460,ASV_01288,0.5273972602739726,pos,Farm,IT2
ASV_00460,ASV_01368,0.5172413793103449,pos,Farm,IT2
ASV_00460,ASV_01385,0.5352112676056338,pos,Farm,IT2
ASV_00460,ASV_01491,0.5103448275862069,pos,Farm,IT2
ASV_00460,ASV_01508,0.5374149659863946,pos,Farm,IT2
ASV_00460,ASV_01840,0.5103448275862069,pos,Farm,IT2
ASV_00463,ASV_00465,0.5136986301369864,pos,Farm,IT2
ASV_00463,ASV_00468,0.5037037037037037,pos,Farm,IT2
ASV_00463,ASV_00479,0.5337837837837838,pos,Farm,IT2
ASV_00463,ASV_00485,0.541095890410959,pos,Farm,IT2
ASV_00463,ASV_00488,0.564625850340136,pos,Farm,IT2
ASV_00463,ASV_00504,0.5466666666666666,pos,Farm,IT2
ASV_00463,ASV_00506,0.5319148936170213,pos,Farm,IT2
ASV_00463,ASV_00521,0.5472972972972973,pos,Farm,IT2
ASV_00463,ASV_00528,0.5352112676056338,pos,Farm,IT2
ASV_00463,ASV_00530,0.5205479452054794,pos,Farm,IT2
ASV_00463,ASV_00533,0.5172413793103449,pos,Farm,IT2
ASV_00463,ASV_00534,0.5743243243243243,pos,Farm,IT2
ASV_00463,ASV_00536,0.5540540540540541,pos,Farm,IT2
ASV_00463,ASV_00542,0.5503355704697986,pos,Farm,IT2
ASV_00463,ASV_00548,0.48951048951048953,pos,Farm,IT2
ASV_00463,ASV_00550,0.5337837837837838,pos,Farm,IT2
ASV_00463,ASV_00568,0.54421768707483,pos,Farm,IT2
ASV_00463,ASV_00572,0.56,pos,Farm,IT2
ASV_00463,ASV_00596,0.49645390070921985,pos,Farm,IT2
ASV_00463,ASV_00611,0.5734265734265734,pos,Farm,IT2
ASV_00463,ASV_00613,0.4859154929577465,pos,Farm,IT2
ASV_00463,ASV_00620,0.5804195804195804,pos,Farm,IT2
ASV_00463,ASV_00636,0.5838926174496645,pos,Farm,IT2
ASV_00463,ASV_00643,0.5205479452054794,pos,Farm,IT2
ASV_00463,ASV_00651,0.5347222222222222,pos,Farm,IT2
ASV_00463,ASV_00654,0.5579710144927537,pos,Farm,IT2
ASV_00463,ASV_00656,0.5273972602739726,pos,Farm,IT2
ASV_00463,ASV_00666,0.5405405405405406,pos,Farm,IT2
ASV_00463,ASV_00671,0.5138888888888888,pos,Farm,IT2
ASV_00463,ASV_00721,0.48951048951048953,pos,Farm,IT2
ASV_00463,ASV_00757,0.541095890410959,pos,Farm,IT2
ASV_00463,ASV_00772,0.5310344827586206,pos,Farm,IT2
ASV_00463,ASV_00782,0.5347222222222222,pos,Farm,IT2
ASV_00463,ASV_00801,0.4965034965034965,pos,Farm,IT2
ASV_00463,ASV_00806,0.5405405405405406,pos,Farm,IT2
ASV_00463,ASV_00807,0.5594405594405595,pos,Farm,IT2
ASV_00463,ASV_00809,0.5733333333333334,pos,Farm,IT2
ASV_00463,ASV_00821,0.5238095238095238,pos,Farm,IT2
ASV_00463,ASV_00842,0.5034965034965035,pos,Farm,IT2
ASV_00463,ASV_00890,0.5664335664335665,pos,Farm,IT2
ASV_00463,ASV_00935,0.5310344827586206,pos,Farm,IT2
ASV_00463,ASV_01018,0.5138888888888888,pos,Farm,IT2
ASV_00463,ASV_01065,0.5034965034965035,pos,Farm,IT2
ASV_00463,ASV_01071,0.5208333333333334,pos,Farm,IT2
ASV_00463,ASV_01087,0.5342465753424658,pos,Farm,IT2
ASV_00463,ASV_01328,0.5422535211267606,pos,Farm,IT2
ASV_00464,ASV_00467,0.5704697986577181,pos,Farm,IT2
ASV_00464,ASV_00479,0.5724137931034483,pos,Farm,IT2
ASV_00464,ASV_00504,0.5743243243243243,pos,Farm,IT2
ASV_00464,ASV_00518,0.5466666666666666,pos,Farm,IT2
ASV_00464,ASV_00566,0.5205479452054794,pos,Farm,IT2
ASV_00464,ASV_00570,0.5211267605633803,pos,Farm,IT2
ASV_00464,ASV_00612,0.54421768707483,pos,Farm,IT2
ASV_00464,ASV_00618,0.5205479452054794,pos,Farm,IT2
ASV_00464,ASV_00628,0.5172413793103449,pos,Farm,IT2
ASV_00464,ASV_00635,0.5436241610738255,pos,Farm,IT2
ASV_00464,ASV_00656,0.5238095238095238,pos,Farm,IT2
ASV_00464,ASV_00697,0.5,pos,Farm,IT2
ASV_00464,ASV_00709,0.5205479452054794,pos,Farm,IT2
ASV_00464,ASV_00793,0.5208333333333334,pos,Farm,IT2
ASV_00464,ASV_00802,0.5436241610738255,pos,Farm,IT2
ASV_00464,ASV_00809,0.5592105263157895,pos,Farm,IT2
ASV_00464,ASV_00817,0.5503355704697986,pos,Farm,IT2
ASV_00464,ASV_00848,0.54421768707483,pos,Farm,IT2
ASV_00464,ASV_00924,0.49645390070921985,pos,Farm,IT2
ASV_00464,ASV_01018,0.5208333333333334,pos,Farm,IT2
ASV_00464,ASV_01023,0.5436241610738255,pos,Farm,IT2
ASV_00464,ASV_01090,0.5472972972972973,pos,Farm,IT2
ASV_00464,ASV_01092,0.5782312925170068,pos,Farm,IT2
ASV_00464,ASV_01179,0.528169014084507,pos,Farm,IT2
ASV_00464,ASV_01250,0.5503355704697986,pos,Farm,IT2
ASV_00464,ASV_01267,0.5347222222222222,pos,Farm,IT2
ASV_00465,ASV_00479,0.5310344827586206,pos,Farm,IT2
ASV_00465,ASV_00483,0.5306122448979592,pos,Farm,IT2
ASV_00465,ASV_00506,0.5071428571428571,pos,Farm,IT2
ASV_00465,ASV_00508,0.5214285714285715,pos,Farm,IT2
ASV_00465,ASV_00513,0.5319148936170213,pos,Farm,IT2
ASV_00465,ASV_00520,0.5714285714285714,pos,Farm,IT2
ASV_00465,ASV_00534,0.5405405405405406,pos,Farm,IT2
ASV_00465,ASV_00536,0.5517241379310345,pos,Farm,IT2
ASV_00465,ASV_00548,0.5072463768115942,pos,Farm,IT2
ASV_00465,ASV_00550,0.5310344827586206,pos,Farm,IT2
ASV_00465,ASV_00554,0.5172413793103449,pos,Farm,IT2
ASV_00465,ASV_00566,0.5319148936170213,pos,Farm,IT2
ASV_00465,ASV_00572,0.5578231292517006,pos,Farm,IT2
ASV_00465,ASV_00622,0.4714285714285714,pos,Farm,IT2
ASV_00465,ASV_00686,0.5244755244755245,pos,Farm,IT2
ASV_00465,ASV_00687,0.5319148936170213,pos,Farm,IT2
ASV_00465,ASV_00718,0.48226950354609927,pos,Farm,IT2
ASV_00465,ASV_00726,0.5277777777777778,pos,Farm,IT2
ASV_00465,ASV_00727,0.5035460992907801,pos,Farm,IT2
ASV_00465,ASV_00734,0.5172413793103449,pos,Farm,IT2
ASV_00465,ASV_00769,0.5211267605633803,pos,Farm,IT2
ASV_00465,ASV_00798,0.5205479452054794,pos,Farm,IT2
ASV_00465,ASV_00809,0.5503355704697986,pos,Farm,IT2
ASV_00465,ASV_00811,0.5347222222222222,pos,Farm,IT2
ASV_00465,ASV_00845,0.5072463768115942,pos,Farm,IT2
ASV_00465,ASV_00909,0.5,pos,Farm,IT2
ASV_00465,ASV_00935,0.5069444444444444,pos,Farm,IT2
ASV_00465,ASV_00989,0.4714285714285714,pos,Farm,IT2
ASV_00465,ASV_01153,0.5142857142857142,pos,Farm,IT2
ASV_00465,ASV_01253,0.5069444444444444,pos,Farm,IT2
ASV_00465,ASV_01459,0.5070422535211268,pos,Farm,IT2
ASV_00467,ASV_00476,0.541095890410959,pos,Farm,IT2
ASV_00467,ASV_00504,0.5933333333333334,pos,Farm,IT2
ASV_00467,ASV_00511,0.5314685314685315,pos,Farm,IT2
ASV_00467,ASV_00517,0.5238095238095238,pos,Farm,IT2
ASV_00467,ASV_00548,0.5172413793103449,pos,Farm,IT2
ASV_00467,ASV_00563,0.5466666666666666,pos,Farm,IT2
ASV_00467,ASV_00566,0.5510204081632653,pos,Farm,IT2
ASV_00467,ASV_00570,0.5416666666666666,pos,Farm,IT2
ASV_00467,ASV_00615,0.5136986301369864,pos,Farm,IT2
ASV_00467,ASV_00645,0.5136986301369864,pos,Farm,IT2
ASV_00467,ASV_00687,0.5724137931034483,pos,Farm,IT2
ASV_00467,ASV_00709,0.5405405405405406,pos,Farm,IT2
ASV_00467,ASV_00714,0.5384615384615384,pos,Farm,IT2
ASV_00467,ASV_00769,0.5405405405405406,pos,Farm,IT2
ASV_00467,ASV_00793,0.5306122448979592,pos,Farm,IT2
ASV_00467,ASV_00798,0.56,pos,Farm,IT2
ASV_00467,ASV_00809,0.609271523178808,pos,Farm,IT2
ASV_00467,ASV_00924,0.496551724137931,pos,Farm,IT2
ASV_00467,ASV_00929,0.6137931034482759,pos,Farm,IT2
ASV_00467,ASV_00935,0.5369127516778524,pos,Farm,IT2
ASV_00467,ASV_01223,0.4930555555555556,pos,Farm,IT2
ASV_00467,ASV_01250,0.5695364238410596,pos,Farm,IT2
ASV_00467,ASV_01385,0.5337837837837838,pos,Farm,IT2
ASV_00468,ASV_00488,0.46808510638297873,pos,Farm,IT2
ASV_00468,ASV_00490,0.48936170212765956,pos,Farm,IT2
ASV_00468,ASV_00493,0.48201438848920863,pos,Farm,IT2
ASV_00468,ASV_00498,0.4573643410852713,pos,Farm,IT2
ASV_00468,ASV_00507,0.4740740740740741,pos,Farm,IT2
ASV_00468,ASV_00513,0.45588235294117646,pos,Farm,IT2
ASV_00468,ASV_00518,0.4857142857142857,pos,Farm,IT2
ASV_00468,ASV_00521,0.46099290780141844,pos,Farm,IT2
ASV_00468,ASV_00533,0.5153846153846153,pos,Farm,IT2
ASV_00468,ASV_00536,0.46808510638297873,pos,Farm,IT2
ASV_00468,ASV_00541,0.45588235294117646,pos,Farm,IT2
ASV_00468,ASV_00548,0.45038167938931295,pos,Farm,IT2
ASV_00468,ASV_00572,0.49645390070921985,pos,Farm,IT2
ASV_00468,ASV_00595,0.4444444444444444,pos,Farm,IT2
ASV_00468,ASV_00596,0.4351145038167939,pos,Farm,IT2
ASV_00468,ASV_00612,0.460431654676259,pos,Farm,IT2
ASV_00468,ASV_00613,0.4351145038167939,pos,Farm,IT2
ASV_00468,ASV_00615,0.5039370078740157,pos,Farm,IT2
ASV_00468,ASV_00630,0.4393939393939394,pos,Farm,IT2
ASV_00468,ASV_00643,0.4632352941176471,pos,Farm,IT2
ASV_00468,ASV_00651,0.47761194029850745,pos,Farm,IT2
ASV_00468,ASV_00656,0.4925373134328358,pos,Farm,IT2
ASV_00468,ASV_00676,0.4892086330935252,pos,Farm,IT2
ASV_00468,ASV_00714,0.45038167938931295,pos,Farm,IT2
ASV_00468,ASV_00718,0.4580152671755725,pos,Farm,IT2
ASV_00468,ASV_00726,0.463768115942029,pos,Farm,IT2
ASV_00468,ASV_00727,0.44776119402985076,pos,Farm,IT2
ASV_00468,ASV_00728,0.4318181818181818,pos,Farm,IT2
ASV_00468,ASV_00757,0.463768115942029,pos,Farm,IT2
ASV_00468,ASV_00801,0.4806201550387597,pos,Farm,IT2
ASV_00468,ASV_00807,0.48148148148148145,pos,Farm,IT2
ASV_00468,ASV_00809,0.5106382978723404,pos,Farm,IT2
ASV_00468,ASV_00817,0.46808510638297873,pos,Farm,IT2
ASV_00468,ASV_00984,0.48148148148148145,pos,Farm,IT2
ASV_00468,ASV_00987,0.4552238805970149,pos,Farm,IT2
ASV_00468,ASV_01023,0.46099290780141844,pos,Farm,IT2
ASV_00468,ASV_01087,0.46715328467153283,pos,Farm,IT2
ASV_00468,ASV_01090,0.4642857142857143,pos,Farm,IT2
ASV_00468,ASV_01288,0.4852941176470588,pos,Farm,IT2
ASV_00468,ASV_01417,0.4666666666666667,pos,Farm,IT2
ASV_00468,ASV_01426,0.46564885496183206,pos,Farm,IT2
ASV_00471,ASV_00486,0.5472972972972973,pos,Farm,IT2
ASV_00471,ASV_00488,0.5337837837837838,pos,Farm,IT2
ASV_00471,ASV_00490,0.5540540540540541,pos,Farm,IT2
ASV_00471,ASV_00512,0.5510204081632653,pos,Farm,IT2
ASV_00471,ASV_00514,0.5496688741721855,pos,Farm,IT2
ASV_00471,ASV_00524,0.5106382978723404,pos,Farm,IT2
ASV_00471,ASV_00559,0.5069444444444444,pos,Farm,IT2
ASV_00471,ASV_00568,0.5448275862068965,pos,Farm,IT2
ASV_00471,ASV_00581,0.49640287769784175,pos,Farm,IT2
ASV_00471,ASV_00611,0.5205479452054794,pos,Farm,IT2
ASV_00471,ASV_00620,0.5815602836879432,pos,Farm,IT2
ASV_00471,ASV_00651,0.5352112676056338,pos,Farm,IT2
ASV_00471,ASV_00665,0.5071428571428571,pos,Farm,IT2
ASV_00471,ASV_00728,0.48226950354609927,pos,Farm,IT2
ASV_00471,ASV_00734,0.5205479452054794,pos,Farm,IT2
ASV_00471,ASV_00758,0.5347222222222222,pos,Farm,IT2
ASV_00471,ASV_00802,0.547945205479452,pos,Farm,IT2
ASV_00471,ASV_00848,0.5486111111111112,pos,Farm,IT2
ASV_00471,ASV_00890,0.5347222222222222,pos,Farm,IT2
ASV_00471,ASV_00935,0.5103448275862069,pos,Farm,IT2
ASV_00471,ASV_01018,0.5034965034965035,pos,Farm,IT2
ASV_00471,ASV_01101,0.5205479452054794,pos,Farm,IT2
ASV_00471,ASV_01119,0.5405405405405406,pos,Farm,IT2
ASV_00471,ASV_01153,0.5070422535211268,pos,Farm,IT2
ASV_00471,ASV_01250,0.54421768707483,pos,Farm,IT2
ASV_00471,ASV_01328,0.5,pos,Farm,IT2
ASV_00471,ASV_01459,0.5319148936170213,pos,Farm,IT2
ASV_00471,ASV_02149,0.5106382978723404,pos,Farm,IT2
ASV_00474,ASV_00508,0.5174825174825175,pos,Farm,IT2
ASV_00474,ASV_00514,0.5629139072847682,pos,Farm,IT2
ASV_00474,ASV_00524,0.5034965034965035,pos,Farm,IT2
ASV_00474,ASV_00534,0.5570469798657718,pos,Farm,IT2
ASV_00474,ASV_00542,0.564625850340136,pos,Farm,IT2
ASV_00474,ASV_00544,0.5103448275862069,pos,Farm,IT2
ASV_00474,ASV_00570,0.5070422535211268,pos,Farm,IT2
ASV_00474,ASV_00581,0.5,pos,Farm,IT2
ASV_00474,ASV_00587,0.5069444444444444,pos,Farm,IT2
ASV_00474,ASV_00611,0.5238095238095238,pos,Farm,IT2
ASV_00474,ASV_00628,0.5138888888888888,pos,Farm,IT2
ASV_00474,ASV_00635,0.5405405405405406,pos,Farm,IT2
ASV_00474,ASV_00645,0.5,pos,Farm,IT2
ASV_00474,ASV_00668,0.5174825174825175,pos,Farm,IT2
ASV_00474,ASV_00687,0.5277777777777778,pos,Farm,IT2
ASV_00474,ASV_00772,0.5241379310344828,pos,Farm,IT2
ASV_00474,ASV_00781,0.5172413793103449,pos,Farm,IT2
ASV_00474,ASV_00807,0.5524475524475524,pos,Farm,IT2
ASV_00474,ASV_00821,0.5273972602739726,pos,Farm,IT2
ASV_00474,ASV_00829,0.5103448275862069,pos,Farm,IT2
ASV_00474,ASV_00890,0.5273972602739726,pos,Farm,IT2
ASV_00474,ASV_00909,0.528169014084507,pos,Farm,IT2
ASV_00474,ASV_01018,0.5069444444444444,pos,Farm,IT2
ASV_00474,ASV_01090,0.5337837837837838,pos,Farm,IT2
ASV_00474,ASV_01101,0.5238095238095238,pos,Farm,IT2
ASV_00474,ASV_01250,0.5369127516778524,pos,Farm,IT2
ASV_00474,ASV_01349,0.5347222222222222,pos,Farm,IT2
ASV_00474,ASV_01458,0.4859154929577465,pos,Farm,IT2
ASV_00474,ASV_02149,0.5467625899280576,pos,Farm,IT2
ASV_00476,ASV_00482,0.5570469798657718,pos,Farm,IT2
ASV_00476,ASV_00503,0.5214285714285715,pos,Farm,IT2
ASV_00476,ASV_00508,0.5,pos,Farm,IT2
ASV_00476,ASV_00512,0.5379310344827586,pos,Farm,IT2
ASV_00476,ASV_00518,0.5170068027210885,pos,Farm,IT2
ASV_00476,ASV_00757,0.5069444444444444,pos,Farm,IT2
ASV_00476,ASV_00798,0.5103448275862069,pos,Farm,IT2
ASV_00476,ASV_00809,0.5510204081632653,pos,Farm,IT2
ASV_00476,ASV_00829,0.5035460992907801,pos,Farm,IT2
ASV_00476,ASV_00966,0.48175182481751827,pos,Farm,IT2
ASV_00476,ASV_01491,0.5106382978723404,pos,Farm,IT2
ASV_00476,ASV_01578,0.5357142857142857,pos,Farm,IT2
ASV_00477,ASV_00490,0.5503355704697986,pos,Farm,IT2
ASV_00477,ASV_00495,0.49295774647887325,pos,Farm,IT2
ASV_00477,ASV_00504,0.564625850340136,pos,Farm,IT2
ASV_00477,ASV_00506,0.5070422535211268,pos,Farm,IT2
ASV_00477,ASV_00507,0.5277777777777778,pos,Farm,IT2
ASV_00477,ASV_00508,0.5319148936170213,pos,Farm,IT2
ASV_00477,ASV_00511,0.5,pos,Farm,IT2
ASV_00477,ASV_00518,0.5369127516778524,pos,Farm,IT2
ASV_00477,ASV_00521,0.54421768707483,pos,Farm,IT2
ASV_00477,ASV_00524,0.5177304964539007,pos,Farm,IT2
ASV_00477,ASV_00530,0.5384615384615384,pos,Farm,IT2
ASV_00477,ASV_00536,0.5510204081632653,pos,Farm,IT2
ASV_00477,ASV_00554,0.5273972602739726,pos,Farm,IT2
ASV_00477,ASV_00561,0.5761589403973509,pos,Farm,IT2
ASV_00477,ASV_00570,0.5,pos,Farm,IT2
ASV_00477,ASV_00571,0.5273972602739726,pos,Farm,IT2
ASV_00477,ASV_00581,0.48226950354609927,pos,Farm,IT2
ASV_00477,ASV_00595,0.5,pos,Farm,IT2
ASV_00477,ASV_00620,0.5342465753424658,pos,Farm,IT2
ASV_00477,ASV_00622,0.48226950354609927,pos,Farm,IT2
ASV_00477,ASV_00633,0.5633802816901409,pos,Farm,IT2
ASV_00477,ASV_00651,0.5103448275862069,pos,Farm,IT2
ASV_00477,ASV_00656,0.5241379310344828,pos,Farm,IT2
ASV_00477,ASV_00662,0.5357142857142857,pos,Farm,IT2
ASV_00477,ASV_00665,0.5362318840579711,pos,Farm,IT2
ASV_00477,ASV_00666,0.5586206896551724,pos,Farm,IT2
ASV_00477,ASV_00679,0.5342465753424658,pos,Farm,IT2
ASV_00477,ASV_00687,0.5103448275862069,pos,Farm,IT2
ASV_00477,ASV_00697,0.5106382978723404,pos,Farm,IT2
ASV_00477,ASV_00760,0.54421768707483,pos,Farm,IT2
ASV_00477,ASV_00781,0.5103448275862069,pos,Farm,IT2
ASV_00477,ASV_00798,0.5306122448979592,pos,Farm,IT2
ASV_00477,ASV_00811,0.5555555555555556,pos,Farm,IT2
ASV_00477,ASV_00815,0.5562913907284768,pos,Farm,IT2
ASV_00477,ASV_00821,0.5205479452054794,pos,Farm,IT2
ASV_00477,ASV_00829,0.5138888888888888,pos,Farm,IT2
ASV_00477,ASV_00848,0.5238095238095238,pos,Farm,IT2
ASV_00477,ASV_00865,0.5241379310344828,pos,Farm,IT2
ASV_00477,ASV_00875,0.5369127516778524,pos,Farm,IT2
ASV_00477,ASV_00890,0.574468085106383,pos,Farm,IT2
ASV_00477,ASV_00912,0.5035971223021583,pos,Farm,IT2
ASV_00477,ASV_00929,0.5517241379310345,pos,Farm,IT2
ASV_00477,ASV_00958,0.5103448275862069,pos,Farm,IT2
ASV_00477,ASV_00966,0.48226950354609927,pos,Farm,IT2
ASV_00477,ASV_00984,0.5241379310344828,pos,Farm,IT2
ASV_00477,ASV_01119,0.5369127516778524,pos,Farm,IT2
ASV_00477,ASV_01253,0.5277777777777778,pos,Farm,IT2
ASV_00477,ASV_01328,0.5069444444444444,pos,Farm,IT2
ASV_00477,ASV_01417,0.5103448275862069,pos,Farm,IT2
ASV_00477,ASV_01459,0.5611510791366906,pos,Farm,IT2
ASV_00477,ASV_01491,0.5314685314685315,pos,Farm,IT2
ASV_00477,ASV_01541,0.5205479452054794,pos,Farm,IT2
ASV_00477,ASV_01578,0.5241379310344828,pos,Farm,IT2
ASV_00477,ASV_01840,0.5103448275862069,pos,Farm,IT2
ASV_00477,ASV_01941,0.5273972602739726,pos,Farm,IT2
ASV_00479,ASV_00494,0.5379310344827586,pos,Farm,IT2
ASV_00479,ASV_00517,0.5138888888888888,pos,Farm,IT2
ASV_00479,ASV_00518,0.5570469798657718,pos,Farm,IT2
ASV_00479,ASV_00533,0.5347222222222222,pos,Farm,IT2
ASV_00479,ASV_00543,0.547945205479452,pos,Farm,IT2
ASV_00479,ASV_00548,0.5070422535211268,pos,Farm,IT2
ASV_00479,ASV_00559,0.5136986301369864,pos,Farm,IT2
ASV_00479,ASV_00571,0.547945205479452,pos,Farm,IT2
ASV_00479,ASV_00636,0.5592105263157895,pos,Farm,IT2
ASV_00479,ASV_00638,0.54421768707483,pos,Farm,IT2
ASV_00479,ASV_00643,0.5273972602739726,pos,Farm,IT2
ASV_00479,ASV_00686,0.5238095238095238,pos,Farm,IT2
ASV_00479,ASV_00769,0.5416666666666666,pos,Farm,IT2
ASV_00479,ASV_00806,0.5472972972972973,pos,Farm,IT2
ASV_00479,ASV_00809,0.5592105263157895,pos,Farm,IT2
ASV_00479,ASV_00822,0.5448275862068965,pos,Farm,IT2
ASV_00479,ASV_00848,0.5337837837837838,pos,Farm,IT2
ASV_00479,ASV_00890,0.5306122448979592,pos,Farm,IT2
ASV_00479,ASV_00906,0.5704697986577181,pos,Farm,IT2
ASV_00479,ASV_00952,0.5138888888888888,pos,Farm,IT2
ASV_00479,ASV_01018,0.5314685314685315,pos,Farm,IT2
ASV_00479,ASV_01048,0.5241379310344828,pos,Farm,IT2
ASV_00479,ASV_01092,0.5570469798657718,pos,Farm,IT2
ASV_00479,ASV_01119,0.5466666666666666,pos,Farm,IT2
ASV_00479,ASV_01153,0.5352112676056338,pos,Farm,IT2
ASV_00479,ASV_01368,0.5594405594405595,pos,Farm,IT2
ASV_00479,ASV_01578,0.5238095238095238,pos,Farm,IT2
ASV_00479,ASV_02149,0.5069444444444444,pos,Farm,IT2
ASV_00482,ASV_00493,0.577922077922078,pos,Farm,IT2
ASV_00482,ASV_00494,0.5629139072847682,pos,Farm,IT2
ASV_00482,ASV_00501,0.5592105263157895,pos,Farm,IT2
ASV_00482,ASV_00507,0.5733333333333334,pos,Farm,IT2
ASV_00482,ASV_00518,0.6013071895424836,pos,Farm,IT2
ASV_00482,ASV_00528,0.5570469798657718,pos,Farm,IT2
ASV_00482,ASV_00541,0.5562913907284768,pos,Farm,IT2
ASV_00482,ASV_00542,0.6013071895424836,pos,Farm,IT2
ASV_00482,ASV_00544,0.5496688741721855,pos,Farm,IT2
ASV_00482,ASV_00551,0.5761589403973509,pos,Farm,IT2
ASV_00482,ASV_00559,0.5496688741721855,pos,Farm,IT2
ASV_00482,ASV_00568,0.6066666666666667,pos,Farm,IT2
ASV_00482,ASV_00570,0.5266666666666666,pos,Farm,IT2
ASV_00482,ASV_00615,0.5302013422818792,pos,Farm,IT2
ASV_00482,ASV_00635,0.577922077922078,pos,Farm,IT2
ASV_00482,ASV_00665,0.5616438356164384,pos,Farm,IT2
ASV_00482,ASV_00671,0.5782312925170068,pos,Farm,IT2
ASV_00482,ASV_00686,0.5592105263157895,pos,Farm,IT2
ASV_00482,ASV_00757,0.6040268456375839,pos,Farm,IT2
ASV_00482,ASV_00758,0.5657894736842105,pos,Farm,IT2
ASV_00482,ASV_00772,0.5629139072847682,pos,Farm,IT2
ASV_00482,ASV_00789,0.5592105263157895,pos,Farm,IT2
ASV_00482,ASV_00798,0.5855263157894737,pos,Farm,IT2
ASV_00482,ASV_00802,0.5882352941176471,pos,Farm,IT2
ASV_00482,ASV_00808,0.5466666666666666,pos,Farm,IT2
ASV_00482,ASV_00829,0.5704697986577181,pos,Farm,IT2
ASV_00482,ASV_00842,0.5266666666666666,pos,Farm,IT2
ASV_00482,ASV_00865,0.5906040268456376,pos,Farm,IT2
ASV_00482,ASV_00890,0.5761589403973509,pos,Farm,IT2
ASV_00482,ASV_00929,0.5751633986928104,pos,Farm,IT2
ASV_00482,ASV_00966,0.5202702702702703,pos,Farm,IT2
ASV_00482,ASV_01018,0.5675675675675675,pos,Farm,IT2
ASV_00482,ASV_01071,0.5533333333333333,pos,Farm,IT2
ASV_00482,ASV_01092,0.6013071895424836,pos,Farm,IT2
ASV_00482,ASV_01119,0.6013071895424836,pos,Farm,IT2
ASV_00482,ASV_01179,0.5436241610738255,pos,Farm,IT2
ASV_00482,ASV_01249,0.5570469798657718,pos,Farm,IT2
ASV_00482,ASV_01276,0.5369127516778524,pos,Farm,IT2
ASV_00482,ASV_01385,0.6027397260273972,pos,Farm,IT2
ASV_00482,ASV_01458,0.527027027027027,pos,Farm,IT2
ASV_00482,ASV_01541,0.5657894736842105,pos,Farm,IT2
ASV_00483,ASV_00485,0.5369127516778524,pos,Farm,IT2
ASV_00483,ASV_00513,0.541095890410959,pos,Farm,IT2
ASV_00483,ASV_00518,0.5562913907284768,pos,Farm,IT2
ASV_00483,ASV_00521,0.5743243243243243,pos,Farm,IT2
ASV_00483,ASV_00536,0.5918367346938775,pos,Farm,IT2
ASV_00483,ASV_00568,0.5608108108108109,pos,Farm,IT2
ASV_00483,ASV_00572,0.5657894736842105,pos,Farm,IT2
ASV_00483,ASV_00581,0.5467625899280576,pos,Farm,IT2
ASV_00483,ASV_00613,0.4930555555555556,pos,Farm,IT2
ASV_00483,ASV_00630,0.528169014084507,pos,Farm,IT2
ASV_00483,ASV_00636,0.610738255033557,pos,Farm,IT2
ASV_00483,ASV_00673,0.5733333333333334,pos,Farm,IT2
ASV_00483,ASV_00721,0.5069444444444444,pos,Farm,IT2
ASV_00483,ASV_00724,0.5205479452054794,pos,Farm,IT2
ASV_00483,ASV_00726,0.5369127516778524,pos,Farm,IT2
ASV_00483,ASV_00734,0.5472972972972973,pos,Farm,IT2
ASV_00483,ASV_00807,0.5337837837837838,pos,Farm,IT2
ASV_00483,ASV_00909,0.5205479452054794,pos,Farm,IT2
ASV_00483,ASV_01152,0.5555555555555556,pos,Farm,IT2
ASV_00483,ASV_01288,0.5369127516778524,pos,Farm,IT2
ASV_00485,ASV_00488,0.5369127516778524,pos,Farm,IT2
ASV_00485,ASV_00490,0.5570469798657718,pos,Farm,IT2
ASV_00485,ASV_00494,0.5563380281690141,pos,Farm,IT2
ASV_00485,ASV_00495,0.5,pos,Farm,IT2
ASV_00485,ASV_00498,0.5,pos,Farm,IT2
ASV_00485,ASV_00506,0.5693430656934306,pos,Farm,IT2
ASV_00485,ASV_00507,0.5136986301369864,pos,Farm,IT2
ASV_00485,ASV_00513,0.5172413793103449,pos,Farm,IT2
ASV_00485,ASV_00521,0.5405405405405406,pos,Farm,IT2
ASV_00485,ASV_00528,0.5174825174825175,pos,Farm,IT2
ASV_00485,ASV_00534,0.5570469798657718,pos,Farm,IT2
ASV_00485,ASV_00536,0.5902777777777778,pos,Farm,IT2
ASV_00485,ASV_00542,0.5753424657534246,pos,Farm,IT2
ASV_00485,ASV_00543,0.5342465753424658,pos,Farm,IT2
ASV_00485,ASV_00548,0.5362318840579711,pos,Farm,IT2
ASV_00485,ASV_00555,0.5238095238095238,pos,Farm,IT2
ASV_00485,ASV_00571,0.5342465753424658,pos,Farm,IT2
ASV_00485,ASV_00592,0.5347222222222222,pos,Farm,IT2
ASV_00485,ASV_00595,0.5611510791366906,pos,Farm,IT2
ASV_00485,ASV_00611,0.5448275862068965,pos,Farm,IT2
ASV_00485,ASV_00615,0.5106382978723404,pos,Farm,IT2
ASV_00485,ASV_00630,0.5035460992907801,pos,Farm,IT2
ASV_00485,ASV_00633,0.5704225352112676,pos,Farm,IT2
ASV_00485,ASV_00635,0.5510204081632653,pos,Farm,IT2
ASV_00485,ASV_00636,0.5562913907284768,pos,Farm,IT2
ASV_00485,ASV_00643,0.5241379310344828,pos,Farm,IT2
ASV_00485,ASV_00656,0.5205479452054794,pos,Farm,IT2
ASV_00485,ASV_00666,0.5985915492957746,pos,Farm,IT2
ASV_00485,ASV_00673,0.5608108108108109,pos,Farm,IT2
ASV_00485,ASV_00686,0.5205479452054794,pos,Farm,IT2
ASV_00485,ASV_00718,0.5106382978723404,pos,Farm,IT2
ASV_00485,ASV_00721,0.5142857142857142,pos,Farm,IT2
ASV_00485,ASV_00760,0.5405405405405406,pos,Farm,IT2
ASV_00485,ASV_00769,0.5172413793103449,pos,Farm,IT2
ASV_00485,ASV_00778,0.4857142857142857,pos,Farm,IT2
ASV_00485,ASV_00781,0.5384615384615384,pos,Farm,IT2
ASV_00485,ASV_00789,0.5205479452054794,pos,Farm,IT2
ASV_00485,ASV_00798,0.5374149659863946,pos,Farm,IT2
ASV_00485,ASV_00801,0.48951048951048953,pos,Farm,IT2
ASV_00485,ASV_00807,0.574468085106383,pos,Farm,IT2
ASV_00485,ASV_00808,0.528169014084507,pos,Farm,IT2
ASV_00485,ASV_00811,0.541095890410959,pos,Farm,IT2
ASV_00485,ASV_00815,0.5733333333333334,pos,Farm,IT2
ASV_00485,ASV_00817,0.5472972972972973,pos,Farm,IT2
ASV_00485,ASV_00829,0.5103448275862069,pos,Farm,IT2
ASV_00485,ASV_00869,0.5405405405405406,pos,Farm,IT2
ASV_00485,ASV_00880,0.5104895104895105,pos,Farm,IT2
ASV_00485,ASV_00890,0.5486111111111112,pos,Farm,IT2
ASV_00485,ASV_00906,0.5466666666666666,pos,Farm,IT2
ASV_00485,ASV_00931,0.5174825174825175,pos,Farm,IT2
ASV_00485,ASV_00952,0.5,pos,Farm,IT2
ASV_00485,ASV_00959,0.5347222222222222,pos,Farm,IT2
ASV_00485,ASV_00984,0.5524475524475524,pos,Farm,IT2
ASV_00485,ASV_01092,0.5540540540540541,pos,Farm,IT2
ASV_00485,ASV_01101,0.5238095238095238,pos,Farm,IT2
ASV_00485,ASV_01152,0.5422535211267606,pos,Farm,IT2
ASV_00485,ASV_01253,0.5241379310344828,pos,Farm,IT2
ASV_00485,ASV_01267,0.5208333333333334,pos,Farm,IT2
ASV_00485,ASV_01288,0.5238095238095238,pos,Farm,IT2
ASV_00485,ASV_01342,0.5782312925170068,pos,Farm,IT2
ASV_00485,ASV_01458,0.49645390070921985,pos,Farm,IT2
ASV_00485,ASV_02020,0.5103448275862069,pos,Farm,IT2
ASV_00485,ASV_02332,0.547945205479452,pos,Farm,IT2
ASV_00486,ASV_00488,0.6054421768707483,pos,Farm,IT2
ASV_00486,ASV_00503,0.5874125874125874,pos,Farm,IT2
ASV_00486,ASV_00504,0.5866666666666667,pos,Farm,IT2
ASV_00486,ASV_00506,0.5205479452054794,pos,Farm,IT2
ASV_00486,ASV_00511,0.5352112676056338,pos,Farm,IT2
ASV_00486,ASV_00514,0.5986842105263158,pos,Farm,IT2
ASV_00486,ASV_00533,0.5586206896551724,pos,Farm,IT2
ASV_00486,ASV_00550,0.5850340136054422,pos,Farm,IT2
ASV_00486,ASV_00563,0.5714285714285714,pos,Farm,IT2
ASV_00486,ASV_00570,0.5454545454545454,pos,Farm,IT2
ASV_00486,ASV_00572,0.5789473684210527,pos,Farm,IT2
ASV_00486,ASV_00576,0.5374149659863946,pos,Farm,IT2
ASV_00486,ASV_00581,0.496551724137931,pos,Farm,IT2
ASV_00486,ASV_00594,0.5405405405405406,pos,Farm,IT2
ASV_00486,ASV_00595,0.5342465753424658,pos,Farm,IT2
ASV_00486,ASV_00612,0.5570469798657718,pos,Farm,IT2
ASV_00486,ASV_00618,0.5547945205479452,pos,Farm,IT2
ASV_00486,ASV_00620,0.5782312925170068,pos,Farm,IT2
ASV_00486,ASV_00622,0.5069444444444444,pos,Farm,IT2
ASV_00486,ASV_00628,0.5734265734265734,pos,Farm,IT2
ASV_00486,ASV_00635,0.5562913907284768,pos,Farm,IT2
ASV_00486,ASV_00636,0.6026490066225165,pos,Farm,IT2
ASV_00486,ASV_00651,0.54421768707483,pos,Farm,IT2
ASV_00486,ASV_00654,0.5241379310344828,pos,Farm,IT2
ASV_00486,ASV_00656,0.5578231292517006,pos,Farm,IT2
ASV_00486,ASV_00671,0.5238095238095238,pos,Farm,IT2
ASV_00486,ASV_00697,0.5563380281690141,pos,Farm,IT2
ASV_00486,ASV_00709,0.5337837837837838,pos,Farm,IT2
ASV_00486,ASV_00714,0.5103448275862069,pos,Farm,IT2
ASV_00486,ASV_00718,0.5492957746478874,pos,Farm,IT2
ASV_00486,ASV_00724,0.5342465753424658,pos,Farm,IT2
ASV_00486,ASV_00732,0.5625,pos,Farm,IT2
ASV_00486,ASV_00758,0.5540540540540541,pos,Farm,IT2
ASV_00486,ASV_00769,0.5874125874125874,pos,Farm,IT2
ASV_00486,ASV_00772,0.5510204081632653,pos,Farm,IT2
ASV_00486,ASV_00778,0.5140845070422535,pos,Farm,IT2
ASV_00486,ASV_00781,0.5547945205479452,pos,Farm,IT2
ASV_00486,ASV_00793,0.5238095238095238,pos,Farm,IT2
ASV_00486,ASV_00798,0.5637583892617449,pos,Farm,IT2
ASV_00486,ASV_00809,0.5816993464052288,pos,Farm,IT2
ASV_00486,ASV_00821,0.564625850340136,pos,Farm,IT2
ASV_00486,ASV_00822,0.5472972972972973,pos,Farm,IT2
ASV_00486,ASV_00829,0.527027027027027,pos,Farm,IT2
ASV_00486,ASV_00845,0.5208333333333334,pos,Farm,IT2
ASV_00486,ASV_00873,0.5602836879432624,pos,Farm,IT2
ASV_00486,ASV_00912,0.5174825174825175,pos,Farm,IT2
ASV_00486,ASV_00989,0.5069444444444444,pos,Farm,IT2
ASV_00486,ASV_01101,0.5503355704697986,pos,Farm,IT2
ASV_00486,ASV_01124,0.5510204081632653,pos,Farm,IT2
ASV_00486,ASV_01204,0.5666666666666667,pos,Farm,IT2
ASV_00486,ASV_01417,0.5547945205479452,pos,Farm,IT2
ASV_00486,ASV_01578,0.5472972972972973,pos,Farm,IT2
ASV_00488,ASV_00501,0.5337837837837838,pos,Farm,IT2
ASV_00488,ASV_00504,0.5838926174496645,pos,Farm,IT2
ASV_00488,ASV_00506,0.5602836879432624,pos,Farm,IT2
ASV_00488,ASV_00507,0.547945205479452,pos,Farm,IT2
ASV_00488,ASV_00512,0.5666666666666667,pos,Farm,IT2
ASV_00488,ASV_00514,0.5855263157894737,pos,Farm,IT2
ASV_00488,ASV_00521,0.5850340136054422,pos,Farm,IT2
ASV_00488,ASV_00524,0.5172413793103449,pos,Farm,IT2
ASV_00488,ASV_00533,0.5555555555555556,pos,Farm,IT2
ASV_00488,ASV_00542,0.5562913907284768,pos,Farm,IT2
ASV_00488,ASV_00543,0.5369127516778524,pos,Farm,IT2
ASV_00488,ASV_00544,0.5555555555555556,pos,Farm,IT2
ASV_00488,ASV_00559,0.5238095238095238,pos,Farm,IT2
ASV_00488,ASV_00568,0.5714285714285714,pos,Farm,IT2
ASV_00488,ASV_00570,0.5208333333333334,pos,Farm,IT2
ASV_00488,ASV_00572,0.5657894736842105,pos,Farm,IT2
ASV_00488,ASV_00581,0.4930555555555556,pos,Farm,IT2
ASV_00488,ASV_00587,0.5310344827586206,pos,Farm,IT2
ASV_00488,ASV_00592,0.547945205479452,pos,Farm,IT2
ASV_00488,ASV_00595,0.5205479452054794,pos,Farm,IT2
ASV_00488,ASV_00596,0.4930555555555556,pos,Farm,IT2
ASV_00488,ASV_00612,0.5436241610738255,pos,Farm,IT2
ASV_00488,ASV_00615,0.503448275862069,pos,Farm,IT2
ASV_00488,ASV_00636,0.5894039735099338,pos,Farm,IT2
ASV_00488,ASV_00638,0.564625850340136,pos,Farm,IT2
ASV_00488,ASV_00651,0.5306122448979592,pos,Farm,IT2
ASV_00488,ASV_00656,0.5547945205479452,pos,Farm,IT2
ASV_00488,ASV_00662,0.5136986301369864,pos,Farm,IT2
ASV_00488,ASV_00686,0.5337837837837838,pos,Farm,IT2
ASV_00488,ASV_00709,0.5517241379310345,pos,Farm,IT2
ASV_00488,ASV_00714,0.5174825174825175,pos,Farm,IT2
ASV_00488,ASV_00718,0.5244755244755245,pos,Farm,IT2
ASV_00488,ASV_00721,0.5174825174825175,pos,Farm,IT2
ASV_00488,ASV_00726,0.5472972972972973,pos,Farm,IT2
ASV_00488,ASV_00732,0.5486111111111112,pos,Farm,IT2
ASV_00488,ASV_00760,0.5850340136054422,pos,Farm,IT2
ASV_00488,ASV_00769,0.5625,pos,Farm,IT2
ASV_00488,ASV_00789,0.5337837837837838,pos,Farm,IT2
ASV_00488,ASV_00801,0.5138888888888888,pos,Farm,IT2
ASV_00488,ASV_00807,0.5655172413793104,pos,Farm,IT2
ASV_00488,ASV_00821,0.5405405405405406,pos,Farm,IT2
ASV_00488,ASV_00842,0.5208333333333334,pos,Farm,IT2
ASV_00488,ASV_00845,0.5174825174825175,pos,Farm,IT2
ASV_00488,ASV_00890,0.5405405405405406,pos,Farm,IT2
ASV_00488,ASV_00912,0.4930555555555556,pos,Farm,IT2
ASV_00488,ASV_00952,0.5136986301369864,pos,Farm,IT2
ASV_00488,ASV_00958,0.541095890410959,pos,Farm,IT2
ASV_00488,ASV_00966,0.4930555555555556,pos,Farm,IT2
ASV_00488,ASV_00984,0.5337837837837838,pos,Farm,IT2
ASV_00488,ASV_00989,0.5034965034965035,pos,Farm,IT2
ASV_00488,ASV_01101,0.5578231292517006,pos,Farm,IT2
ASV_00488,ASV_01152,0.5555555555555556,pos,Farm,IT2
ASV_00488,ASV_01153,0.5454545454545454,pos,Farm,IT2
ASV_00488,ASV_01204,0.5533333333333333,pos,Farm,IT2
ASV_00488,ASV_01253,0.527027027027027,pos,Farm,IT2
ASV_00488,ASV_01267,0.5238095238095238,pos,Farm,IT2
ASV_00488,ASV_01276,0.5314685314685315,pos,Farm,IT2
ASV_00488,ASV_01288,0.5369127516778524,pos,Farm,IT2
ASV_00488,ASV_01426,0.5642857142857143,pos,Farm,IT2
ASV_00488,ASV_01459,0.5704225352112676,pos,Farm,IT2
ASV_00488,ASV_01503,0.5405405405405406,pos,Farm,IT2
ASV_00488,ASV_01541,0.5724137931034483,pos,Farm,IT2
ASV_00488,ASV_02149,0.5277777777777778,pos,Farm,IT2
ASV_00490,ASV_00494,0.5472972972972973,pos,Farm,IT2
ASV_00490,ASV_00495,0.5563380281690141,pos,Farm,IT2
ASV_00490,ASV_00507,0.5369127516778524,pos,Farm,IT2
ASV_00490,ASV_00508,0.541095890410959,pos,Farm,IT2
ASV_00490,ASV_00512,0.5761589403973509,pos,Farm,IT2
ASV_00490,ASV_00513,0.5616438356164384,pos,Farm,IT2
ASV_00490,ASV_00514,0.6052631578947368,pos,Farm,IT2
ASV_00490,ASV_00518,0.5973154362416108,pos,Farm,IT2
ASV_00490,ASV_00520,0.589041095890411,pos,Farm,IT2
ASV_00490,ASV_00521,0.5629139072847682,pos,Farm,IT2
ASV_00490,ASV_00524,0.5170068027210885,pos,Farm,IT2
ASV_00490,ASV_00529,0.5714285714285714,pos,Farm,IT2
ASV_00490,ASV_00542,0.5761589403973509,pos,Farm,IT2
ASV_00490,ASV_00543,0.5570469798657718,pos,Farm,IT2
ASV_00490,ASV_00544,0.5337837837837838,pos,Farm,IT2
ASV_00490,ASV_00548,0.5277777777777778,pos,Farm,IT2
ASV_00490,ASV_00554,0.5466666666666666,pos,Farm,IT2
ASV_00490,ASV_00561,0.6038961038961039,pos,Farm,IT2
ASV_00490,ASV_00571,0.5466666666666666,pos,Farm,IT2
ASV_00490,ASV_00574,0.56,pos,Farm,IT2
ASV_00490,ASV_00594,0.5793103448275863,pos,Farm,IT2
ASV_00490,ASV_00595,0.5517241379310345,pos,Farm,IT2
ASV_00490,ASV_00613,0.503448275862069,pos,Farm,IT2
ASV_00490,ASV_00615,0.5785714285714286,pos,Farm,IT2
ASV_00490,ASV_00633,0.5608108108108109,pos,Farm,IT2
ASV_00490,ASV_00636,0.5882352941176471,pos,Farm,IT2
ASV_00490,ASV_00651,0.5510204081632653,pos,Farm,IT2
ASV_00490,ASV_00654,0.5205479452054794,pos,Farm,IT2
ASV_00490,ASV_00656,0.5540540540540541,pos,Farm,IT2
ASV_00490,ASV_00662,0.5238095238095238,pos,Farm,IT2
ASV_00490,ASV_00666,0.5986394557823129,pos,Farm,IT2
ASV_00490,ASV_00671,0.5517241379310345,pos,Farm,IT2
ASV_00490,ASV_00673,0.6148648648648649,pos,Farm,IT2
ASV_00490,ASV_00679,0.5637583892617449,pos,Farm,IT2
ASV_00490,ASV_00686,0.5436241610738255,pos,Farm,IT2
ASV_00490,ASV_00726,0.5570469798657718,pos,Farm,IT2
ASV_00490,ASV_00728,0.5103448275862069,pos,Farm,IT2
ASV_00490,ASV_00734,0.5570469798657718,pos,Farm,IT2
ASV_00490,ASV_00757,0.5675675675675675,pos,Farm,IT2
ASV_00490,ASV_00760,0.5733333333333334,pos,Farm,IT2
ASV_00490,ASV_00772,0.5369127516778524,pos,Farm,IT2
ASV_00490,ASV_00789,0.5540540540540541,pos,Farm,IT2
ASV_00490,ASV_00801,0.5563380281690141,pos,Farm,IT2
ASV_00490,ASV_00802,0.5629139072847682,pos,Farm,IT2
ASV_00490,ASV_00807,0.5436241610738255,pos,Farm,IT2
ASV_00490,ASV_00815,0.6158940397350994,pos,Farm,IT2
ASV_00490,ASV_00817,0.5906040268456376,pos,Farm,IT2
ASV_00490,ASV_00829,0.54421768707483,pos,Farm,IT2
ASV_00490,ASV_00842,0.5310344827586206,pos,Farm,IT2
ASV_00490,ASV_00865,0.564625850340136,pos,Farm,IT2
ASV_00490,ASV_00869,0.5838926174496645,pos,Farm,IT2
ASV_00490,ASV_00890,0.593103448275862,pos,Farm,IT2
ASV_00490,ASV_00906,0.5789473684210527,pos,Farm,IT2
ASV_00490,ASV_00912,0.503448275862069,pos,Farm,IT2
ASV_00490,ASV_00931,0.5625,pos,Farm,IT2
ASV_00490,ASV_00935,0.5578231292517006,pos,Farm,IT2
ASV_00490,ASV_00958,0.5510204081632653,pos,Farm,IT2
ASV_00490,ASV_00984,0.5753424657534246,pos,Farm,IT2
ASV_00490,ASV_00989,0.503448275862069,pos,Farm,IT2
ASV_00490,ASV_01023,0.6054421768707483,pos,Farm,IT2
ASV_00490,ASV_01065,0.5310344827586206,pos,Farm,IT2
ASV_00490,ASV_01071,0.527027027027027,pos,Farm,IT2
ASV_00490,ASV_01092,0.5973154362416108,pos,Farm,IT2
ASV_00490,ASV_01119,0.5866666666666667,pos,Farm,IT2
ASV_00490,ASV_01124,0.5369127516778524,pos,Farm,IT2
ASV_00490,ASV_01179,0.5273972602739726,pos,Farm,IT2
ASV_00490,ASV_01253,0.5472972972972973,pos,Farm,IT2
ASV_00490,ASV_01288,0.5675675675675675,pos,Farm,IT2
ASV_00490,ASV_01328,0.5586206896551724,pos,Farm,IT2
ASV_00490,ASV_01342,0.6,pos,Farm,IT2
ASV_00490,ASV_01368,0.5472972972972973,pos,Farm,IT2
ASV_00490,ASV_01385,0.5337837837837838,pos,Farm,IT2
ASV_00490,ASV_01459,0.5374149659863946,pos,Farm,IT2
ASV_00490,ASV_01508,0.5562913907284768,pos,Farm,IT2
ASV_00490,ASV_01541,0.593103448275862,pos,Farm,IT2
ASV_00490,ASV_01578,0.5436241610738255,pos,Farm,IT2
ASV_00490,ASV_01941,0.5675675675675675,pos,Farm,IT2
ASV_00490,ASV_02020,0.5547945205479452,pos,Farm,IT2
ASV_00490,ASV_02332,0.6027397260273972,pos,Farm,IT2
ASV_00493,ASV_00495,0.528169014084507,pos,Farm,IT2
ASV_00493,ASV_00498,0.5177304964539007,pos,Farm,IT2
ASV_00493,ASV_00503,0.5238095238095238,pos,Farm,IT2
ASV_00493,ASV_00508,0.5136986301369864,pos,Farm,IT2
ASV_00493,ASV_00513,0.5342465753424658,pos,Farm,IT2
ASV_00493,ASV_00528,0.5241379310344828,pos,Farm,IT2
ASV_00493,ASV_00555,0.5724137931034483,pos,Farm,IT2
ASV_00493,ASV_00556,0.547945205479452,pos,Farm,IT2
ASV_00493,ASV_00559,0.5379310344827586,pos,Farm,IT2
ASV_00493,ASV_00563,0.5616438356164384,pos,Farm,IT2
ASV_00493,ASV_00566,0.5342465753424658,pos,Farm,IT2
ASV_00493,ASV_00569,0.5277777777777778,pos,Farm,IT2
ASV_00493,ASV_00571,0.5405405405405406,pos,Farm,IT2
ASV_00493,ASV_00572,0.5695364238410596,pos,Farm,IT2
ASV_00493,ASV_00594,0.541095890410959,pos,Farm,IT2
ASV_00493,ASV_00595,0.5241379310344828,pos,Farm,IT2
ASV_00493,ASV_00620,0.5578231292517006,pos,Farm,IT2
ASV_00493,ASV_00622,0.539568345323741,pos,Farm,IT2
ASV_00493,ASV_00630,0.5104895104895105,pos,Farm,IT2
ASV_00493,ASV_00638,0.5578231292517006,pos,Farm,IT2
ASV_00493,ASV_00671,0.5347222222222222,pos,Farm,IT2
ASV_00493,ASV_00718,0.5069444444444444,pos,Farm,IT2
ASV_00493,ASV_00757,0.5510204081632653,pos,Farm,IT2
ASV_00493,ASV_00758,0.5337837837837838,pos,Farm,IT2
ASV_00493,ASV_00760,0.5466666666666666,pos,Farm,IT2
ASV_00493,ASV_00769,0.5238095238095238,pos,Farm,IT2
ASV_00493,ASV_00772,0.541095890410959,pos,Farm,IT2
ASV_00493,ASV_00808,0.5136986301369864,pos,Farm,IT2
ASV_00493,ASV_00815,0.5894039735099338,pos,Farm,IT2
ASV_00493,ASV_00865,0.547945205479452,pos,Farm,IT2
ASV_00493,ASV_00912,0.4965034965034965,pos,Farm,IT2
ASV_00493,ASV_00931,0.5136986301369864,pos,Farm,IT2
ASV_00493,ASV_01018,0.5347222222222222,pos,Farm,IT2
ASV_00493,ASV_01065,0.5352112676056338,pos,Farm,IT2
ASV_00493,ASV_01071,0.5857142857142857,pos,Farm,IT2
ASV_00493,ASV_01092,0.581081081081081,pos,Farm,IT2
ASV_00493,ASV_01119,0.6027397260273972,pos,Farm,IT2
ASV_00493,ASV_01179,0.5314685314685315,pos,Farm,IT2
ASV_00493,ASV_01288,0.5405405405405406,pos,Farm,IT2
ASV_00493,ASV_01491,0.5238095238095238,pos,Farm,IT2
ASV_00493,ASV_01941,0.5405405405405406,pos,Farm,IT2
ASV_00494,ASV_00501,0.5103448275862069,pos,Farm,IT2
ASV_00494,ASV_00503,0.5069444444444444,pos,Farm,IT2
ASV_00494,ASV_00507,0.5138888888888888,pos,Farm,IT2
ASV_00494,ASV_00508,0.5620437956204379,pos,Farm,IT2
ASV_00494,ASV_00518,0.54421768707483,pos,Farm,IT2
ASV_00494,ASV_00536,0.5374149659863946,pos,Farm,IT2
ASV_00494,ASV_00543,0.5136986301369864,pos,Farm,IT2
ASV_00494,ASV_00548,0.4928571428571429,pos,Farm,IT2
ASV_00494,ASV_00554,0.5241379310344828,pos,Farm,IT2
ASV_00494,ASV_00555,0.5347222222222222,pos,Farm,IT2
ASV_00494,ASV_00559,0.5319148936170213,pos,Farm,IT2
ASV_00494,ASV_00568,0.5379310344827586,pos,Farm,IT2
ASV_00494,ASV_00569,0.5,pos,Farm,IT2
ASV_00494,ASV_00571,0.5241379310344828,pos,Farm,IT2
ASV_00494,ASV_00594,0.5138888888888888,pos,Farm,IT2
ASV_00494,ASV_00611,0.5241379310344828,pos,Farm,IT2
ASV_00494,ASV_00613,0.4892086330935252,pos,Farm,IT2
ASV_00494,ASV_00622,0.5109489051094891,pos,Farm,IT2
ASV_00494,ASV_00628,0.524822695035461,pos,Farm,IT2
ASV_00494,ASV_00635,0.5517241379310345,pos,Farm,IT2
ASV_00494,ASV_00636,0.5466666666666666,pos,Farm,IT2
ASV_00494,ASV_00641,0.5306122448979592,pos,Farm,IT2
ASV_00494,ASV_00651,0.5174825174825175,pos,Farm,IT2
ASV_00494,ASV_00654,0.5071428571428571,pos,Farm,IT2
ASV_00494,ASV_00665,0.48936170212765956,pos,Farm,IT2
ASV_00494,ASV_00666,0.5342465753424658,pos,Farm,IT2
ASV_00494,ASV_00668,0.4965034965034965,pos,Farm,IT2
ASV_00494,ASV_00671,0.4965034965034965,pos,Farm,IT2
ASV_00494,ASV_00676,0.5586206896551724,pos,Farm,IT2
ASV_00494,ASV_00726,0.5136986301369864,pos,Farm,IT2
ASV_00494,ASV_00732,0.5140845070422535,pos,Farm,IT2
ASV_00494,ASV_00734,0.5136986301369864,pos,Farm,IT2
ASV_00494,ASV_00769,0.5174825174825175,pos,Farm,IT2
ASV_00494,ASV_00772,0.5244755244755245,pos,Farm,IT2
ASV_00494,ASV_00781,0.528169014084507,pos,Farm,IT2
ASV_00494,ASV_00789,0.5103448275862069,pos,Farm,IT2
ASV_00494,ASV_00793,0.5177304964539007,pos,Farm,IT2
ASV_00494,ASV_00807,0.5208333333333334,pos,Farm,IT2
ASV_00494,ASV_00808,0.4965034965034965,pos,Farm,IT2
ASV_00494,ASV_00817,0.5694444444444444,pos,Farm,IT2
ASV_00494,ASV_00842,0.5071428571428571,pos,Farm,IT2
ASV_00494,ASV_00843,0.5205479452054794,pos,Farm,IT2
ASV_00494,ASV_00865,0.5208333333333334,pos,Farm,IT2
ASV_00494,ASV_00875,0.54421768707483,pos,Farm,IT2
ASV_00494,ASV_00935,0.5244755244755245,pos,Farm,IT2
ASV_00494,ASV_00959,0.5460992907801419,pos,Farm,IT2
ASV_00494,ASV_01023,0.5734265734265734,pos,Farm,IT2
ASV_00494,ASV_01092,0.5337837837837838,pos,Farm,IT2
ASV_00494,ASV_01249,0.539568345323741,pos,Farm,IT2
ASV_00494,ASV_01267,0.5,pos,Farm,IT2
ASV_00494,ASV_01276,0.4859154929577465,pos,Farm,IT2
ASV_00494,ASV_01288,0.5136986301369864,pos,Farm,IT2
ASV_00494,ASV_01491,0.5390070921985816,pos,Farm,IT2
ASV_00494,ASV_01541,0.5384615384615384,pos,Farm,IT2
ASV_00494,ASV_01578,0.5422535211267606,pos,Farm,IT2
ASV_00494,ASV_02149,0.5142857142857142,pos,Farm,IT2
ASV_00494,ASV_02332,0.5273972602739726,pos,Farm,IT2
ASV_00495,ASV_00498,0.4740740740740741,pos,Farm,IT2
ASV_00495,ASV_00508,0.48201438848920863,pos,Farm,IT2
ASV_00495,ASV_00513,0.48226950354609927,pos,Farm,IT2
ASV_00495,ASV_00528,0.4927536231884058,pos,Farm,IT2
ASV_00495,ASV_00529,0.47794117647058826,pos,Farm,IT2
ASV_00495,ASV_00533,0.49640287769784175,pos,Farm,IT2
ASV_00495,ASV_00542,0.5314685314685315,pos,Farm,IT2
ASV_00495,ASV_00543,0.5,pos,Farm,IT2
ASV_00495,ASV_00548,0.4888888888888889,pos,Farm,IT2
ASV_00495,ASV_00554,0.5323741007194245,pos,Farm,IT2
ASV_00495,ASV_00568,0.5357142857142857,pos,Farm,IT2
ASV_00495,ASV_00570,0.49264705882352944,pos,Farm,IT2
ASV_00495,ASV_00581,0.4740740740740741,pos,Farm,IT2
ASV_00495,ASV_00594,0.5,pos,Farm,IT2
ASV_00495,ASV_00615,0.4962962962962963,pos,Farm,IT2
ASV_00495,ASV_00622,0.5190839694656488,pos,Farm,IT2
ASV_00495,ASV_00630,0.46715328467153283,pos,Farm,IT2
ASV_00495,ASV_00638,0.5507246376811594,pos,Farm,IT2
ASV_00495,ASV_00651,0.48226950354609927,pos,Farm,IT2
ASV_00495,ASV_00656,0.49645390070921985,pos,Farm,IT2
ASV_00495,ASV_00662,0.4748201438848921,pos,Farm,IT2
ASV_00495,ASV_00666,0.5104895104895105,pos,Farm,IT2
ASV_00495,ASV_00668,0.4927536231884058,pos,Farm,IT2
ASV_00495,ASV_00671,0.4927536231884058,pos,Farm,IT2
ASV_00495,ASV_00697,0.47101449275362317,pos,Farm,IT2
ASV_00495,ASV_00728,0.45985401459854014,pos,Farm,IT2
ASV_00495,ASV_00758,0.49295774647887325,pos,Farm,IT2
ASV_00495,ASV_00760,0.572463768115942,pos,Farm,IT2
ASV_00495,ASV_00772,0.48936170212765956,pos,Farm,IT2
ASV_00495,ASV_00789,0.5071428571428571,pos,Farm,IT2
ASV_00495,ASV_00793,0.48201438848920863,pos,Farm,IT2
ASV_00495,ASV_00801,0.4962962962962963,pos,Farm,IT2
ASV_00495,ASV_00806,0.5539568345323741,pos,Farm,IT2
ASV_00495,ASV_00808,0.5147058823529411,pos,Farm,IT2
ASV_00495,ASV_00811,0.5070422535211268,pos,Farm,IT2
ASV_00495,ASV_00817,0.5352112676056338,pos,Farm,IT2
ASV_00495,ASV_00821,0.5035460992907801,pos,Farm,IT2
ASV_00495,ASV_00829,0.49640287769784175,pos,Farm,IT2
ASV_00495,ASV_00869,0.5390070921985816,pos,Farm,IT2
ASV_00495,ASV_00890,0.5251798561151079,pos,Farm,IT2
ASV_00495,ASV_00912,0.4740740740740741,pos,Farm,IT2
ASV_00495,ASV_00952,0.49635036496350365,pos,Farm,IT2
ASV_00495,ASV_00987,0.48201438848920863,pos,Farm,IT2
ASV_00495,ASV_00989,0.4632352941176471,pos,Farm,IT2
ASV_00495,ASV_01023,0.5174825174825175,pos,Farm,IT2
ASV_00495,ASV_01048,0.49640287769784175,pos,Farm,IT2
ASV_00495,ASV_01065,0.5263157894736842,pos,Farm,IT2
ASV_00495,ASV_01092,0.5208333333333334,pos,Farm,IT2
ASV_00495,ASV_01119,0.5103448275862069,pos,Farm,IT2
ASV_00495,ASV_01124,0.5,pos,Farm,IT2
ASV_00495,ASV_01152,0.4857142857142857,pos,Farm,IT2
ASV_00495,ASV_01179,0.48905109489051096,pos,Farm,IT2
ASV_00495,ASV_01204,0.528169014084507,pos,Farm,IT2
ASV_00495,ASV_01253,0.5107913669064749,pos,Farm,IT2
ASV_00495,ASV_01276,0.5037037037037037,pos,Farm,IT2
ASV_00495,ASV_01288,0.48951048951048953,pos,Farm,IT2
ASV_00495,ASV_01342,0.5241379310344828,pos,Farm,IT2
ASV_00495,ASV_01368,0.5217391304347826,pos,Farm,IT2
ASV_00495,ASV_01458,0.45985401459854014,pos,Farm,IT2
ASV_00495,ASV_01941,0.48951048951048953,pos,Farm,IT2
ASV_00495,ASV_02332,0.524822695035461,pos,Farm,IT2
ASV_00496,ASV_00498,0.49640287769784175,pos,Farm,IT2
ASV_00496,ASV_00503,0.5138888888888888,pos,Farm,IT2
ASV_00496,ASV_00514,0.56,pos,Farm,IT2
ASV_00496,ASV_00518,0.5510204081632653,pos,Farm,IT2
ASV_00496,ASV_00528,0.5034965034965035,pos,Farm,IT2
ASV_00496,ASV_00534,0.5436241610738255,pos,Farm,IT2
ASV_00496,ASV_00536,0.5655172413793104,pos,Farm,IT2
ASV_00496,ASV_00542,0.5616438356164384,pos,Farm,IT2
ASV_00496,ASV_00554,0.5633802816901409,pos,Farm,IT2
ASV_00496,ASV_00568,0.5342465753424658,pos,Farm,IT2
ASV_00496,ASV_00576,0.5069444444444444,pos,Farm,IT2
ASV_00496,ASV_00612,0.5379310344827586,pos,Farm,IT2
ASV_00496,ASV_00618,0.5138888888888888,pos,Farm,IT2
ASV_00496,ASV_00620,0.5379310344827586,pos,Farm,IT2
ASV_00496,ASV_00628,0.5211267605633803,pos,Farm,IT2
ASV_00496,ASV_00645,0.4859154929577465,pos,Farm,IT2
ASV_00496,ASV_00651,0.5244755244755245,pos,Farm,IT2
ASV_00496,ASV_00662,0.5070422535211268,pos,Farm,IT2
ASV_00496,ASV_00718,0.49645390070921985,pos,Farm,IT2
ASV_00496,ASV_00757,0.5310344827586206,pos,Farm,IT2
ASV_00496,ASV_00760,0.5694444444444444,pos,Farm,IT2
ASV_00496,ASV_00789,0.5172413793103449,pos,Farm,IT2
ASV_00496,ASV_00806,0.5517241379310345,pos,Farm,IT2
ASV_00496,ASV_00807,0.5172413793103449,pos,Farm,IT2
ASV_00496,ASV_00809,0.5637583892617449,pos,Farm,IT2
ASV_00496,ASV_00869,0.5586206896551724,pos,Farm,IT2
ASV_00496,ASV_00890,0.5241379310344828,pos,Farm,IT2
ASV_00496,ASV_00912,0.4857142857142857,pos,Farm,IT2
ASV_00496,ASV_00924,0.4785714285714286,pos,Farm,IT2
ASV_00496,ASV_00958,0.5352112676056338,pos,Farm,IT2
ASV_00496,ASV_01023,0.5374149659863946,pos,Farm,IT2
ASV_00496,ASV_01101,0.5310344827586206,pos,Farm,IT2
ASV_00496,ASV_01124,0.5422535211267606,pos,Farm,IT2
ASV_00496,ASV_01253,0.5314685314685315,pos,Farm,IT2
ASV_00496,ASV_01267,0.5174825174825175,pos,Farm,IT2
ASV_00496,ASV_01276,0.49295774647887325,pos,Farm,IT2
ASV_00496,ASV_01458,0.5035971223021583,pos,Farm,IT2
ASV_00496,ASV_01941,0.5310344827586206,pos,Farm,IT2
ASV_00496,ASV_02332,0.5238095238095238,pos,Farm,IT2
ASV_00498,ASV_00513,0.4927536231884058,pos,Farm,IT2
ASV_00498,ASV_00524,0.46715328467153283,pos,Farm,IT2
ASV_00498,ASV_00528,0.5263157894736842,pos,Farm,IT2
ASV_00498,ASV_00533,0.49635036496350365,pos,Farm,IT2
ASV_00498,ASV_00534,0.503448275862069,pos,Farm,IT2
ASV_00498,ASV_00541,0.4927536231884058,pos,Farm,IT2
ASV_00498,ASV_00542,0.5211267605633803,pos,Farm,IT2
ASV_00498,ASV_00548,0.45588235294117646,pos,Farm,IT2
ASV_00498,ASV_00550,0.5362318840579711,pos,Farm,IT2
ASV_00498,ASV_00555,0.5441176470588235,pos,Farm,IT2
ASV_00498,ASV_00559,0.49635036496350365,pos,Farm,IT2
ASV_00498,ASV_00569,0.463768115942029,pos,Farm,IT2
ASV_00498,ASV_00571,0.5,pos,Farm,IT2
ASV_00498,ASV_00581,0.47368421052631576,pos,Farm,IT2
ASV_00498,ASV_00592,0.4892086330935252,pos,Farm,IT2
ASV_00498,ASV_00594,0.4892086330935252,pos,Farm,IT2
ASV_00498,ASV_00595,0.47101449275362317,pos,Farm,IT2
ASV_00498,ASV_00596,0.45185185185185184,pos,Farm,IT2
ASV_00498,ASV_00615,0.5075757575757576,pos,Farm,IT2
ASV_00498,ASV_00620,0.5179856115107914,pos,Farm,IT2
ASV_00498,ASV_00628,0.5111111111111111,pos,Farm,IT2
ASV_00498,ASV_00633,0.5035971223021583,pos,Farm,IT2
ASV_00498,ASV_00635,0.4965034965034965,pos,Farm,IT2
ASV_00498,ASV_00636,0.5241379310344828,pos,Farm,IT2
ASV_00498,ASV_00651,0.5373134328358209,pos,Farm,IT2
ASV_00498,ASV_00666,0.5106382978723404,pos,Farm,IT2
ASV_00498,ASV_00671,0.49264705882352944,pos,Farm,IT2
ASV_00498,ASV_00673,0.496551724137931,pos,Farm,IT2
ASV_00498,ASV_00679,0.49645390070921985,pos,Farm,IT2
ASV_00498,ASV_00687,0.4714285714285714,pos,Farm,IT2
ASV_00498,ASV_00709,0.4927536231884058,pos,Farm,IT2
ASV_00498,ASV_00718,0.48507462686567165,pos,Farm,IT2
ASV_00498,ASV_00732,0.4676258992805755,pos,Farm,IT2
ASV_00498,ASV_00760,0.5507246376811594,pos,Farm,IT2
ASV_00498,ASV_00769,0.5259259259259259,pos,Farm,IT2
ASV_00498,ASV_00772,0.4892086330935252,pos,Farm,IT2
ASV_00498,ASV_00778,0.4696969696969697,pos,Farm,IT2
ASV_00498,ASV_00798,0.5035460992907801,pos,Farm,IT2
ASV_00498,ASV_00808,0.49264705882352944,pos,Farm,IT2
ASV_00498,ASV_00809,0.5241379310344828,pos,Farm,IT2
ASV_00498,ASV_00811,0.5179856115107914,pos,Farm,IT2
ASV_00498,ASV_00848,0.49645390070921985,pos,Farm,IT2
ASV_00498,ASV_00869,0.5177304964539007,pos,Farm,IT2
ASV_00498,ASV_00875,0.5104895104895105,pos,Farm,IT2
ASV_00498,ASV_00880,0.463768115942029,pos,Farm,IT2
ASV_00498,ASV_00929,0.49295774647887325,pos,Farm,IT2
ASV_00498,ASV_00931,0.47101449275362317,pos,Farm,IT2
ASV_00498,ASV_00952,0.463768115942029,pos,Farm,IT2
ASV_00498,ASV_00958,0.4927536231884058,pos,Farm,IT2
ASV_00498,ASV_00984,0.49640287769784175,pos,Farm,IT2
ASV_00498,ASV_01023,0.5070422535211268,pos,Farm,IT2
ASV_00498,ASV_01092,0.5,pos,Farm,IT2
ASV_00498,ASV_01101,0.5441176470588235,pos,Farm,IT2
ASV_00498,ASV_01119,0.5104895104895105,pos,Farm,IT2
ASV_00498,ASV_01152,0.4855072463768116,pos,Farm,IT2
ASV_00498,ASV_01153,0.463768115942029,pos,Farm,IT2
ASV_00498,ASV_01179,0.4888888888888889,pos,Farm,IT2
ASV_00498,ASV_01249,0.48175182481751827,pos,Farm,IT2
ASV_00498,ASV_01253,0.4892086330935252,pos,Farm,IT2
ASV_00498,ASV_01276,0.47058823529411764,pos,Farm,IT2
ASV_00498,ASV_01288,0.5217391304347826,pos,Farm,IT2
ASV_00498,ASV_01458,0.48120300751879697,pos,Farm,IT2
ASV_00498,ASV_01491,0.48201438848920863,pos,Farm,IT2
ASV_00498,ASV_01512,0.5,pos,Farm,IT2
ASV_00498,ASV_01541,0.48226950354609927,pos,Farm,IT2
ASV_00498,ASV_01941,0.48936170212765956,pos,Farm,IT2
ASV_00498,ASV_02020,0.4855072463768116,pos,Farm,IT2
ASV_00501,ASV_00504,0.5472972972972973,pos,Farm,IT2
ASV_00501,ASV_00513,0.5244755244755245,pos,Farm,IT2
ASV_00501,ASV_00520,0.5205479452054794,pos,Farm,IT2
ASV_00501,ASV_00533,0.528169014084507,pos,Farm,IT2
ASV_00501,ASV_00534,0.5436241610738255,pos,Farm,IT2
ASV_00501,ASV_00536,0.5547945205479452,pos,Farm,IT2
ASV_00501,ASV_00543,0.5205479452054794,pos,Farm,IT2
ASV_00501,ASV_00548,0.48936170212765956,pos,Farm,IT2
ASV_00501,ASV_00551,0.5136986301369864,pos,Farm,IT2
ASV_00501,ASV_00555,0.5205479452054794,pos,Farm,IT2
ASV_00501,ASV_00559,0.5611510791366906,pos,Farm,IT2
ASV_00501,ASV_00566,0.5244755244755245,pos,Farm,IT2
ASV_00501,ASV_00570,0.5251798561151079,pos,Farm,IT2
ASV_00501,ASV_00571,0.5205479452054794,pos,Farm,IT2
ASV_00501,ASV_00587,0.5467625899280576,pos,Farm,IT2
ASV_00501,ASV_00594,0.5208333333333334,pos,Farm,IT2
ASV_00501,ASV_00596,0.49640287769784175,pos,Farm,IT2
ASV_00501,ASV_00611,0.5310344827586206,pos,Farm,IT2
ASV_00501,ASV_00633,0.5241379310344828,pos,Farm,IT2
ASV_00501,ASV_00638,0.5815602836879432,pos,Farm,IT2
ASV_00501,ASV_00641,0.547945205479452,pos,Farm,IT2
ASV_00501,ASV_00651,0.5244755244755245,pos,Farm,IT2
ASV_00501,ASV_00656,0.5172413793103449,pos,Farm,IT2
ASV_00501,ASV_00671,0.5140845070422535,pos,Farm,IT2
ASV_00501,ASV_00679,0.5273972602739726,pos,Farm,IT2
ASV_00501,ASV_00724,0.524822695035461,pos,Farm,IT2
ASV_00501,ASV_00726,0.5205479452054794,pos,Farm,IT2
ASV_00501,ASV_00772,0.5642857142857143,pos,Farm,IT2
ASV_00501,ASV_00789,0.5277777777777778,pos,Farm,IT2
ASV_00501,ASV_00801,0.5179856115107914,pos,Farm,IT2
ASV_00501,ASV_00807,0.5492957746478874,pos,Farm,IT2
ASV_00501,ASV_00808,0.524822695035461,pos,Farm,IT2
ASV_00501,ASV_00809,0.5637583892617449,pos,Farm,IT2
ASV_00501,ASV_00821,0.5136986301369864,pos,Farm,IT2
ASV_00501,ASV_00829,0.5174825174825175,pos,Farm,IT2
ASV_00501,ASV_00842,0.5035460992907801,pos,Farm,IT2
ASV_00501,ASV_00865,0.5384615384615384,pos,Farm,IT2
ASV_00501,ASV_00873,0.49645390070921985,pos,Farm,IT2
ASV_00501,ASV_00890,0.5136986301369864,pos,Farm,IT2
ASV_00501,ASV_00912,0.49640287769784175,pos,Farm,IT2
ASV_00501,ASV_00929,0.5238095238095238,pos,Farm,IT2
ASV_00501,ASV_00935,0.5103448275862069,pos,Farm,IT2
ASV_00501,ASV_00989,0.5294117647058824,pos,Farm,IT2
ASV_00501,ASV_01090,0.5517241379310345,pos,Farm,IT2
ASV_00501,ASV_01092,0.5405405405405406,pos,Farm,IT2
ASV_00501,ASV_01124,0.5422535211267606,pos,Farm,IT2
ASV_00501,ASV_01458,0.4928571428571429,pos,Farm,IT2
ASV_00501,ASV_01503,0.5454545454545454,pos,Farm,IT2
ASV_00501,ASV_01578,0.5172413793103449,pos,Farm,IT2
ASV_00501,ASV_01840,0.5244755244755245,pos,Farm,IT2
ASV_00501,ASV_01941,0.5310344827586206,pos,Farm,IT2
ASV_00501,ASV_02020,0.5174825174825175,pos,Farm,IT2
ASV_00503,ASV_00508,0.5214285714285715,pos,Farm,IT2
ASV_00503,ASV_00511,0.4785714285714286,pos,Farm,IT2
ASV_00503,ASV_00518,0.5586206896551724,pos,Farm,IT2
ASV_00503,ASV_00554,0.5277777777777778,pos,Farm,IT2
ASV_00503,ASV_00556,0.5138888888888888,pos,Farm,IT2
ASV_00503,ASV_00566,0.5,pos,Farm,IT2
ASV_00503,ASV_00622,0.48201438848920863,pos,Farm,IT2
ASV_00503,ASV_00636,0.54,pos,Farm,IT2
ASV_00503,ASV_00638,0.5241379310344828,pos,Farm,IT2
ASV_00503,ASV_00641,0.5238095238095238,pos,Farm,IT2
ASV_00503,ASV_00645,0.48226950354609927,pos,Farm,IT2
ASV_00503,ASV_00673,0.5985915492957746,pos,Farm,IT2
ASV_00503,ASV_00687,0.5211267605633803,pos,Farm,IT2
ASV_00503,ASV_00709,0.5,pos,Farm,IT2
ASV_00503,ASV_00714,0.4857142857142857,pos,Farm,IT2
ASV_00503,ASV_00718,0.48226950354609927,pos,Farm,IT2
ASV_00503,ASV_00724,0.5106382978723404,pos,Farm,IT2
ASV_00503,ASV_00755,0.5586206896551724,pos,Farm,IT2
ASV_00503,ASV_00769,0.5319148936170213,pos,Farm,IT2
ASV_00503,ASV_00772,0.5174825174825175,pos,Farm,IT2
ASV_00503,ASV_00778,0.48905109489051096,pos,Farm,IT2
ASV_00503,ASV_00781,0.5211267605633803,pos,Farm,IT2
ASV_00503,ASV_00798,0.5205479452054794,pos,Farm,IT2
ASV_00503,ASV_00807,0.5460992907801419,pos,Farm,IT2
ASV_00503,ASV_00815,0.5466666666666666,pos,Farm,IT2
ASV_00503,ASV_00821,0.5103448275862069,pos,Farm,IT2
ASV_00503,ASV_00829,0.524822695035461,pos,Farm,IT2
ASV_00503,ASV_00873,0.5035971223021583,pos,Farm,IT2
ASV_00503,ASV_00912,0.5036496350364964,pos,Farm,IT2
ASV_00503,ASV_00931,0.5,pos,Farm,IT2
ASV_00503,ASV_00959,0.5174825174825175,pos,Farm,IT2
ASV_00503,ASV_00989,0.4714285714285714,pos,Farm,IT2
ASV_00503,ASV_01023,0.5238095238095238,pos,Farm,IT2
ASV_00503,ASV_01092,0.5586206896551724,pos,Farm,IT2
ASV_00503,ASV_01101,0.5277777777777778,pos,Farm,IT2
ASV_00503,ASV_01204,0.5342465753424658,pos,Farm,IT2
ASV_00503,ASV_01223,0.47101449275362317,pos,Farm,IT2
ASV_00503,ASV_01288,0.5602836879432624,pos,Farm,IT2
ASV_00503,ASV_01385,0.5034965034965035,pos,Farm,IT2
ASV_00503,ASV_01426,0.48936170212765956,pos,Farm,IT2
ASV_00503,ASV_01458,0.5,pos,Farm,IT2
ASV_00503,ASV_01491,0.5211267605633803,pos,Farm,IT2
ASV_00503,ASV_01578,0.5138888888888888,pos,Farm,IT2
ASV_00503,ASV_02332,0.5416666666666666,pos,Farm,IT2
ASV_00504,ASV_00512,0.5906040268456376,pos,Farm,IT2
ASV_00504,ASV_00529,0.5314685314685315,pos,Farm,IT2
ASV_00504,ASV_00533,0.527027027027027,pos,Farm,IT2
ASV_00504,ASV_00563,0.5503355704697986,pos,Farm,IT2
ASV_00504,ASV_00566,0.54421768707483,pos,Farm,IT2
ASV_00504,ASV_00570,0.5454545454545454,pos,Farm,IT2
ASV_00504,ASV_00571,0.5503355704697986,pos,Farm,IT2
ASV_00504,ASV_00581,0.5390070921985816,pos,Farm,IT2
ASV_00504,ASV_00595,0.5555555555555556,pos,Farm,IT2
ASV_00504,ASV_00612,0.5466666666666666,pos,Farm,IT2
ASV_00504,ASV_00615,0.5602836879432624,pos,Farm,IT2
ASV_00504,ASV_00620,0.5782312925170068,pos,Farm,IT2
ASV_00504,ASV_00622,0.528169014084507,pos,Farm,IT2
ASV_00504,ASV_00633,0.5753424657534246,pos,Farm,IT2
ASV_00504,ASV_00636,0.5921052631578947,pos,Farm,IT2
ASV_00504,ASV_00638,0.5466666666666666,pos,Farm,IT2
ASV_00504,ASV_00651,0.5547945205479452,pos,Farm,IT2
ASV_00504,ASV_00666,0.581081081081081,pos,Farm,IT2
ASV_00504,ASV_00679,0.5466666666666666,pos,Farm,IT2
ASV_00504,ASV_00697,0.5241379310344828,pos,Farm,IT2
ASV_00504,ASV_00721,0.5103448275862069,pos,Farm,IT2
ASV_00504,ASV_00724,0.5342465753424658,pos,Farm,IT2
ASV_00504,ASV_00758,0.5436241610738255,pos,Farm,IT2
ASV_00504,ASV_00760,0.5666666666666667,pos,Farm,IT2
ASV_00504,ASV_00772,0.5616438356164384,pos,Farm,IT2
ASV_00504,ASV_00809,0.5921052631578947,pos,Farm,IT2
ASV_00504,ASV_00909,0.5448275862068965,pos,Farm,IT2
ASV_00504,ASV_00929,0.5637583892617449,pos,Farm,IT2
ASV_00504,ASV_01048,0.527027027027027,pos,Farm,IT2
ASV_00504,ASV_01152,0.527027027027027,pos,Farm,IT2
ASV_00504,ASV_01250,0.5629139072847682,pos,Farm,IT2
ASV_00504,ASV_01253,0.5405405405405406,pos,Farm,IT2
ASV_00504,ASV_01459,0.5306122448979592,pos,Farm,IT2
ASV_00504,ASV_01941,0.5608108108108109,pos,Farm,IT2
ASV_00506,ASV_00508,0.5294117647058824,pos,Farm,IT2
ASV_00506,ASV_00518,0.5454545454545454,pos,Farm,IT2
ASV_00506,ASV_00521,0.5103448275862069,pos,Farm,IT2
ASV_00506,ASV_00533,0.48936170212765956,pos,Farm,IT2
ASV_00506,ASV_00534,0.5379310344827586,pos,Farm,IT2
ASV_00506,ASV_00541,0.5071428571428571,pos,Farm,IT2
ASV_00506,ASV_00542,0.5136986301369864,pos,Farm,IT2
ASV_00506,ASV_00548,0.47101449275362317,pos,Farm,IT2
ASV_00506,ASV_00550,0.55,pos,Farm,IT2
ASV_00506,ASV_00554,0.5034965034965035,pos,Farm,IT2
ASV_00506,ASV_00555,0.5140845070422535,pos,Farm,IT2
ASV_00506,ASV_00561,0.5436241610738255,pos,Farm,IT2
ASV_00506,ASV_00566,0.5071428571428571,pos,Farm,IT2
ASV_00506,ASV_00568,0.5069444444444444,pos,Farm,IT2
ASV_00506,ASV_00569,0.5109489051094891,pos,Farm,IT2
ASV_00506,ASV_00581,0.46715328467153283,pos,Farm,IT2
ASV_00506,ASV_00592,0.5362318840579711,pos,Farm,IT2
ASV_00506,ASV_00595,0.49640287769784175,pos,Farm,IT2
ASV_00506,ASV_00620,0.5428571428571428,pos,Farm,IT2
ASV_00506,ASV_00628,0.48226950354609927,pos,Farm,IT2
ASV_00506,ASV_00633,0.5070422535211268,pos,Farm,IT2
ASV_00506,ASV_00636,0.527027027027027,pos,Farm,IT2
ASV_00506,ASV_00651,0.4859154929577465,pos,Farm,IT2
ASV_00506,ASV_00656,0.5434782608695652,pos,Farm,IT2
ASV_00506,ASV_00662,0.4892086330935252,pos,Farm,IT2
ASV_00506,ASV_00665,0.4782608695652174,pos,Farm,IT2
ASV_00506,ASV_00671,0.5072463768115942,pos,Farm,IT2
ASV_00506,ASV_00673,0.5205479452054794,pos,Farm,IT2
ASV_00506,ASV_00679,0.5,pos,Farm,IT2
ASV_00506,ASV_00709,0.4859154929577465,pos,Farm,IT2
ASV_00506,ASV_00718,0.4676258992805755,pos,Farm,IT2
ASV_00506,ASV_00724,0.5072463768115942,pos,Farm,IT2
ASV_00506,ASV_00769,0.4859154929577465,pos,Farm,IT2
ASV_00506,ASV_00781,0.5514705882352942,pos,Farm,IT2
ASV_00506,ASV_00793,0.49640287769784175,pos,Farm,IT2
ASV_00506,ASV_00801,0.4782608695652174,pos,Farm,IT2
ASV_00506,ASV_00806,0.5244755244755245,pos,Farm,IT2
ASV_00506,ASV_00807,0.5547445255474452,pos,Farm,IT2
ASV_00506,ASV_00809,0.5374149659863946,pos,Farm,IT2
ASV_00506,ASV_00815,0.5337837837837838,pos,Farm,IT2
ASV_00506,ASV_00842,0.4855072463768116,pos,Farm,IT2
ASV_00506,ASV_00848,0.5104895104895105,pos,Farm,IT2
ASV_00506,ASV_00880,0.4785714285714286,pos,Farm,IT2
ASV_00506,ASV_00890,0.5507246376811594,pos,Farm,IT2
ASV_00506,ASV_00931,0.4857142857142857,pos,Farm,IT2
ASV_00506,ASV_00935,0.5251798561151079,pos,Farm,IT2
ASV_00506,ASV_00959,0.49295774647887325,pos,Farm,IT2
ASV_00506,ASV_00984,0.5106382978723404,pos,Farm,IT2
ASV_00506,ASV_01124,0.49295774647887325,pos,Farm,IT2
ASV_00506,ASV_01153,0.4892086330935252,pos,Farm,IT2
ASV_00506,ASV_01253,0.5035460992907801,pos,Farm,IT2
ASV_00506,ASV_01288,0.524822695035461,pos,Farm,IT2
ASV_00506,ASV_01342,0.5170068027210885,pos,Farm,IT2
ASV_00506,ASV_01508,0.503448275862069,pos,Farm,IT2
ASV_00507,ASV_00508,0.539568345323741,pos,Farm,IT2
ASV_00507,ASV_00518,0.5655172413793104,pos,Farm,IT2
ASV_00507,ASV_00528,0.5070422535211268,pos,Farm,IT2
ASV_00507,ASV_00533,0.5539568345323741,pos,Farm,IT2
ASV_00507,ASV_00555,0.5136986301369864,pos,Farm,IT2
ASV_00507,ASV_00556,0.5208333333333334,pos,Farm,IT2
ASV_00507,ASV_00561,0.5526315789473685,pos,Farm,IT2
ASV_00507,ASV_00568,0.5379310344827586,pos,Farm,IT2
ASV_00507,ASV_00570,0.5289855072463768,pos,Farm,IT2
ASV_00507,ASV_00571,0.5454545454545454,pos,Farm,IT2
ASV_00507,ASV_00595,0.5070422535211268,pos,Farm,IT2
ASV_00507,ASV_00596,0.4785714285714286,pos,Farm,IT2
ASV_00507,ASV_00612,0.5205479452054794,pos,Farm,IT2
ASV_00507,ASV_00615,0.5555555555555556,pos,Farm,IT2
ASV_00507,ASV_00630,0.48226950354609927,pos,Farm,IT2
ASV_00507,ASV_00636,0.5570469798657718,pos,Farm,IT2
ASV_00507,ASV_00662,0.5106382978723404,pos,Farm,IT2
ASV_00507,ASV_00666,0.5555555555555556,pos,Farm,IT2
ASV_00507,ASV_00676,0.527027027027027,pos,Farm,IT2
ASV_00507,ASV_00679,0.5633802816901409,pos,Farm,IT2
ASV_00507,ASV_00686,0.5103448275862069,pos,Farm,IT2
ASV_00507,ASV_00709,0.528169014084507,pos,Farm,IT2
ASV_00507,ASV_00732,0.5034965034965035,pos,Farm,IT2
ASV_00507,ASV_00757,0.5136986301369864,pos,Farm,IT2
ASV_00507,ASV_00793,0.5177304964539007,pos,Farm,IT2
ASV_00507,ASV_00808,0.4965034965034965,pos,Farm,IT2
ASV_00507,ASV_00809,0.5782312925170068,pos,Farm,IT2
ASV_00507,ASV_00817,0.547945205479452,pos,Farm,IT2
ASV_00507,ASV_00875,0.54421768707483,pos,Farm,IT2
ASV_00507,ASV_00906,0.5472972972972973,pos,Farm,IT2
ASV_00507,ASV_00912,0.4892086330935252,pos,Farm,IT2
ASV_00507,ASV_00929,0.5273972602739726,pos,Farm,IT2
ASV_00507,ASV_00959,0.5244755244755245,pos,Farm,IT2
ASV_00507,ASV_00966,0.4892086330935252,pos,Farm,IT2
ASV_00507,ASV_00984,0.5531914893617021,pos,Farm,IT2
ASV_00507,ASV_01018,0.5070422535211268,pos,Farm,IT2
ASV_00507,ASV_01071,0.5357142857142857,pos,Farm,IT2
ASV_00507,ASV_01092,0.5655172413793104,pos,Farm,IT2
ASV_00507,ASV_01152,0.5211267605633803,pos,Farm,IT2
ASV_00507,ASV_01179,0.5035460992907801,pos,Farm,IT2
ASV_00507,ASV_01249,0.5177304964539007,pos,Farm,IT2
ASV_00507,ASV_01267,0.5,pos,Farm,IT2
ASV_00507,ASV_01276,0.4859154929577465,pos,Farm,IT2
ASV_00507,ASV_01288,0.5241379310344828,pos,Farm,IT2
ASV_00507,ASV_01385,0.5211267605633803,pos,Farm,IT2
ASV_00507,ASV_01458,0.49640287769784175,pos,Farm,IT2
ASV_00507,ASV_01491,0.5069444444444444,pos,Farm,IT2
ASV_00507,ASV_01503,0.5172413793103449,pos,Farm,IT2
ASV_00507,ASV_01508,0.5238095238095238,pos,Farm,IT2
ASV_00507,ASV_01541,0.5172413793103449,pos,Farm,IT2
ASV_00507,ASV_01578,0.5314685314685315,pos,Farm,IT2
ASV_00507,ASV_01941,0.5563380281690141,pos,Farm,IT2
ASV_00507,ASV_02149,0.49295774647887325,pos,Farm,IT2
ASV_00508,ASV_00513,0.5106382978723404,pos,Farm,IT2
ASV_00508,ASV_00518,0.5486111111111112,pos,Farm,IT2
ASV_00508,ASV_00520,0.5069444444444444,pos,Farm,IT2
ASV_00508,ASV_00533,0.5035460992907801,pos,Farm,IT2
ASV_00508,ASV_00536,0.5524475524475524,pos,Farm,IT2
ASV_00508,ASV_00554,0.5174825174825175,pos,Farm,IT2
ASV_00508,ASV_00570,0.5,pos,Farm,IT2
ASV_00508,ASV_00594,0.4965034965034965,pos,Farm,IT2
ASV_00508,ASV_00622,0.5378787878787878,pos,Farm,IT2
ASV_00508,ASV_00628,0.5071428571428571,pos,Farm,IT2
ASV_00508,ASV_00643,0.4965034965034965,pos,Farm,IT2
ASV_00508,ASV_00654,0.4892086330935252,pos,Farm,IT2
ASV_00508,ASV_00656,0.5140845070422535,pos,Farm,IT2
ASV_00508,ASV_00668,0.5107913669064749,pos,Farm,IT2
ASV_00508,ASV_00673,0.5555555555555556,pos,Farm,IT2
ASV_00508,ASV_00687,0.5323741007194245,pos,Farm,IT2
ASV_00508,ASV_00724,0.5,pos,Farm,IT2
ASV_00508,ASV_00728,0.4782608695652174,pos,Farm,IT2
ASV_00508,ASV_00772,0.4965034965034965,pos,Farm,IT2
ASV_00508,ASV_00782,0.5,pos,Farm,IT2
ASV_00508,ASV_00793,0.5217391304347826,pos,Farm,IT2
ASV_00508,ASV_00798,0.5208333333333334,pos,Farm,IT2
ASV_00508,ASV_00807,0.5034965034965035,pos,Farm,IT2
ASV_00508,ASV_00809,0.5616438356164384,pos,Farm,IT2
ASV_00508,ASV_00815,0.5578231292517006,pos,Farm,IT2
ASV_00508,ASV_00829,0.5035460992907801,pos,Farm,IT2
ASV_00508,ASV_00890,0.5104895104895105,pos,Farm,IT2
ASV_00508,ASV_00906,0.5306122448979592,pos,Farm,IT2
ASV_00508,ASV_00935,0.4965034965034965,pos,Farm,IT2
ASV_00508,ASV_00966,0.47101449275362317,pos,Farm,IT2
ASV_00508,ASV_00984,0.524822695035461,pos,Farm,IT2
ASV_00508,ASV_00989,0.5037037037037037,pos,Farm,IT2
ASV_00508,ASV_01124,0.5070422535211268,pos,Farm,IT2
ASV_00508,ASV_01179,0.49640287769784175,pos,Farm,IT2
ASV_00508,ASV_01223,0.5151515151515151,pos,Farm,IT2
ASV_00508,ASV_01417,0.5,pos,Farm,IT2
ASV_00508,ASV_01458,0.48905109489051096,pos,Farm,IT2
ASV_00508,ASV_01503,0.5,pos,Farm,IT2
ASV_00508,ASV_01578,0.524822695035461,pos,Farm,IT2
ASV_00511,ASV_00517,0.49264705882352944,pos,Farm,IT2
ASV_00511,ASV_00524,0.463768115942029,pos,Farm,IT2
ASV_00511,ASV_00533,0.5036496350364964,pos,Farm,IT2
ASV_00511,ASV_00541,0.5,pos,Farm,IT2
ASV_00511,ASV_00544,0.4714285714285714,pos,Farm,IT2
ASV_00511,ASV_00550,0.5323741007194245,pos,Farm,IT2
ASV_00511,ASV_00563,0.4859154929577465,pos,Farm,IT2
ASV_00511,ASV_00569,0.48175182481751827,pos,Farm,IT2
ASV_00511,ASV_00572,0.5172413793103449,pos,Farm,IT2
ASV_00511,ASV_00576,0.48201438848920863,pos,Farm,IT2
ASV_00511,ASV_00581,0.49242424242424243,pos,Farm,IT2
ASV_00511,ASV_00587,0.48905109489051096,pos,Farm,IT2
ASV_00511,ASV_00596,0.45925925925925926,pos,Farm,IT2
ASV_00511,ASV_00620,0.5142857142857142,pos,Farm,IT2
ASV_00511,ASV_00636,0.5102040816326531,pos,Farm,IT2
ASV_00511,ASV_00651,0.4892086330935252,pos,Farm,IT2
ASV_00511,ASV_00686,0.4928571428571429,pos,Farm,IT2
ASV_00511,ASV_00687,0.5109489051094891,pos,Farm,IT2
ASV_00511,ASV_00718,0.48148148148148145,pos,Farm,IT2
ASV_00511,ASV_00724,0.4676258992805755,pos,Farm,IT2
ASV_00511,ASV_00781,0.5,pos,Farm,IT2
ASV_00511,ASV_00798,0.5,pos,Farm,IT2
ASV_00511,ASV_00802,0.5034965034965035,pos,Farm,IT2
ASV_00511,ASV_00806,0.4965034965034965,pos,Farm,IT2
ASV_00511,ASV_00811,0.49295774647887325,pos,Farm,IT2
ASV_00511,ASV_00821,0.5,pos,Farm,IT2
ASV_00511,ASV_00829,0.5036496350364964,pos,Farm,IT2
ASV_00511,ASV_00909,0.4676258992805755,pos,Farm,IT2
ASV_00511,ASV_00929,0.5214285714285715,pos,Farm,IT2
ASV_00511,ASV_01204,0.5357142857142857,pos,Farm,IT2
ASV_00511,ASV_01249,0.48905109489051096,pos,Farm,IT2
ASV_00511,ASV_01288,0.4859154929577465,pos,Farm,IT2
ASV_00511,ASV_01328,0.4855072463768116,pos,Farm,IT2
ASV_00512,ASV_00529,0.5352112676056338,pos,Farm,IT2
ASV_00512,ASV_00534,0.5657894736842105,pos,Farm,IT2
ASV_00512,ASV_00550,0.5570469798657718,pos,Farm,IT2
ASV_00512,ASV_00571,0.5436241610738255,pos,Farm,IT2
ASV_00512,ASV_00596,0.5104895104895105,pos,Farm,IT2
ASV_00512,ASV_00618,0.5374149659863946,pos,Farm,IT2
ASV_00512,ASV_00620,0.6153846153846154,pos,Farm,IT2
ASV_00512,ASV_00633,0.5369127516778524,pos,Farm,IT2
ASV_00512,ASV_00654,0.5277777777777778,pos,Farm,IT2
ASV_00512,ASV_00721,0.5244755244755245,pos,Farm,IT2
ASV_00512,ASV_00732,0.5448275862068965,pos,Farm,IT2
ASV_00512,ASV_00758,0.5369127516778524,pos,Farm,IT2
ASV_00512,ASV_00772,0.5655172413793104,pos,Farm,IT2
ASV_00512,ASV_00778,0.4861111111111111,pos,Farm,IT2
ASV_00512,ASV_00807,0.5405405405405406,pos,Farm,IT2
ASV_00512,ASV_00817,0.5878378378378378,pos,Farm,IT2
ASV_00512,ASV_00821,0.5369127516778524,pos,Farm,IT2
ASV_00512,ASV_00873,0.5208333333333334,pos,Farm,IT2
ASV_00512,ASV_00935,0.54421768707483,pos,Farm,IT2
ASV_00512,ASV_00952,0.5205479452054794,pos,Farm,IT2
ASV_00512,ASV_00984,0.5405405405405406,pos,Farm,IT2
ASV_00512,ASV_01153,0.5524475524475524,pos,Farm,IT2
ASV_00512,ASV_01250,0.5562913907284768,pos,Farm,IT2
ASV_00512,ASV_01288,0.5436241610738255,pos,Farm,IT2
ASV_00512,ASV_01328,0.5555555555555556,pos,Farm,IT2
ASV_00512,ASV_01458,0.496551724137931,pos,Farm,IT2
ASV_00513,ASV_00518,0.5586206896551724,pos,Farm,IT2
ASV_00513,ASV_00533,0.5467625899280576,pos,Farm,IT2
ASV_00513,ASV_00543,0.5172413793103449,pos,Farm,IT2
ASV_00513,ASV_00548,0.5407407407407407,pos,Farm,IT2
ASV_00513,ASV_00550,0.574468085106383,pos,Farm,IT2
ASV_00513,ASV_00563,0.5384615384615384,pos,Farm,IT2
ASV_00513,ASV_00572,0.5793103448275863,pos,Farm,IT2
ASV_00513,ASV_00574,0.5205479452054794,pos,Farm,IT2
ASV_00513,ASV_00576,0.5140845070422535,pos,Farm,IT2
ASV_00513,ASV_00581,0.4927536231884058,pos,Farm,IT2
ASV_00513,ASV_00587,0.5323741007194245,pos,Farm,IT2
ASV_00513,ASV_00594,0.5174825174825175,pos,Farm,IT2
ASV_00513,ASV_00615,0.5035971223021583,pos,Farm,IT2
ASV_00513,ASV_00622,0.4714285714285714,pos,Farm,IT2
ASV_00513,ASV_00635,0.5342465753424658,pos,Farm,IT2
ASV_00513,ASV_00636,0.5503355704697986,pos,Farm,IT2
ASV_00513,ASV_00651,0.5319148936170213,pos,Farm,IT2
ASV_00513,ASV_00666,0.5379310344827586,pos,Farm,IT2
ASV_00513,ASV_00686,0.5244755244755245,pos,Farm,IT2
ASV_00513,ASV_00709,0.5,pos,Farm,IT2
ASV_00513,ASV_00721,0.4857142857142857,pos,Farm,IT2
ASV_00513,ASV_00724,0.5214285714285715,pos,Farm,IT2
ASV_00513,ASV_00727,0.5362318840579711,pos,Farm,IT2
ASV_00513,ASV_00734,0.5602836879432624,pos,Farm,IT2
ASV_00513,ASV_00760,0.5238095238095238,pos,Farm,IT2
ASV_00513,ASV_00772,0.5611510791366906,pos,Farm,IT2
ASV_00513,ASV_00807,0.5571428571428572,pos,Farm,IT2
ASV_00513,ASV_00808,0.5,pos,Farm,IT2
ASV_00513,ASV_00809,0.5714285714285714,pos,Farm,IT2
ASV_00513,ASV_00811,0.5241379310344828,pos,Farm,IT2
ASV_00513,ASV_00829,0.5034965034965035,pos,Farm,IT2
ASV_00513,ASV_00843,0.5563380281690141,pos,Farm,IT2
ASV_00513,ASV_00848,0.5136986301369864,pos,Farm,IT2
ASV_00513,ASV_00875,0.5374149659863946,pos,Farm,IT2
ASV_00513,ASV_00880,0.49295774647887325,pos,Farm,IT2
ASV_00513,ASV_00912,0.4927536231884058,pos,Farm,IT2
ASV_00513,ASV_00931,0.5106382978723404,pos,Farm,IT2
ASV_00513,ASV_00984,0.5138888888888888,pos,Farm,IT2
ASV_00513,ASV_01101,0.5172413793103449,pos,Farm,IT2
ASV_00513,ASV_01119,0.527027027027027,pos,Farm,IT2
ASV_00513,ASV_01124,0.5390070921985816,pos,Farm,IT2
ASV_00513,ASV_01152,0.5140845070422535,pos,Farm,IT2
ASV_00513,ASV_01249,0.5661764705882353,pos,Farm,IT2
ASV_00513,ASV_01288,0.5277777777777778,pos,Farm,IT2
ASV_00513,ASV_01342,0.5510204081632653,pos,Farm,IT2
ASV_00513,ASV_01426,0.48936170212765956,pos,Farm,IT2
ASV_00513,ASV_01458,0.5220588235294118,pos,Farm,IT2
ASV_00513,ASV_01512,0.49640287769784175,pos,Farm,IT2
ASV_00513,ASV_01578,0.5352112676056338,pos,Farm,IT2
ASV_00513,ASV_02332,0.5205479452054794,pos,Farm,IT2
ASV_00514,ASV_00518,0.5921052631578947,pos,Farm,IT2
ASV_00514,ASV_00524,0.54421768707483,pos,Farm,IT2
ASV_00514,ASV_00536,0.6283783783783784,pos,Farm,IT2
ASV_00514,ASV_00551,0.5562913907284768,pos,Farm,IT2
ASV_00514,ASV_00554,0.5838926174496645,pos,Farm,IT2
ASV_00514,ASV_00563,0.5733333333333334,pos,Farm,IT2
ASV_00514,ASV_00581,0.5633802816901409,pos,Farm,IT2
ASV_00514,ASV_00594,0.5533333333333333,pos,Farm,IT2
ASV_00514,ASV_00622,0.5310344827586206,pos,Farm,IT2
ASV_00514,ASV_00628,0.5436241610738255,pos,Farm,IT2
ASV_00514,ASV_00636,0.6038961038961039,pos,Farm,IT2
ASV_00514,ASV_00666,0.5723684210526315,pos,Farm,IT2
ASV_00514,ASV_00671,0.5684931506849316,pos,Farm,IT2
ASV_00514,ASV_00687,0.5466666666666666,pos,Farm,IT2
ASV_00514,ASV_00709,0.5570469798657718,pos,Farm,IT2
ASV_00514,ASV_00760,0.5686274509803921,pos,Farm,IT2
ASV_00514,ASV_00769,0.5466666666666666,pos,Farm,IT2
ASV_00514,ASV_00798,0.5761589403973509,pos,Farm,IT2
ASV_00514,ASV_00809,0.5935483870967742,pos,Farm,IT2
ASV_00514,ASV_00811,0.5695364238410596,pos,Farm,IT2
ASV_00514,ASV_00815,0.6,pos,Farm,IT2
ASV_00514,ASV_00843,0.5592105263157895,pos,Farm,IT2
ASV_00514,ASV_00873,0.5306122448979592,pos,Farm,IT2
ASV_00514,ASV_00924,0.5673758865248227,pos,Farm,IT2
ASV_00514,ASV_00958,0.5570469798657718,pos,Farm,IT2
ASV_00514,ASV_01124,0.5637583892617449,pos,Farm,IT2
ASV_00514,ASV_01249,0.5369127516778524,pos,Farm,IT2
ASV_00514,ASV_01385,0.5714285714285714,pos,Farm,IT2
ASV_00514,ASV_01459,0.5540540540540541,pos,Farm,IT2
ASV_00514,ASV_01840,0.5466666666666666,pos,Farm,IT2
ASV_00514,ASV_02332,0.5866666666666667,pos,Farm,IT2
ASV_00517,ASV_00518,0.5205479452054794,pos,Farm,IT2
ASV_00517,ASV_00529,0.5,pos,Farm,IT2
ASV_00517,ASV_00541,0.49295774647887325,pos,Farm,IT2
ASV_00517,ASV_00561,0.54,pos,Farm,IT2
ASV_00517,ASV_00568,0.5244755244755245,pos,Farm,IT2
ASV_00517,ASV_00572,0.5202702702702703,pos,Farm,IT2
ASV_00517,ASV_00576,0.4859154929577465,pos,Farm,IT2
ASV_00517,ASV_00615,0.4748201438848921,pos,Farm,IT2
ASV_00517,ASV_00618,0.49295774647887325,pos,Farm,IT2
ASV_00517,ASV_00638,0.5174825174825175,pos,Farm,IT2
ASV_00517,ASV_00668,0.5035971223021583,pos,Farm,IT2
ASV_00517,ASV_00676,0.5136986301369864,pos,Farm,IT2
ASV_00517,ASV_00728,0.49264705882352944,pos,Farm,IT2
ASV_00517,ASV_00757,0.5211267605633803,pos,Farm,IT2
ASV_00517,ASV_00821,0.5034965034965035,pos,Farm,IT2
ASV_00517,ASV_00822,0.5285714285714286,pos,Farm,IT2
ASV_00517,ASV_00829,0.5071428571428571,pos,Farm,IT2
ASV_00517,ASV_00865,0.4965034965034965,pos,Farm,IT2
ASV_00517,ASV_00924,0.47794117647058826,pos,Farm,IT2
ASV_00517,ASV_00929,0.5352112676056338,pos,Farm,IT2
ASV_00517,ASV_01018,0.48226950354609927,pos,Farm,IT2
ASV_00517,ASV_01048,0.4859154929577465,pos,Farm,IT2
ASV_00517,ASV_01223,0.4740740740740741,pos,Farm,IT2
ASV_00518,ASV_00520,0.5540540540540541,pos,Farm,IT2
ASV_00518,ASV_00524,0.5241379310344828,pos,Farm,IT2
ASV_00518,ASV_00528,0.5170068027210885,pos,Farm,IT2
ASV_00518,ASV_00533,0.541095890410959,pos,Farm,IT2
ASV_00518,ASV_00536,0.6206896551724138,pos,Farm,IT2
ASV_00518,ASV_00542,0.5733333333333334,pos,Farm,IT2
ASV_00518,ASV_00543,0.5436241610738255,pos,Farm,IT2
ASV_00518,ASV_00548,0.503448275862069,pos,Farm,IT2
ASV_00518,ASV_00550,0.5466666666666666,pos,Farm,IT2
ASV_00518,ASV_00561,0.6013071895424836,pos,Farm,IT2
ASV_00518,ASV_00566,0.547945205479452,pos,Farm,IT2
ASV_00518,ASV_00568,0.589041095890411,pos,Farm,IT2
ASV_00518,ASV_00587,0.5170068027210885,pos,Farm,IT2
ASV_00518,ASV_00592,0.5763888888888888,pos,Farm,IT2
ASV_00518,ASV_00594,0.5337837837837838,pos,Farm,IT2
ASV_00518,ASV_00618,0.5374149659863946,pos,Farm,IT2
ASV_00518,ASV_00620,0.5608108108108109,pos,Farm,IT2
ASV_00518,ASV_00628,0.5664335664335665,pos,Farm,IT2
ASV_00518,ASV_00635,0.56,pos,Farm,IT2
ASV_00518,ASV_00636,0.6174496644295302,pos,Farm,IT2
ASV_00518,ASV_00643,0.5547945205479452,pos,Farm,IT2
ASV_00518,ASV_00656,0.5833333333333334,pos,Farm,IT2
ASV_00518,ASV_00662,0.5205479452054794,pos,Farm,IT2
ASV_00518,ASV_00671,0.5273972602739726,pos,Farm,IT2
ASV_00518,ASV_00673,0.5695364238410596,pos,Farm,IT2
ASV_00518,ASV_00676,0.5562913907284768,pos,Farm,IT2
ASV_00518,ASV_00679,0.5821917808219178,pos,Farm,IT2
ASV_00518,ASV_00687,0.547945205479452,pos,Farm,IT2
ASV_00518,ASV_00724,0.5379310344827586,pos,Farm,IT2
ASV_00518,ASV_00732,0.5342465753424658,pos,Farm,IT2
ASV_00518,ASV_00758,0.5369127516778524,pos,Farm,IT2
ASV_00518,ASV_00760,0.56,pos,Farm,IT2
ASV_00518,ASV_00769,0.527027027027027,pos,Farm,IT2
ASV_00518,ASV_00772,0.5763888888888888,pos,Farm,IT2
ASV_00518,ASV_00781,0.547945205479452,pos,Farm,IT2
ASV_00518,ASV_00793,0.5170068027210885,pos,Farm,IT2
ASV_00518,ASV_00798,0.5570469798657718,pos,Farm,IT2
ASV_00518,ASV_00801,0.5531914893617021,pos,Farm,IT2
ASV_00518,ASV_00802,0.5918367346938775,pos,Farm,IT2
ASV_00518,ASV_00807,0.5616438356164384,pos,Farm,IT2
ASV_00518,ASV_00808,0.5273972602739726,pos,Farm,IT2
ASV_00518,ASV_00809,0.6066666666666667,pos,Farm,IT2
ASV_00518,ASV_00815,0.5816993464052288,pos,Farm,IT2
ASV_00518,ASV_00817,0.5771812080536913,pos,Farm,IT2
ASV_00518,ASV_00829,0.6071428571428571,pos,Farm,IT2
ASV_00518,ASV_00843,0.5714285714285714,pos,Farm,IT2
ASV_00518,ASV_00848,0.5714285714285714,pos,Farm,IT2
ASV_00518,ASV_00875,0.5733333333333334,pos,Farm,IT2
ASV_00518,ASV_00890,0.5684931506849316,pos,Farm,IT2
ASV_00518,ASV_00891,0.610738255033557,pos,Farm,IT2
ASV_00518,ASV_00906,0.5973154362416108,pos,Farm,IT2
ASV_00518,ASV_00912,0.5211267605633803,pos,Farm,IT2
ASV_00518,ASV_00931,0.5379310344827586,pos,Farm,IT2
ASV_00518,ASV_00935,0.54421768707483,pos,Farm,IT2
ASV_00518,ASV_00966,0.5319148936170213,pos,Farm,IT2
ASV_00518,ASV_00984,0.5724137931034483,pos,Farm,IT2
ASV_00518,ASV_00987,0.5170068027210885,pos,Farm,IT2
ASV_00518,ASV_01018,0.5170068027210885,pos,Farm,IT2
ASV_00518,ASV_01023,0.581081081081081,pos,Farm,IT2
ASV_00518,ASV_01071,0.5238095238095238,pos,Farm,IT2
ASV_00518,ASV_01087,0.5472972972972973,pos,Farm,IT2
ASV_00518,ASV_01092,0.6054421768707483,pos,Farm,IT2
ASV_00518,ASV_01249,0.5273972602739726,pos,Farm,IT2
ASV_00518,ASV_01250,0.5666666666666667,pos,Farm,IT2
ASV_00518,ASV_01276,0.5384615384615384,pos,Farm,IT2
ASV_00518,ASV_01288,0.5540540540540541,pos,Farm,IT2
ASV_00518,ASV_01342,0.5657894736842105,pos,Farm,IT2
ASV_00518,ASV_01349,0.54421768707483,pos,Farm,IT2
ASV_00518,ASV_01385,0.5306122448979592,pos,Farm,IT2
ASV_00518,ASV_01417,0.5374149659863946,pos,Farm,IT2
ASV_00518,ASV_01458,0.528169014084507,pos,Farm,IT2
ASV_00518,ASV_01491,0.5586206896551724,pos,Farm,IT2
ASV_00518,ASV_01503,0.5472972972972973,pos,Farm,IT2
ASV_00518,ASV_01578,0.5616438356164384,pos,Farm,IT2
ASV_00518,ASV_02149,0.5136986301369864,pos,Farm,IT2
ASV_00518,ASV_02332,0.589041095890411,pos,Farm,IT2
ASV_00520,ASV_00530,0.5241379310344828,pos,Farm,IT2
ASV_00520,ASV_00536,0.5684931506849316,pos,Farm,IT2
ASV_00520,ASV_00576,0.5208333333333334,pos,Farm,IT2
ASV_00520,ASV_00587,0.5069444444444444,pos,Farm,IT2
ASV_00520,ASV_00592,0.5347222222222222,pos,Farm,IT2
ASV_00520,ASV_00643,0.5241379310344828,pos,Farm,IT2
ASV_00520,ASV_00645,0.5,pos,Farm,IT2
ASV_00520,ASV_00654,0.5070422535211268,pos,Farm,IT2
ASV_00520,ASV_00726,0.5555555555555556,pos,Farm,IT2
ASV_00520,ASV_00727,0.5104895104895105,pos,Farm,IT2
ASV_00520,ASV_00798,0.547945205479452,pos,Farm,IT2
ASV_00520,ASV_00801,0.5106382978723404,pos,Farm,IT2
ASV_00520,ASV_00807,0.5310344827586206,pos,Farm,IT2
ASV_00520,ASV_00848,0.5306122448979592,pos,Farm,IT2
ASV_00520,ASV_00924,0.5144927536231884,pos,Farm,IT2
ASV_00520,ASV_00931,0.5069444444444444,pos,Farm,IT2
ASV_00520,ASV_00935,0.5241379310344828,pos,Farm,IT2
ASV_00520,ASV_00987,0.5069444444444444,pos,Farm,IT2
ASV_00520,ASV_01250,0.5369127516778524,pos,Farm,IT2
ASV_00520,ASV_01288,0.5238095238095238,pos,Farm,IT2
ASV_00520,ASV_01508,0.5337837837837838,pos,Farm,IT2
ASV_00520,ASV_01541,0.5273972602739726,pos,Farm,IT2
ASV_00521,ASV_00524,0.5208333333333334,pos,Farm,IT2
ASV_00521,ASV_00533,0.5273972602739726,pos,Farm,IT2
ASV_00521,ASV_00536,0.5743243243243243,pos,Farm,IT2
ASV_00521,ASV_00542,0.581081081081081,pos,Farm,IT2
ASV_00521,ASV_00554,0.5405405405405406,pos,Farm,IT2
ASV_00521,ASV_00569,0.5172413793103449,pos,Farm,IT2
ASV_00521,ASV_00587,0.5136986301369864,pos,Farm,IT2
ASV_00521,ASV_00594,0.5306122448979592,pos,Farm,IT2
ASV_00521,ASV_00615,0.5174825174825175,pos,Farm,IT2
ASV_00521,ASV_00630,0.5,pos,Farm,IT2
ASV_00521,ASV_00636,0.5933333333333334,pos,Farm,IT2
ASV_00521,ASV_00643,0.5625,pos,Farm,IT2
ASV_00521,ASV_00651,0.5238095238095238,pos,Farm,IT2
ASV_00521,ASV_00666,0.5608108108108109,pos,Farm,IT2
ASV_00521,ASV_00671,0.5241379310344828,pos,Farm,IT2
ASV_00521,ASV_00709,0.5238095238095238,pos,Farm,IT2
ASV_00521,ASV_00718,0.5390070921985816,pos,Farm,IT2
ASV_00521,ASV_00728,0.4930555555555556,pos,Farm,IT2
ASV_00521,ASV_00734,0.5616438356164384,pos,Farm,IT2
ASV_00521,ASV_00769,0.5238095238095238,pos,Farm,IT2
ASV_00521,ASV_00807,0.5694444444444444,pos,Farm,IT2
ASV_00521,ASV_00808,0.5241379310344828,pos,Farm,IT2
ASV_00521,ASV_00811,0.5369127516778524,pos,Farm,IT2
ASV_00521,ASV_00815,0.5686274509803921,pos,Farm,IT2
ASV_00521,ASV_00906,0.5733333333333334,pos,Farm,IT2
ASV_00521,ASV_01153,0.5172413793103449,pos,Farm,IT2
ASV_00521,ASV_01385,0.5273972602739726,pos,Farm,IT2
ASV_00521,ASV_01458,0.5140845070422535,pos,Farm,IT2
ASV_00521,ASV_01459,0.5633802816901409,pos,Farm,IT2
ASV_00524,ASV_00528,0.4857142857142857,pos,Farm,IT2
ASV_00524,ASV_00530,0.49295774647887325,pos,Farm,IT2
ASV_00524,ASV_00548,0.49264705882352944,pos,Farm,IT2
ASV_00524,ASV_00550,0.528169014084507,pos,Farm,IT2
ASV_00524,ASV_00554,0.5140845070422535,pos,Farm,IT2
ASV_00524,ASV_00566,0.4859154929577465,pos,Farm,IT2
ASV_00524,ASV_00568,0.5174825174825175,pos,Farm,IT2
ASV_00524,ASV_00570,0.4748201438848921,pos,Farm,IT2
ASV_00524,ASV_00581,0.47794117647058826,pos,Farm,IT2
ASV_00524,ASV_00592,0.5142857142857142,pos,Farm,IT2
ASV_00524,ASV_00594,0.5362318840579711,pos,Farm,IT2
ASV_00524,ASV_00596,0.46715328467153283,pos,Farm,IT2
ASV_00524,ASV_00630,0.49264705882352944,pos,Farm,IT2
ASV_00524,ASV_00633,0.5070422535211268,pos,Farm,IT2
ASV_00524,ASV_00636,0.547945205479452,pos,Farm,IT2
ASV_00524,ASV_00638,0.5104895104895105,pos,Farm,IT2
ASV_00524,ASV_00643,0.5251798561151079,pos,Farm,IT2
ASV_00524,ASV_00651,0.4859154929577465,pos,Farm,IT2
ASV_00524,ASV_00654,0.4748201438848921,pos,Farm,IT2
ASV_00524,ASV_00656,0.5106382978723404,pos,Farm,IT2
ASV_00524,ASV_00665,0.4676258992805755,pos,Farm,IT2
ASV_00524,ASV_00666,0.503448275862069,pos,Farm,IT2
ASV_00524,ASV_00687,0.5289855072463768,pos,Farm,IT2
ASV_00524,ASV_00718,0.48905109489051096,pos,Farm,IT2
ASV_00524,ASV_00728,0.463768115942029,pos,Farm,IT2
ASV_00524,ASV_00757,0.524822695035461,pos,Farm,IT2
ASV_00524,ASV_00769,0.5289855072463768,pos,Farm,IT2
ASV_00524,ASV_00778,0.4740740740740741,pos,Farm,IT2
ASV_00524,ASV_00801,0.4676258992805755,pos,Farm,IT2
ASV_00524,ASV_00808,0.49640287769784175,pos,Farm,IT2
ASV_00524,ASV_00811,0.5,pos,Farm,IT2
ASV_00524,ASV_00817,0.5172413793103449,pos,Farm,IT2
ASV_00524,ASV_00829,0.48936170212765956,pos,Farm,IT2
ASV_00524,ASV_00842,0.4748201438848921,pos,Farm,IT2
ASV_00524,ASV_00848,0.5,pos,Farm,IT2
ASV_00524,ASV_00865,0.5106382978723404,pos,Farm,IT2
ASV_00524,ASV_00869,0.5208333333333334,pos,Farm,IT2
ASV_00524,ASV_00873,0.5111111111111111,pos,Farm,IT2
ASV_00524,ASV_00880,0.5220588235294118,pos,Farm,IT2
ASV_00524,ASV_00890,0.5070422535211268,pos,Farm,IT2
ASV_00524,ASV_00891,0.5306122448979592,pos,Farm,IT2
ASV_00524,ASV_00906,0.5170068027210885,pos,Farm,IT2
ASV_00524,ASV_00931,0.5182481751824818,pos,Farm,IT2
ASV_00524,ASV_00958,0.4859154929577465,pos,Farm,IT2
ASV_00524,ASV_00966,0.5,pos,Farm,IT2
ASV_00524,ASV_00984,0.5,pos,Farm,IT2
ASV_00524,ASV_00989,0.46715328467153283,pos,Farm,IT2
ASV_00524,ASV_01023,0.5208333333333334,pos,Farm,IT2
ASV_00524,ASV_01223,0.47761194029850745,pos,Farm,IT2
ASV_00524,ASV_01276,0.49635036496350365,pos,Farm,IT2
ASV_00524,ASV_01349,0.49295774647887325,pos,Farm,IT2
ASV_00524,ASV_01417,0.49645390070921985,pos,Farm,IT2
ASV_00524,ASV_01458,0.4962962962962963,pos,Farm,IT2
ASV_00524,ASV_01459,0.5144927536231884,pos,Farm,IT2
ASV_00524,ASV_01508,0.503448275862069,pos,Farm,IT2
ASV_00524,ASV_01512,0.48175182481751827,pos,Farm,IT2
ASV_00524,ASV_01541,0.5177304964539007,pos,Farm,IT2
ASV_00524,ASV_02149,0.4927536231884058,pos,Farm,IT2
ASV_00524,ASV_02332,0.5390070921985816,pos,Farm,IT2
ASV_00528,ASV_00534,0.5306122448979592,pos,Farm,IT2
ASV_00528,ASV_00536,0.5310344827586206,pos,Farm,IT2
ASV_00528,ASV_00542,0.5379310344827586,pos,Farm,IT2
ASV_00528,ASV_00550,0.5314685314685315,pos,Farm,IT2
ASV_00528,ASV_00554,0.5174825174825175,pos,Farm,IT2
ASV_00528,ASV_00556,0.5034965034965035,pos,Farm,IT2
ASV_00528,ASV_00570,0.4892086330935252,pos,Farm,IT2
ASV_00528,ASV_00592,0.4965034965034965,pos,Farm,IT2
ASV_00528,ASV_00594,0.5177304964539007,pos,Farm,IT2
ASV_00528,ASV_00613,0.48175182481751827,pos,Farm,IT2
ASV_00528,ASV_00620,0.5352112676056338,pos,Farm,IT2
ASV_00528,ASV_00630,0.4855072463768116,pos,Farm,IT2
ASV_00528,ASV_00635,0.5136986301369864,pos,Farm,IT2
ASV_00528,ASV_00636,0.5405405405405406,pos,Farm,IT2
ASV_00528,ASV_00643,0.4965034965034965,pos,Farm,IT2
ASV_00528,ASV_00651,0.5,pos,Farm,IT2
ASV_00528,ASV_00654,0.5,pos,Farm,IT2
ASV_00528,ASV_00662,0.4928571428571429,pos,Farm,IT2
ASV_00528,ASV_00668,0.5,pos,Farm,IT2
ASV_00528,ASV_00671,0.48936170212765956,pos,Farm,IT2
ASV_00528,ASV_00673,0.5664335664335665,pos,Farm,IT2
ASV_00528,ASV_00697,0.4892086330935252,pos,Farm,IT2
ASV_00528,ASV_00709,0.5,pos,Farm,IT2
ASV_00528,ASV_00721,0.4855072463768116,pos,Farm,IT2
ASV_00528,ASV_00732,0.49645390070921985,pos,Farm,IT2
ASV_00528,ASV_00758,0.5,pos,Farm,IT2
ASV_00528,ASV_00760,0.5136986301369864,pos,Farm,IT2
ASV_00528,ASV_00769,0.5214285714285715,pos,Farm,IT2
ASV_00528,ASV_00772,0.4965034965034965,pos,Farm,IT2
ASV_00528,ASV_00782,0.5214285714285715,pos,Farm,IT2
ASV_00528,ASV_00789,0.5140845070422535,pos,Farm,IT2
ASV_00528,ASV_00806,0.5384615384615384,pos,Farm,IT2
ASV_00528,ASV_00808,0.5555555555555556,pos,Farm,IT2
ASV_00528,ASV_00817,0.5205479452054794,pos,Farm,IT2
ASV_00528,ASV_00821,0.5319148936170213,pos,Farm,IT2
ASV_00528,ASV_00829,0.49295774647887325,pos,Farm,IT2
ASV_00528,ASV_00842,0.5,pos,Farm,IT2
ASV_00528,ASV_00869,0.5136986301369864,pos,Farm,IT2
ASV_00528,ASV_00906,0.541095890410959,pos,Farm,IT2
ASV_00528,ASV_00931,0.5217391304347826,pos,Farm,IT2
ASV_00528,ASV_00959,0.5070422535211268,pos,Farm,IT2
ASV_00528,ASV_01018,0.48936170212765956,pos,Farm,IT2
ASV_00528,ASV_01152,0.49295774647887325,pos,Farm,IT2
ASV_00528,ASV_01179,0.4857142857142857,pos,Farm,IT2
ASV_00528,ASV_01204,0.5454545454545454,pos,Farm,IT2
ASV_00528,ASV_01249,0.5,pos,Farm,IT2
ASV_00528,ASV_01276,0.4785714285714286,pos,Farm,IT2
ASV_00528,ASV_01385,0.5035460992907801,pos,Farm,IT2
ASV_00528,ASV_01458,0.5111111111111111,pos,Farm,IT2
ASV_00528,ASV_01578,0.5140845070422535,pos,Farm,IT2
ASV_00528,ASV_02332,0.5103448275862069,pos,Farm,IT2
ASV_00529,ASV_00543,0.49295774647887325,pos,Farm,IT2
ASV_00529,ASV_00544,0.5109489051094891,pos,Farm,IT2
ASV_00529,ASV_00550,0.5070422535211268,pos,Farm,IT2
ASV_00529,ASV_00554,0.49295774647887325,pos,Farm,IT2
ASV_00529,ASV_00555,0.5588235294117647,pos,Farm,IT2
ASV_00529,ASV_00556,0.48936170212765956,pos,Farm,IT2
ASV_00529,ASV_00563,0.5035460992907801,pos,Farm,IT2
ASV_00529,ASV_00566,0.5182481751824818,pos,Farm,IT2
ASV_00529,ASV_00568,0.5070422535211268,pos,Farm,IT2
ASV_00529,ASV_00571,0.49295774647887325,pos,Farm,IT2
ASV_00529,ASV_00594,0.4928571428571429,pos,Farm,IT2
ASV_00529,ASV_00596,0.47761194029850745,pos,Farm,IT2
ASV_00529,ASV_00620,0.5,pos,Farm,IT2
ASV_00529,ASV_00638,0.5,pos,Farm,IT2
ASV_00529,ASV_00654,0.4962962962962963,pos,Farm,IT2
ASV_00529,ASV_00679,0.48951048951048953,pos,Farm,IT2
ASV_00529,ASV_00697,0.4744525547445255,pos,Farm,IT2
ASV_00529,ASV_00726,0.5142857142857142,pos,Farm,IT2
ASV_00529,ASV_00728,0.4740740740740741,pos,Farm,IT2
ASV_00529,ASV_00758,0.4859154929577465,pos,Farm,IT2
ASV_00529,ASV_00760,0.5104895104895105,pos,Farm,IT2
ASV_00529,ASV_00769,0.5294117647058824,pos,Farm,IT2
ASV_00529,ASV_00772,0.5035971223021583,pos,Farm,IT2
ASV_00529,ASV_00808,0.5073529411764706,pos,Farm,IT2
ASV_00529,ASV_00817,0.528169014084507,pos,Farm,IT2
ASV_00529,ASV_00821,0.5071428571428571,pos,Farm,IT2
ASV_00529,ASV_00822,0.48936170212765956,pos,Farm,IT2
ASV_00529,ASV_00843,0.48951048951048953,pos,Farm,IT2
ASV_00529,ASV_00869,0.5,pos,Farm,IT2
ASV_00529,ASV_00880,0.4782608695652174,pos,Farm,IT2
ASV_00529,ASV_00935,0.48226950354609927,pos,Farm,IT2
ASV_00529,ASV_00952,0.48905109489051096,pos,Farm,IT2
ASV_00529,ASV_01023,0.5539568345323741,pos,Farm,IT2
ASV_00529,ASV_01065,0.4744525547445255,pos,Farm,IT2
ASV_00529,ASV_01101,0.49295774647887325,pos,Farm,IT2
ASV_00529,ASV_01223,0.4444444444444444,pos,Farm,IT2
ASV_00529,ASV_01342,0.5277777777777778,pos,Farm,IT2
ASV_00529,ASV_01368,0.5144927536231884,pos,Farm,IT2
ASV_00529,ASV_01503,0.4859154929577465,pos,Farm,IT2
ASV_00530,ASV_00536,0.5374149659863946,pos,Farm,IT2
ASV_00530,ASV_00543,0.5136986301369864,pos,Farm,IT2
ASV_00530,ASV_00559,0.5104895104895105,pos,Farm,IT2
ASV_00530,ASV_00570,0.49645390070921985,pos,Farm,IT2
ASV_00530,ASV_00595,0.5507246376811594,pos,Farm,IT2
ASV_00530,ASV_00613,0.4892086330935252,pos,Farm,IT2
ASV_00530,ASV_00620,0.5416666666666666,pos,Farm,IT2
ASV_00530,ASV_00630,0.5144927536231884,pos,Farm,IT2
ASV_00530,ASV_00641,0.5306122448979592,pos,Farm,IT2
ASV_00530,ASV_00654,0.4859154929577465,pos,Farm,IT2
ASV_00530,ASV_00662,0.5106382978723404,pos,Farm,IT2
ASV_00530,ASV_00665,0.48936170212765956,pos,Farm,IT2
ASV_00530,ASV_00671,0.5285714285714286,pos,Farm,IT2
ASV_00530,ASV_00679,0.5310344827586206,pos,Farm,IT2
ASV_00530,ASV_00687,0.5069444444444444,pos,Farm,IT2
ASV_00530,ASV_00721,0.4928571428571429,pos,Farm,IT2
ASV_00530,ASV_00757,0.5136986301369864,pos,Farm,IT2
ASV_00530,ASV_00782,0.5069444444444444,pos,Farm,IT2
ASV_00530,ASV_00807,0.5314685314685315,pos,Farm,IT2
ASV_00530,ASV_00808,0.4965034965034965,pos,Farm,IT2
ASV_00530,ASV_00829,0.5211267605633803,pos,Farm,IT2
ASV_00530,ASV_00848,0.5205479452054794,pos,Farm,IT2
ASV_00530,ASV_00865,0.5208333333333334,pos,Farm,IT2
ASV_00530,ASV_00869,0.5306122448979592,pos,Farm,IT2
ASV_00530,ASV_00890,0.5172413793103449,pos,Farm,IT2
ASV_00530,ASV_00891,0.6041666666666666,pos,Farm,IT2
ASV_00530,ASV_00909,0.4965034965034965,pos,Farm,IT2
ASV_00530,ASV_00912,0.4785714285714286,pos,Farm,IT2
ASV_00530,ASV_00931,0.5070422535211268,pos,Farm,IT2
ASV_00530,ASV_00984,0.5208333333333334,pos,Farm,IT2
ASV_00530,ASV_01018,0.4965034965034965,pos,Farm,IT2
ASV_00530,ASV_01048,0.5,pos,Farm,IT2
ASV_00530,ASV_01071,0.5140845070422535,pos,Farm,IT2
ASV_00530,ASV_01119,0.5655172413793104,pos,Farm,IT2
ASV_00530,ASV_01179,0.49295774647887325,pos,Farm,IT2
ASV_00530,ASV_01276,0.4859154929577465,pos,Farm,IT2
ASV_00530,ASV_01368,0.5352112676056338,pos,Farm,IT2
ASV_00530,ASV_01459,0.524822695035461,pos,Farm,IT2
ASV_00533,ASV_00536,0.5448275862068965,pos,Farm,IT2
ASV_00533,ASV_00548,0.5220588235294118,pos,Farm,IT2
ASV_00533,ASV_00551,0.5352112676056338,pos,Farm,IT2
ASV_00533,ASV_00559,0.5070422535211268,pos,Farm,IT2
ASV_00533,ASV_00563,0.5208333333333334,pos,Farm,IT2
ASV_00533,ASV_00568,0.5347222222222222,pos,Farm,IT2
ASV_00533,ASV_00570,0.4928571428571429,pos,Farm,IT2
ASV_00533,ASV_00571,0.5314685314685315,pos,Farm,IT2
ASV_00533,ASV_00574,0.5241379310344828,pos,Farm,IT2
ASV_00533,ASV_00581,0.5073529411764706,pos,Farm,IT2
ASV_00533,ASV_00587,0.5142857142857142,pos,Farm,IT2
ASV_00533,ASV_00594,0.5428571428571428,pos,Farm,IT2
ASV_00533,ASV_00596,0.4855072463768116,pos,Farm,IT2
ASV_00533,ASV_00612,0.5277777777777778,pos,Farm,IT2
ASV_00533,ASV_00615,0.49640287769784175,pos,Farm,IT2
ASV_00533,ASV_00620,0.5384615384615384,pos,Farm,IT2
ASV_00533,ASV_00622,0.4855072463768116,pos,Farm,IT2
ASV_00533,ASV_00628,0.5214285714285715,pos,Farm,IT2
ASV_00533,ASV_00636,0.564625850340136,pos,Farm,IT2
ASV_00533,ASV_00643,0.5211267605633803,pos,Farm,IT2
ASV_00533,ASV_00651,0.5467625899280576,pos,Farm,IT2
ASV_00533,ASV_00654,0.4928571428571429,pos,Farm,IT2
ASV_00533,ASV_00656,0.528169014084507,pos,Farm,IT2
ASV_00533,ASV_00668,0.5035460992907801,pos,Farm,IT2
ASV_00533,ASV_00687,0.524822695035461,pos,Farm,IT2
ASV_00533,ASV_00709,0.5579710144927537,pos,Farm,IT2
ASV_00533,ASV_00721,0.4892086330935252,pos,Farm,IT2
ASV_00533,ASV_00724,0.5142857142857142,pos,Farm,IT2
ASV_00533,ASV_00726,0.5103448275862069,pos,Farm,IT2
ASV_00533,ASV_00727,0.49645390070921985,pos,Farm,IT2
ASV_00533,ASV_00728,0.48201438848920863,pos,Farm,IT2
ASV_00533,ASV_00769,0.5357142857142857,pos,Farm,IT2
ASV_00533,ASV_00778,0.5037037037037037,pos,Farm,IT2
ASV_00533,ASV_00781,0.5579710144927537,pos,Farm,IT2
ASV_00533,ASV_00782,0.5034965034965035,pos,Farm,IT2
ASV_00533,ASV_00793,0.5035460992907801,pos,Farm,IT2
ASV_00533,ASV_00801,0.49640287769784175,pos,Farm,IT2
ASV_00533,ASV_00808,0.5362318840579711,pos,Farm,IT2
ASV_00533,ASV_00809,0.564625850340136,pos,Farm,IT2
ASV_00533,ASV_00822,0.5069444444444444,pos,Farm,IT2
ASV_00533,ASV_00829,0.5507246376811594,pos,Farm,IT2
ASV_00533,ASV_00929,0.5136986301369864,pos,Farm,IT2
ASV_00533,ASV_00952,0.4859154929577465,pos,Farm,IT2
ASV_00533,ASV_00958,0.5140845070422535,pos,Farm,IT2
ASV_00533,ASV_00984,0.5174825174825175,pos,Farm,IT2
ASV_00533,ASV_00989,0.49635036496350365,pos,Farm,IT2
ASV_00533,ASV_01023,0.5273972602739726,pos,Farm,IT2
ASV_00533,ASV_01087,0.5683453237410072,pos,Farm,IT2
ASV_00533,ASV_01124,0.5319148936170213,pos,Farm,IT2
ASV_00533,ASV_01249,0.5362318840579711,pos,Farm,IT2
ASV_00533,ASV_01253,0.5,pos,Farm,IT2
ASV_00533,ASV_01417,0.5034965034965035,pos,Farm,IT2
ASV_00533,ASV_01503,0.5244755244755245,pos,Farm,IT2
ASV_00533,ASV_01541,0.5244755244755245,pos,Farm,IT2
ASV_00533,ASV_01578,0.5174825174825175,pos,Farm,IT2
ASV_00533,ASV_01941,0.5422535211267606,pos,Farm,IT2
ASV_00534,ASV_00548,0.5277777777777778,pos,Farm,IT2
ASV_00534,ASV_00554,0.6,pos,Farm,IT2
ASV_00534,ASV_00576,0.54421768707483,pos,Farm,IT2
ASV_00534,ASV_00581,0.5138888888888888,pos,Farm,IT2
ASV_00534,ASV_00611,0.5466666666666666,pos,Farm,IT2
ASV_00534,ASV_00630,0.5172413793103449,pos,Farm,IT2
ASV_00534,ASV_00636,0.5882352941176471,pos,Farm,IT2
ASV_00534,ASV_00641,0.5733333333333334,pos,Farm,IT2
ASV_00534,ASV_00643,0.5369127516778524,pos,Farm,IT2
ASV_00534,ASV_00645,0.5241379310344828,pos,Farm,IT2
ASV_00534,ASV_00651,0.5616438356164384,pos,Farm,IT2
ASV_00534,ASV_00656,0.564625850340136,pos,Farm,IT2
ASV_00534,ASV_00673,0.6258503401360545,pos,Farm,IT2
ASV_00534,ASV_00687,0.5510204081632653,pos,Farm,IT2
ASV_00534,ASV_00709,0.5724137931034483,pos,Farm,IT2
ASV_00534,ASV_00714,0.5068493150684932,pos,Farm,IT2
ASV_00534,ASV_00769,0.5405405405405406,pos,Farm,IT2
ASV_00534,ASV_00772,0.5578231292517006,pos,Farm,IT2
ASV_00534,ASV_00782,0.5405405405405406,pos,Farm,IT2
ASV_00534,ASV_00806,0.5771812080536913,pos,Farm,IT2
ASV_00534,ASV_00807,0.5540540540540541,pos,Farm,IT2
ASV_00534,ASV_00809,0.609271523178808,pos,Farm,IT2
ASV_00534,ASV_00821,0.5608108108108109,pos,Farm,IT2
ASV_00534,ASV_00869,0.5945945945945946,pos,Farm,IT2
ASV_00534,ASV_00890,0.5821917808219178,pos,Farm,IT2
ASV_00534,ASV_00891,0.5816993464052288,pos,Farm,IT2
ASV_00534,ASV_00912,0.503448275862069,pos,Farm,IT2
ASV_00534,ASV_00931,0.5306122448979592,pos,Farm,IT2
ASV_00534,ASV_01065,0.5310344827586206,pos,Farm,IT2
ASV_00534,ASV_01092,0.5866666666666667,pos,Farm,IT2
ASV_00534,ASV_01101,0.5570469798657718,pos,Farm,IT2
ASV_00534,ASV_01124,0.5369127516778524,pos,Farm,IT2
ASV_00534,ASV_01249,0.5306122448979592,pos,Farm,IT2
ASV_00534,ASV_01253,0.5472972972972973,pos,Farm,IT2
ASV_00534,ASV_01288,0.5570469798657718,pos,Farm,IT2
ASV_00534,ASV_01385,0.5337837837837838,pos,Farm,IT2
ASV_00534,ASV_01458,0.5103448275862069,pos,Farm,IT2
ASV_00534,ASV_01541,0.5608108108108109,pos,Farm,IT2
ASV_00534,ASV_01578,0.5540540540540541,pos,Farm,IT2
ASV_00534,ASV_02149,0.5170068027210885,pos,Farm,IT2
ASV_00536,ASV_00542,0.5666666666666667,pos,Farm,IT2
ASV_00536,ASV_00548,0.5069444444444444,pos,Farm,IT2
ASV_00536,ASV_00551,0.5405405405405406,pos,Farm,IT2
ASV_00536,ASV_00554,0.5472972972972973,pos,Farm,IT2
ASV_00536,ASV_00566,0.541095890410959,pos,Farm,IT2
ASV_00536,ASV_00568,0.5714285714285714,pos,Farm,IT2
ASV_00536,ASV_00572,0.5657894736842105,pos,Farm,IT2
ASV_00536,ASV_00576,0.5448275862068965,pos,Farm,IT2
ASV_00536,ASV_00581,0.5140845070422535,pos,Farm,IT2
ASV_00536,ASV_00587,0.5416666666666666,pos,Farm,IT2
ASV_00536,ASV_00611,0.5472972972972973,pos,Farm,IT2
ASV_00536,ASV_00613,0.5034965034965035,pos,Farm,IT2
ASV_00536,ASV_00620,0.5540540540540541,pos,Farm,IT2
ASV_00536,ASV_00622,0.524822695035461,pos,Farm,IT2
ASV_00536,ASV_00633,0.5405405405405406,pos,Farm,IT2
ASV_00536,ASV_00638,0.5436241610738255,pos,Farm,IT2
ASV_00536,ASV_00645,0.5138888888888888,pos,Farm,IT2
ASV_00536,ASV_00651,0.5845070422535211,pos,Farm,IT2
ASV_00536,ASV_00665,0.503448275862069,pos,Farm,IT2
ASV_00536,ASV_00718,0.5460992907801419,pos,Farm,IT2
ASV_00536,ASV_00721,0.5069444444444444,pos,Farm,IT2
ASV_00536,ASV_00726,0.5793103448275863,pos,Farm,IT2
ASV_00536,ASV_00782,0.5517241379310345,pos,Farm,IT2
ASV_00536,ASV_00807,0.5874125874125874,pos,Farm,IT2
ASV_00536,ASV_00808,0.5205479452054794,pos,Farm,IT2
ASV_00536,ASV_00809,0.5894039735099338,pos,Farm,IT2
ASV_00536,ASV_00815,0.5960264900662252,pos,Farm,IT2
ASV_00536,ASV_00817,0.5704697986577181,pos,Farm,IT2
ASV_00536,ASV_00842,0.5208333333333334,pos,Farm,IT2
ASV_00536,ASV_00890,0.5405405405405406,pos,Farm,IT2
ASV_00536,ASV_00891,0.5827814569536424,pos,Farm,IT2
ASV_00536,ASV_00912,0.524822695035461,pos,Farm,IT2
ASV_00536,ASV_00924,0.4965034965034965,pos,Farm,IT2
ASV_00536,ASV_00959,0.547945205479452,pos,Farm,IT2
ASV_00536,ASV_00966,0.5140845070422535,pos,Farm,IT2
ASV_00536,ASV_01023,0.5533333333333333,pos,Farm,IT2
ASV_00536,ASV_01065,0.5314685314685315,pos,Farm,IT2
ASV_00536,ASV_01071,0.5273972602739726,pos,Farm,IT2
ASV_00536,ASV_01090,0.5466666666666666,pos,Farm,IT2
ASV_00536,ASV_01124,0.547945205479452,pos,Farm,IT2
ASV_00536,ASV_01152,0.5342465753424658,pos,Farm,IT2
ASV_00536,ASV_01223,0.49295774647887325,pos,Farm,IT2
ASV_00536,ASV_01253,0.547945205479452,pos,Farm,IT2
ASV_00536,ASV_01288,0.5578231292517006,pos,Farm,IT2
ASV_00536,ASV_01342,0.5695364238410596,pos,Farm,IT2
ASV_00536,ASV_01368,0.527027027027027,pos,Farm,IT2
ASV_00536,ASV_01417,0.5306122448979592,pos,Farm,IT2
ASV_00536,ASV_01459,0.5486111111111112,pos,Farm,IT2
ASV_00536,ASV_01491,0.5517241379310345,pos,Farm,IT2
ASV_00536,ASV_01941,0.5369127516778524,pos,Farm,IT2
ASV_00536,ASV_02332,0.5503355704697986,pos,Farm,IT2
ASV_00541,ASV_00550,0.5633802816901409,pos,Farm,IT2
ASV_00541,ASV_00554,0.5277777777777778,pos,Farm,IT2
ASV_00541,ASV_00555,0.5172413793103449,pos,Farm,IT2
ASV_00541,ASV_00556,0.5244755244755245,pos,Farm,IT2
ASV_00541,ASV_00563,0.5384615384615384,pos,Farm,IT2
ASV_00541,ASV_00568,0.5416666666666666,pos,Farm,IT2
ASV_00541,ASV_00581,0.48201438848920863,pos,Farm,IT2
ASV_00541,ASV_00595,0.5,pos,Farm,IT2
ASV_00541,ASV_00620,0.5454545454545454,pos,Farm,IT2
ASV_00541,ASV_00633,0.5531914893617021,pos,Farm,IT2
ASV_00541,ASV_00635,0.5342465753424658,pos,Farm,IT2
ASV_00541,ASV_00709,0.5428571428571428,pos,Farm,IT2
ASV_00541,ASV_00758,0.5103448275862069,pos,Farm,IT2
ASV_00541,ASV_00781,0.5104895104895105,pos,Farm,IT2
ASV_00541,ASV_00806,0.5486111111111112,pos,Farm,IT2
ASV_00541,ASV_00821,0.5208333333333334,pos,Farm,IT2
ASV_00541,ASV_00848,0.5136986301369864,pos,Farm,IT2
ASV_00541,ASV_00875,0.5374149659863946,pos,Farm,IT2
ASV_00541,ASV_01152,0.5140845070422535,pos,Farm,IT2
ASV_00541,ASV_01249,0.5,pos,Farm,IT2
ASV_00541,ASV_01385,0.5034965034965035,pos,Farm,IT2
ASV_00541,ASV_02149,0.5071428571428571,pos,Farm,IT2
ASV_00542,ASV_00548,0.5352112676056338,pos,Farm,IT2
ASV_00542,ASV_00568,0.589041095890411,pos,Farm,IT2
ASV_00542,ASV_00569,0.5205479452054794,pos,Farm,IT2
ASV_00542,ASV_00572,0.5827814569536424,pos,Farm,IT2
ASV_00542,ASV_00574,0.5570469798657718,pos,Farm,IT2
ASV_00542,ASV_00595,0.5273972602739726,pos,Farm,IT2
ASV_00542,ASV_00615,0.5422535211267606,pos,Farm,IT2
ASV_00542,ASV_00618,0.547945205479452,pos,Farm,IT2
ASV_00542,ASV_00628,0.5238095238095238,pos,Farm,IT2
ASV_00542,ASV_00635,0.6137931034482759,pos,Farm,IT2
ASV_00542,ASV_00641,0.5918367346938775,pos,Farm,IT2
ASV_00542,ASV_00651,0.5374149659863946,pos,Farm,IT2
ASV_00542,ASV_00654,0.5068493150684932,pos,Farm,IT2
ASV_00542,ASV_00665,0.5103448275862069,pos,Farm,IT2
ASV_00542,ASV_00668,0.5379310344827586,pos,Farm,IT2
ASV_00542,ASV_00676,0.5562913907284768,pos,Farm,IT2
ASV_00542,ASV_00687,0.527027027027027,pos,Farm,IT2
ASV_00542,ASV_00718,0.5208333333333334,pos,Farm,IT2
ASV_00542,ASV_00721,0.503448275862069,pos,Farm,IT2
ASV_00542,ASV_00724,0.5273972602739726,pos,Farm,IT2
ASV_00542,ASV_00728,0.496551724137931,pos,Farm,IT2
ASV_00542,ASV_00757,0.5540540540540541,pos,Farm,IT2
ASV_00542,ASV_00758,0.5578231292517006,pos,Farm,IT2
ASV_00542,ASV_00760,0.5918367346938775,pos,Farm,IT2
ASV_00542,ASV_00769,0.5374149659863946,pos,Farm,IT2
ASV_00542,ASV_00772,0.5337837837837838,pos,Farm,IT2
ASV_00542,ASV_00798,0.6223776223776224,pos,Farm,IT2
ASV_00542,ASV_00802,0.581081081081081,pos,Farm,IT2
ASV_00542,ASV_00807,0.5616438356164384,pos,Farm,IT2
ASV_00542,ASV_00811,0.5608108108108109,pos,Farm,IT2
ASV_00542,ASV_00817,0.5562913907284768,pos,Farm,IT2
ASV_00542,ASV_00865,0.5405405405405406,pos,Farm,IT2
ASV_00542,ASV_00880,0.5310344827586206,pos,Farm,IT2
ASV_00542,ASV_00890,0.5578231292517006,pos,Farm,IT2
ASV_00542,ASV_00909,0.5273972602739726,pos,Farm,IT2
ASV_00542,ASV_00912,0.5,pos,Farm,IT2
ASV_00542,ASV_00931,0.5170068027210885,pos,Farm,IT2
ASV_00542,ASV_00987,0.5273972602739726,pos,Farm,IT2
ASV_00542,ASV_01023,0.5704697986577181,pos,Farm,IT2
ASV_00542,ASV_01090,0.5743243243243243,pos,Farm,IT2
ASV_00542,ASV_01101,0.5540540540540541,pos,Farm,IT2
ASV_00542,ASV_01119,0.5629139072847682,pos,Farm,IT2
ASV_00542,ASV_01249,0.5594405594405595,pos,Farm,IT2
ASV_00542,ASV_01459,0.5555555555555556,pos,Farm,IT2
ASV_00542,ASV_01541,0.5472972972972973,pos,Farm,IT2
ASV_00542,ASV_01941,0.5436241610738255,pos,Farm,IT2
ASV_00543,ASV_00548,0.5142857142857142,pos,Farm,IT2
ASV_00543,ASV_00554,0.5342465753424658,pos,Farm,IT2
ASV_00543,ASV_00595,0.5174825174825175,pos,Farm,IT2
ASV_00543,ASV_00611,0.5238095238095238,pos,Farm,IT2
ASV_00543,ASV_00643,0.5241379310344828,pos,Farm,IT2
ASV_00543,ASV_00656,0.5857142857142857,pos,Farm,IT2
ASV_00543,ASV_00671,0.5174825174825175,pos,Farm,IT2
ASV_00543,ASV_00769,0.5172413793103449,pos,Farm,IT2
ASV_00543,ASV_00772,0.5241379310344828,pos,Farm,IT2
ASV_00543,ASV_00789,0.5205479452054794,pos,Farm,IT2
ASV_00543,ASV_00801,0.5,pos,Farm,IT2
ASV_00543,ASV_00807,0.5205479452054794,pos,Farm,IT2
ASV_00543,ASV_00808,0.5174825174825175,pos,Farm,IT2
ASV_00543,ASV_00809,0.5771812080536913,pos,Farm,IT2
ASV_00543,ASV_00817,0.5684931506849316,pos,Farm,IT2
ASV_00543,ASV_00873,0.5,pos,Farm,IT2
ASV_00543,ASV_00880,0.5,pos,Farm,IT2
ASV_00543,ASV_00906,0.5570469798657718,pos,Farm,IT2
ASV_00543,ASV_00935,0.5241379310344828,pos,Farm,IT2
ASV_00543,ASV_00959,0.5241379310344828,pos,Farm,IT2
ASV_00543,ASV_00966,0.5,pos,Farm,IT2
ASV_00543,ASV_00984,0.5205479452054794,pos,Farm,IT2
ASV_00543,ASV_01090,0.5337837837837838,pos,Farm,IT2
ASV_00543,ASV_01253,0.5347222222222222,pos,Farm,IT2
ASV_00543,ASV_01288,0.5342465753424658,pos,Farm,IT2
ASV_00543,ASV_01342,0.5782312925170068,pos,Farm,IT2
ASV_00543,ASV_01349,0.5136986301369864,pos,Farm,IT2
ASV_00543,ASV_01368,0.5563380281690141,pos,Farm,IT2
ASV_00543,ASV_01458,0.5071428571428571,pos,Farm,IT2
ASV_00543,ASV_01578,0.5524475524475524,pos,Farm,IT2
ASV_00543,ASV_02332,0.5374149659863946,pos,Farm,IT2
ASV_00544,ASV_00554,0.5314685314685315,pos,Farm,IT2
ASV_00544,ASV_00559,0.5177304964539007,pos,Farm,IT2
ASV_00544,ASV_00576,0.5177304964539007,pos,Farm,IT2
ASV_00544,ASV_00596,0.4855072463768116,pos,Farm,IT2
ASV_00544,ASV_00618,0.5357142857142857,pos,Farm,IT2
ASV_00544,ASV_00656,0.5069444444444444,pos,Farm,IT2
ASV_00544,ASV_00662,0.5071428571428571,pos,Farm,IT2
ASV_00544,ASV_00676,0.5664335664335665,pos,Farm,IT2
ASV_00544,ASV_00709,0.5140845070422535,pos,Farm,IT2
ASV_00544,ASV_00714,0.5,pos,Farm,IT2
ASV_00544,ASV_00732,0.5547445255474452,pos,Farm,IT2
ASV_00544,ASV_00760,0.5486111111111112,pos,Farm,IT2
ASV_00544,ASV_00772,0.5652173913043478,pos,Farm,IT2
ASV_00544,ASV_00789,0.5174825174825175,pos,Farm,IT2
ASV_00544,ASV_00801,0.5182481751824818,pos,Farm,IT2
ASV_00544,ASV_00802,0.5273972602739726,pos,Farm,IT2
ASV_00544,ASV_00807,0.5069444444444444,pos,Farm,IT2
ASV_00544,ASV_00811,0.5172413793103449,pos,Farm,IT2
ASV_00544,ASV_00817,0.5238095238095238,pos,Farm,IT2
ASV_00544,ASV_00821,0.5138888888888888,pos,Farm,IT2
ASV_00544,ASV_00875,0.5625,pos,Farm,IT2
ASV_00544,ASV_00890,0.5138888888888888,pos,Farm,IT2
ASV_00544,ASV_00952,0.4859154929577465,pos,Farm,IT2
ASV_00544,ASV_00958,0.5140845070422535,pos,Farm,IT2
ASV_00544,ASV_01018,0.49295774647887325,pos,Farm,IT2
ASV_00544,ASV_01385,0.4965034965034965,pos,Farm,IT2
ASV_00544,ASV_01459,0.5,pos,Farm,IT2
ASV_00544,ASV_01491,0.5034965034965035,pos,Farm,IT2
ASV_00544,ASV_01541,0.5138888888888888,pos,Farm,IT2
ASV_00544,ASV_01941,0.5314685314685315,pos,Farm,IT2
ASV_00548,ASV_00550,0.4965034965034965,pos,Farm,IT2
ASV_00548,ASV_00581,0.47761194029850745,pos,Farm,IT2
ASV_00548,ASV_00592,0.48226950354609927,pos,Farm,IT2
ASV_00548,ASV_00628,0.5147058823529411,pos,Farm,IT2
ASV_00548,ASV_00636,0.5379310344827586,pos,Farm,IT2
ASV_00548,ASV_00641,0.5211267605633803,pos,Farm,IT2
ASV_00548,ASV_00643,0.4928571428571429,pos,Farm,IT2
ASV_00548,ASV_00651,0.4857142857142857,pos,Farm,IT2
ASV_00548,ASV_00656,0.5328467153284672,pos,Farm,IT2
ASV_00548,ASV_00668,0.4855072463768116,pos,Farm,IT2
ASV_00548,ASV_00673,0.5103448275862069,pos,Farm,IT2
ASV_00548,ASV_00676,0.5069444444444444,pos,Farm,IT2
ASV_00548,ASV_00697,0.4744525547445255,pos,Farm,IT2
ASV_00548,ASV_00718,0.47794117647058826,pos,Farm,IT2
ASV_00548,ASV_00734,0.5474452554744526,pos,Farm,IT2
ASV_00548,ASV_00760,0.5104895104895105,pos,Farm,IT2
ASV_00548,ASV_00769,0.4857142857142857,pos,Farm,IT2
ASV_00548,ASV_00772,0.5035971223021583,pos,Farm,IT2
ASV_00548,ASV_00778,0.48484848484848486,pos,Farm,IT2
ASV_00548,ASV_00781,0.4857142857142857,pos,Farm,IT2
ASV_00548,ASV_00798,0.4965034965034965,pos,Farm,IT2
ASV_00548,ASV_00801,0.5112781954887218,pos,Farm,IT2
ASV_00548,ASV_00802,0.5539568345323741,pos,Farm,IT2
ASV_00548,ASV_00821,0.5071428571428571,pos,Farm,IT2
ASV_00548,ASV_00829,0.4892086330935252,pos,Farm,IT2
ASV_00548,ASV_00873,0.4888888888888889,pos,Farm,IT2
ASV_00548,ASV_00880,0.5223880597014925,pos,Farm,IT2
ASV_00548,ASV_00890,0.5289855072463768,pos,Farm,IT2
ASV_00548,ASV_00912,0.5,pos,Farm,IT2
ASV_00548,ASV_00929,0.4965034965034965,pos,Farm,IT2
ASV_00548,ASV_00959,0.5144927536231884,pos,Farm,IT2
ASV_00548,ASV_00987,0.49635036496350365,pos,Farm,IT2
ASV_00548,ASV_01018,0.4855072463768116,pos,Farm,IT2
ASV_00548,ASV_01023,0.5211267605633803,pos,Farm,IT2
ASV_00548,ASV_01090,0.5034965034965035,pos,Farm,IT2
ASV_00548,ASV_01092,0.5244755244755245,pos,Farm,IT2
ASV_00548,ASV_01119,0.5138888888888888,pos,Farm,IT2
ASV_00548,ASV_01153,0.4676258992805755,pos,Farm,IT2
ASV_00548,ASV_01249,0.49635036496350365,pos,Farm,IT2
ASV_00548,ASV_01253,0.5144927536231884,pos,Farm,IT2
ASV_00548,ASV_01267,0.4785714285714286,pos,Farm,IT2
ASV_00548,ASV_01276,0.4852941176470588,pos,Farm,IT2
ASV_00548,ASV_01342,0.5172413793103449,pos,Farm,IT2
ASV_00548,ASV_01458,0.4632352941176471,pos,Farm,IT2
ASV_00548,ASV_01459,0.4927536231884058,pos,Farm,IT2
ASV_00548,ASV_01503,0.5179856115107914,pos,Farm,IT2
ASV_00548,ASV_01512,0.47058823529411764,pos,Farm,IT2
ASV_00548,ASV_01941,0.49295774647887325,pos,Farm,IT2
ASV_00548,ASV_02149,0.49264705882352944,pos,Farm,IT2
ASV_00550,ASV_00554,0.5374149659863946,pos,Farm,IT2
ASV_00550,ASV_00555,0.5374149659863946,pos,Farm,IT2
ASV_00550,ASV_00556,0.5342465753424658,pos,Farm,IT2
ASV_00550,ASV_00563,0.5374149659863946,pos,Farm,IT2
ASV_00550,ASV_00566,0.5205479452054794,pos,Farm,IT2
ASV_00550,ASV_00570,0.5,pos,Farm,IT2
ASV_00550,ASV_00581,0.5142857142857142,pos,Farm,IT2
ASV_00550,ASV_00594,0.5379310344827586,pos,Farm,IT2
ASV_00550,ASV_00596,0.49295774647887325,pos,Farm,IT2
ASV_00550,ASV_00620,0.6214285714285714,pos,Farm,IT2
ASV_00550,ASV_00628,0.5277777777777778,pos,Farm,IT2
ASV_00550,ASV_00636,0.5906040268456376,pos,Farm,IT2
ASV_00550,ASV_00641,0.564625850340136,pos,Farm,IT2
ASV_00550,ASV_00643,0.5594405594405595,pos,Farm,IT2
ASV_00550,ASV_00654,0.5319148936170213,pos,Farm,IT2
ASV_00550,ASV_00656,0.5238095238095238,pos,Farm,IT2
ASV_00550,ASV_00662,0.5138888888888888,pos,Farm,IT2
ASV_00550,ASV_00666,0.5472972972972973,pos,Farm,IT2
ASV_00550,ASV_00671,0.5422535211267606,pos,Farm,IT2
ASV_00550,ASV_00686,0.5238095238095238,pos,Farm,IT2
ASV_00550,ASV_00687,0.5205479452054794,pos,Farm,IT2
ASV_00550,ASV_00709,0.5310344827586206,pos,Farm,IT2
ASV_00550,ASV_00714,0.5285714285714286,pos,Farm,IT2
ASV_00550,ASV_00734,0.5586206896551724,pos,Farm,IT2
ASV_00550,ASV_00758,0.5625,pos,Farm,IT2
ASV_00550,ASV_00769,0.5524475524475524,pos,Farm,IT2
ASV_00550,ASV_00806,0.6126760563380281,pos,Farm,IT2
ASV_00550,ASV_00807,0.5238095238095238,pos,Farm,IT2
ASV_00550,ASV_00808,0.5314685314685315,pos,Farm,IT2
ASV_00550,ASV_00809,0.5592105263157895,pos,Farm,IT2
ASV_00550,ASV_00811,0.54421768707483,pos,Farm,IT2
ASV_00550,ASV_00829,0.5347222222222222,pos,Farm,IT2
ASV_00550,ASV_00843,0.5337837837837838,pos,Farm,IT2
ASV_00550,ASV_00848,0.5337837837837838,pos,Farm,IT2
ASV_00550,ASV_00865,0.5342465753424658,pos,Farm,IT2
ASV_00550,ASV_00869,0.5436241610738255,pos,Farm,IT2
ASV_00550,ASV_00875,0.5466666666666666,pos,Farm,IT2
ASV_00550,ASV_00880,0.5138888888888888,pos,Farm,IT2
ASV_00550,ASV_00929,0.5616438356164384,pos,Farm,IT2
ASV_00550,ASV_00935,0.5594405594405595,pos,Farm,IT2
ASV_00550,ASV_00952,0.503448275862069,pos,Farm,IT2
ASV_00550,ASV_00984,0.5448275862068965,pos,Farm,IT2
ASV_00550,ASV_00987,0.5103448275862069,pos,Farm,IT2
ASV_00550,ASV_01065,0.5,pos,Farm,IT2
ASV_00550,ASV_01119,0.5466666666666666,pos,Farm,IT2
ASV_00550,ASV_01124,0.5273972602739726,pos,Farm,IT2
ASV_00550,ASV_01204,0.564625850340136,pos,Farm,IT2
ASV_00550,ASV_01249,0.5642857142857143,pos,Farm,IT2
ASV_00550,ASV_01267,0.5136986301369864,pos,Farm,IT2
ASV_00550,ASV_01328,0.5384615384615384,pos,Farm,IT2
ASV_00550,ASV_01342,0.56,pos,Farm,IT2
ASV_00550,ASV_01349,0.5273972602739726,pos,Farm,IT2
ASV_00550,ASV_01512,0.5070422535211268,pos,Farm,IT2
ASV_00550,ASV_02332,0.5510204081632653,pos,Farm,IT2
ASV_00551,ASV_00570,0.5106382978723404,pos,Farm,IT2
ASV_00551,ASV_00572,0.5675675675675675,pos,Farm,IT2
ASV_00551,ASV_00594,0.5277777777777778,pos,Farm,IT2
ASV_00551,ASV_00612,0.5238095238095238,pos,Farm,IT2
ASV_00551,ASV_00618,0.5103448275862069,pos,Farm,IT2
ASV_00551,ASV_00671,0.5,pos,Farm,IT2
ASV_00551,ASV_00721,0.4859154929577465,pos,Farm,IT2
ASV_00551,ASV_00727,0.5140845070422535,pos,Farm,IT2
ASV_00551,ASV_00793,0.5104895104895105,pos,Farm,IT2
ASV_00551,ASV_00808,0.5211267605633803,pos,Farm,IT2
ASV_00551,ASV_00809,0.5496688741721855,pos,Farm,IT2
ASV_00551,ASV_00821,0.5416666666666666,pos,Farm,IT2
ASV_00551,ASV_00873,0.5035460992907801,pos,Farm,IT2
ASV_00551,ASV_00880,0.524822695035461,pos,Farm,IT2
ASV_00551,ASV_01124,0.5384615384615384,pos,Farm,IT2
ASV_00551,ASV_01153,0.5034965034965035,pos,Farm,IT2
ASV_00551,ASV_01179,0.5070422535211268,pos,Farm,IT2
ASV_00551,ASV_01385,0.5244755244755245,pos,Farm,IT2
ASV_00551,ASV_01458,0.48936170212765956,pos,Farm,IT2
ASV_00551,ASV_01459,0.55,pos,Farm,IT2
ASV_00551,ASV_01512,0.4859154929577465,pos,Farm,IT2
ASV_00554,ASV_00555,0.5342465753424658,pos,Farm,IT2
ASV_00554,ASV_00556,0.5205479452054794,pos,Farm,IT2
ASV_00554,ASV_00570,0.5177304964539007,pos,Farm,IT2
ASV_00554,ASV_00618,0.5277777777777778,pos,Farm,IT2
ASV_00554,ASV_00620,0.541095890410959,pos,Farm,IT2
ASV_00554,ASV_00622,0.5,pos,Farm,IT2
ASV_00554,ASV_00638,0.541095890410959,pos,Farm,IT2
ASV_00554,ASV_00643,0.5563380281690141,pos,Farm,IT2
ASV_00554,ASV_00645,0.48951048951048953,pos,Farm,IT2
ASV_00554,ASV_00651,0.5384615384615384,pos,Farm,IT2
ASV_00554,ASV_00656,0.5416666666666666,pos,Farm,IT2
ASV_00554,ASV_00662,0.5652173913043478,pos,Farm,IT2
ASV_00554,ASV_00665,0.48951048951048953,pos,Farm,IT2
ASV_00554,ASV_00671,0.5174825174825175,pos,Farm,IT2
ASV_00554,ASV_00687,0.5492957746478874,pos,Farm,IT2
ASV_00554,ASV_00697,0.539568345323741,pos,Farm,IT2
ASV_00554,ASV_00709,0.5277777777777778,pos,Farm,IT2
ASV_00554,ASV_00757,0.5342465753424658,pos,Farm,IT2
ASV_00554,ASV_00760,0.5616438356164384,pos,Farm,IT2
ASV_00554,ASV_00769,0.5492957746478874,pos,Farm,IT2
ASV_00554,ASV_00772,0.5563380281690141,pos,Farm,IT2
ASV_00554,ASV_00789,0.5205479452054794,pos,Farm,IT2
ASV_00554,ASV_00801,0.48951048951048953,pos,Farm,IT2
ASV_00554,ASV_00806,0.5985915492957746,pos,Farm,IT2
ASV_00554,ASV_00807,0.5205479452054794,pos,Farm,IT2
ASV_00554,ASV_00808,0.5390070921985816,pos,Farm,IT2
ASV_00554,ASV_00809,0.5986394557823129,pos,Farm,IT2
ASV_00554,ASV_00811,0.5306122448979592,pos,Farm,IT2
ASV_00554,ASV_00815,0.5629139072847682,pos,Farm,IT2
ASV_00554,ASV_00817,0.5793103448275863,pos,Farm,IT2
ASV_00554,ASV_00842,0.5285714285714286,pos,Farm,IT2
ASV_00554,ASV_00845,0.5142857142857142,pos,Farm,IT2
ASV_00554,ASV_00865,0.5633802816901409,pos,Farm,IT2
ASV_00554,ASV_00869,0.5944055944055944,pos,Farm,IT2
ASV_00554,ASV_00880,0.5104895104895105,pos,Farm,IT2
ASV_00554,ASV_00906,0.589041095890411,pos,Farm,IT2
ASV_00554,ASV_00924,0.5144927536231884,pos,Farm,IT2
ASV_00554,ASV_00989,0.48936170212765956,pos,Farm,IT2
ASV_00554,ASV_01065,0.5070422535211268,pos,Farm,IT2
ASV_00554,ASV_01071,0.5244755244755245,pos,Farm,IT2
ASV_00554,ASV_01090,0.5337837837837838,pos,Farm,IT2
ASV_00554,ASV_01101,0.5342465753424658,pos,Farm,IT2
ASV_00554,ASV_01124,0.5347222222222222,pos,Farm,IT2
ASV_00554,ASV_01204,0.5616438356164384,pos,Farm,IT2
ASV_00554,ASV_01253,0.5136986301369864,pos,Farm,IT2
ASV_00554,ASV_01267,0.5314685314685315,pos,Farm,IT2
ASV_00554,ASV_01342,0.5570469798657718,pos,Farm,IT2
ASV_00554,ASV_01368,0.5136986301369864,pos,Farm,IT2
ASV_00554,ASV_01426,0.5070422535211268,pos,Farm,IT2
ASV_00554,ASV_01458,0.4859154929577465,pos,Farm,IT2
ASV_00554,ASV_01512,0.5142857142857142,pos,Farm,IT2
ASV_00554,ASV_02332,0.6142857142857143,pos,Farm,IT2
ASV_00555,ASV_00563,0.5342465753424658,pos,Farm,IT2
ASV_00555,ASV_00566,0.5277777777777778,pos,Farm,IT2
ASV_00555,ASV_00587,0.5069444444444444,pos,Farm,IT2
ASV_00555,ASV_00592,0.5347222222222222,pos,Farm,IT2
ASV_00555,ASV_00615,0.5,pos,Farm,IT2
ASV_00555,ASV_00622,0.5,pos,Farm,IT2
ASV_00555,ASV_00651,0.5277777777777778,pos,Farm,IT2
ASV_00555,ASV_00654,0.5070422535211268,pos,Farm,IT2
ASV_00555,ASV_00676,0.5369127516778524,pos,Farm,IT2
ASV_00555,ASV_00724,0.5069444444444444,pos,Farm,IT2
ASV_00555,ASV_00732,0.5352112676056338,pos,Farm,IT2
ASV_00555,ASV_00772,0.5136986301369864,pos,Farm,IT2
ASV_00555,ASV_00808,0.5174825174825175,pos,Farm,IT2
ASV_00555,ASV_00817,0.5578231292517006,pos,Farm,IT2
ASV_00555,ASV_00842,0.4965034965034965,pos,Farm,IT2
ASV_00555,ASV_00865,0.5524475524475524,pos,Farm,IT2
ASV_00555,ASV_00875,0.5753424657534246,pos,Farm,IT2
ASV_00555,ASV_00880,0.5319148936170213,pos,Farm,IT2
ASV_00555,ASV_00935,0.5454545454545454,pos,Farm,IT2
ASV_00555,ASV_00989,0.48936170212765956,pos,Farm,IT2
ASV_00555,ASV_01124,0.5347222222222222,pos,Farm,IT2
ASV_00555,ASV_01152,0.5314685314685315,pos,Farm,IT2
ASV_00555,ASV_01179,0.5034965034965035,pos,Farm,IT2
ASV_00555,ASV_01223,0.4785714285714286,pos,Farm,IT2
ASV_00555,ASV_01249,0.528169014084507,pos,Farm,IT2
ASV_00555,ASV_01342,0.5782312925170068,pos,Farm,IT2
ASV_00555,ASV_01508,0.5337837837837838,pos,Farm,IT2
ASV_00555,ASV_01941,0.5342465753424658,pos,Farm,IT2
ASV_00555,ASV_02149,0.5357142857142857,pos,Farm,IT2
ASV_00556,ASV_00568,0.5238095238095238,pos,Farm,IT2
ASV_00556,ASV_00570,0.5035460992907801,pos,Farm,IT2
ASV_00556,ASV_00594,0.5314685314685315,pos,Farm,IT2
ASV_00556,ASV_00620,0.5704225352112676,pos,Farm,IT2
ASV_00556,ASV_00668,0.5034965034965035,pos,Farm,IT2
ASV_00556,ASV_00671,0.5034965034965035,pos,Farm,IT2
ASV_00556,ASV_00687,0.5460992907801419,pos,Farm,IT2
ASV_00556,ASV_00757,0.5310344827586206,pos,Farm,IT2
ASV_00556,ASV_00758,0.5347222222222222,pos,Farm,IT2
ASV_00556,ASV_00782,0.5138888888888888,pos,Farm,IT2
ASV_00556,ASV_00808,0.5034965034965035,pos,Farm,IT2
ASV_00556,ASV_00809,0.5743243243243243,pos,Farm,IT2
ASV_00556,ASV_00815,0.5704697986577181,pos,Farm,IT2
ASV_00556,ASV_00829,0.5390070921985816,pos,Farm,IT2
ASV_00556,ASV_00843,0.5486111111111112,pos,Farm,IT2
ASV_00556,ASV_00891,0.5466666666666666,pos,Farm,IT2
ASV_00556,ASV_00984,0.5277777777777778,pos,Farm,IT2
ASV_00556,ASV_00989,0.4857142857142857,pos,Farm,IT2
ASV_00556,ASV_01153,0.5177304964539007,pos,Farm,IT2
ASV_00556,ASV_01204,0.547945205479452,pos,Farm,IT2
ASV_00556,ASV_01385,0.5069444444444444,pos,Farm,IT2
ASV_00556,ASV_01459,0.5211267605633803,pos,Farm,IT2
ASV_00556,ASV_01578,0.5172413793103449,pos,Farm,IT2
ASV_00556,ASV_02332,0.5238095238095238,pos,Farm,IT2
ASV_00559,ASV_00571,0.5422535211267606,pos,Farm,IT2
ASV_00559,ASV_00572,0.5405405405405406,pos,Farm,IT2
ASV_00559,ASV_00587,0.49295774647887325,pos,Farm,IT2
ASV_00559,ASV_00595,0.49295774647887325,pos,Farm,IT2
ASV_00559,ASV_00638,0.5172413793103449,pos,Farm,IT2
ASV_00559,ASV_00651,0.5034965034965035,pos,Farm,IT2
ASV_00559,ASV_00656,0.5069444444444444,pos,Farm,IT2
ASV_00559,ASV_00665,0.5072463768115942,pos,Farm,IT2
ASV_00559,ASV_00671,0.5035460992907801,pos,Farm,IT2
ASV_00559,ASV_00679,0.5277777777777778,pos,Farm,IT2
ASV_00559,ASV_00686,0.5174825174825175,pos,Farm,IT2
ASV_00559,ASV_00709,0.5034965034965035,pos,Farm,IT2
ASV_00559,ASV_00726,0.5103448275862069,pos,Farm,IT2
ASV_00559,ASV_00760,0.5704225352112676,pos,Farm,IT2
ASV_00559,ASV_00798,0.5136986301369864,pos,Farm,IT2
ASV_00559,ASV_00802,0.5273972602739726,pos,Farm,IT2
ASV_00559,ASV_00809,0.5436241610738255,pos,Farm,IT2
ASV_00559,ASV_00811,0.5172413793103449,pos,Farm,IT2
ASV_00559,ASV_00821,0.5138888888888888,pos,Farm,IT2
ASV_00559,ASV_00829,0.4965034965034965,pos,Farm,IT2
ASV_00559,ASV_00848,0.5714285714285714,pos,Farm,IT2
ASV_00559,ASV_00869,0.5379310344827586,pos,Farm,IT2
ASV_00559,ASV_00931,0.5035460992907801,pos,Farm,IT2
ASV_00559,ASV_00958,0.5034965034965035,pos,Farm,IT2
ASV_00559,ASV_01092,0.5517241379310345,pos,Farm,IT2
ASV_00559,ASV_01119,0.541095890410959,pos,Farm,IT2
ASV_00559,ASV_01491,0.5034965034965035,pos,Farm,IT2
ASV_00559,ASV_01503,0.5460992907801419,pos,Farm,IT2
ASV_00559,ASV_01941,0.5422535211267606,pos,Farm,IT2
ASV_00561,ASV_00572,0.6,pos,Farm,IT2
ASV_00561,ASV_00587,0.5570469798657718,pos,Farm,IT2
ASV_00561,ASV_00594,0.5526315789473685,pos,Farm,IT2
ASV_00561,ASV_00662,0.54,pos,Farm,IT2
ASV_00561,ASV_00668,0.5466666666666666,pos,Farm,IT2
ASV_00561,ASV_00679,0.5686274509803921,pos,Farm,IT2
ASV_00561,ASV_00718,0.5302013422818792,pos,Farm,IT2
ASV_00561,ASV_00757,0.5723684210526315,pos,Farm,IT2
ASV_00561,ASV_00781,0.5771812080536913,pos,Farm,IT2
ASV_00561,ASV_00793,0.5675675675675675,pos,Farm,IT2
ASV_00561,ASV_00848,0.5789473684210527,pos,Farm,IT2
ASV_00561,ASV_00890,0.5761589403973509,pos,Farm,IT2
ASV_00561,ASV_00984,0.5592105263157895,pos,Farm,IT2
ASV_00561,ASV_01065,0.5266666666666666,pos,Farm,IT2
ASV_00561,ASV_01101,0.5723684210526315,pos,Farm,IT2
ASV_00561,ASV_01152,0.5496688741721855,pos,Farm,IT2
ASV_00561,ASV_01253,0.5526315789473685,pos,Farm,IT2
ASV_00561,ASV_01276,0.5369127516778524,pos,Farm,IT2
ASV_00561,ASV_01288,0.5827814569536424,pos,Farm,IT2
ASV_00561,ASV_01458,0.5167785234899329,pos,Farm,IT2
ASV_00561,ASV_01512,0.5337837837837838,pos,Farm,IT2
ASV_00563,ASV_00581,0.48936170212765956,pos,Farm,IT2
ASV_00563,ASV_00592,0.5454545454545454,pos,Farm,IT2
ASV_00563,ASV_00594,0.5347222222222222,pos,Farm,IT2
ASV_00563,ASV_00596,0.48936170212765956,pos,Farm,IT2
ASV_00563,ASV_00615,0.48951048951048953,pos,Farm,IT2
ASV_00563,ASV_00620,0.5517241379310345,pos,Farm,IT2
ASV_00563,ASV_00633,0.5273972602739726,pos,Farm,IT2
ASV_00563,ASV_00651,0.5384615384615384,pos,Farm,IT2
ASV_00563,ASV_00727,0.5104895104895105,pos,Farm,IT2
ASV_00563,ASV_00728,0.4859154929577465,pos,Farm,IT2
ASV_00563,ASV_00755,0.5540540540540541,pos,Farm,IT2
ASV_00563,ASV_00769,0.5172413793103449,pos,Farm,IT2
ASV_00563,ASV_00781,0.5492957746478874,pos,Farm,IT2
ASV_00563,ASV_00782,0.5384615384615384,pos,Farm,IT2
ASV_00563,ASV_00809,0.5666666666666667,pos,Farm,IT2
ASV_00563,ASV_00843,0.5306122448979592,pos,Farm,IT2
ASV_00563,ASV_00845,0.5035460992907801,pos,Farm,IT2
ASV_00563,ASV_00880,0.5,pos,Farm,IT2
ASV_00563,ASV_00906,0.5466666666666666,pos,Farm,IT2
ASV_00563,ASV_00909,0.528169014084507,pos,Farm,IT2
ASV_00563,ASV_00987,0.5069444444444444,pos,Farm,IT2
ASV_00563,ASV_01071,0.5138888888888888,pos,Farm,IT2
ASV_00563,ASV_01090,0.5337837837837838,pos,Farm,IT2
ASV_00563,ASV_01124,0.5241379310344828,pos,Farm,IT2
ASV_00563,ASV_01385,0.5103448275862069,pos,Farm,IT2
ASV_00563,ASV_01503,0.5273972602739726,pos,Farm,IT2
ASV_00566,ASV_00570,0.5555555555555556,pos,Farm,IT2
ASV_00566,ASV_00571,0.5172413793103449,pos,Farm,IT2
ASV_00566,ASV_00572,0.5578231292517006,pos,Farm,IT2
ASV_00566,ASV_00592,0.5174825174825175,pos,Farm,IT2
ASV_00566,ASV_00596,0.4927536231884058,pos,Farm,IT2
ASV_00566,ASV_00612,0.5136986301369864,pos,Farm,IT2
ASV_00566,ASV_00615,0.5035971223021583,pos,Farm,IT2
ASV_00566,ASV_00618,0.5,pos,Farm,IT2
ASV_00566,ASV_00620,0.5241379310344828,pos,Farm,IT2
ASV_00566,ASV_00622,0.48201438848920863,pos,Farm,IT2
ASV_00566,ASV_00633,0.5314685314685315,pos,Farm,IT2
ASV_00566,ASV_00635,0.5238095238095238,pos,Farm,IT2
ASV_00566,ASV_00636,0.54,pos,Farm,IT2
ASV_00566,ASV_00638,0.5347222222222222,pos,Farm,IT2
ASV_00566,ASV_00645,0.5035971223021583,pos,Farm,IT2
ASV_00566,ASV_00656,0.5138888888888888,pos,Farm,IT2
ASV_00566,ASV_00665,0.48226950354609927,pos,Farm,IT2
ASV_00566,ASV_00676,0.5306122448979592,pos,Farm,IT2
ASV_00566,ASV_00679,0.5785714285714286,pos,Farm,IT2
ASV_00566,ASV_00687,0.5,pos,Farm,IT2
ASV_00566,ASV_00718,0.48226950354609927,pos,Farm,IT2
ASV_00566,ASV_00732,0.5070422535211268,pos,Farm,IT2
ASV_00566,ASV_00758,0.5208333333333334,pos,Farm,IT2
ASV_00566,ASV_00760,0.5886524822695035,pos,Farm,IT2
ASV_00566,ASV_00772,0.5069444444444444,pos,Farm,IT2
ASV_00566,ASV_00781,0.5211267605633803,pos,Farm,IT2
ASV_00566,ASV_00807,0.5571428571428572,pos,Farm,IT2
ASV_00566,ASV_00808,0.5434782608695652,pos,Farm,IT2
ASV_00566,ASV_00817,0.5734265734265734,pos,Farm,IT2
ASV_00566,ASV_00845,0.5182481751824818,pos,Farm,IT2
ASV_00566,ASV_00848,0.5241379310344828,pos,Farm,IT2
ASV_00566,ASV_00865,0.5460992907801419,pos,Farm,IT2
ASV_00566,ASV_00890,0.5103448275862069,pos,Farm,IT2
ASV_00566,ASV_00891,0.5972222222222222,pos,Farm,IT2
ASV_00566,ASV_00906,0.5616438356164384,pos,Farm,IT2
ASV_00566,ASV_00935,0.528169014084507,pos,Farm,IT2
ASV_00566,ASV_01023,0.5342465753424658,pos,Farm,IT2
ASV_00566,ASV_01152,0.524822695035461,pos,Farm,IT2
ASV_00566,ASV_01153,0.49295774647887325,pos,Farm,IT2
ASV_00566,ASV_01250,0.5306122448979592,pos,Farm,IT2
ASV_00566,ASV_01342,0.5405405405405406,pos,Farm,IT2
ASV_00566,ASV_02332,0.5310344827586206,pos,Farm,IT2
ASV_00568,ASV_00569,0.503448275862069,pos,Farm,IT2
ASV_00568,ASV_00571,0.5374149659863946,pos,Farm,IT2
ASV_00568,ASV_00572,0.5562913907284768,pos,Farm,IT2
ASV_00568,ASV_00595,0.5208333333333334,pos,Farm,IT2
ASV_00568,ASV_00618,0.5524475524475524,pos,Farm,IT2
ASV_00568,ASV_00620,0.54421768707483,pos,Farm,IT2
ASV_00568,ASV_00630,0.4965034965034965,pos,Farm,IT2
ASV_00568,ASV_00638,0.54421768707483,pos,Farm,IT2
ASV_00568,ASV_00651,0.5633802816901409,pos,Farm,IT2
ASV_00568,ASV_00656,0.5555555555555556,pos,Farm,IT2
ASV_00568,ASV_00662,0.5460992907801419,pos,Farm,IT2
ASV_00568,ASV_00665,0.5140845070422535,pos,Farm,IT2
ASV_00568,ASV_00666,0.5369127516778524,pos,Farm,IT2
ASV_00568,ASV_00668,0.5422535211267606,pos,Farm,IT2
ASV_00568,ASV_00755,0.5466666666666666,pos,Farm,IT2
ASV_00568,ASV_00760,0.5540540540540541,pos,Farm,IT2
ASV_00568,ASV_00769,0.5310344827586206,pos,Farm,IT2
ASV_00568,ASV_00808,0.5314685314685315,pos,Farm,IT2
ASV_00568,ASV_00809,0.5695364238410596,pos,Farm,IT2
ASV_00568,ASV_00817,0.5714285714285714,pos,Farm,IT2
ASV_00568,ASV_00842,0.5211267605633803,pos,Farm,IT2
ASV_00568,ASV_00873,0.5140845070422535,pos,Farm,IT2
ASV_00568,ASV_00875,0.5466666666666666,pos,Farm,IT2
ASV_00568,ASV_00880,0.5138888888888888,pos,Farm,IT2
ASV_00568,ASV_00912,0.5035460992907801,pos,Farm,IT2
ASV_00568,ASV_00924,0.49645390070921985,pos,Farm,IT2
ASV_00568,ASV_00958,0.5310344827586206,pos,Farm,IT2
ASV_00568,ASV_00984,0.5238095238095238,pos,Farm,IT2
ASV_00568,ASV_01018,0.5531914893617021,pos,Farm,IT2
ASV_00568,ASV_01023,0.564625850340136,pos,Farm,IT2
ASV_00568,ASV_01048,0.5241379310344828,pos,Farm,IT2
ASV_00568,ASV_01065,0.5,pos,Farm,IT2
ASV_00568,ASV_01090,0.5578231292517006,pos,Farm,IT2
ASV_00568,ASV_01152,0.5899280575539568,pos,Farm,IT2
ASV_00568,ASV_01179,0.5069444444444444,pos,Farm,IT2
ASV_00568,ASV_01249,0.5531914893617021,pos,Farm,IT2
ASV_00568,ASV_01267,0.5347222222222222,pos,Farm,IT2
ASV_00568,ASV_01276,0.5428571428571428,pos,Farm,IT2
ASV_00568,ASV_01459,0.5384615384615384,pos,Farm,IT2
ASV_00568,ASV_01491,0.5416666666666666,pos,Farm,IT2
ASV_00568,ASV_01503,0.541095890410959,pos,Farm,IT2
ASV_00568,ASV_01541,0.5306122448979592,pos,Farm,IT2
ASV_00568,ASV_01578,0.5342465753424658,pos,Farm,IT2
ASV_00568,ASV_02149,0.55,pos,Farm,IT2
ASV_00568,ASV_02332,0.5510204081632653,pos,Farm,IT2
ASV_00569,ASV_00595,0.48226950354609927,pos,Farm,IT2
ASV_00569,ASV_00622,0.463768115942029,pos,Farm,IT2
ASV_00569,ASV_00630,0.4676258992805755,pos,Farm,IT2
ASV_00569,ASV_00662,0.49640287769784175,pos,Farm,IT2
ASV_00569,ASV_00673,0.5273972602739726,pos,Farm,IT2
ASV_00569,ASV_00676,0.5136986301369864,pos,Farm,IT2
ASV_00569,ASV_00687,0.5035460992907801,pos,Farm,IT2
ASV_00569,ASV_00721,0.4676258992805755,pos,Farm,IT2
ASV_00569,ASV_00728,0.49264705882352944,pos,Farm,IT2
ASV_00569,ASV_00769,0.49295774647887325,pos,Farm,IT2
ASV_00569,ASV_00778,0.45985401459854014,pos,Farm,IT2
ASV_00569,ASV_00806,0.5208333333333334,pos,Farm,IT2
ASV_00569,ASV_00817,0.5347222222222222,pos,Farm,IT2
ASV_00569,ASV_00875,0.5416666666666666,pos,Farm,IT2
ASV_00569,ASV_00909,0.48226950354609927,pos,Farm,IT2
ASV_00569,ASV_00912,0.463768115942029,pos,Farm,IT2
ASV_00569,ASV_01249,0.4928571428571429,pos,Farm,IT2
ASV_00569,ASV_01250,0.5347222222222222,pos,Farm,IT2
ASV_00569,ASV_01288,0.5,pos,Farm,IT2
ASV_00569,ASV_01342,0.5342465753424658,pos,Farm,IT2
ASV_00569,ASV_01491,0.5474452554744526,pos,Farm,IT2
ASV_00569,ASV_01578,0.5285714285714286,pos,Farm,IT2
ASV_00570,ASV_00571,0.5070422535211268,pos,Farm,IT2
ASV_00570,ASV_00594,0.49645390070921985,pos,Farm,IT2
ASV_00570,ASV_00595,0.4785714285714286,pos,Farm,IT2
ASV_00570,ASV_00612,0.5034965034965035,pos,Farm,IT2
ASV_00570,ASV_00613,0.47058823529411764,pos,Farm,IT2
ASV_00570,ASV_00615,0.49264705882352944,pos,Farm,IT2
ASV_00570,ASV_00620,0.5034965034965035,pos,Farm,IT2
ASV_00570,ASV_00628,0.5182481751824818,pos,Farm,IT2
ASV_00570,ASV_00633,0.5,pos,Farm,IT2
ASV_00570,ASV_00636,0.541095890410959,pos,Farm,IT2
ASV_00570,ASV_00638,0.5140845070422535,pos,Farm,IT2
ASV_00570,ASV_00643,0.5071428571428571,pos,Farm,IT2
ASV_00570,ASV_00651,0.5,pos,Farm,IT2
ASV_00570,ASV_00668,0.4892086330935252,pos,Farm,IT2
ASV_00570,ASV_00687,0.5,pos,Farm,IT2
ASV_00570,ASV_00697,0.5,pos,Farm,IT2
ASV_00570,ASV_00709,0.5107913669064749,pos,Farm,IT2
ASV_00570,ASV_00714,0.463768115942029,pos,Farm,IT2
ASV_00570,ASV_00758,0.5214285714285715,pos,Farm,IT2
ASV_00570,ASV_00769,0.48936170212765956,pos,Farm,IT2
ASV_00570,ASV_00793,0.5220588235294118,pos,Farm,IT2
ASV_00570,ASV_00806,0.5174825174825175,pos,Farm,IT2
ASV_00570,ASV_00808,0.556390977443609,pos,Farm,IT2
ASV_00570,ASV_00809,0.5306122448979592,pos,Farm,IT2
ASV_00570,ASV_00815,0.5586206896551724,pos,Farm,IT2
ASV_00570,ASV_00817,0.5103448275862069,pos,Farm,IT2
ASV_00570,ASV_00822,0.49295774647887325,pos,Farm,IT2
ASV_00570,ASV_00829,0.5035971223021583,pos,Farm,IT2
ASV_00570,ASV_00842,0.5,pos,Farm,IT2
ASV_00570,ASV_00845,0.4852941176470588,pos,Farm,IT2
ASV_00570,ASV_00865,0.49295774647887325,pos,Farm,IT2
ASV_00570,ASV_00869,0.503448275862069,pos,Farm,IT2
ASV_00570,ASV_00906,0.5205479452054794,pos,Farm,IT2
ASV_00570,ASV_00909,0.4785714285714286,pos,Farm,IT2
ASV_00570,ASV_00912,0.48148148148148145,pos,Farm,IT2
ASV_00570,ASV_00931,0.5109489051094891,pos,Farm,IT2
ASV_00570,ASV_00935,0.5071428571428571,pos,Farm,IT2
ASV_00570,ASV_00959,0.49645390070921985,pos,Farm,IT2
ASV_00570,ASV_00989,0.47058823529411764,pos,Farm,IT2
ASV_00570,ASV_01018,0.4785714285714286,pos,Farm,IT2
ASV_00570,ASV_01065,0.48905109489051096,pos,Farm,IT2
ASV_00570,ASV_01124,0.4859154929577465,pos,Farm,IT2
ASV_00570,ASV_01152,0.48226950354609927,pos,Farm,IT2
ASV_00570,ASV_01179,0.4855072463768116,pos,Farm,IT2
ASV_00570,ASV_01204,0.5138888888888888,pos,Farm,IT2
ASV_00570,ASV_01253,0.5071428571428571,pos,Farm,IT2
ASV_00570,ASV_01417,0.5,pos,Farm,IT2
ASV_00570,ASV_01426,0.5,pos,Farm,IT2
ASV_00570,ASV_01458,0.5,pos,Farm,IT2
ASV_00570,ASV_01503,0.5106382978723404,pos,Farm,IT2
ASV_00570,ASV_01578,0.5251798561151079,pos,Farm,IT2
ASV_00570,ASV_02020,0.4928571428571429,pos,Farm,IT2
ASV_00570,ASV_02149,0.5073529411764706,pos,Farm,IT2
ASV_00570,ASV_02332,0.5104895104895105,pos,Farm,IT2
ASV_00571,ASV_00673,0.5503355704697986,pos,Farm,IT2
ASV_00571,ASV_00679,0.5625,pos,Farm,IT2
ASV_00571,ASV_00686,0.5310344827586206,pos,Farm,IT2
ASV_00571,ASV_00697,0.5070422535211268,pos,Farm,IT2
ASV_00571,ASV_00709,0.5172413793103449,pos,Farm,IT2
ASV_00571,ASV_00721,0.49295774647887325,pos,Farm,IT2
ASV_00571,ASV_00724,0.5174825174825175,pos,Farm,IT2
ASV_00571,ASV_00726,0.5448275862068965,pos,Farm,IT2
ASV_00571,ASV_00807,0.5310344827586206,pos,Farm,IT2
ASV_00571,ASV_00808,0.5069444444444444,pos,Farm,IT2
ASV_00571,ASV_00873,0.5,pos,Farm,IT2
ASV_00571,ASV_00891,0.5704697986577181,pos,Farm,IT2
ASV_00571,ASV_00906,0.5466666666666666,pos,Farm,IT2
ASV_00571,ASV_00931,0.5174825174825175,pos,Farm,IT2
ASV_00571,ASV_00984,0.5310344827586206,pos,Farm,IT2
ASV_00571,ASV_01018,0.5174825174825175,pos,Farm,IT2
ASV_00571,ASV_01153,0.5,pos,Farm,IT2
ASV_00571,ASV_01179,0.5140845070422535,pos,Farm,IT2
ASV_00571,ASV_01368,0.5136986301369864,pos,Farm,IT2
ASV_00571,ASV_01941,0.5342465753424658,pos,Farm,IT2
ASV_00572,ASV_00581,0.5,pos,Farm,IT2
ASV_00572,ASV_00587,0.547945205479452,pos,Farm,IT2
ASV_00572,ASV_00615,0.5310344827586206,pos,Farm,IT2
ASV_00572,ASV_00620,0.56,pos,Farm,IT2
ASV_00572,ASV_00633,0.5466666666666666,pos,Farm,IT2
ASV_00572,ASV_00638,0.5704697986577181,pos,Farm,IT2
ASV_00572,ASV_00645,0.5102040816326531,pos,Farm,IT2
ASV_00572,ASV_00687,0.5578231292517006,pos,Farm,IT2
ASV_00572,ASV_00709,0.5369127516778524,pos,Farm,IT2
ASV_00572,ASV_00718,0.5310344827586206,pos,Farm,IT2
ASV_00572,ASV_00734,0.5637583892617449,pos,Farm,IT2
ASV_00572,ASV_00755,0.5933333333333334,pos,Farm,IT2
ASV_00572,ASV_00757,0.5743243243243243,pos,Farm,IT2
ASV_00572,ASV_00772,0.5972222222222222,pos,Farm,IT2
ASV_00572,ASV_00778,0.528169014084507,pos,Farm,IT2
ASV_00572,ASV_00781,0.5369127516778524,pos,Farm,IT2
ASV_00572,ASV_00807,0.5821917808219178,pos,Farm,IT2
ASV_00572,ASV_00809,0.5844155844155844,pos,Farm,IT2
ASV_00572,ASV_00842,0.5170068027210885,pos,Farm,IT2
ASV_00572,ASV_00880,0.5734265734265734,pos,Farm,IT2
ASV_00572,ASV_00959,0.5436241610738255,pos,Farm,IT2
ASV_00572,ASV_00984,0.5608108108108109,pos,Farm,IT2
ASV_00572,ASV_00989,0.5208333333333334,pos,Farm,IT2
ASV_00572,ASV_01018,0.527027027027027,pos,Farm,IT2
ASV_00572,ASV_01124,0.5753424657534246,pos,Farm,IT2
ASV_00572,ASV_01152,0.5616438356164384,pos,Farm,IT2
ASV_00572,ASV_01342,0.5751633986928104,pos,Farm,IT2
ASV_00572,ASV_01491,0.5472972972972973,pos,Farm,IT2
ASV_00574,ASV_00595,0.5103448275862069,pos,Farm,IT2
ASV_00574,ASV_00622,0.5251798561151079,pos,Farm,IT2
ASV_00574,ASV_00635,0.5753424657534246,pos,Farm,IT2
ASV_00574,ASV_00643,0.5273972602739726,pos,Farm,IT2
ASV_00574,ASV_00656,0.5555555555555556,pos,Farm,IT2
ASV_00574,ASV_00687,0.5205479452054794,pos,Farm,IT2
ASV_00574,ASV_00697,0.5,pos,Farm,IT2
ASV_00574,ASV_00793,0.5103448275862069,pos,Farm,IT2
ASV_00574,ASV_00808,0.5103448275862069,pos,Farm,IT2
ASV_00574,ASV_00875,0.5782312925170068,pos,Farm,IT2
ASV_00574,ASV_01092,0.6,pos,Farm,IT2
ASV_00574,ASV_01153,0.5138888888888888,pos,Farm,IT2
ASV_00574,ASV_02020,0.5241379310344828,pos,Farm,IT2
ASV_00574,ASV_02149,0.5174825174825175,pos,Farm,IT2
ASV_00576,ASV_00671,0.49295774647887325,pos,Farm,IT2
ASV_00576,ASV_00714,0.4785714285714286,pos,Farm,IT2
ASV_00576,ASV_00772,0.5,pos,Farm,IT2
ASV_00576,ASV_00807,0.5174825174825175,pos,Farm,IT2
ASV_00576,ASV_00815,0.54,pos,Farm,IT2
ASV_00576,ASV_00842,0.5255474452554745,pos,Farm,IT2
ASV_00576,ASV_00924,0.4782608695652174,pos,Farm,IT2
ASV_00576,ASV_01065,0.4928571428571429,pos,Farm,IT2
ASV_00576,ASV_01288,0.5208333333333334,pos,Farm,IT2
ASV_00576,ASV_01426,0.48226950354609927,pos,Farm,IT2
ASV_00576,ASV_01491,0.5140845070422535,pos,Farm,IT2
ASV_00581,ASV_00587,0.5037037037037037,pos,Farm,IT2
ASV_00581,ASV_00596,0.45185185185185184,pos,Farm,IT2
ASV_00581,ASV_00620,0.5071428571428571,pos,Farm,IT2
ASV_00581,ASV_00633,0.5367647058823529,pos,Farm,IT2
ASV_00581,ASV_00636,0.5347222222222222,pos,Farm,IT2
ASV_00581,ASV_00651,0.5373134328358209,pos,Farm,IT2
ASV_00581,ASV_00656,0.4857142857142857,pos,Farm,IT2
ASV_00581,ASV_00662,0.4962962962962963,pos,Farm,IT2
ASV_00581,ASV_00679,0.4859154929577465,pos,Farm,IT2
ASV_00581,ASV_00687,0.5036496350364964,pos,Farm,IT2
ASV_00581,ASV_00697,0.45985401459854014,pos,Farm,IT2
ASV_00581,ASV_00709,0.4927536231884058,pos,Farm,IT2
ASV_00581,ASV_00714,0.45588235294117646,pos,Farm,IT2
ASV_00581,ASV_00734,0.48936170212765956,pos,Farm,IT2
ASV_00581,ASV_00760,0.5070422535211268,pos,Farm,IT2
ASV_00581,ASV_00772,0.4785714285714286,pos,Farm,IT2
ASV_00581,ASV_00802,0.5285714285714286,pos,Farm,IT2
ASV_00581,ASV_00809,0.5241379310344828,pos,Farm,IT2
ASV_00581,ASV_00811,0.49645390070921985,pos,Farm,IT2
ASV_00581,ASV_00843,0.4859154929577465,pos,Farm,IT2
ASV_00581,ASV_00890,0.5255474452554745,pos,Farm,IT2
ASV_00581,ASV_01018,0.48175182481751827,pos,Farm,IT2
ASV_00581,ASV_01065,0.47058823529411764,pos,Farm,IT2
ASV_00581,ASV_01092,0.5428571428571428,pos,Farm,IT2
ASV_00581,ASV_01101,0.48936170212765956,pos,Farm,IT2
ASV_00581,ASV_01119,0.5104895104895105,pos,Farm,IT2
ASV_00581,ASV_01124,0.5220588235294118,pos,Farm,IT2
ASV_00581,ASV_01276,0.5151515151515151,pos,Farm,IT2
ASV_00581,ASV_01459,0.4676258992805755,pos,Farm,IT2
ASV_00581,ASV_02149,0.47794117647058826,pos,Farm,IT2
ASV_00581,ASV_02332,0.5035460992907801,pos,Farm,IT2
ASV_00587,ASV_00611,0.5069444444444444,pos,Farm,IT2
ASV_00587,ASV_00613,0.48175182481751827,pos,Farm,IT2
ASV_00587,ASV_00620,0.5352112676056338,pos,Farm,IT2
ASV_00587,ASV_00622,0.47101449275362317,pos,Farm,IT2
ASV_00587,ASV_00628,0.49645390070921985,pos,Farm,IT2
ASV_00587,ASV_00636,0.5616438356164384,pos,Farm,IT2
ASV_00587,ASV_00638,0.5138888888888888,pos,Farm,IT2
ASV_00587,ASV_00643,0.5070422535211268,pos,Farm,IT2
ASV_00587,ASV_00651,0.5214285714285715,pos,Farm,IT2
ASV_00587,ASV_00654,0.4785714285714286,pos,Farm,IT2
ASV_00587,ASV_00671,0.5328467153284672,pos,Farm,IT2
ASV_00587,ASV_00687,0.5106382978723404,pos,Farm,IT2
ASV_00587,ASV_00697,0.4785714285714286,pos,Farm,IT2
ASV_00587,ASV_00709,0.5106382978723404,pos,Farm,IT2
ASV_00587,ASV_00718,0.5147058823529411,pos,Farm,IT2
ASV_00587,ASV_00721,0.4855072463768116,pos,Farm,IT2
ASV_00587,ASV_00724,0.5,pos,Farm,IT2
ASV_00587,ASV_00727,0.5144927536231884,pos,Farm,IT2
ASV_00587,ASV_00772,0.539568345323741,pos,Farm,IT2
ASV_00587,ASV_00778,0.4888888888888889,pos,Farm,IT2
ASV_00587,ASV_00802,0.5136986301369864,pos,Farm,IT2
ASV_00587,ASV_00807,0.5579710144927537,pos,Farm,IT2
ASV_00587,ASV_00809,0.5510204081632653,pos,Farm,IT2
ASV_00587,ASV_00842,0.4892086330935252,pos,Farm,IT2
ASV_00587,ASV_00875,0.5170068027210885,pos,Farm,IT2
ASV_00587,ASV_00880,0.4928571428571429,pos,Farm,IT2
ASV_00587,ASV_00909,0.48936170212765956,pos,Farm,IT2
ASV_00587,ASV_00912,0.549618320610687,pos,Farm,IT2
ASV_00587,ASV_00924,0.463768115942029,pos,Farm,IT2
ASV_00587,ASV_00931,0.48936170212765956,pos,Farm,IT2
ASV_00587,ASV_01092,0.5273972602739726,pos,Farm,IT2
ASV_00587,ASV_01101,0.528169014084507,pos,Farm,IT2
ASV_00587,ASV_01119,0.5379310344827586,pos,Farm,IT2
ASV_00587,ASV_01124,0.4965034965034965,pos,Farm,IT2
ASV_00587,ASV_01249,0.5,pos,Farm,IT2
ASV_00587,ASV_01250,0.5205479452054794,pos,Farm,IT2
ASV_00587,ASV_01276,0.4785714285714286,pos,Farm,IT2
ASV_00587,ASV_01328,0.4859154929577465,pos,Farm,IT2
ASV_00587,ASV_01426,0.4892086330935252,pos,Farm,IT2
ASV_00587,ASV_01503,0.5319148936170213,pos,Farm,IT2
ASV_00587,ASV_01941,0.55,pos,Farm,IT2
ASV_00592,ASV_00595,0.4965034965034965,pos,Farm,IT2
ASV_00592,ASV_00618,0.5069444444444444,pos,Farm,IT2
ASV_00592,ASV_00628,0.524822695035461,pos,Farm,IT2
ASV_00592,ASV_00636,0.5466666666666666,pos,Farm,IT2
ASV_00592,ASV_00641,0.5306122448979592,pos,Farm,IT2
ASV_00592,ASV_00645,0.5,pos,Farm,IT2
ASV_00592,ASV_00651,0.528169014084507,pos,Farm,IT2
ASV_00592,ASV_00679,0.5205479452054794,pos,Farm,IT2
ASV_00592,ASV_00714,0.4928571428571429,pos,Farm,IT2
ASV_00592,ASV_00718,0.5,pos,Farm,IT2
ASV_00592,ASV_00781,0.5069444444444444,pos,Farm,IT2
ASV_00592,ASV_00793,0.4965034965034965,pos,Farm,IT2
ASV_00592,ASV_00798,0.5273972602739726,pos,Farm,IT2
ASV_00592,ASV_00801,0.48936170212765956,pos,Farm,IT2
ASV_00592,ASV_00807,0.5314685314685315,pos,Farm,IT2
ASV_00592,ASV_00809,0.5466666666666666,pos,Farm,IT2
ASV_00592,ASV_00829,0.5,pos,Farm,IT2
ASV_00592,ASV_00842,0.4859154929577465,pos,Farm,IT2
ASV_00592,ASV_00865,0.5531914893617021,pos,Farm,IT2
ASV_00592,ASV_00891,0.5608108108108109,pos,Farm,IT2
ASV_00592,ASV_00906,0.5369127516778524,pos,Farm,IT2
ASV_00592,ASV_00909,0.5285714285714286,pos,Farm,IT2
ASV_00592,ASV_00935,0.5244755244755245,pos,Farm,IT2
ASV_00592,ASV_00959,0.5138888888888888,pos,Farm,IT2
ASV_00592,ASV_00984,0.5103448275862069,pos,Farm,IT2
ASV_00592,ASV_01092,0.5337837837837838,pos,Farm,IT2
ASV_00592,ASV_01459,0.5140845070422535,pos,Farm,IT2
ASV_00592,ASV_01578,0.5422535211267606,pos,Farm,IT2
ASV_00594,ASV_00620,0.5205479452054794,pos,Farm,IT2
ASV_00594,ASV_00628,0.5140845070422535,pos,Farm,IT2
ASV_00594,ASV_00633,0.5172413793103449,pos,Farm,IT2
ASV_00594,ASV_00645,0.5217391304347826,pos,Farm,IT2
ASV_00594,ASV_00651,0.528169014084507,pos,Farm,IT2
ASV_00594,ASV_00656,0.5422535211267606,pos,Farm,IT2
ASV_00594,ASV_00668,0.4965034965034965,pos,Farm,IT2
ASV_00594,ASV_00671,0.5070422535211268,pos,Farm,IT2
ASV_00594,ASV_00673,0.5510204081632653,pos,Farm,IT2
ASV_00594,ASV_00679,0.5205479452054794,pos,Farm,IT2
ASV_00594,ASV_00687,0.5069444444444444,pos,Farm,IT2
ASV_00594,ASV_00724,0.4965034965034965,pos,Farm,IT2
ASV_00594,ASV_00734,0.5241379310344828,pos,Farm,IT2
ASV_00594,ASV_00769,0.5611510791366906,pos,Farm,IT2
ASV_00594,ASV_00772,0.5352112676056338,pos,Farm,IT2
ASV_00594,ASV_00808,0.539568345323741,pos,Farm,IT2
ASV_00594,ASV_00817,0.527027027027027,pos,Farm,IT2
ASV_00594,ASV_00821,0.5172413793103449,pos,Farm,IT2
ASV_00594,ASV_00829,0.5319148936170213,pos,Farm,IT2
ASV_00594,ASV_00865,0.5103448275862069,pos,Farm,IT2
ASV_00594,ASV_00880,0.5214285714285715,pos,Farm,IT2
ASV_00594,ASV_00931,0.539568345323741,pos,Farm,IT2
ASV_00594,ASV_00935,0.5352112676056338,pos,Farm,IT2
ASV_00594,ASV_00989,0.5,pos,Farm,IT2
ASV_00594,ASV_01023,0.541095890410959,pos,Farm,IT2
ASV_00594,ASV_01071,0.5140845070422535,pos,Farm,IT2
ASV_00594,ASV_01087,0.5277777777777778,pos,Farm,IT2
ASV_00594,ASV_01101,0.5454545454545454,pos,Farm,IT2
ASV_00594,ASV_01124,0.5138888888888888,pos,Farm,IT2
ASV_00594,ASV_01179,0.5035460992907801,pos,Farm,IT2
ASV_00594,ASV_01267,0.5211267605633803,pos,Farm,IT2
ASV_00594,ASV_01342,0.5369127516778524,pos,Farm,IT2
ASV_00594,ASV_01459,0.5140845070422535,pos,Farm,IT2
ASV_00594,ASV_01503,0.5172413793103449,pos,Farm,IT2
ASV_00594,ASV_01512,0.4928571428571429,pos,Farm,IT2
ASV_00594,ASV_01541,0.5277777777777778,pos,Farm,IT2
ASV_00594,ASV_01941,0.5454545454545454,pos,Farm,IT2
ASV_00594,ASV_02332,0.5594405594405595,pos,Farm,IT2
ASV_00595,ASV_00615,0.4927536231884058,pos,Farm,IT2
ASV_00595,ASV_00620,0.5244755244755245,pos,Farm,IT2
ASV_00595,ASV_00622,0.5037037037037037,pos,Farm,IT2
ASV_00595,ASV_00630,0.49635036496350365,pos,Farm,IT2
ASV_00595,ASV_00633,0.5211267605633803,pos,Farm,IT2
ASV_00595,ASV_00635,0.5347222222222222,pos,Farm,IT2
ASV_00595,ASV_00643,0.4965034965034965,pos,Farm,IT2
ASV_00595,ASV_00645,0.48201438848920863,pos,Farm,IT2
ASV_00595,ASV_00656,0.5034965034965035,pos,Farm,IT2
ASV_00595,ASV_00665,0.48201438848920863,pos,Farm,IT2
ASV_00595,ASV_00676,0.5205479452054794,pos,Farm,IT2
ASV_00595,ASV_00687,0.5,pos,Farm,IT2
ASV_00595,ASV_00718,0.4927536231884058,pos,Farm,IT2
ASV_00595,ASV_00721,0.5073529411764706,pos,Farm,IT2
ASV_00595,ASV_00757,0.5069444444444444,pos,Farm,IT2
ASV_00595,ASV_00760,0.5454545454545454,pos,Farm,IT2
ASV_00595,ASV_00789,0.5034965034965035,pos,Farm,IT2
ASV_00595,ASV_00798,0.5103448275862069,pos,Farm,IT2
ASV_00595,ASV_00807,0.524822695035461,pos,Farm,IT2
ASV_00595,ASV_00808,0.48936170212765956,pos,Farm,IT2
ASV_00595,ASV_00809,0.5302013422818792,pos,Farm,IT2
ASV_00595,ASV_00811,0.5244755244755245,pos,Farm,IT2
ASV_00595,ASV_00815,0.5369127516778524,pos,Farm,IT2
ASV_00595,ASV_00817,0.5310344827586206,pos,Farm,IT2
ASV_00595,ASV_00822,0.524822695035461,pos,Farm,IT2
ASV_00595,ASV_00845,0.4748201438848921,pos,Farm,IT2
ASV_00595,ASV_00865,0.5467625899280576,pos,Farm,IT2
ASV_00595,ASV_00875,0.5815602836879432,pos,Farm,IT2
ASV_00595,ASV_00890,0.5104895104895105,pos,Farm,IT2
ASV_00595,ASV_00931,0.5328467153284672,pos,Farm,IT2
ASV_00595,ASV_00959,0.4965034965034965,pos,Farm,IT2
ASV_00595,ASV_00984,0.524822695035461,pos,Farm,IT2
ASV_00595,ASV_01048,0.49295774647887325,pos,Farm,IT2
ASV_00595,ASV_01065,0.4785714285714286,pos,Farm,IT2
ASV_00595,ASV_01071,0.5071428571428571,pos,Farm,IT2
ASV_00595,ASV_01090,0.5172413793103449,pos,Farm,IT2
ASV_00595,ASV_01119,0.5170068027210885,pos,Farm,IT2
ASV_00595,ASV_01204,0.5136986301369864,pos,Farm,IT2
ASV_00595,ASV_01253,0.5507246376811594,pos,Farm,IT2
ASV_00595,ASV_01276,0.4785714285714286,pos,Farm,IT2
ASV_00595,ASV_01288,0.5174825174825175,pos,Farm,IT2
ASV_00595,ASV_01459,0.5071428571428571,pos,Farm,IT2
ASV_00595,ASV_02332,0.5208333333333334,pos,Farm,IT2
ASV_00596,ASV_00612,0.4859154929577465,pos,Farm,IT2
ASV_00596,ASV_00615,0.4632352941176471,pos,Farm,IT2
ASV_00596,ASV_00618,0.4927536231884058,pos,Farm,IT2
ASV_00596,ASV_00620,0.49645390070921985,pos,Farm,IT2
ASV_00596,ASV_00630,0.4666666666666667,pos,Farm,IT2
ASV_00596,ASV_00633,0.4928571428571429,pos,Farm,IT2
ASV_00596,ASV_00635,0.5070422535211268,pos,Farm,IT2
ASV_00596,ASV_00643,0.4785714285714286,pos,Farm,IT2
ASV_00596,ASV_00654,0.47058823529411764,pos,Farm,IT2
ASV_00596,ASV_00662,0.463768115942029,pos,Farm,IT2
ASV_00596,ASV_00668,0.47101449275362317,pos,Farm,IT2
ASV_00596,ASV_00676,0.5034965034965035,pos,Farm,IT2
ASV_00596,ASV_00679,0.4859154929577465,pos,Farm,IT2
ASV_00596,ASV_00687,0.4927536231884058,pos,Farm,IT2
ASV_00596,ASV_00714,0.47761194029850745,pos,Farm,IT2
ASV_00596,ASV_00728,0.45925925925925926,pos,Farm,IT2
ASV_00596,ASV_00732,0.5111111111111111,pos,Farm,IT2
ASV_00596,ASV_00760,0.5177304964539007,pos,Farm,IT2
ASV_00596,ASV_00798,0.5035460992907801,pos,Farm,IT2
ASV_00596,ASV_00807,0.5072463768115942,pos,Farm,IT2
ASV_00596,ASV_00811,0.49645390070921985,pos,Farm,IT2
ASV_00596,ASV_00821,0.5144927536231884,pos,Farm,IT2
ASV_00596,ASV_00865,0.5072463768115942,pos,Farm,IT2
ASV_00596,ASV_00891,0.5172413793103449,pos,Farm,IT2
ASV_00596,ASV_00952,0.4962962962962963,pos,Farm,IT2
ASV_00596,ASV_00958,0.4927536231884058,pos,Farm,IT2
ASV_00596,ASV_00966,0.45185185185185184,pos,Farm,IT2
ASV_00596,ASV_00984,0.4857142857142857,pos,Farm,IT2
ASV_00596,ASV_00987,0.47101449275362317,pos,Farm,IT2
ASV_00596,ASV_01023,0.5070422535211268,pos,Farm,IT2
ASV_00596,ASV_01071,0.4676258992805755,pos,Farm,IT2
ASV_00596,ASV_01223,0.44029850746268656,pos,Farm,IT2
ASV_00596,ASV_01276,0.45985401459854014,pos,Farm,IT2
ASV_00596,ASV_01385,0.4748201438848921,pos,Farm,IT2
ASV_00596,ASV_01503,0.48226950354609927,pos,Farm,IT2
ASV_00596,ASV_01840,0.48201438848920863,pos,Farm,IT2
ASV_00596,ASV_02020,0.4748201438848921,pos,Farm,IT2
ASV_00611,ASV_00612,0.5306122448979592,pos,Farm,IT2
ASV_00611,ASV_00643,0.5241379310344828,pos,Farm,IT2
ASV_00611,ASV_00654,0.4965034965034965,pos,Farm,IT2
ASV_00611,ASV_00671,0.5174825174825175,pos,Farm,IT2
ASV_00611,ASV_00697,0.5070422535211268,pos,Farm,IT2
ASV_00611,ASV_00709,0.5172413793103449,pos,Farm,IT2
ASV_00611,ASV_00718,0.5434782608695652,pos,Farm,IT2
ASV_00611,ASV_00778,0.49640287769784175,pos,Farm,IT2
ASV_00611,ASV_00789,0.5205479452054794,pos,Farm,IT2
ASV_00611,ASV_00869,0.5833333333333334,pos,Farm,IT2
ASV_00611,ASV_00890,0.5273972602739726,pos,Farm,IT2
ASV_00611,ASV_00912,0.5,pos,Farm,IT2
ASV_00611,ASV_00935,0.5136986301369864,pos,Farm,IT2
ASV_00611,ASV_00959,0.5454545454545454,pos,Farm,IT2
ASV_00611,ASV_01087,0.5486111111111112,pos,Farm,IT2
ASV_00611,ASV_01119,0.5540540540540541,pos,Farm,IT2
ASV_00611,ASV_01253,0.5347222222222222,pos,Farm,IT2
ASV_00611,ASV_01458,0.5071428571428571,pos,Farm,IT2
ASV_00611,ASV_01840,0.5172413793103449,pos,Farm,IT2
ASV_00611,ASV_02020,0.5314685314685315,pos,Farm,IT2
ASV_00612,ASV_00615,0.4965034965034965,pos,Farm,IT2
ASV_00612,ASV_00651,0.5347222222222222,pos,Farm,IT2
ASV_00612,ASV_00654,0.5467625899280576,pos,Farm,IT2
ASV_00612,ASV_00714,0.5214285714285715,pos,Farm,IT2
ASV_00612,ASV_00727,0.5174825174825175,pos,Farm,IT2
ASV_00612,ASV_00728,0.49295774647887325,pos,Farm,IT2
ASV_00612,ASV_00769,0.5241379310344828,pos,Farm,IT2
ASV_00612,ASV_00781,0.5136986301369864,pos,Farm,IT2
ASV_00612,ASV_00789,0.5815602836879432,pos,Farm,IT2
ASV_00612,ASV_00793,0.5244755244755245,pos,Farm,IT2
ASV_00612,ASV_00806,0.5510204081632653,pos,Farm,IT2
ASV_00612,ASV_00821,0.5238095238095238,pos,Farm,IT2
ASV_00612,ASV_00929,0.5337837837837838,pos,Farm,IT2
ASV_00612,ASV_00984,0.5379310344827586,pos,Farm,IT2
ASV_00612,ASV_00989,0.49645390070921985,pos,Farm,IT2
ASV_00612,ASV_01092,0.5608108108108109,pos,Farm,IT2
ASV_00612,ASV_01267,0.5277777777777778,pos,Farm,IT2
ASV_00612,ASV_01385,0.5714285714285714,pos,Farm,IT2
ASV_00612,ASV_01417,0.5136986301369864,pos,Farm,IT2
ASV_00612,ASV_01458,0.49295774647887325,pos,Farm,IT2
ASV_00612,ASV_01541,0.5238095238095238,pos,Farm,IT2
ASV_00612,ASV_01578,0.5379310344827586,pos,Farm,IT2
ASV_00613,ASV_00651,0.5036496350364964,pos,Farm,IT2
ASV_00613,ASV_00654,0.47058823529411764,pos,Farm,IT2
ASV_00613,ASV_00662,0.4744525547445255,pos,Farm,IT2
ASV_00613,ASV_00671,0.49264705882352944,pos,Farm,IT2
ASV_00613,ASV_00679,0.49645390070921985,pos,Farm,IT2
ASV_00613,ASV_00732,0.4676258992805755,pos,Farm,IT2
ASV_00613,ASV_00769,0.4714285714285714,pos,Farm,IT2
ASV_00613,ASV_00793,0.5149253731343284,pos,Farm,IT2
ASV_00613,ASV_00801,0.4740740740740741,pos,Farm,IT2
ASV_00613,ASV_00809,0.5241379310344828,pos,Farm,IT2
ASV_00613,ASV_00842,0.48148148148148145,pos,Farm,IT2
ASV_00613,ASV_00845,0.47761194029850745,pos,Farm,IT2
ASV_00613,ASV_00966,0.45185185185185184,pos,Farm,IT2
ASV_00613,ASV_01124,0.4785714285714286,pos,Farm,IT2
ASV_00613,ASV_01204,0.4965034965034965,pos,Farm,IT2
ASV_00613,ASV_01249,0.48175182481751827,pos,Farm,IT2
ASV_00613,ASV_01276,0.48148148148148145,pos,Farm,IT2
ASV_00613,ASV_01328,0.4676258992805755,pos,Farm,IT2
ASV_00613,ASV_01417,0.4714285714285714,pos,Farm,IT2
ASV_00613,ASV_01508,0.48951048951048953,pos,Farm,IT2
ASV_00615,ASV_00618,0.5035971223021583,pos,Farm,IT2
ASV_00615,ASV_00633,0.5251798561151079,pos,Farm,IT2
ASV_00615,ASV_00638,0.5070422535211268,pos,Farm,IT2
ASV_00615,ASV_00666,0.5319148936170213,pos,Farm,IT2
ASV_00615,ASV_00676,0.5352112676056338,pos,Farm,IT2
ASV_00615,ASV_00686,0.5514705882352942,pos,Farm,IT2
ASV_00615,ASV_00709,0.5367647058823529,pos,Farm,IT2
ASV_00615,ASV_00726,0.48951048951048953,pos,Farm,IT2
ASV_00615,ASV_00728,0.45985401459854014,pos,Farm,IT2
ASV_00615,ASV_00734,0.5214285714285715,pos,Farm,IT2
ASV_00615,ASV_00757,0.5106382978723404,pos,Farm,IT2
ASV_00615,ASV_00760,0.5174825174825175,pos,Farm,IT2
ASV_00615,ASV_00782,0.48226950354609927,pos,Farm,IT2
ASV_00615,ASV_00789,0.49645390070921985,pos,Farm,IT2
ASV_00615,ASV_00807,0.49645390070921985,pos,Farm,IT2
ASV_00615,ASV_00811,0.5070422535211268,pos,Farm,IT2
ASV_00615,ASV_00815,0.541095890410959,pos,Farm,IT2
ASV_00615,ASV_00817,0.503448275862069,pos,Farm,IT2
ASV_00615,ASV_00865,0.49645390070921985,pos,Farm,IT2
ASV_00615,ASV_00875,0.5103448275862069,pos,Farm,IT2
ASV_00615,ASV_00880,0.49635036496350365,pos,Farm,IT2
ASV_00615,ASV_00890,0.5035460992907801,pos,Farm,IT2
ASV_00615,ASV_00931,0.48201438848920863,pos,Farm,IT2
ASV_00615,ASV_00958,0.48226950354609927,pos,Farm,IT2
ASV_00615,ASV_00984,0.4859154929577465,pos,Farm,IT2
ASV_00615,ASV_00987,0.4927536231884058,pos,Farm,IT2
ASV_00615,ASV_01023,0.5174825174825175,pos,Farm,IT2
ASV_00615,ASV_01087,0.49295774647887325,pos,Farm,IT2
ASV_00615,ASV_01119,0.5103448275862069,pos,Farm,IT2
ASV_00615,ASV_01152,0.5072463768115942,pos,Farm,IT2
ASV_00615,ASV_01179,0.4676258992805755,pos,Farm,IT2
ASV_00615,ASV_01223,0.45185185185185184,pos,Farm,IT2
ASV_00615,ASV_01288,0.5,pos,Farm,IT2
ASV_00615,ASV_01349,0.5107913669064749,pos,Farm,IT2
ASV_00615,ASV_01426,0.49264705882352944,pos,Farm,IT2
ASV_00615,ASV_01508,0.5211267605633803,pos,Farm,IT2
ASV_00615,ASV_01578,0.49645390070921985,pos,Farm,IT2
ASV_00615,ASV_01941,0.5323741007194245,pos,Farm,IT2
ASV_00615,ASV_02149,0.4782608695652174,pos,Farm,IT2
ASV_00618,ASV_00620,0.5136986301369864,pos,Farm,IT2
ASV_00618,ASV_00628,0.5177304964539007,pos,Farm,IT2
ASV_00618,ASV_00635,0.5664335664335665,pos,Farm,IT2
ASV_00618,ASV_00651,0.5319148936170213,pos,Farm,IT2
ASV_00618,ASV_00662,0.49295774647887325,pos,Farm,IT2
ASV_00618,ASV_00676,0.541095890410959,pos,Farm,IT2
ASV_00618,ASV_00687,0.5428571428571428,pos,Farm,IT2
ASV_00618,ASV_00721,0.4857142857142857,pos,Farm,IT2
ASV_00618,ASV_00758,0.5208333333333334,pos,Farm,IT2
ASV_00618,ASV_00801,0.5035971223021583,pos,Farm,IT2
ASV_00618,ASV_00808,0.5,pos,Farm,IT2
ASV_00618,ASV_00809,0.5503355704697986,pos,Farm,IT2
ASV_00618,ASV_00817,0.5625,pos,Farm,IT2
ASV_00618,ASV_00822,0.5244755244755245,pos,Farm,IT2
ASV_00618,ASV_00843,0.5241379310344828,pos,Farm,IT2
ASV_00618,ASV_00875,0.547945205479452,pos,Farm,IT2
ASV_00618,ASV_00890,0.5103448275862069,pos,Farm,IT2
ASV_00618,ASV_00909,0.5,pos,Farm,IT2
ASV_00618,ASV_00912,0.48201438848920863,pos,Farm,IT2
ASV_00618,ASV_00924,0.4855072463768116,pos,Farm,IT2
ASV_00618,ASV_01018,0.5106382978723404,pos,Farm,IT2
ASV_00618,ASV_01023,0.5342465753424658,pos,Farm,IT2
ASV_00618,ASV_01087,0.5103448275862069,pos,Farm,IT2
ASV_00618,ASV_01124,0.5069444444444444,pos,Farm,IT2
ASV_00618,ASV_01153,0.49295774647887325,pos,Farm,IT2
ASV_00618,ASV_01204,0.5238095238095238,pos,Farm,IT2
ASV_00618,ASV_01249,0.5,pos,Farm,IT2
ASV_00618,ASV_01276,0.5107913669064749,pos,Farm,IT2
ASV_00618,ASV_01426,0.48936170212765956,pos,Farm,IT2
ASV_00618,ASV_01503,0.5422535211267606,pos,Farm,IT2
ASV_00620,ASV_00628,0.5208333333333334,pos,Farm,IT2
ASV_00620,ASV_00630,0.5,pos,Farm,IT2
ASV_00620,ASV_00633,0.5238095238095238,pos,Farm,IT2
ASV_00620,ASV_00635,0.5578231292517006,pos,Farm,IT2
ASV_00620,ASV_00636,0.5945945945945946,pos,Farm,IT2
ASV_00620,ASV_00643,0.5310344827586206,pos,Farm,IT2
ASV_00620,ASV_00651,0.5454545454545454,pos,Farm,IT2
ASV_00620,ASV_00654,0.5467625899280576,pos,Farm,IT2
ASV_00620,ASV_00656,0.5273972602739726,pos,Farm,IT2
ASV_00620,ASV_00662,0.528169014084507,pos,Farm,IT2
ASV_00620,ASV_00665,0.5177304964539007,pos,Farm,IT2
ASV_00620,ASV_00668,0.5244755244755245,pos,Farm,IT2
ASV_00620,ASV_00671,0.5912408759124088,pos,Farm,IT2
ASV_00620,ASV_00697,0.524822695035461,pos,Farm,IT2
ASV_00620,ASV_00709,0.5241379310344828,pos,Farm,IT2
ASV_00620,ASV_00718,0.5070422535211268,pos,Farm,IT2
ASV_00620,ASV_00721,0.48951048951048953,pos,Farm,IT2
ASV_00620,ASV_00758,0.5448275862068965,pos,Farm,IT2
ASV_00620,ASV_00760,0.5793103448275863,pos,Farm,IT2
ASV_00620,ASV_00769,0.5563380281690141,pos,Farm,IT2
ASV_00620,ASV_00772,0.5633802816901409,pos,Farm,IT2
ASV_00620,ASV_00781,0.5136986301369864,pos,Farm,IT2
ASV_00620,ASV_00782,0.5347222222222222,pos,Farm,IT2
ASV_00620,ASV_00798,0.54421768707483,pos,Farm,IT2
ASV_00620,ASV_00806,0.5833333333333334,pos,Farm,IT2
ASV_00620,ASV_00807,0.5704225352112676,pos,Farm,IT2
ASV_00620,ASV_00809,0.6054421768707483,pos,Farm,IT2
ASV_00620,ASV_00829,0.5492957746478874,pos,Farm,IT2
ASV_00620,ASV_00875,0.5821917808219178,pos,Farm,IT2
ASV_00620,ASV_00890,0.5555555555555556,pos,Farm,IT2
ASV_00620,ASV_00912,0.5071428571428571,pos,Farm,IT2
ASV_00620,ASV_00984,0.5273972602739726,pos,Farm,IT2
ASV_00620,ASV_01065,0.5034965034965035,pos,Farm,IT2
ASV_00620,ASV_01071,0.5642857142857143,pos,Farm,IT2
ASV_00620,ASV_01092,0.5503355704697986,pos,Farm,IT2
ASV_00620,ASV_01101,0.541095890410959,pos,Farm,IT2
ASV_00620,ASV_01119,0.5821917808219178,pos,Farm,IT2
ASV_00620,ASV_01250,0.5436241610738255,pos,Farm,IT2
ASV_00620,ASV_01267,0.5384615384615384,pos,Farm,IT2
ASV_00620,ASV_01288,0.5517241379310345,pos,Farm,IT2
ASV_00620,ASV_01328,0.5642857142857143,pos,Farm,IT2
ASV_00620,ASV_01417,0.5241379310344828,pos,Farm,IT2
ASV_00620,ASV_01578,0.5273972602739726,pos,Farm,IT2
ASV_00620,ASV_02149,0.5104895104895105,pos,Farm,IT2
ASV_00620,ASV_02332,0.5337837837837838,pos,Farm,IT2
ASV_00622,ASV_00643,0.5109489051094891,pos,Farm,IT2
ASV_00622,ASV_00645,0.48507462686567165,pos,Farm,IT2
ASV_00622,ASV_00651,0.4927536231884058,pos,Farm,IT2
ASV_00622,ASV_00668,0.48175182481751827,pos,Farm,IT2
ASV_00622,ASV_00671,0.48175182481751827,pos,Farm,IT2
ASV_00622,ASV_00679,0.49645390070921985,pos,Farm,IT2
ASV_00622,ASV_00687,0.4714285714285714,pos,Farm,IT2
ASV_00622,ASV_00697,0.47058823529411764,pos,Farm,IT2
ASV_00622,ASV_00732,0.4782608695652174,pos,Farm,IT2
ASV_00622,ASV_00757,0.48936170212765956,pos,Farm,IT2
ASV_00622,ASV_00758,0.48226950354609927,pos,Farm,IT2
ASV_00622,ASV_00760,0.4965034965034965,pos,Farm,IT2
ASV_00622,ASV_00807,0.4857142857142857,pos,Farm,IT2
ASV_00622,ASV_00811,0.4859154929577465,pos,Farm,IT2
ASV_00622,ASV_00815,0.5102040816326531,pos,Farm,IT2
ASV_00622,ASV_00822,0.5294117647058824,pos,Farm,IT2
ASV_00622,ASV_00829,0.4855072463768116,pos,Farm,IT2
ASV_00622,ASV_00842,0.47058823529411764,pos,Farm,IT2
ASV_00622,ASV_00843,0.49645390070921985,pos,Farm,IT2
ASV_00622,ASV_00845,0.45588235294117646,pos,Farm,IT2
ASV_00622,ASV_00906,0.5244755244755245,pos,Farm,IT2
ASV_00622,ASV_00912,0.4626865671641791,pos,Farm,IT2
ASV_00622,ASV_00924,0.46616541353383456,pos,Farm,IT2
ASV_00622,ASV_01018,0.48175182481751827,pos,Farm,IT2
ASV_00622,ASV_01065,0.45985401459854014,pos,Farm,IT2
ASV_00622,ASV_01071,0.4782608695652174,pos,Farm,IT2
ASV_00622,ASV_01092,0.5319148936170213,pos,Farm,IT2
ASV_00622,ASV_01204,0.5070422535211268,pos,Farm,IT2
ASV_00622,ASV_01250,0.524822695035461,pos,Farm,IT2
ASV_00622,ASV_01253,0.4785714285714286,pos,Farm,IT2
ASV_00622,ASV_01288,0.48936170212765956,pos,Farm,IT2
ASV_00622,ASV_01342,0.503448275862069,pos,Farm,IT2
ASV_00622,ASV_01368,0.4892086330935252,pos,Farm,IT2
ASV_00622,ASV_01426,0.45985401459854014,pos,Farm,IT2
ASV_00622,ASV_01491,0.4714285714285714,pos,Farm,IT2
ASV_00622,ASV_01503,0.48226950354609927,pos,Farm,IT2
ASV_00628,ASV_00636,0.5684931506849316,pos,Farm,IT2
ASV_00628,ASV_00643,0.524822695035461,pos,Farm,IT2
ASV_00628,ASV_00651,0.5177304964539007,pos,Farm,IT2
ASV_00628,ASV_00654,0.5072463768115942,pos,Farm,IT2
ASV_00628,ASV_00668,0.5179856115107914,pos,Farm,IT2
ASV_00628,ASV_00671,0.5289855072463768,pos,Farm,IT2
ASV_00628,ASV_00687,0.5070422535211268,pos,Farm,IT2
ASV_00628,ASV_00718,0.5220588235294118,pos,Farm,IT2
ASV_00628,ASV_00724,0.49645390070921985,pos,Farm,IT2
ASV_00628,ASV_00772,0.5140845070422535,pos,Farm,IT2
ASV_00628,ASV_00778,0.4852941176470588,pos,Farm,IT2
ASV_00628,ASV_00781,0.4965034965034965,pos,Farm,IT2
ASV_00628,ASV_00798,0.5277777777777778,pos,Farm,IT2
ASV_00628,ASV_00801,0.4785714285714286,pos,Farm,IT2
ASV_00628,ASV_00822,0.5539568345323741,pos,Farm,IT2
ASV_00628,ASV_00829,0.5434782608695652,pos,Farm,IT2
ASV_00628,ASV_00869,0.5205479452054794,pos,Farm,IT2
ASV_00628,ASV_00873,0.5,pos,Farm,IT2
ASV_00628,ASV_00890,0.5174825174825175,pos,Farm,IT2
ASV_00628,ASV_00912,0.5,pos,Farm,IT2
ASV_00628,ASV_00929,0.5172413793103449,pos,Farm,IT2
ASV_00628,ASV_00984,0.5211267605633803,pos,Farm,IT2
ASV_00628,ASV_00989,0.5,pos,Farm,IT2
ASV_00628,ASV_01023,0.5857142857142857,pos,Farm,IT2
ASV_00628,ASV_01048,0.5106382978723404,pos,Farm,IT2
ASV_00628,ASV_01065,0.5072463768115942,pos,Farm,IT2
ASV_00628,ASV_01071,0.5142857142857142,pos,Farm,IT2
ASV_00628,ASV_01101,0.5138888888888888,pos,Farm,IT2
ASV_00628,ASV_01249,0.5514705882352942,pos,Farm,IT2
ASV_00628,ASV_01250,0.5594405594405595,pos,Farm,IT2
ASV_00628,ASV_01253,0.5034965034965035,pos,Farm,IT2
ASV_00628,ASV_01267,0.5,pos,Farm,IT2
ASV_00628,ASV_01417,0.5070422535211268,pos,Farm,IT2
ASV_00628,ASV_01426,0.49640287769784175,pos,Farm,IT2
ASV_00628,ASV_01458,0.5073529411764706,pos,Farm,IT2
ASV_00628,ASV_01503,0.572463768115942,pos,Farm,IT2
ASV_00628,ASV_02149,0.4928571428571429,pos,Farm,IT2
ASV_00630,ASV_00633,0.49645390070921985,pos,Farm,IT2
ASV_00630,ASV_00636,0.5273972602739726,pos,Farm,IT2
ASV_00630,ASV_00643,0.5367647058823529,pos,Farm,IT2
ASV_00630,ASV_00656,0.48936170212765956,pos,Farm,IT2
ASV_00630,ASV_00662,0.4782608695652174,pos,Farm,IT2
ASV_00630,ASV_00666,0.5140845070422535,pos,Farm,IT2
ASV_00630,ASV_00676,0.5069444444444444,pos,Farm,IT2
ASV_00630,ASV_00721,0.47058823529411764,pos,Farm,IT2
ASV_00630,ASV_00728,0.4740740740740741,pos,Farm,IT2
ASV_00630,ASV_00757,0.5142857142857142,pos,Farm,IT2
ASV_00630,ASV_00758,0.4859154929577465,pos,Farm,IT2
ASV_00630,ASV_00778,0.4626865671641791,pos,Farm,IT2
ASV_00630,ASV_00789,0.48936170212765956,pos,Farm,IT2
ASV_00630,ASV_00798,0.4965034965034965,pos,Farm,IT2
ASV_00630,ASV_00806,0.5034965034965035,pos,Farm,IT2
ASV_00630,ASV_00808,0.49635036496350365,pos,Farm,IT2
ASV_00630,ASV_00848,0.48951048951048953,pos,Farm,IT2
ASV_00630,ASV_00869,0.5104895104895105,pos,Farm,IT2
ASV_00630,ASV_00880,0.4676258992805755,pos,Farm,IT2
ASV_00630,ASV_00890,0.49645390070921985,pos,Farm,IT2
ASV_00630,ASV_00891,0.5205479452054794,pos,Farm,IT2
ASV_00630,ASV_00906,0.5172413793103449,pos,Farm,IT2
ASV_00630,ASV_00909,0.4855072463768116,pos,Farm,IT2
ASV_00630,ASV_00912,0.45588235294117646,pos,Farm,IT2
ASV_00630,ASV_00989,0.5114503816793893,pos,Farm,IT2
ASV_00630,ASV_01048,0.4892086330935252,pos,Farm,IT2
ASV_00630,ASV_01065,0.4962962962962963,pos,Farm,IT2
ASV_00630,ASV_01092,0.5138888888888888,pos,Farm,IT2
ASV_00630,ASV_01119,0.5138888888888888,pos,Farm,IT2
ASV_00630,ASV_01179,0.48175182481751827,pos,Farm,IT2
ASV_00630,ASV_01276,0.4962962962962963,pos,Farm,IT2
ASV_00630,ASV_01342,0.5068493150684932,pos,Farm,IT2
ASV_00630,ASV_01508,0.5034965034965035,pos,Farm,IT2
ASV_00630,ASV_02020,0.5447761194029851,pos,Farm,IT2
ASV_00633,ASV_00635,0.54421768707483,pos,Farm,IT2
ASV_00633,ASV_00636,0.56,pos,Farm,IT2
ASV_00633,ASV_00643,0.5277777777777778,pos,Farm,IT2
ASV_00633,ASV_00651,0.5103448275862069,pos,Farm,IT2
ASV_00633,ASV_00662,0.524822695035461,pos,Farm,IT2
ASV_00633,ASV_00671,0.5,pos,Farm,IT2
ASV_00633,ASV_00679,0.5238095238095238,pos,Farm,IT2
ASV_00633,ASV_00718,0.49295774647887325,pos,Farm,IT2
ASV_00633,ASV_00757,0.5379310344827586,pos,Farm,IT2
ASV_00633,ASV_00758,0.5205479452054794,pos,Farm,IT2
ASV_00633,ASV_00760,0.54421768707483,pos,Farm,IT2
ASV_00633,ASV_00769,0.5208333333333334,pos,Farm,IT2
ASV_00633,ASV_00782,0.5103448275862069,pos,Farm,IT2
ASV_00633,ASV_00793,0.5,pos,Farm,IT2
ASV_00633,ASV_00801,0.5035460992907801,pos,Farm,IT2
ASV_00633,ASV_00807,0.5241379310344828,pos,Farm,IT2
ASV_00633,ASV_00808,0.5319148936170213,pos,Farm,IT2
ASV_00633,ASV_00811,0.5342465753424658,pos,Farm,IT2
ASV_00633,ASV_00815,0.5666666666666667,pos,Farm,IT2
ASV_00633,ASV_00829,0.5244755244755245,pos,Farm,IT2
ASV_00633,ASV_00865,0.5241379310344828,pos,Farm,IT2
ASV_00633,ASV_00906,0.5714285714285714,pos,Farm,IT2
ASV_00633,ASV_00929,0.541095890410959,pos,Farm,IT2
ASV_00633,ASV_00931,0.5211267605633803,pos,Farm,IT2
ASV_00633,ASV_00958,0.5103448275862069,pos,Farm,IT2
ASV_00633,ASV_00984,0.5136986301369864,pos,Farm,IT2
ASV_00633,ASV_01048,0.5138888888888888,pos,Farm,IT2
ASV_00633,ASV_01071,0.5069444444444444,pos,Farm,IT2
ASV_00633,ASV_01092,0.5472972972972973,pos,Farm,IT2
ASV_00633,ASV_01119,0.5578231292517006,pos,Farm,IT2
ASV_00633,ASV_01223,0.4927536231884058,pos,Farm,IT2
ASV_00633,ASV_01288,0.5273972602739726,pos,Farm,IT2
ASV_00633,ASV_01342,0.5503355704697986,pos,Farm,IT2
ASV_00633,ASV_01458,0.5,pos,Farm,IT2
ASV_00633,ASV_01459,0.5390070921985816,pos,Farm,IT2
ASV_00633,ASV_01503,0.5310344827586206,pos,Farm,IT2
ASV_00633,ASV_01512,0.4859154929577465,pos,Farm,IT2
ASV_00633,ASV_01941,0.5379310344827586,pos,Farm,IT2
ASV_00633,ASV_02020,0.5138888888888888,pos,Farm,IT2
ASV_00633,ASV_02149,0.5070422535211268,pos,Farm,IT2
ASV_00635,ASV_00643,0.5845070422535211,pos,Farm,IT2
ASV_00635,ASV_00654,0.503448275862069,pos,Farm,IT2
ASV_00635,ASV_00656,0.5374149659863946,pos,Farm,IT2
ASV_00635,ASV_00671,0.5454545454545454,pos,Farm,IT2
ASV_00635,ASV_00718,0.5174825174825175,pos,Farm,IT2
ASV_00635,ASV_00732,0.5205479452054794,pos,Farm,IT2
ASV_00635,ASV_00757,0.5405405405405406,pos,Farm,IT2
ASV_00635,ASV_00758,0.5337837837837838,pos,Farm,IT2
ASV_00635,ASV_00760,0.5570469798657718,pos,Farm,IT2
ASV_00635,ASV_00769,0.5238095238095238,pos,Farm,IT2
ASV_00635,ASV_00807,0.547945205479452,pos,Farm,IT2
ASV_00635,ASV_00808,0.5563380281690141,pos,Farm,IT2
ASV_00635,ASV_00821,0.5337837837837838,pos,Farm,IT2
ASV_00635,ASV_00822,0.5374149659863946,pos,Farm,IT2
ASV_00635,ASV_00843,0.5472972972972973,pos,Farm,IT2
ASV_00635,ASV_00865,0.5374149659863946,pos,Farm,IT2
ASV_00635,ASV_00873,0.5390070921985816,pos,Farm,IT2
ASV_00635,ASV_00890,0.54421768707483,pos,Farm,IT2
ASV_00635,ASV_00959,0.5625,pos,Farm,IT2
ASV_00635,ASV_01018,0.5136986301369864,pos,Farm,IT2
ASV_00635,ASV_01090,0.5503355704697986,pos,Farm,IT2
ASV_00635,ASV_01092,0.56,pos,Farm,IT2
ASV_00635,ASV_01249,0.5241379310344828,pos,Farm,IT2
ASV_00635,ASV_01512,0.5211267605633803,pos,Farm,IT2
ASV_00635,ASV_02149,0.5103448275862069,pos,Farm,IT2
ASV_00636,ASV_00638,0.5733333333333334,pos,Farm,IT2
ASV_00636,ASV_00643,0.5675675675675675,pos,Farm,IT2
ASV_00636,ASV_00651,0.5503355704697986,pos,Farm,IT2
ASV_00636,ASV_00654,0.5306122448979592,pos,Farm,IT2
ASV_00636,ASV_00656,0.5637583892617449,pos,Farm,IT2
ASV_00636,ASV_00671,0.5510204081632653,pos,Farm,IT2
ASV_00636,ASV_00709,0.5503355704697986,pos,Farm,IT2
ASV_00636,ASV_00718,0.5238095238095238,pos,Farm,IT2
ASV_00636,ASV_00724,0.5616438356164384,pos,Farm,IT2
ASV_00636,ASV_00734,0.5562913907284768,pos,Farm,IT2
ASV_00636,ASV_00760,0.5723684210526315,pos,Farm,IT2
ASV_00636,ASV_00769,0.5608108108108109,pos,Farm,IT2
ASV_00636,ASV_00772,0.5782312925170068,pos,Farm,IT2
ASV_00636,ASV_00778,0.5314685314685315,pos,Farm,IT2
ASV_00636,ASV_00801,0.5238095238095238,pos,Farm,IT2
ASV_00636,ASV_00806,0.5866666666666667,pos,Farm,IT2
ASV_00636,ASV_00807,0.5637583892617449,pos,Farm,IT2
ASV_00636,ASV_00815,0.6143790849673203,pos,Farm,IT2
ASV_00636,ASV_00821,0.5496688741721855,pos,Farm,IT2
ASV_00636,ASV_00873,0.5342465753424658,pos,Farm,IT2
ASV_00636,ASV_00890,0.5496688741721855,pos,Farm,IT2
ASV_00636,ASV_00906,0.5882352941176471,pos,Farm,IT2
ASV_00636,ASV_00909,0.5302013422818792,pos,Farm,IT2
ASV_00636,ASV_00912,0.5034013605442177,pos,Farm,IT2
ASV_00636,ASV_00931,0.5302013422818792,pos,Farm,IT2
ASV_00636,ASV_00935,0.5570469798657718,pos,Farm,IT2
ASV_00636,ASV_00959,0.5570469798657718,pos,Farm,IT2
ASV_00636,ASV_00966,0.5241379310344828,pos,Farm,IT2
ASV_00636,ASV_01092,0.5855263157894737,pos,Farm,IT2
ASV_00636,ASV_01101,0.5771812080536913,pos,Farm,IT2
ASV_00636,ASV_01124,0.5570469798657718,pos,Farm,IT2
ASV_00636,ASV_01153,0.5337837837837838,pos,Farm,IT2
ASV_00636,ASV_01179,0.527027027027027,pos,Farm,IT2
ASV_00636,ASV_01204,0.5723684210526315,pos,Farm,IT2
ASV_00636,ASV_01223,0.4931506849315068,pos,Farm,IT2
ASV_00636,ASV_01253,0.5570469798657718,pos,Farm,IT2
ASV_00636,ASV_01267,0.5436241610738255,pos,Farm,IT2
ASV_00636,ASV_01276,0.5202702702702703,pos,Farm,IT2
ASV_00636,ASV_01288,0.5562913907284768,pos,Farm,IT2
ASV_00636,ASV_01328,0.5578231292517006,pos,Farm,IT2
ASV_00636,ASV_01385,0.5540540540540541,pos,Farm,IT2
ASV_00636,ASV_01417,0.54,pos,Farm,IT2
ASV_00636,ASV_01426,0.5202702702702703,pos,Farm,IT2
ASV_00636,ASV_01458,0.5416666666666666,pos,Farm,IT2
ASV_00636,ASV_01578,0.6068965517241379,pos,Farm,IT2
ASV_00636,ASV_02149,0.5586206896551724,pos,Farm,IT2
ASV_00636,ASV_02332,0.58,pos,Farm,IT2
ASV_00638,ASV_00643,0.5310344827586206,pos,Farm,IT2
ASV_00638,ASV_00757,0.5625,pos,Farm,IT2
ASV_00638,ASV_00760,0.5793103448275863,pos,Farm,IT2
ASV_00638,ASV_00769,0.5454545454545454,pos,Farm,IT2
ASV_00638,ASV_00772,0.5416666666666666,pos,Farm,IT2
ASV_00638,ASV_00789,0.5273972602739726,pos,Farm,IT2
ASV_00638,ASV_00793,0.5244755244755245,pos,Farm,IT2
ASV_00638,ASV_00808,0.5352112676056338,pos,Farm,IT2
ASV_00638,ASV_00809,0.5629139072847682,pos,Farm,IT2
ASV_00638,ASV_00880,0.5174825174825175,pos,Farm,IT2
ASV_00638,ASV_00906,0.5850340136054422,pos,Farm,IT2
ASV_00638,ASV_00912,0.5071428571428571,pos,Farm,IT2
ASV_00638,ASV_00952,0.5174825174825175,pos,Farm,IT2
ASV_00638,ASV_01018,0.5244755244755245,pos,Farm,IT2
ASV_00638,ASV_01023,0.5902777777777778,pos,Farm,IT2
ASV_00638,ASV_01092,0.5608108108108109,pos,Farm,IT2
ASV_00638,ASV_01124,0.5524475524475524,pos,Farm,IT2
ASV_00638,ASV_01276,0.5140845070422535,pos,Farm,IT2
ASV_00638,ASV_01458,0.5142857142857142,pos,Farm,IT2
ASV_00638,ASV_01512,0.5,pos,Farm,IT2
ASV_00638,ASV_01941,0.5306122448979592,pos,Farm,IT2
ASV_00641,ASV_00758,0.5337837837837838,pos,Farm,IT2
ASV_00641,ASV_00798,0.5753424657534246,pos,Farm,IT2
ASV_00641,ASV_00807,0.547945205479452,pos,Farm,IT2
ASV_00641,ASV_00808,0.5136986301369864,pos,Farm,IT2
ASV_00641,ASV_00829,0.5273972602739726,pos,Farm,IT2
ASV_00641,ASV_00869,0.5570469798657718,pos,Farm,IT2
ASV_00641,ASV_00880,0.5172413793103449,pos,Farm,IT2
ASV_00641,ASV_00891,0.5657894736842105,pos,Farm,IT2
ASV_00641,ASV_00929,0.5436241610738255,pos,Farm,IT2
ASV_00641,ASV_00952,0.5277777777777778,pos,Farm,IT2
ASV_00641,ASV_01023,0.589041095890411,pos,Farm,IT2
ASV_00641,ASV_01071,0.5205479452054794,pos,Farm,IT2
ASV_00641,ASV_01087,0.5337837837837838,pos,Farm,IT2
ASV_00641,ASV_01276,0.5244755244755245,pos,Farm,IT2
ASV_00641,ASV_01491,0.5238095238095238,pos,Farm,IT2
ASV_00641,ASV_01541,0.54421768707483,pos,Farm,IT2
ASV_00643,ASV_00654,0.4859154929577465,pos,Farm,IT2
ASV_00643,ASV_00656,0.5103448275862069,pos,Farm,IT2
ASV_00643,ASV_00665,0.5107913669064749,pos,Farm,IT2
ASV_00643,ASV_00666,0.5448275862068965,pos,Farm,IT2
ASV_00643,ASV_00686,0.5422535211267606,pos,Farm,IT2
ASV_00643,ASV_00697,0.4859154929577465,pos,Farm,IT2
ASV_00643,ASV_00709,0.5174825174825175,pos,Farm,IT2
ASV_00643,ASV_00721,0.48226950354609927,pos,Farm,IT2
ASV_00643,ASV_00755,0.5337837837837838,pos,Farm,IT2
ASV_00643,ASV_00757,0.5454545454545454,pos,Farm,IT2
ASV_00643,ASV_00758,0.5277777777777778,pos,Farm,IT2
ASV_00643,ASV_00769,0.55,pos,Farm,IT2
ASV_00643,ASV_00781,0.5069444444444444,pos,Farm,IT2
ASV_00643,ASV_00801,0.5107913669064749,pos,Farm,IT2
ASV_00643,ASV_00806,0.5555555555555556,pos,Farm,IT2
ASV_00643,ASV_00808,0.5735294117647058,pos,Farm,IT2
ASV_00643,ASV_00809,0.5570469798657718,pos,Farm,IT2
ASV_00643,ASV_00811,0.5205479452054794,pos,Farm,IT2
ASV_00643,ASV_00822,0.5103448275862069,pos,Farm,IT2
ASV_00643,ASV_00829,0.5539568345323741,pos,Farm,IT2
ASV_00643,ASV_00848,0.5310344827586206,pos,Farm,IT2
ASV_00643,ASV_00865,0.5755395683453237,pos,Farm,IT2
ASV_00643,ASV_00869,0.541095890410959,pos,Farm,IT2
ASV_00643,ASV_00873,0.5,pos,Farm,IT2
ASV_00643,ASV_00880,0.5106382978723404,pos,Farm,IT2
ASV_00643,ASV_00891,0.5503355704697986,pos,Farm,IT2
ASV_00643,ASV_00906,0.5793103448275863,pos,Farm,IT2
ASV_00643,ASV_00924,0.48201438848920863,pos,Farm,IT2
ASV_00643,ASV_00931,0.5507246376811594,pos,Farm,IT2
ASV_00643,ASV_00935,0.5460992907801419,pos,Farm,IT2
ASV_00643,ASV_00959,0.5460992907801419,pos,Farm,IT2
ASV_00643,ASV_00989,0.5,pos,Farm,IT2
ASV_00643,ASV_01018,0.5070422535211268,pos,Farm,IT2
ASV_00643,ASV_01048,0.5,pos,Farm,IT2
ASV_00643,ASV_01065,0.4859154929577465,pos,Farm,IT2
ASV_00643,ASV_01071,0.5034965034965035,pos,Farm,IT2
ASV_00643,ASV_01092,0.5547945205479452,pos,Farm,IT2
ASV_00643,ASV_01119,0.5337837837837838,pos,Farm,IT2
ASV_00643,ASV_01153,0.5,pos,Farm,IT2
ASV_00643,ASV_01179,0.49295774647887325,pos,Farm,IT2
ASV_00643,ASV_01204,0.5625,pos,Farm,IT2
ASV_00643,ASV_01267,0.5104895104895105,pos,Farm,IT2
ASV_00643,ASV_01288,0.5136986301369864,pos,Farm,IT2
ASV_00643,ASV_01328,0.524822695035461,pos,Farm,IT2
ASV_00643,ASV_01458,0.4857142857142857,pos,Farm,IT2
ASV_00643,ASV_01503,0.5277777777777778,pos,Farm,IT2
ASV_00643,ASV_02332,0.5273972602739726,pos,Farm,IT2
ASV_00645,ASV_00651,0.5035971223021583,pos,Farm,IT2
ASV_00645,ASV_00665,0.463768115942029,pos,Farm,IT2
ASV_00645,ASV_00679,0.5177304964539007,pos,Farm,IT2
ASV_00645,ASV_00726,0.5,pos,Farm,IT2
ASV_00645,ASV_00760,0.5069444444444444,pos,Farm,IT2
ASV_00645,ASV_00807,0.5179856115107914,pos,Farm,IT2
ASV_00645,ASV_00809,0.5238095238095238,pos,Farm,IT2
ASV_00645,ASV_00811,0.5177304964539007,pos,Farm,IT2
ASV_00645,ASV_00842,0.5037037037037037,pos,Farm,IT2
ASV_00645,ASV_00845,0.46715328467153283,pos,Farm,IT2
ASV_00645,ASV_00931,0.48201438848920863,pos,Farm,IT2
ASV_00645,ASV_01071,0.4892086330935252,pos,Farm,IT2
ASV_00645,ASV_01092,0.5208333333333334,pos,Farm,IT2
ASV_00645,ASV_01250,0.5138888888888888,pos,Farm,IT2
ASV_00645,ASV_01288,0.48951048951048953,pos,Farm,IT2
ASV_00645,ASV_01368,0.48936170212765956,pos,Farm,IT2
ASV_00645,ASV_01941,0.5106382978723404,pos,Farm,IT2
ASV_00645,ASV_02332,0.5579710144927537,pos,Farm,IT2
ASV_00651,ASV_00654,0.48936170212765956,pos,Farm,IT2
ASV_00651,ASV_00665,0.4928571428571429,pos,Farm,IT2
ASV_00651,ASV_00666,0.5486111111111112,pos,Farm,IT2
ASV_00651,ASV_00714,0.49640287769784175,pos,Farm,IT2
ASV_00651,ASV_00718,0.5255474452554745,pos,Farm,IT2
ASV_00651,ASV_00721,0.4857142857142857,pos,Farm,IT2
ASV_00651,ASV_00726,0.5277777777777778,pos,Farm,IT2
ASV_00651,ASV_00727,0.5035460992907801,pos,Farm,IT2
ASV_00651,ASV_00728,0.4785714285714286,pos,Farm,IT2
ASV_00651,ASV_00760,0.5238095238095238,pos,Farm,IT2
ASV_00651,ASV_00769,0.5104895104895105,pos,Farm,IT2
ASV_00651,ASV_00801,0.4928571428571429,pos,Farm,IT2
ASV_00651,ASV_00807,0.5244755244755245,pos,Farm,IT2
ASV_00651,ASV_00808,0.5214285714285715,pos,Farm,IT2
ASV_00651,ASV_00809,0.5821917808219178,pos,Farm,IT2
ASV_00651,ASV_00821,0.5755395683453237,pos,Farm,IT2
ASV_00651,ASV_00829,0.5034965034965035,pos,Farm,IT2
ASV_00651,ASV_00842,0.5441176470588235,pos,Farm,IT2
ASV_00651,ASV_00845,0.5407407407407407,pos,Farm,IT2
ASV_00651,ASV_00869,0.5238095238095238,pos,Farm,IT2
ASV_00651,ASV_00880,0.5035460992907801,pos,Farm,IT2
ASV_00651,ASV_00906,0.5510204081632653,pos,Farm,IT2
ASV_00651,ASV_00912,0.4714285714285714,pos,Farm,IT2
ASV_00651,ASV_00924,0.4748201438848921,pos,Farm,IT2
ASV_00651,ASV_00929,0.5524475524475524,pos,Farm,IT2
ASV_00651,ASV_00952,0.5142857142857142,pos,Farm,IT2
ASV_00651,ASV_01092,0.547945205479452,pos,Farm,IT2
ASV_00651,ASV_01101,0.5492957746478874,pos,Farm,IT2
ASV_00651,ASV_01119,0.527027027027027,pos,Farm,IT2
ASV_00651,ASV_01124,0.583941605839416,pos,Farm,IT2
ASV_00651,ASV_01249,0.5895522388059702,pos,Farm,IT2
ASV_00651,ASV_01253,0.5390070921985816,pos,Farm,IT2
ASV_00651,ASV_01276,0.48936170212765956,pos,Farm,IT2
ASV_00651,ASV_01288,0.5172413793103449,pos,Farm,IT2
ASV_00651,ASV_01328,0.5285714285714286,pos,Farm,IT2
ASV_00651,ASV_01368,0.5390070921985816,pos,Farm,IT2
ASV_00651,ASV_01417,0.5211267605633803,pos,Farm,IT2
ASV_00651,ASV_01426,0.5,pos,Farm,IT2
ASV_00651,ASV_01458,0.4892086330935252,pos,Farm,IT2
ASV_00651,ASV_01459,0.539568345323741,pos,Farm,IT2
ASV_00651,ASV_01491,0.5319148936170213,pos,Farm,IT2
ASV_00651,ASV_01578,0.5352112676056338,pos,Farm,IT2
ASV_00651,ASV_01941,0.5172413793103449,pos,Farm,IT2
ASV_00651,ASV_02149,0.4859154929577465,pos,Farm,IT2
ASV_00651,ASV_02332,0.5205479452054794,pos,Farm,IT2
ASV_00654,ASV_00666,0.5069444444444444,pos,Farm,IT2
ASV_00654,ASV_00671,0.5220588235294118,pos,Farm,IT2
ASV_00654,ASV_00676,0.5208333333333334,pos,Farm,IT2
ASV_00654,ASV_00686,0.5588235294117647,pos,Farm,IT2
ASV_00654,ASV_00687,0.5555555555555556,pos,Farm,IT2
ASV_00654,ASV_00718,0.47101449275362317,pos,Farm,IT2
ASV_00654,ASV_00726,0.5285714285714286,pos,Farm,IT2
ASV_00654,ASV_00727,0.48201438848920863,pos,Farm,IT2
ASV_00654,ASV_00732,0.49640287769784175,pos,Farm,IT2
ASV_00654,ASV_00769,0.5,pos,Farm,IT2
ASV_00654,ASV_00778,0.47761194029850745,pos,Farm,IT2
ASV_00654,ASV_00789,0.5362318840579711,pos,Farm,IT2
ASV_00654,ASV_00793,0.4892086330935252,pos,Farm,IT2
ASV_00654,ASV_00798,0.5104895104895105,pos,Farm,IT2
ASV_00654,ASV_00809,0.5306122448979592,pos,Farm,IT2
ASV_00654,ASV_00815,0.547945205479452,pos,Farm,IT2
ASV_00654,ASV_00822,0.5142857142857142,pos,Farm,IT2
ASV_00654,ASV_00829,0.48226950354609927,pos,Farm,IT2
ASV_00654,ASV_00890,0.5,pos,Farm,IT2
ASV_00654,ASV_00912,0.45985401459854014,pos,Farm,IT2
ASV_00654,ASV_00966,0.45985401459854014,pos,Farm,IT2
ASV_00654,ASV_00984,0.49295774647887325,pos,Farm,IT2
ASV_00654,ASV_00987,0.5,pos,Farm,IT2
ASV_00654,ASV_01023,0.5244755244755245,pos,Farm,IT2
ASV_00654,ASV_01048,0.48226950354609927,pos,Farm,IT2
ASV_00654,ASV_01417,0.5,pos,Farm,IT2
ASV_00654,ASV_01578,0.5035460992907801,pos,Farm,IT2
ASV_00656,ASV_00662,0.4965034965034965,pos,Farm,IT2
ASV_00656,ASV_00668,0.5034965034965035,pos,Farm,IT2
ASV_00656,ASV_00671,0.5467625899280576,pos,Farm,IT2
ASV_00656,ASV_00673,0.5578231292517006,pos,Farm,IT2
ASV_00656,ASV_00679,0.5486111111111112,pos,Farm,IT2
ASV_00656,ASV_00687,0.5138888888888888,pos,Farm,IT2
ASV_00656,ASV_00769,0.5352112676056338,pos,Farm,IT2
ASV_00656,ASV_00772,0.5103448275862069,pos,Farm,IT2
ASV_00656,ASV_00778,0.5147058823529411,pos,Farm,IT2
ASV_00656,ASV_00801,0.49645390070921985,pos,Farm,IT2
ASV_00656,ASV_00807,0.5277777777777778,pos,Farm,IT2
ASV_00656,ASV_00808,0.524822695035461,pos,Farm,IT2
ASV_00656,ASV_00809,0.5850340136054422,pos,Farm,IT2
ASV_00656,ASV_00829,0.5174825174825175,pos,Farm,IT2
ASV_00656,ASV_00865,0.5172413793103449,pos,Farm,IT2
ASV_00656,ASV_00869,0.547945205479452,pos,Farm,IT2
ASV_00656,ASV_00873,0.5179856115107914,pos,Farm,IT2
ASV_00656,ASV_00890,0.5899280575539568,pos,Farm,IT2
ASV_00656,ASV_00909,0.5140845070422535,pos,Farm,IT2
ASV_00656,ASV_00931,0.5140845070422535,pos,Farm,IT2
ASV_00656,ASV_00935,0.5422535211267606,pos,Farm,IT2
ASV_00656,ASV_00984,0.5384615384615384,pos,Farm,IT2
ASV_00656,ASV_01018,0.5034965034965035,pos,Farm,IT2
ASV_00656,ASV_01048,0.5174825174825175,pos,Farm,IT2
ASV_00656,ASV_01087,0.5347222222222222,pos,Farm,IT2
ASV_00656,ASV_01092,0.5944055944055944,pos,Farm,IT2
ASV_00656,ASV_01152,0.5069444444444444,pos,Farm,IT2
ASV_00656,ASV_01153,0.4965034965034965,pos,Farm,IT2
ASV_00656,ASV_01267,0.5174825174825175,pos,Farm,IT2
ASV_00656,ASV_01288,0.5416666666666666,pos,Farm,IT2
ASV_00656,ASV_01328,0.5,pos,Farm,IT2
ASV_00656,ASV_01349,0.5208333333333334,pos,Farm,IT2
ASV_00656,ASV_01385,0.5069444444444444,pos,Farm,IT2
ASV_00656,ASV_01417,0.5138888888888888,pos,Farm,IT2
ASV_00656,ASV_01491,0.5244755244755245,pos,Farm,IT2
ASV_00656,ASV_01578,0.5277777777777778,pos,Farm,IT2
ASV_00656,ASV_01941,0.5633802816901409,pos,Farm,IT2
ASV_00656,ASV_02149,0.5106382978723404,pos,Farm,IT2
ASV_00656,ASV_02332,0.5448275862068965,pos,Farm,IT2
ASV_00662,ASV_00668,0.4928571428571429,pos,Farm,IT2
ASV_00662,ASV_00671,0.5255474452554745,pos,Farm,IT2
ASV_00662,ASV_00676,0.5136986301369864,pos,Farm,IT2
ASV_00662,ASV_00679,0.5611510791366906,pos,Farm,IT2
ASV_00662,ASV_00686,0.5070422535211268,pos,Farm,IT2
ASV_00662,ASV_00687,0.5142857142857142,pos,Farm,IT2
ASV_00662,ASV_00709,0.5251798561151079,pos,Farm,IT2
ASV_00662,ASV_00732,0.48936170212765956,pos,Farm,IT2
ASV_00662,ASV_00760,0.5602836879432624,pos,Farm,IT2
ASV_00662,ASV_00769,0.5035460992907801,pos,Farm,IT2
ASV_00662,ASV_00772,0.5323741007194245,pos,Farm,IT2
ASV_00662,ASV_00782,0.49295774647887325,pos,Farm,IT2
ASV_00662,ASV_00789,0.5070422535211268,pos,Farm,IT2
ASV_00662,ASV_00793,0.4928571428571429,pos,Farm,IT2
ASV_00662,ASV_00808,0.4928571428571429,pos,Farm,IT2
ASV_00662,ASV_00811,0.5174825174825175,pos,Farm,IT2
ASV_00662,ASV_00815,0.5405405405405406,pos,Farm,IT2
ASV_00662,ASV_00829,0.4859154929577465,pos,Farm,IT2
ASV_00662,ASV_00865,0.4965034965034965,pos,Farm,IT2
ASV_00662,ASV_00875,0.5310344827586206,pos,Farm,IT2
ASV_00662,ASV_00890,0.5467625899280576,pos,Farm,IT2
ASV_00662,ASV_00924,0.47794117647058826,pos,Farm,IT2
ASV_00662,ASV_00929,0.503448275862069,pos,Farm,IT2
ASV_00662,ASV_00931,0.48226950354609927,pos,Farm,IT2
ASV_00662,ASV_00958,0.5035460992907801,pos,Farm,IT2
ASV_00662,ASV_00966,0.463768115942029,pos,Farm,IT2
ASV_00662,ASV_01101,0.5,pos,Farm,IT2
ASV_00662,ASV_01153,0.5294117647058824,pos,Farm,IT2
ASV_00662,ASV_01288,0.5,pos,Farm,IT2
ASV_00662,ASV_01458,0.48175182481751827,pos,Farm,IT2
ASV_00662,ASV_01491,0.5035460992907801,pos,Farm,IT2
ASV_00662,ASV_01508,0.5208333333333334,pos,Farm,IT2
ASV_00662,ASV_02332,0.5138888888888888,pos,Farm,IT2
ASV_00665,ASV_00673,0.5068493150684932,pos,Farm,IT2
ASV_00665,ASV_00697,0.47101449275362317,pos,Farm,IT2
ASV_00665,ASV_00755,0.5103448275862069,pos,Farm,IT2
ASV_00665,ASV_00758,0.5142857142857142,pos,Farm,IT2
ASV_00665,ASV_00760,0.5069444444444444,pos,Farm,IT2
ASV_00665,ASV_00769,0.5255474452554745,pos,Farm,IT2
ASV_00665,ASV_00781,0.4928571428571429,pos,Farm,IT2
ASV_00665,ASV_00789,0.49645390070921985,pos,Farm,IT2
ASV_00665,ASV_00798,0.524822695035461,pos,Farm,IT2
ASV_00665,ASV_00806,0.5,pos,Farm,IT2
ASV_00665,ASV_00807,0.5071428571428571,pos,Farm,IT2
ASV_00665,ASV_00808,0.48201438848920863,pos,Farm,IT2
ASV_00665,ASV_00842,0.48175182481751827,pos,Farm,IT2
ASV_00665,ASV_00848,0.5177304964539007,pos,Farm,IT2
ASV_00665,ASV_00865,0.4859154929577465,pos,Farm,IT2
ASV_00665,ASV_00880,0.5413533834586466,pos,Farm,IT2
ASV_00665,ASV_00929,0.5034965034965035,pos,Farm,IT2
ASV_00665,ASV_01090,0.5104895104895105,pos,Farm,IT2
ASV_00665,ASV_01153,0.4855072463768116,pos,Farm,IT2
ASV_00665,ASV_01179,0.4676258992805755,pos,Farm,IT2
ASV_00665,ASV_01249,0.5147058823529411,pos,Farm,IT2
ASV_00665,ASV_01267,0.4857142857142857,pos,Farm,IT2
ASV_00665,ASV_01385,0.49640287769784175,pos,Farm,IT2
ASV_00665,ASV_01417,0.48226950354609927,pos,Farm,IT2
ASV_00665,ASV_01459,0.4892086330935252,pos,Farm,IT2
ASV_00665,ASV_01840,0.5035971223021583,pos,Farm,IT2
ASV_00666,ASV_00671,0.5172413793103449,pos,Farm,IT2
ASV_00666,ASV_00709,0.5486111111111112,pos,Farm,IT2
ASV_00666,ASV_00718,0.5,pos,Farm,IT2
ASV_00666,ASV_00734,0.54421768707483,pos,Farm,IT2
ASV_00666,ASV_00815,0.5933333333333334,pos,Farm,IT2
ASV_00666,ASV_00842,0.5174825174825175,pos,Farm,IT2
ASV_00666,ASV_00843,0.5405405405405406,pos,Farm,IT2
ASV_00666,ASV_00865,0.541095890410959,pos,Farm,IT2
ASV_00666,ASV_00869,0.5503355704697986,pos,Farm,IT2
ASV_00666,ASV_00891,0.5695364238410596,pos,Farm,IT2
ASV_00666,ASV_00906,0.5666666666666667,pos,Farm,IT2
ASV_00666,ASV_00912,0.5106382978723404,pos,Farm,IT2
ASV_00666,ASV_00929,0.5472972972972973,pos,Farm,IT2
ASV_00666,ASV_00935,0.5342465753424658,pos,Farm,IT2
ASV_00666,ASV_00984,0.5517241379310345,pos,Farm,IT2
ASV_00666,ASV_01018,0.5172413793103449,pos,Farm,IT2
ASV_00666,ASV_01092,0.5743243243243243,pos,Farm,IT2
ASV_00666,ASV_01101,0.5337837837837838,pos,Farm,IT2
ASV_00666,ASV_01124,0.5342465753424658,pos,Farm,IT2
ASV_00666,ASV_01152,0.5416666666666666,pos,Farm,IT2
ASV_00666,ASV_01179,0.5683453237410072,pos,Farm,IT2
ASV_00666,ASV_01249,0.5277777777777778,pos,Farm,IT2
ASV_00666,ASV_01253,0.5555555555555556,pos,Farm,IT2
ASV_00666,ASV_01426,0.5069444444444444,pos,Farm,IT2
ASV_00666,ASV_01458,0.4965034965034965,pos,Farm,IT2
ASV_00666,ASV_01578,0.541095890410959,pos,Farm,IT2
ASV_00666,ASV_02332,0.5472972972972973,pos,Farm,IT2
ASV_00668,ASV_00687,0.5,pos,Farm,IT2
ASV_00668,ASV_00724,0.5,pos,Farm,IT2
ASV_00668,ASV_00758,0.5,pos,Farm,IT2
ASV_00668,ASV_00760,0.5241379310344828,pos,Farm,IT2
ASV_00668,ASV_00772,0.5070422535211268,pos,Farm,IT2
ASV_00668,ASV_00782,0.5,pos,Farm,IT2
ASV_00668,ASV_00793,0.48936170212765956,pos,Farm,IT2
ASV_00668,ASV_00807,0.5140845070422535,pos,Farm,IT2
ASV_00668,ASV_00821,0.5428571428571428,pos,Farm,IT2
ASV_00668,ASV_00829,0.5035460992907801,pos,Farm,IT2
ASV_00668,ASV_00865,0.5140845070422535,pos,Farm,IT2
ASV_00668,ASV_00890,0.5211267605633803,pos,Farm,IT2
ASV_00668,ASV_00924,0.463768115942029,pos,Farm,IT2
ASV_00668,ASV_00958,0.5106382978723404,pos,Farm,IT2
ASV_00668,ASV_01018,0.5328467153284672,pos,Farm,IT2
ASV_00668,ASV_01065,0.4892086330935252,pos,Farm,IT2
ASV_00668,ASV_01101,0.5069444444444444,pos,Farm,IT2
ASV_00668,ASV_01328,0.5179856115107914,pos,Farm,IT2
ASV_00668,ASV_01368,0.5177304964539007,pos,Farm,IT2
ASV_00668,ASV_01459,0.5071428571428571,pos,Farm,IT2
ASV_00668,ASV_01491,0.5106382978723404,pos,Farm,IT2
ASV_00668,ASV_02149,0.49640287769784175,pos,Farm,IT2
ASV_00671,ASV_00697,0.4785714285714286,pos,Farm,IT2
ASV_00671,ASV_00709,0.5106382978723404,pos,Farm,IT2
ASV_00671,ASV_00757,0.528169014084507,pos,Farm,IT2
ASV_00671,ASV_00769,0.5323741007194245,pos,Farm,IT2
ASV_00671,ASV_00772,0.5507246376811594,pos,Farm,IT2
ASV_00671,ASV_00793,0.5441176470588235,pos,Farm,IT2
ASV_00671,ASV_00801,0.48201438848920863,pos,Farm,IT2
ASV_00671,ASV_00806,0.5172413793103449,pos,Farm,IT2
ASV_00671,ASV_00809,0.5510204081632653,pos,Farm,IT2
ASV_00671,ASV_00815,0.5472972972972973,pos,Farm,IT2
ASV_00671,ASV_00822,0.5140845070422535,pos,Farm,IT2
ASV_00671,ASV_00829,0.5474452554744526,pos,Farm,IT2
ASV_00671,ASV_00842,0.5109489051094891,pos,Farm,IT2
ASV_00671,ASV_00843,0.5138888888888888,pos,Farm,IT2
ASV_00671,ASV_00865,0.524822695035461,pos,Farm,IT2
ASV_00671,ASV_00869,0.5563380281690141,pos,Farm,IT2
ASV_00671,ASV_00873,0.48201438848920863,pos,Farm,IT2
ASV_00671,ASV_00880,0.4928571428571429,pos,Farm,IT2
ASV_00671,ASV_00890,0.5539568345323741,pos,Farm,IT2
ASV_00671,ASV_00891,0.5547945205479452,pos,Farm,IT2
ASV_00671,ASV_00924,0.5074626865671642,pos,Farm,IT2
ASV_00671,ASV_00935,0.5070422535211268,pos,Farm,IT2
ASV_00671,ASV_01018,0.5217391304347826,pos,Farm,IT2
ASV_00671,ASV_01048,0.5142857142857142,pos,Farm,IT2
ASV_00671,ASV_01065,0.4785714285714286,pos,Farm,IT2
ASV_00671,ASV_01071,0.4859154929577465,pos,Farm,IT2
ASV_00671,ASV_01092,0.5928571428571429,pos,Farm,IT2
ASV_00671,ASV_01119,0.5815602836879432,pos,Farm,IT2
ASV_00671,ASV_01124,0.5070422535211268,pos,Farm,IT2
ASV_00671,ASV_01153,0.5144927536231884,pos,Farm,IT2
ASV_00671,ASV_01250,0.5310344827586206,pos,Farm,IT2
ASV_00671,ASV_01276,0.4892086330935252,pos,Farm,IT2
ASV_00671,ASV_01288,0.5069444444444444,pos,Farm,IT2
ASV_00671,ASV_01385,0.5251798561151079,pos,Farm,IT2
ASV_00671,ASV_01941,0.5069444444444444,pos,Farm,IT2
ASV_00671,ASV_02332,0.5103448275862069,pos,Farm,IT2
ASV_00673,ASV_00709,0.5547945205479452,pos,Farm,IT2
ASV_00673,ASV_00769,0.54421768707483,pos,Farm,IT2
ASV_00673,ASV_00778,0.5034965034965035,pos,Farm,IT2
ASV_00673,ASV_00793,0.5238095238095238,pos,Farm,IT2
ASV_00673,ASV_00798,0.5743243243243243,pos,Farm,IT2
ASV_00673,ASV_00807,0.5684931506849316,pos,Farm,IT2
ASV_00673,ASV_00809,0.5816993464052288,pos,Farm,IT2
ASV_00673,ASV_00829,0.5586206896551724,pos,Farm,IT2
ASV_00673,ASV_00842,0.5347222222222222,pos,Farm,IT2
ASV_00673,ASV_00873,0.5277777777777778,pos,Farm,IT2
ASV_00673,ASV_00891,0.6174496644295302,pos,Farm,IT2
ASV_00673,ASV_00912,0.496551724137931,pos,Farm,IT2
ASV_00673,ASV_00959,0.5405405405405406,pos,Farm,IT2
ASV_00673,ASV_00989,0.496551724137931,pos,Farm,IT2
ASV_00673,ASV_01092,0.58,pos,Farm,IT2
ASV_00673,ASV_01179,0.5524475524475524,pos,Farm,IT2
ASV_00673,ASV_01267,0.547945205479452,pos,Farm,IT2
ASV_00673,ASV_01288,0.5503355704697986,pos,Farm,IT2
ASV_00673,ASV_01385,0.527027027027027,pos,Farm,IT2
ASV_00673,ASV_01458,0.503448275862069,pos,Farm,IT2
ASV_00673,ASV_01491,0.54421768707483,pos,Farm,IT2
ASV_00673,ASV_01541,0.564625850340136,pos,Farm,IT2
ASV_00673,ASV_02332,0.5533333333333333,pos,Farm,IT2
ASV_00676,ASV_00687,0.5306122448979592,pos,Farm,IT2
ASV_00676,ASV_00734,0.5578231292517006,pos,Farm,IT2
ASV_00676,ASV_00758,0.5405405405405406,pos,Farm,IT2
ASV_00676,ASV_00760,0.5533333333333333,pos,Farm,IT2
ASV_00676,ASV_00789,0.5337837837837838,pos,Farm,IT2
ASV_00676,ASV_00793,0.5310344827586206,pos,Farm,IT2
ASV_00676,ASV_00798,0.5503355704697986,pos,Farm,IT2
ASV_00676,ASV_00811,0.5436241610738255,pos,Farm,IT2
ASV_00676,ASV_00880,0.5136986301369864,pos,Farm,IT2
ASV_00676,ASV_00890,0.5405405405405406,pos,Farm,IT2
ASV_00676,ASV_00959,0.527027027027027,pos,Farm,IT2
ASV_00676,ASV_01023,0.5637583892617449,pos,Farm,IT2
ASV_00676,ASV_01048,0.5342465753424658,pos,Farm,IT2
ASV_00676,ASV_01087,0.5405405405405406,pos,Farm,IT2
ASV_00676,ASV_01512,0.5174825174825175,pos,Farm,IT2
ASV_00676,ASV_01541,0.5510204081632653,pos,Farm,IT2
ASV_00676,ASV_01578,0.54421768707483,pos,Farm,IT2
ASV_00679,ASV_00687,0.5136986301369864,pos,Farm,IT2
ASV_00679,ASV_00726,0.5306122448979592,pos,Farm,IT2
ASV_00679,ASV_00760,0.5578231292517006,pos,Farm,IT2
ASV_00679,ASV_00772,0.5205479452054794,pos,Farm,IT2
ASV_00679,ASV_00793,0.5352112676056338,pos,Farm,IT2
ASV_00679,ASV_00802,0.5472972972972973,pos,Farm,IT2
ASV_00679,ASV_00829,0.5172413793103449,pos,Farm,IT2
ASV_00679,ASV_00848,0.5374149659863946,pos,Farm,IT2
ASV_00679,ASV_00890,0.5448275862068965,pos,Farm,IT2
ASV_00679,ASV_00891,0.6319444444444444,pos,Farm,IT2
ASV_00679,ASV_00906,0.5743243243243243,pos,Farm,IT2
ASV_00679,ASV_00987,0.5352112676056338,pos,Farm,IT2
ASV_00679,ASV_01018,0.5244755244755245,pos,Farm,IT2
ASV_00679,ASV_01023,0.5472972972972973,pos,Farm,IT2
ASV_00679,ASV_01065,0.524822695035461,pos,Farm,IT2
ASV_00679,ASV_01092,0.5714285714285714,pos,Farm,IT2
ASV_00679,ASV_01276,0.5357142857142857,pos,Farm,IT2
ASV_00679,ASV_01288,0.5306122448979592,pos,Farm,IT2
ASV_00679,ASV_01342,0.5637583892617449,pos,Farm,IT2
ASV_00679,ASV_01385,0.5172413793103449,pos,Farm,IT2
ASV_00679,ASV_01941,0.5957446808510638,pos,Farm,IT2
ASV_00679,ASV_02332,0.5337837837837838,pos,Farm,IT2
ASV_00686,ASV_00727,0.5285714285714286,pos,Farm,IT2
ASV_00686,ASV_00757,0.5205479452054794,pos,Farm,IT2
ASV_00686,ASV_00807,0.5277777777777778,pos,Farm,IT2
ASV_00686,ASV_00848,0.5486111111111112,pos,Farm,IT2
ASV_00686,ASV_00865,0.5277777777777778,pos,Farm,IT2
ASV_00686,ASV_00890,0.5136986301369864,pos,Farm,IT2
ASV_00686,ASV_00966,0.4857142857142857,pos,Farm,IT2
ASV_00686,ASV_00989,0.5072463768115942,pos,Farm,IT2
ASV_00686,ASV_01152,0.5390070921985816,pos,Farm,IT2
ASV_00686,ASV_01204,0.5374149659863946,pos,Farm,IT2
ASV_00686,ASV_01508,0.5306122448979592,pos,Farm,IT2
ASV_00686,ASV_01941,0.5310344827586206,pos,Farm,IT2
ASV_00687,ASV_00709,0.5319148936170213,pos,Farm,IT2
ASV_00687,ASV_00714,0.49640287769784175,pos,Farm,IT2
ASV_00687,ASV_00718,0.48226950354609927,pos,Farm,IT2
ASV_00687,ASV_00724,0.5106382978723404,pos,Farm,IT2
ASV_00687,ASV_00758,0.5103448275862069,pos,Farm,IT2
ASV_00687,ASV_00778,0.5,pos,Farm,IT2
ASV_00687,ASV_00793,0.5,pos,Farm,IT2
ASV_00687,ASV_00798,0.5205479452054794,pos,Farm,IT2
ASV_00687,ASV_00801,0.5035971223021583,pos,Farm,IT2
ASV_00687,ASV_00808,0.5214285714285715,pos,Farm,IT2
ASV_00687,ASV_00809,0.593103448275862,pos,Farm,IT2
ASV_00687,ASV_00811,0.5347222222222222,pos,Farm,IT2
ASV_00687,ASV_00815,0.5782312925170068,pos,Farm,IT2
ASV_00687,ASV_00829,0.5034965034965035,pos,Farm,IT2
ASV_00687,ASV_00848,0.5136986301369864,pos,Farm,IT2
ASV_00687,ASV_00891,0.5540540540540541,pos,Farm,IT2
ASV_00687,ASV_00912,0.5259259259259259,pos,Farm,IT2
ASV_00687,ASV_00929,0.5416666666666666,pos,Farm,IT2
ASV_00687,ASV_00984,0.5352112676056338,pos,Farm,IT2
ASV_00687,ASV_00989,0.5036496350364964,pos,Farm,IT2
ASV_00687,ASV_01023,0.5664335664335665,pos,Farm,IT2
ASV_00687,ASV_01048,0.5140845070422535,pos,Farm,IT2
ASV_00687,ASV_01090,0.5594405594405595,pos,Farm,IT2
ASV_00687,ASV_01092,0.5374149659863946,pos,Farm,IT2
ASV_00687,ASV_01119,0.5374149659863946,pos,Farm,IT2
ASV_00687,ASV_01124,0.5174825174825175,pos,Farm,IT2
ASV_00687,ASV_01249,0.5214285714285715,pos,Farm,IT2
ASV_00687,ASV_01349,0.5069444444444444,pos,Farm,IT2
ASV_00687,ASV_01417,0.5,pos,Farm,IT2
ASV_00687,ASV_01459,0.4965034965034965,pos,Farm,IT2
ASV_00697,ASV_00718,0.5263157894736842,pos,Farm,IT2
ASV_00697,ASV_00769,0.48936170212765956,pos,Farm,IT2
ASV_00697,ASV_00806,0.5390070921985816,pos,Farm,IT2
ASV_00697,ASV_00808,0.5,pos,Farm,IT2
ASV_00697,ASV_00821,0.5214285714285715,pos,Farm,IT2
ASV_00697,ASV_00869,0.5683453237410072,pos,Farm,IT2
ASV_00697,ASV_00873,0.47101449275362317,pos,Farm,IT2
ASV_00697,ASV_00906,0.5205479452054794,pos,Farm,IT2
ASV_00697,ASV_00912,0.5267175572519084,pos,Farm,IT2
ASV_00697,ASV_01071,0.4857142857142857,pos,Farm,IT2
ASV_00697,ASV_01090,0.5069444444444444,pos,Farm,IT2
ASV_00697,ASV_01092,0.5172413793103449,pos,Farm,IT2
ASV_00697,ASV_01101,0.5070422535211268,pos,Farm,IT2
ASV_00697,ASV_01119,0.5068493150684932,pos,Farm,IT2
ASV_00697,ASV_01253,0.5179856115107914,pos,Farm,IT2
ASV_00697,ASV_01426,0.4676258992805755,pos,Farm,IT2
ASV_00709,ASV_00721,0.4857142857142857,pos,Farm,IT2
ASV_00709,ASV_00732,0.5177304964539007,pos,Farm,IT2
ASV_00709,ASV_00755,0.527027027027027,pos,Farm,IT2
ASV_00709,ASV_00769,0.5104895104895105,pos,Farm,IT2
ASV_00709,ASV_00772,0.528169014084507,pos,Farm,IT2
ASV_00709,ASV_00781,0.5428571428571428,pos,Farm,IT2
ASV_00709,ASV_00789,0.5352112676056338,pos,Farm,IT2
ASV_00709,ASV_00807,0.5138888888888888,pos,Farm,IT2
ASV_00709,ASV_00808,0.5,pos,Farm,IT2
ASV_00709,ASV_00809,0.5503355704697986,pos,Farm,IT2
ASV_00709,ASV_00811,0.5241379310344828,pos,Farm,IT2
ASV_00709,ASV_00815,0.5466666666666666,pos,Farm,IT2
ASV_00709,ASV_00875,0.5374149659863946,pos,Farm,IT2
ASV_00709,ASV_00912,0.4714285714285714,pos,Farm,IT2
ASV_00709,ASV_00958,0.5211267605633803,pos,Farm,IT2
ASV_00709,ASV_01092,0.527027027027027,pos,Farm,IT2
ASV_00709,ASV_01119,0.5586206896551724,pos,Farm,IT2
ASV_00709,ASV_01179,0.4859154929577465,pos,Farm,IT2
ASV_00709,ASV_01204,0.5448275862068965,pos,Farm,IT2
ASV_00709,ASV_01249,0.5214285714285715,pos,Farm,IT2
ASV_00709,ASV_01288,0.5277777777777778,pos,Farm,IT2
ASV_00709,ASV_01328,0.4965034965034965,pos,Farm,IT2
ASV_00709,ASV_01491,0.5104895104895105,pos,Farm,IT2
ASV_00709,ASV_01840,0.5,pos,Farm,IT2
ASV_00709,ASV_02020,0.5140845070422535,pos,Farm,IT2
ASV_00714,ASV_00802,0.5,pos,Farm,IT2
ASV_00714,ASV_00806,0.4930555555555556,pos,Farm,IT2
ASV_00714,ASV_00809,0.5273972602739726,pos,Farm,IT2
ASV_00714,ASV_00815,0.5238095238095238,pos,Farm,IT2
ASV_00714,ASV_00829,0.4785714285714286,pos,Farm,IT2
ASV_00714,ASV_00931,0.4748201438848921,pos,Farm,IT2
ASV_00714,ASV_00952,0.4676258992805755,pos,Farm,IT2
ASV_00714,ASV_00984,0.5555555555555556,pos,Farm,IT2
ASV_00714,ASV_01092,0.5244755244755245,pos,Farm,IT2
ASV_00714,ASV_01267,0.5109489051094891,pos,Farm,IT2
ASV_00718,ASV_00727,0.49635036496350365,pos,Farm,IT2
ASV_00718,ASV_00732,0.5,pos,Farm,IT2
ASV_00718,ASV_00769,0.5035971223021583,pos,Farm,IT2
ASV_00718,ASV_00778,0.49242424242424243,pos,Farm,IT2
ASV_00718,ASV_00781,0.4928571428571429,pos,Farm,IT2
ASV_00718,ASV_00798,0.5034965034965035,pos,Farm,IT2
ASV_00718,ASV_00806,0.5104895104895105,pos,Farm,IT2
ASV_00718,ASV_00807,0.5289855072463768,pos,Farm,IT2
ASV_00718,ASV_00821,0.5035460992907801,pos,Farm,IT2
ASV_00718,ASV_00822,0.4859154929577465,pos,Farm,IT2
ASV_00718,ASV_00829,0.4857142857142857,pos,Farm,IT2
ASV_00718,ASV_00869,0.5174825174825175,pos,Farm,IT2
ASV_00718,ASV_00875,0.5103448275862069,pos,Farm,IT2
ASV_00718,ASV_00890,0.5035460992907801,pos,Farm,IT2
ASV_00718,ASV_00912,0.4740740740740741,pos,Farm,IT2
ASV_00718,ASV_00935,0.48936170212765956,pos,Farm,IT2
ASV_00718,ASV_00958,0.5035971223021583,pos,Farm,IT2
ASV_00718,ASV_00984,0.49645390070921985,pos,Farm,IT2
ASV_00718,ASV_01101,0.5434782608695652,pos,Farm,IT2
ASV_00718,ASV_01253,0.5789473684210527,pos,Farm,IT2
ASV_00718,ASV_01328,0.4892086330935252,pos,Farm,IT2
ASV_00718,ASV_01385,0.4857142857142857,pos,Farm,IT2
ASV_00718,ASV_01417,0.4928571428571429,pos,Farm,IT2
ASV_00718,ASV_01426,0.49264705882352944,pos,Farm,IT2
ASV_00718,ASV_01458,0.47058823529411764,pos,Farm,IT2
ASV_00718,ASV_01459,0.5220588235294118,pos,Farm,IT2
ASV_00718,ASV_01512,0.4888888888888889,pos,Farm,IT2
ASV_00718,ASV_01541,0.49295774647887325,pos,Farm,IT2
ASV_00718,ASV_02149,0.48905109489051096,pos,Farm,IT2
ASV_00721,ASV_00726,0.5035460992907801,pos,Farm,IT2
ASV_00721,ASV_00727,0.5223880597014925,pos,Farm,IT2
ASV_00721,ASV_00755,0.5138888888888888,pos,Farm,IT2
ASV_00721,ASV_00808,0.5185185185185185,pos,Farm,IT2
ASV_00721,ASV_00909,0.4855072463768116,pos,Farm,IT2
ASV_00721,ASV_00931,0.49635036496350365,pos,Farm,IT2
ASV_00721,ASV_00959,0.48226950354609927,pos,Farm,IT2
ASV_00721,ASV_01179,0.49264705882352944,pos,Farm,IT2
ASV_00721,ASV_01249,0.49635036496350365,pos,Farm,IT2
ASV_00721,ASV_01250,0.528169014084507,pos,Farm,IT2
ASV_00721,ASV_01253,0.4928571428571429,pos,Farm,IT2
ASV_00721,ASV_01276,0.4852941176470588,pos,Farm,IT2
ASV_00721,ASV_01288,0.5142857142857142,pos,Farm,IT2
ASV_00721,ASV_01368,0.5255474452554745,pos,Farm,IT2
ASV_00724,ASV_00758,0.5539568345323741,pos,Farm,IT2
ASV_00724,ASV_00772,0.5285714285714286,pos,Farm,IT2
ASV_00724,ASV_00778,0.46715328467153283,pos,Farm,IT2
ASV_00724,ASV_00798,0.5103448275862069,pos,Farm,IT2
ASV_00724,ASV_00802,0.5136986301369864,pos,Farm,IT2
ASV_00724,ASV_00809,0.5302013422818792,pos,Farm,IT2
ASV_00724,ASV_00829,0.5142857142857142,pos,Farm,IT2
ASV_00724,ASV_00848,0.5138888888888888,pos,Farm,IT2
ASV_00724,ASV_00890,0.5,pos,Farm,IT2
ASV_00724,ASV_00906,0.5845070422535211,pos,Farm,IT2
ASV_00724,ASV_00912,0.48175182481751827,pos,Farm,IT2
ASV_00724,ASV_00929,0.5208333333333334,pos,Farm,IT2
ASV_00724,ASV_01124,0.5285714285714286,pos,Farm,IT2
ASV_00724,ASV_01250,0.5205479452054794,pos,Farm,IT2
ASV_00724,ASV_01342,0.5306122448979592,pos,Farm,IT2
ASV_00724,ASV_01426,0.4892086330935252,pos,Farm,IT2
ASV_00724,ASV_01941,0.5069444444444444,pos,Farm,IT2
ASV_00726,ASV_00727,0.5104895104895105,pos,Farm,IT2
ASV_00726,ASV_00807,0.5310344827586206,pos,Farm,IT2
ASV_00726,ASV_00842,0.5177304964539007,pos,Farm,IT2
ASV_00726,ASV_00891,0.5496688741721855,pos,Farm,IT2
ASV_00726,ASV_01023,0.5510204081632653,pos,Farm,IT2
ASV_00726,ASV_01101,0.5238095238095238,pos,Farm,IT2
ASV_00726,ASV_01153,0.5,pos,Farm,IT2
ASV_00726,ASV_01288,0.5342465753424658,pos,Farm,IT2
ASV_00726,ASV_01368,0.5563380281690141,pos,Farm,IT2
ASV_00727,ASV_00734,0.5,pos,Farm,IT2
ASV_00727,ASV_00755,0.5310344827586206,pos,Farm,IT2
ASV_00727,ASV_00798,0.5352112676056338,pos,Farm,IT2
ASV_00727,ASV_00806,0.5103448275862069,pos,Farm,IT2
ASV_00727,ASV_00807,0.5070422535211268,pos,Farm,IT2
ASV_00727,ASV_00808,0.48226950354609927,pos,Farm,IT2
ASV_00727,ASV_00848,0.5174825174825175,pos,Farm,IT2
ASV_00727,ASV_00958,0.5362318840579711,pos,Farm,IT2
ASV_00727,ASV_00966,0.463768115942029,pos,Farm,IT2
ASV_00727,ASV_01152,0.5179856115107914,pos,Farm,IT2
ASV_00727,ASV_01179,0.4785714285714286,pos,Farm,IT2
ASV_00727,ASV_01288,0.5211267605633803,pos,Farm,IT2
ASV_00727,ASV_01342,0.5342465753424658,pos,Farm,IT2
ASV_00728,ASV_00781,0.5447761194029851,pos,Farm,IT2
ASV_00728,ASV_00793,0.5,pos,Farm,IT2
ASV_00728,ASV_00808,0.4782608695652174,pos,Farm,IT2
ASV_00728,ASV_00817,0.5319148936170213,pos,Farm,IT2
ASV_00728,ASV_00822,0.5367647058823529,pos,Farm,IT2
ASV_00728,ASV_00829,0.4927536231884058,pos,Farm,IT2
ASV_00728,ASV_00842,0.4888888888888889,pos,Farm,IT2
ASV_00728,ASV_00843,0.5251798561151079,pos,Farm,IT2
ASV_00728,ASV_00890,0.5107913669064749,pos,Farm,IT2
ASV_00728,ASV_00891,0.5136986301369864,pos,Farm,IT2
ASV_00728,ASV_01087,0.48936170212765956,pos,Farm,IT2
ASV_00728,ASV_01491,0.4892086330935252,pos,Farm,IT2
ASV_00728,ASV_01941,0.49645390070921985,pos,Farm,IT2
ASV_00732,ASV_00772,0.5357142857142857,pos,Farm,IT2
ASV_00732,ASV_00778,0.463768115942029,pos,Farm,IT2
ASV_00732,ASV_00781,0.5285714285714286,pos,Farm,IT2
ASV_00732,ASV_00793,0.5179856115107914,pos,Farm,IT2
ASV_00732,ASV_00801,0.5,pos,Farm,IT2
ASV_00732,ASV_00807,0.5319148936170213,pos,Farm,IT2
ASV_00732,ASV_00808,0.4859154929577465,pos,Farm,IT2
ASV_00732,ASV_00817,0.5704225352112676,pos,Farm,IT2
ASV_00732,ASV_00821,0.5069444444444444,pos,Farm,IT2
ASV_00732,ASV_00822,0.5319148936170213,pos,Farm,IT2
ASV_00732,ASV_00845,0.48201438848920863,pos,Farm,IT2
ASV_00732,ASV_00875,0.5342465753424658,pos,Farm,IT2
ASV_00732,ASV_00935,0.5357142857142857,pos,Farm,IT2
ASV_00732,ASV_00958,0.4965034965034965,pos,Farm,IT2
ASV_00732,ASV_01018,0.5071428571428571,pos,Farm,IT2
ASV_00732,ASV_01087,0.5174825174825175,pos,Farm,IT2
ASV_00732,ASV_01204,0.5310344827586206,pos,Farm,IT2
ASV_00732,ASV_01250,0.5273972602739726,pos,Farm,IT2
ASV_00732,ASV_01267,0.5,pos,Farm,IT2
ASV_00732,ASV_01328,0.49295774647887325,pos,Farm,IT2
ASV_00732,ASV_01417,0.5177304964539007,pos,Farm,IT2
ASV_00732,ASV_01426,0.49640287769784175,pos,Farm,IT2
ASV_00732,ASV_01458,0.4855072463768116,pos,Farm,IT2
ASV_00732,ASV_02020,0.5106382978723404,pos,Farm,IT2
ASV_00732,ASV_02332,0.5277777777777778,pos,Farm,IT2
ASV_00734,ASV_00758,0.5379310344827586,pos,Farm,IT2
ASV_00734,ASV_00772,0.5241379310344828,pos,Farm,IT2
ASV_00734,ASV_00778,0.475177304964539,pos,Farm,IT2
ASV_00734,ASV_00802,0.5405405405405406,pos,Farm,IT2
ASV_00734,ASV_00809,0.5771812080536913,pos,Farm,IT2
ASV_00734,ASV_00811,0.5517241379310345,pos,Farm,IT2
ASV_00734,ASV_00817,0.5369127516778524,pos,Farm,IT2
ASV_00734,ASV_00873,0.48951048951048953,pos,Farm,IT2
ASV_00734,ASV_00924,0.48226950354609927,pos,Farm,IT2
ASV_00734,ASV_00929,0.5374149659863946,pos,Farm,IT2
ASV_00734,ASV_01101,0.5555555555555556,pos,Farm,IT2
ASV_00734,ASV_01253,0.5136986301369864,pos,Farm,IT2
ASV_00734,ASV_01267,0.5208333333333334,pos,Farm,IT2
ASV_00734,ASV_01288,0.5448275862068965,pos,Farm,IT2
ASV_00734,ASV_01328,0.5352112676056338,pos,Farm,IT2
ASV_00734,ASV_01459,0.5138888888888888,pos,Farm,IT2
ASV_00734,ASV_01491,0.5172413793103449,pos,Farm,IT2
ASV_00734,ASV_01512,0.5362318840579711,pos,Farm,IT2
ASV_00734,ASV_01941,0.5342465753424658,pos,Farm,IT2
ASV_00755,ASV_00769,0.527027027027027,pos,Farm,IT2
ASV_00755,ASV_00781,0.527027027027027,pos,Farm,IT2
ASV_00755,ASV_00789,0.5510204081632653,pos,Farm,IT2
ASV_00755,ASV_00807,0.5405405405405406,pos,Farm,IT2
ASV_00755,ASV_00842,0.5068493150684932,pos,Farm,IT2
ASV_00755,ASV_00869,0.56,pos,Farm,IT2
ASV_00755,ASV_00880,0.5205479452054794,pos,Farm,IT2
ASV_00755,ASV_00929,0.5570469798657718,pos,Farm,IT2
ASV_00755,ASV_00987,0.5170068027210885,pos,Farm,IT2
ASV_00755,ASV_01249,0.5170068027210885,pos,Farm,IT2
ASV_00755,ASV_01368,0.54421768707483,pos,Farm,IT2
ASV_00755,ASV_02332,0.5466666666666666,pos,Farm,IT2
ASV_00757,ASV_00772,0.5347222222222222,pos,Farm,IT2
ASV_00757,ASV_00798,0.5374149659863946,pos,Farm,IT2
ASV_00757,ASV_00806,0.5547945205479452,pos,Farm,IT2
ASV_00757,ASV_00809,0.5666666666666667,pos,Farm,IT2
ASV_00757,ASV_00811,0.5306122448979592,pos,Farm,IT2
ASV_00757,ASV_00865,0.5857142857142857,pos,Farm,IT2
ASV_00757,ASV_00891,0.5704697986577181,pos,Farm,IT2
ASV_00757,ASV_00906,0.5782312925170068,pos,Farm,IT2
ASV_00757,ASV_00931,0.5069444444444444,pos,Farm,IT2
ASV_00757,ASV_00958,0.5172413793103449,pos,Farm,IT2
ASV_00757,ASV_01018,0.5390070921985816,pos,Farm,IT2
ASV_00757,ASV_01023,0.5405405405405406,pos,Farm,IT2
ASV_00757,ASV_01048,0.5208333333333334,pos,Farm,IT2
ASV_00757,ASV_01065,0.5177304964539007,pos,Farm,IT2
ASV_00757,ASV_01071,0.5138888888888888,pos,Farm,IT2
ASV_00757,ASV_01119,0.5753424657534246,pos,Farm,IT2
ASV_00757,ASV_01124,0.5136986301369864,pos,Farm,IT2
ASV_00757,ASV_01204,0.5724137931034483,pos,Farm,IT2
ASV_00757,ASV_01223,0.4785714285714286,pos,Farm,IT2
ASV_00757,ASV_01267,0.5103448275862069,pos,Farm,IT2
ASV_00757,ASV_01941,0.5238095238095238,pos,Farm,IT2
ASV_00757,ASV_02020,0.5103448275862069,pos,Farm,IT2
ASV_00758,ASV_00760,0.5547945205479452,pos,Farm,IT2
ASV_00758,ASV_00772,0.5492957746478874,pos,Farm,IT2
ASV_00758,ASV_00801,0.5035460992907801,pos,Farm,IT2
ASV_00758,ASV_00802,0.5655172413793104,pos,Farm,IT2
ASV_00758,ASV_00806,0.5374149659863946,pos,Farm,IT2
ASV_00758,ASV_00807,0.5241379310344828,pos,Farm,IT2
ASV_00758,ASV_00808,0.5428571428571428,pos,Farm,IT2
ASV_00758,ASV_00817,0.5405405405405406,pos,Farm,IT2
ASV_00758,ASV_00821,0.5524475524475524,pos,Farm,IT2
ASV_00758,ASV_00869,0.5547945205479452,pos,Farm,IT2
ASV_00758,ASV_00873,0.49295774647887325,pos,Farm,IT2
ASV_00758,ASV_00880,0.5140845070422535,pos,Farm,IT2
ASV_00758,ASV_00909,0.5104895104895105,pos,Farm,IT2
ASV_00758,ASV_00912,0.48226950354609927,pos,Farm,IT2
ASV_00758,ASV_00931,0.5,pos,Farm,IT2
ASV_00758,ASV_00959,0.5277777777777778,pos,Farm,IT2
ASV_00758,ASV_01023,0.5337837837837838,pos,Farm,IT2
ASV_00758,ASV_01119,0.5472972972972973,pos,Farm,IT2
ASV_00758,ASV_01179,0.5285714285714286,pos,Farm,IT2
ASV_00758,ASV_01204,0.6330935251798561,pos,Farm,IT2
ASV_00758,ASV_01250,0.5724137931034483,pos,Farm,IT2
ASV_00758,ASV_01328,0.5069444444444444,pos,Farm,IT2
ASV_00758,ASV_01368,0.5172413793103449,pos,Farm,IT2
ASV_00758,ASV_02149,0.5070422535211268,pos,Farm,IT2
ASV_00760,ASV_00769,0.5342465753424658,pos,Farm,IT2
ASV_00760,ASV_00772,0.5625,pos,Farm,IT2
ASV_00760,ASV_00782,0.5342465753424658,pos,Farm,IT2
ASV_00760,ASV_00789,0.5694444444444444,pos,Farm,IT2
ASV_00760,ASV_00801,0.5069444444444444,pos,Farm,IT2
ASV_00760,ASV_00806,0.5608108108108109,pos,Farm,IT2
ASV_00760,ASV_00807,0.5804195804195804,pos,Farm,IT2
ASV_00760,ASV_00809,0.5723684210526315,pos,Farm,IT2
ASV_00760,ASV_00811,0.5472972972972973,pos,Farm,IT2
ASV_00760,ASV_00815,0.5686274509803921,pos,Farm,IT2
ASV_00760,ASV_00821,0.5547945205479452,pos,Farm,IT2
ASV_00760,ASV_00875,0.5918367346938775,pos,Farm,IT2
ASV_00760,ASV_00880,0.5172413793103449,pos,Farm,IT2
ASV_00760,ASV_00891,0.5657894736842105,pos,Farm,IT2
ASV_00760,ASV_00906,0.5945945945945946,pos,Farm,IT2
ASV_00760,ASV_00959,0.5306122448979592,pos,Farm,IT2
ASV_00760,ASV_01023,0.5782312925170068,pos,Farm,IT2
ASV_00760,ASV_01092,0.5704697986577181,pos,Farm,IT2
ASV_00760,ASV_01101,0.5944055944055944,pos,Farm,IT2
ASV_00760,ASV_01253,0.5306122448979592,pos,Farm,IT2
ASV_00760,ASV_01267,0.5486111111111112,pos,Farm,IT2
ASV_00760,ASV_01276,0.5138888888888888,pos,Farm,IT2
ASV_00760,ASV_01328,0.5310344827586206,pos,Farm,IT2
ASV_00760,ASV_01458,0.5034965034965035,pos,Farm,IT2
ASV_00760,ASV_01491,0.5238095238095238,pos,Farm,IT2
ASV_00760,ASV_01941,0.5510204081632653,pos,Farm,IT2
ASV_00760,ASV_02332,0.5972222222222222,pos,Farm,IT2
ASV_00769,ASV_00772,0.5174825174825175,pos,Farm,IT2
ASV_00769,ASV_00778,0.5111111111111111,pos,Farm,IT2
ASV_00769,ASV_00781,0.5428571428571428,pos,Farm,IT2
ASV_00769,ASV_00789,0.5244755244755245,pos,Farm,IT2
ASV_00769,ASV_00806,0.5273972602739726,pos,Farm,IT2
ASV_00769,ASV_00808,0.5323741007194245,pos,Farm,IT2
ASV_00769,ASV_00809,0.5503355704697986,pos,Farm,IT2
ASV_00769,ASV_00817,0.5625,pos,Farm,IT2
ASV_00769,ASV_00821,0.5103448275862069,pos,Farm,IT2
ASV_00769,ASV_00829,0.524822695035461,pos,Farm,IT2
ASV_00769,ASV_00842,0.5,pos,Farm,IT2
ASV_00769,ASV_00869,0.5774647887323944,pos,Farm,IT2
ASV_00769,ASV_00873,0.4928571428571429,pos,Farm,IT2
ASV_00769,ASV_00880,0.5035460992907801,pos,Farm,IT2
ASV_00769,ASV_00906,0.5944055944055944,pos,Farm,IT2
ASV_00769,ASV_00912,0.4714285714285714,pos,Farm,IT2
ASV_00769,ASV_00935,0.5390070921985816,pos,Farm,IT2
ASV_00769,ASV_00958,0.5,pos,Farm,IT2
ASV_00769,ASV_00959,0.5174825174825175,pos,Farm,IT2
ASV_00769,ASV_00989,0.48201438848920863,pos,Farm,IT2
ASV_00769,ASV_01023,0.5555555555555556,pos,Farm,IT2
ASV_00769,ASV_01092,0.527027027027027,pos,Farm,IT2
ASV_00769,ASV_01119,0.527027027027027,pos,Farm,IT2
ASV_00769,ASV_01153,0.49295774647887325,pos,Farm,IT2
ASV_00769,ASV_01249,0.5,pos,Farm,IT2
ASV_00769,ASV_01253,0.528169014084507,pos,Farm,IT2
ASV_00769,ASV_01267,0.5140845070422535,pos,Farm,IT2
ASV_00769,ASV_01385,0.5467625899280576,pos,Farm,IT2
ASV_00769,ASV_01417,0.5,pos,Farm,IT2
ASV_00769,ASV_01458,0.4892086330935252,pos,Farm,IT2
ASV_00769,ASV_01541,0.5103448275862069,pos,Farm,IT2
ASV_00769,ASV_01578,0.5244755244755245,pos,Farm,IT2
ASV_00769,ASV_02020,0.524822695035461,pos,Farm,IT2
ASV_00769,ASV_02332,0.5310344827586206,pos,Farm,IT2
ASV_00772,ASV_00789,0.5208333333333334,pos,Farm,IT2
ASV_00772,ASV_00801,0.5441176470588235,pos,Farm,IT2
ASV_00772,ASV_00807,0.5869565217391305,pos,Farm,IT2
ASV_00772,ASV_00808,0.4965034965034965,pos,Farm,IT2
ASV_00772,ASV_00809,0.5675675675675675,pos,Farm,IT2
ASV_00772,ASV_00842,0.4859154929577465,pos,Farm,IT2
ASV_00772,ASV_00843,0.5416666666666666,pos,Farm,IT2
ASV_00772,ASV_00865,0.5103448275862069,pos,Farm,IT2
ASV_00772,ASV_00873,0.5,pos,Farm,IT2
ASV_00772,ASV_00875,0.5547945205479452,pos,Farm,IT2
ASV_00772,ASV_00880,0.5434782608695652,pos,Farm,IT2
ASV_00772,ASV_00912,0.4892086330935252,pos,Farm,IT2
ASV_00772,ASV_00935,0.5244755244755245,pos,Farm,IT2
ASV_00772,ASV_00952,0.5214285714285715,pos,Farm,IT2
ASV_00772,ASV_00984,0.5103448275862069,pos,Farm,IT2
ASV_00772,ASV_00989,0.4892086330935252,pos,Farm,IT2
ASV_00772,ASV_01023,0.5306122448979592,pos,Farm,IT2
ASV_00772,ASV_01048,0.5,pos,Farm,IT2
ASV_00772,ASV_01065,0.49645390070921985,pos,Farm,IT2
ASV_00772,ASV_01092,0.5655172413793104,pos,Farm,IT2
ASV_00772,ASV_01101,0.5563380281690141,pos,Farm,IT2
ASV_00772,ASV_01119,0.54421768707483,pos,Farm,IT2
ASV_00772,ASV_01153,0.5214285714285715,pos,Farm,IT2
ASV_00772,ASV_01288,0.5454545454545454,pos,Farm,IT2
ASV_00772,ASV_01342,0.5369127516778524,pos,Farm,IT2
ASV_00772,ASV_01349,0.5138888888888888,pos,Farm,IT2
ASV_00772,ASV_01385,0.5319148936170213,pos,Farm,IT2
ASV_00772,ASV_01426,0.5071428571428571,pos,Farm,IT2
ASV_00772,ASV_01458,0.5182481751824818,pos,Farm,IT2
ASV_00772,ASV_01491,0.528169014084507,pos,Farm,IT2
ASV_00772,ASV_01503,0.5172413793103449,pos,Farm,IT2
ASV_00772,ASV_01512,0.5144927536231884,pos,Farm,IT2
ASV_00772,ASV_01578,0.5103448275862069,pos,Farm,IT2
ASV_00772,ASV_01941,0.5563380281690141,pos,Farm,IT2
ASV_00772,ASV_02332,0.5273972602739726,pos,Farm,IT2
ASV_00778,ASV_00782,0.5,pos,Farm,IT2
ASV_00778,ASV_00789,0.48201438848920863,pos,Farm,IT2
ASV_00778,ASV_00807,0.4714285714285714,pos,Farm,IT2
ASV_00778,ASV_00808,0.4888888888888889,pos,Farm,IT2
ASV_00778,ASV_00809,0.5,pos,Farm,IT2
ASV_00778,ASV_00869,0.5035460992907801,pos,Farm,IT2
ASV_00778,ASV_00912,0.4696969696969697,pos,Farm,IT2
ASV_00778,ASV_00931,0.46715328467153283,pos,Farm,IT2
ASV_00778,ASV_00984,0.5147058823529411,pos,Farm,IT2
ASV_00778,ASV_00987,0.46715328467153283,pos,Farm,IT2
ASV_00778,ASV_01018,0.47794117647058826,pos,Farm,IT2
ASV_00778,ASV_01023,0.49295774647887325,pos,Farm,IT2
ASV_00778,ASV_01101,0.475177304964539,pos,Farm,IT2
ASV_00778,ASV_01124,0.4748201438848921,pos,Farm,IT2
ASV_00778,ASV_01153,0.45985401459854014,pos,Farm,IT2
ASV_00778,ASV_01253,0.4855072463768116,pos,Farm,IT2
ASV_00778,ASV_01288,0.475177304964539,pos,Farm,IT2
ASV_00778,ASV_01328,0.4744525547445255,pos,Farm,IT2
ASV_00778,ASV_01491,0.4782608695652174,pos,Farm,IT2
ASV_00778,ASV_01578,0.4927536231884058,pos,Farm,IT2
ASV_00778,ASV_02149,0.4632352941176471,pos,Farm,IT2
ASV_00781,ASV_00793,0.5106382978723404,pos,Farm,IT2
ASV_00781,ASV_00798,0.5310344827586206,pos,Farm,IT2
ASV_00781,ASV_00807,0.5138888888888888,pos,Farm,IT2
ASV_00781,ASV_00829,0.5357142857142857,pos,Farm,IT2
ASV_00781,ASV_00875,0.527027027027027,pos,Farm,IT2
ASV_00781,ASV_00880,0.5142857142857142,pos,Farm,IT2
ASV_00781,ASV_00958,0.5428571428571428,pos,Farm,IT2
ASV_00781,ASV_00959,0.55,pos,Farm,IT2
ASV_00781,ASV_00966,0.4714285714285714,pos,Farm,IT2
ASV_00781,ASV_00984,0.5352112676056338,pos,Farm,IT2
ASV_00781,ASV_01288,0.5277777777777778,pos,Farm,IT2
ASV_00781,ASV_01385,0.5140845070422535,pos,Farm,IT2
ASV_00781,ASV_01417,0.5,pos,Farm,IT2
ASV_00781,ASV_01491,0.5,pos,Farm,IT2
ASV_00781,ASV_02332,0.5205479452054794,pos,Farm,IT2
ASV_00782,ASV_00809,0.54,pos,Farm,IT2
ASV_00782,ASV_00815,0.5466666666666666,pos,Farm,IT2
ASV_00782,ASV_00848,0.5241379310344828,pos,Farm,IT2
ASV_00782,ASV_00891,0.5753424657534246,pos,Farm,IT2
ASV_00782,ASV_01153,0.5362318840579711,pos,Farm,IT2
ASV_00782,ASV_01426,0.48936170212765956,pos,Farm,IT2
ASV_00782,ASV_01458,0.5,pos,Farm,IT2
ASV_00782,ASV_02149,0.4859154929577465,pos,Farm,IT2
ASV_00789,ASV_00808,0.5034965034965035,pos,Farm,IT2
ASV_00789,ASV_00890,0.5454545454545454,pos,Farm,IT2
ASV_00789,ASV_00906,0.564625850340136,pos,Farm,IT2
ASV_00789,ASV_00912,0.5294117647058824,pos,Farm,IT2
ASV_00789,ASV_00958,0.5244755244755245,pos,Farm,IT2
ASV_00789,ASV_01071,0.5,pos,Farm,IT2
ASV_00789,ASV_01152,0.55,pos,Farm,IT2
ASV_00789,ASV_01253,0.5314685314685315,pos,Farm,IT2
ASV_00789,ASV_01342,0.5540540540540541,pos,Farm,IT2
ASV_00789,ASV_01385,0.528169014084507,pos,Farm,IT2
ASV_00789,ASV_01541,0.5241379310344828,pos,Farm,IT2
ASV_00789,ASV_01840,0.5138888888888888,pos,Farm,IT2
ASV_00789,ASV_02020,0.5174825174825175,pos,Farm,IT2
ASV_00793,ASV_00801,0.48201438848920863,pos,Farm,IT2
ASV_00793,ASV_00809,0.5302013422818792,pos,Farm,IT2
ASV_00793,ASV_00815,0.5578231292517006,pos,Farm,IT2
ASV_00793,ASV_00817,0.5205479452054794,pos,Farm,IT2
ASV_00793,ASV_00873,0.48201438848920863,pos,Farm,IT2
ASV_00793,ASV_00890,0.5104895104895105,pos,Farm,IT2
ASV_00793,ASV_00906,0.5306122448979592,pos,Farm,IT2
ASV_00793,ASV_00952,0.5035971223021583,pos,Farm,IT2
ASV_00793,ASV_00959,0.5070422535211268,pos,Farm,IT2
ASV_00793,ASV_00989,0.47101449275362317,pos,Farm,IT2
ASV_00793,ASV_01018,0.48936170212765956,pos,Farm,IT2
ASV_00793,ASV_01048,0.49295774647887325,pos,Farm,IT2
ASV_00793,ASV_01092,0.5170068027210885,pos,Farm,IT2
ASV_00793,ASV_01276,0.4785714285714286,pos,Farm,IT2
ASV_00793,ASV_01578,0.5034965034965035,pos,Farm,IT2
ASV_00793,ASV_02020,0.49295774647887325,pos,Farm,IT2
ASV_00798,ASV_00806,0.5369127516778524,pos,Farm,IT2
ASV_00798,ASV_00809,0.5695364238410596,pos,Farm,IT2
ASV_00798,ASV_00811,0.54421768707483,pos,Farm,IT2
ASV_00798,ASV_00829,0.5241379310344828,pos,Farm,IT2
ASV_00798,ASV_00865,0.5342465753424658,pos,Farm,IT2
ASV_00798,ASV_00875,0.5466666666666666,pos,Farm,IT2
ASV_00798,ASV_00890,0.5517241379310345,pos,Farm,IT2
ASV_00798,ASV_00912,0.5035460992907801,pos,Farm,IT2
ASV_00798,ASV_00929,0.5510204081632653,pos,Farm,IT2
ASV_00798,ASV_00966,0.49295774647887325,pos,Farm,IT2
ASV_00798,ASV_01071,0.5492957746478874,pos,Farm,IT2
ASV_00798,ASV_01119,0.5466666666666666,pos,Farm,IT2
ASV_00798,ASV_01124,0.5273972602739726,pos,Farm,IT2
ASV_00798,ASV_01249,0.5755395683453237,pos,Farm,IT2
ASV_00798,ASV_01267,0.5241379310344828,pos,Farm,IT2
ASV_00798,ASV_01385,0.5241379310344828,pos,Farm,IT2
ASV_00798,ASV_01417,0.5205479452054794,pos,Farm,IT2
ASV_00798,ASV_01578,0.5448275862068965,pos,Farm,IT2
ASV_00801,ASV_00809,0.5555555555555556,pos,Farm,IT2
ASV_00801,ASV_00845,0.47794117647058826,pos,Farm,IT2
ASV_00801,ASV_00880,0.4855072463768116,pos,Farm,IT2
ASV_00801,ASV_00929,0.5034965034965035,pos,Farm,IT2
ASV_00801,ASV_00935,0.5107913669064749,pos,Farm,IT2
ASV_00801,ASV_00959,0.48936170212765956,pos,Farm,IT2
ASV_00801,ASV_00984,0.5071428571428571,pos,Farm,IT2
ASV_00801,ASV_00989,0.4740740740740741,pos,Farm,IT2
ASV_00801,ASV_01023,0.5390070921985816,pos,Farm,IT2
ASV_00801,ASV_01065,0.47101449275362317,pos,Farm,IT2
ASV_00801,ASV_01090,0.5428571428571428,pos,Farm,IT2
ASV_00801,ASV_01119,0.5531914893617021,pos,Farm,IT2
ASV_00801,ASV_01124,0.5107913669064749,pos,Farm,IT2
ASV_00801,ASV_01204,0.5069444444444444,pos,Farm,IT2
ASV_00801,ASV_01249,0.48201438848920863,pos,Farm,IT2
ASV_00801,ASV_01458,0.4925373134328358,pos,Farm,IT2
ASV_00801,ASV_01459,0.5220588235294118,pos,Farm,IT2
ASV_00801,ASV_01578,0.4859154929577465,pos,Farm,IT2
ASV_00801,ASV_02020,0.4857142857142857,pos,Farm,IT2
ASV_00801,ASV_02332,0.5034965034965035,pos,Farm,IT2
ASV_00802,ASV_00821,0.54421768707483,pos,Farm,IT2
ASV_00802,ASV_00890,0.5337837837837838,pos,Farm,IT2
ASV_00802,ASV_01018,0.5347222222222222,pos,Farm,IT2
ASV_00802,ASV_01065,0.503448275862069,pos,Farm,IT2
ASV_00802,ASV_01092,0.581081081081081,pos,Farm,IT2
ASV_00802,ASV_01179,0.5103448275862069,pos,Farm,IT2
ASV_00802,ASV_01250,0.5533333333333333,pos,Farm,IT2
ASV_00802,ASV_01503,0.5655172413793104,pos,Farm,IT2
ASV_00806,ASV_00807,0.541095890410959,pos,Farm,IT2
ASV_00806,ASV_00822,0.5306122448979592,pos,Farm,IT2
ASV_00806,ASV_00829,0.5310344827586206,pos,Farm,IT2
ASV_00806,ASV_00842,0.5390070921985816,pos,Farm,IT2
ASV_00806,ASV_00869,0.5503355704697986,pos,Farm,IT2
ASV_00806,ASV_00906,0.5771812080536913,pos,Farm,IT2
ASV_00806,ASV_00909,0.5277777777777778,pos,Farm,IT2
ASV_00806,ASV_00935,0.5342465753424658,pos,Farm,IT2
ASV_00806,ASV_00984,0.5306122448979592,pos,Farm,IT2
ASV_00806,ASV_00989,0.48951048951048953,pos,Farm,IT2
ASV_00806,ASV_01071,0.5347222222222222,pos,Farm,IT2
ASV_00806,ASV_01101,0.5337837837837838,pos,Farm,IT2
ASV_00806,ASV_01124,0.5238095238095238,pos,Farm,IT2
ASV_00806,ASV_01204,0.5821917808219178,pos,Farm,IT2
ASV_00806,ASV_01253,0.5238095238095238,pos,Farm,IT2
ASV_00806,ASV_01328,0.5241379310344828,pos,Farm,IT2
ASV_00806,ASV_01342,0.5666666666666667,pos,Farm,IT2
ASV_00806,ASV_01368,0.5238095238095238,pos,Farm,IT2
ASV_00806,ASV_01385,0.5310344827586206,pos,Farm,IT2
ASV_00806,ASV_01512,0.4930555555555556,pos,Farm,IT2
ASV_00806,ASV_01578,0.5517241379310345,pos,Farm,IT2
ASV_00807,ASV_00815,0.5496688741721855,pos,Farm,IT2
ASV_00807,ASV_00821,0.5136986301369864,pos,Farm,IT2
ASV_00807,ASV_00842,0.5362318840579711,pos,Farm,IT2
ASV_00807,ASV_00845,0.5217391304347826,pos,Farm,IT2
ASV_00807,ASV_00931,0.5140845070422535,pos,Farm,IT2
ASV_00807,ASV_00958,0.5352112676056338,pos,Farm,IT2
ASV_00807,ASV_00984,0.5277777777777778,pos,Farm,IT2
ASV_00807,ASV_01101,0.5310344827586206,pos,Farm,IT2
ASV_00807,ASV_01288,0.5205479452054794,pos,Farm,IT2
ASV_00807,ASV_01368,0.5314685314685315,pos,Farm,IT2
ASV_00807,ASV_01426,0.5035460992907801,pos,Farm,IT2
ASV_00807,ASV_01458,0.5035971223021583,pos,Farm,IT2
ASV_00807,ASV_01459,0.5211267605633803,pos,Farm,IT2
ASV_00807,ASV_01578,0.5172413793103449,pos,Farm,IT2
ASV_00807,ASV_02332,0.5448275862068965,pos,Farm,IT2
ASV_00808,ASV_00809,0.5405405405405406,pos,Farm,IT2
ASV_00808,ASV_00811,0.5138888888888888,pos,Farm,IT2
ASV_00808,ASV_00815,0.5369127516778524,pos,Farm,IT2
ASV_00808,ASV_00817,0.5416666666666666,pos,Farm,IT2
ASV_00808,ASV_00821,0.5319148936170213,pos,Farm,IT2
ASV_00808,ASV_00822,0.5140845070422535,pos,Farm,IT2
ASV_00808,ASV_00829,0.5362318840579711,pos,Farm,IT2
ASV_00808,ASV_00865,0.5467625899280576,pos,Farm,IT2
ASV_00808,ASV_00869,0.5136986301369864,pos,Farm,IT2
ASV_00808,ASV_00880,0.4928571428571429,pos,Farm,IT2
ASV_00808,ASV_00906,0.5957446808510638,pos,Farm,IT2
ASV_00808,ASV_00931,0.5555555555555556,pos,Farm,IT2
ASV_00808,ASV_00935,0.4965034965034965,pos,Farm,IT2
ASV_00808,ASV_00952,0.48226950354609927,pos,Farm,IT2
ASV_00808,ASV_00958,0.5,pos,Farm,IT2
ASV_00808,ASV_00959,0.4965034965034965,pos,Farm,IT2
ASV_00808,ASV_01018,0.5328467153284672,pos,Farm,IT2
ASV_00808,ASV_01092,0.5379310344827586,pos,Farm,IT2
ASV_00808,ASV_01152,0.5362318840579711,pos,Farm,IT2
ASV_00808,ASV_01153,0.5255474452554745,pos,Farm,IT2
ASV_00808,ASV_01179,0.5294117647058824,pos,Farm,IT2
ASV_00808,ASV_01276,0.5,pos,Farm,IT2
ASV_00808,ASV_01342,0.5625,pos,Farm,IT2
ASV_00808,ASV_01368,0.4965034965034965,pos,Farm,IT2
ASV_00808,ASV_01458,0.5,pos,Farm,IT2
ASV_00808,ASV_01491,0.5323741007194245,pos,Farm,IT2
ASV_00808,ASV_01541,0.5211267605633803,pos,Farm,IT2
ASV_00808,ASV_01578,0.5034965034965035,pos,Farm,IT2
ASV_00808,ASV_02020,0.5362318840579711,pos,Farm,IT2
ASV_00809,ASV_00815,0.5935483870967742,pos,Farm,IT2
ASV_00809,ASV_00829,0.5436241610738255,pos,Farm,IT2
ASV_00809,ASV_00843,0.5733333333333334,pos,Farm,IT2
ASV_00809,ASV_00848,0.5629139072847682,pos,Farm,IT2
ASV_00809,ASV_00869,0.5723684210526315,pos,Farm,IT2
ASV_00809,ASV_00875,0.6174496644295302,pos,Farm,IT2
ASV_00809,ASV_00890,0.5496688741721855,pos,Farm,IT2
ASV_00809,ASV_00912,0.5347222222222222,pos,Farm,IT2
ASV_00809,ASV_00924,0.5492957746478874,pos,Farm,IT2
ASV_00809,ASV_00959,0.5466666666666666,pos,Farm,IT2
ASV_00809,ASV_00989,0.5136986301369864,pos,Farm,IT2
ASV_00809,ASV_01048,0.5540540540540541,pos,Farm,IT2
ASV_00809,ASV_01065,0.5517241379310345,pos,Farm,IT2
ASV_00809,ASV_01071,0.5369127516778524,pos,Farm,IT2
ASV_00809,ASV_01090,0.5866666666666667,pos,Farm,IT2
ASV_00809,ASV_01092,0.5960264900662252,pos,Farm,IT2
ASV_00809,ASV_01119,0.5855263157894737,pos,Farm,IT2
ASV_00809,ASV_01124,0.6,pos,Farm,IT2
ASV_00809,ASV_01249,0.5302013422818792,pos,Farm,IT2
ASV_00809,ASV_01267,0.5436241610738255,pos,Farm,IT2
ASV_00809,ASV_01328,0.5472972972972973,pos,Farm,IT2
ASV_00809,ASV_01417,0.5503355704697986,pos,Farm,IT2
ASV_00809,ASV_01426,0.5306122448979592,pos,Farm,IT2
ASV_00809,ASV_01458,0.5310344827586206,pos,Farm,IT2
ASV_00809,ASV_01578,0.5958904109589042,pos,Farm,IT2
ASV_00811,ASV_00817,0.5436241610738255,pos,Farm,IT2
ASV_00811,ASV_00865,0.5273972602739726,pos,Farm,IT2
ASV_00811,ASV_00891,0.5666666666666667,pos,Farm,IT2
ASV_00811,ASV_00929,0.5337837837837838,pos,Farm,IT2
ASV_00811,ASV_00931,0.5460992907801419,pos,Farm,IT2
ASV_00811,ASV_01179,0.5,pos,Farm,IT2
ASV_00811,ASV_01840,0.5347222222222222,pos,Farm,IT2
ASV_00811,ASV_02332,0.5337837837837838,pos,Farm,IT2
ASV_00815,ASV_00829,0.54,pos,Farm,IT2
ASV_00815,ASV_00842,0.527027027027027,pos,Farm,IT2
ASV_00815,ASV_00865,0.5496688741721855,pos,Farm,IT2
ASV_00815,ASV_00906,0.5947712418300654,pos,Farm,IT2
ASV_00815,ASV_00924,0.5241379310344828,pos,Farm,IT2
ASV_00815,ASV_00931,0.5472972972972973,pos,Farm,IT2
ASV_00815,ASV_00984,0.56,pos,Farm,IT2
ASV_00815,ASV_01065,0.527027027027027,pos,Farm,IT2
ASV_00815,ASV_01153,0.5405405405405406,pos,Farm,IT2
ASV_00815,ASV_01204,0.5789473684210527,pos,Farm,IT2
ASV_00815,ASV_01250,0.5960264900662252,pos,Farm,IT2
ASV_00815,ASV_01267,0.5608108108108109,pos,Farm,IT2
ASV_00815,ASV_01288,0.5629139072847682,pos,Farm,IT2
ASV_00815,ASV_01417,0.5466666666666666,pos,Farm,IT2
ASV_00815,ASV_01491,0.5675675675675675,pos,Farm,IT2
ASV_00815,ASV_01578,0.56,pos,Farm,IT2
ASV_00817,ASV_00822,0.5337837837837838,pos,Farm,IT2
ASV_00817,ASV_00842,0.5642857142857143,pos,Farm,IT2
ASV_00817,ASV_00843,0.5436241610738255,pos,Farm,IT2
ASV_00817,ASV_00869,0.5743243243243243,pos,Farm,IT2
ASV_00817,ASV_00873,0.503448275862069,pos,Farm,IT2
ASV_00817,ASV_00875,0.5666666666666667,pos,Farm,IT2
ASV_00817,ASV_00880,0.5136986301369864,pos,Farm,IT2
ASV_00817,ASV_00935,0.5804195804195804,pos,Farm,IT2
ASV_00817,ASV_00959,0.527027027027027,pos,Farm,IT2
ASV_00817,ASV_00989,0.4930555555555556,pos,Farm,IT2
ASV_00817,ASV_01152,0.5238095238095238,pos,Farm,IT2
ASV_00817,ASV_01179,0.5172413793103449,pos,Farm,IT2
ASV_00817,ASV_01250,0.5704697986577181,pos,Farm,IT2
ASV_00817,ASV_01288,0.5793103448275863,pos,Farm,IT2
ASV_00817,ASV_01342,0.5695364238410596,pos,Farm,IT2
ASV_00817,ASV_01349,0.527027027027027,pos,Farm,IT2
ASV_00817,ASV_01491,0.541095890410959,pos,Farm,IT2
ASV_00817,ASV_01512,0.5174825174825175,pos,Farm,IT2
ASV_00817,ASV_02332,0.6041666666666666,pos,Farm,IT2
ASV_00821,ASV_00822,0.5563380281690141,pos,Farm,IT2
ASV_00821,ASV_00829,0.5352112676056338,pos,Farm,IT2
ASV_00821,ASV_00873,0.5035460992907801,pos,Farm,IT2
ASV_00821,ASV_00931,0.5104895104895105,pos,Farm,IT2
ASV_00821,ASV_01023,0.54421768707483,pos,Farm,IT2
ASV_00821,ASV_01092,0.5369127516778524,pos,Farm,IT2
ASV_00821,ASV_01119,0.5578231292517006,pos,Farm,IT2
ASV_00821,ASV_01223,0.4927536231884058,pos,Farm,IT2
ASV_00821,ASV_01249,0.5,pos,Farm,IT2
ASV_00821,ASV_01267,0.5244755244755245,pos,Farm,IT2
ASV_00821,ASV_01276,0.5,pos,Farm,IT2
ASV_00821,ASV_01328,0.5174825174825175,pos,Farm,IT2
ASV_00821,ASV_01385,0.5244755244755245,pos,Farm,IT2
ASV_00821,ASV_01459,0.5069444444444444,pos,Farm,IT2
ASV_00821,ASV_01491,0.5208333333333334,pos,Farm,IT2
ASV_00821,ASV_01541,0.5205479452054794,pos,Farm,IT2
ASV_00821,ASV_01578,0.5454545454545454,pos,Farm,IT2
ASV_00821,ASV_02149,0.5285714285714286,pos,Farm,IT2
ASV_00822,ASV_00829,0.5174825174825175,pos,Farm,IT2
ASV_00822,ASV_00843,0.5594405594405595,pos,Farm,IT2
ASV_00822,ASV_00865,0.5277777777777778,pos,Farm,IT2
ASV_00822,ASV_00873,0.5071428571428571,pos,Farm,IT2
ASV_00822,ASV_00875,0.5510204081632653,pos,Farm,IT2
ASV_00822,ASV_00890,0.5241379310344828,pos,Farm,IT2
ASV_00822,ASV_00931,0.5034965034965035,pos,Farm,IT2
ASV_00822,ASV_00989,0.5072463768115942,pos,Farm,IT2
ASV_00822,ASV_01092,0.5510204081632653,pos,Farm,IT2
ASV_00822,ASV_01276,0.49295774647887325,pos,Farm,IT2
ASV_00822,ASV_01349,0.5103448275862069,pos,Farm,IT2
ASV_00822,ASV_01426,0.49295774647887325,pos,Farm,IT2
ASV_00822,ASV_01578,0.5172413793103449,pos,Farm,IT2
ASV_00829,ASV_00865,0.5390070921985816,pos,Farm,IT2
ASV_00829,ASV_00890,0.5244755244755245,pos,Farm,IT2
ASV_00829,ASV_00929,0.5454545454545454,pos,Farm,IT2
ASV_00829,ASV_00931,0.5035460992907801,pos,Farm,IT2
ASV_00829,ASV_00959,0.5211267605633803,pos,Farm,IT2
ASV_00829,ASV_00966,0.5073529411764706,pos,Farm,IT2
ASV_00829,ASV_00984,0.5611510791366906,pos,Farm,IT2
ASV_00829,ASV_01048,0.5507246376811594,pos,Farm,IT2
ASV_00829,ASV_01092,0.5306122448979592,pos,Farm,IT2
ASV_00829,ASV_01124,0.5,pos,Farm,IT2
ASV_00829,ASV_01153,0.4859154929577465,pos,Farm,IT2
ASV_00829,ASV_01204,0.5273972602739726,pos,Farm,IT2
ASV_00829,ASV_01249,0.49295774647887325,pos,Farm,IT2
ASV_00829,ASV_01267,0.5070422535211268,pos,Farm,IT2
ASV_00829,ASV_01276,0.5144927536231884,pos,Farm,IT2
ASV_00829,ASV_01385,0.4965034965034965,pos,Farm,IT2
ASV_00829,ASV_01458,0.5373134328358209,pos,Farm,IT2
ASV_00829,ASV_01491,0.5034965034965035,pos,Farm,IT2
ASV_00829,ASV_01578,0.5390070921985816,pos,Farm,IT2
ASV_00829,ASV_02020,0.4965034965034965,pos,Farm,IT2
ASV_00829,ASV_02332,0.5241379310344828,pos,Farm,IT2
ASV_00842,ASV_00869,0.5244755244755245,pos,Farm,IT2
ASV_00842,ASV_00880,0.48201438848920863,pos,Farm,IT2
ASV_00842,ASV_00891,0.5448275862068965,pos,Farm,IT2
ASV_00842,ASV_00931,0.5109489051094891,pos,Farm,IT2
ASV_00842,ASV_00935,0.4859154929577465,pos,Farm,IT2
ASV_00842,ASV_00989,0.47058823529411764,pos,Farm,IT2
ASV_00842,ASV_01018,0.5,pos,Farm,IT2
ASV_00842,ASV_01023,0.503448275862069,pos,Farm,IT2
ASV_00842,ASV_01092,0.5172413793103449,pos,Farm,IT2
ASV_00842,ASV_01152,0.4928571428571429,pos,Farm,IT2
ASV_00842,ASV_01179,0.4855072463768116,pos,Farm,IT2
ASV_00842,ASV_01276,0.4676258992805755,pos,Farm,IT2
ASV_00842,ASV_01426,0.5223880597014925,pos,Farm,IT2
ASV_00842,ASV_01491,0.5217391304347826,pos,Farm,IT2
ASV_00842,ASV_01508,0.5069444444444444,pos,Farm,IT2
ASV_00842,ASV_01541,0.5106382978723404,pos,Farm,IT2
ASV_00842,ASV_01941,0.5285714285714286,pos,Farm,IT2
ASV_00842,ASV_02332,0.5211267605633803,pos,Farm,IT2
ASV_00843,ASV_00875,0.593103448275862,pos,Farm,IT2
ASV_00843,ASV_00891,0.5562913907284768,pos,Farm,IT2
ASV_00843,ASV_00929,0.54421768707483,pos,Farm,IT2
ASV_00843,ASV_00935,0.5310344827586206,pos,Farm,IT2
ASV_00843,ASV_00959,0.5310344827586206,pos,Farm,IT2
ASV_00843,ASV_00989,0.49645390070921985,pos,Farm,IT2
ASV_00843,ASV_01349,0.5205479452054794,pos,Farm,IT2
ASV_00843,ASV_01491,0.5454545454545454,pos,Farm,IT2
ASV_00843,ASV_02149,0.5,pos,Farm,IT2
ASV_00843,ASV_02332,0.5337837837837838,pos,Farm,IT2
ASV_00845,ASV_00865,0.5,pos,Farm,IT2
ASV_00845,ASV_00906,0.5277777777777778,pos,Farm,IT2
ASV_00845,ASV_00984,0.5,pos,Farm,IT2
ASV_00845,ASV_01124,0.5255474452554745,pos,Farm,IT2
ASV_00845,ASV_01152,0.4785714285714286,pos,Farm,IT2
ASV_00845,ASV_01204,0.5104895104895105,pos,Farm,IT2
ASV_00845,ASV_01328,0.5036496350364964,pos,Farm,IT2
ASV_00845,ASV_01459,0.48201438848920863,pos,Farm,IT2
ASV_00845,ASV_02332,0.539568345323741,pos,Farm,IT2
ASV_00848,ASV_00924,0.48936170212765956,pos,Farm,IT2
ASV_00848,ASV_00931,0.5244755244755245,pos,Farm,IT2
ASV_00848,ASV_00935,0.5310344827586206,pos,Farm,IT2
ASV_00848,ASV_00984,0.5273972602739726,pos,Farm,IT2
ASV_00848,ASV_00987,0.5138888888888888,pos,Farm,IT2
ASV_00848,ASV_01018,0.5244755244755245,pos,Farm,IT2
ASV_00848,ASV_01065,0.5034965034965035,pos,Farm,IT2
ASV_00848,ASV_01179,0.5211267605633803,pos,Farm,IT2
ASV_00848,ASV_01250,0.5436241610738255,pos,Farm,IT2
ASV_00848,ASV_01288,0.5734265734265734,pos,Farm,IT2
ASV_00848,ASV_01508,0.5616438356164384,pos,Farm,IT2
ASV_00848,ASV_01941,0.541095890410959,pos,Farm,IT2
ASV_00865,ASV_00873,0.5071428571428571,pos,Farm,IT2
ASV_00865,ASV_00875,0.5405405405405406,pos,Farm,IT2
ASV_00865,ASV_00890,0.5563380281690141,pos,Farm,IT2
ASV_00865,ASV_00891,0.5570469798657718,pos,Farm,IT2
ASV_00865,ASV_00906,0.5436241610738255,pos,Farm,IT2
ASV_00865,ASV_00935,0.5531914893617021,pos,Farm,IT2
ASV_00865,ASV_00966,0.4857142857142857,pos,Farm,IT2
ASV_00865,ASV_00989,0.5072463768115942,pos,Farm,IT2
ASV_00865,ASV_01018,0.5034965034965035,pos,Farm,IT2
ASV_00865,ASV_01065,0.49295774647887325,pos,Farm,IT2
ASV_00865,ASV_01071,0.5104895104895105,pos,Farm,IT2
ASV_00865,ASV_01153,0.4965034965034965,pos,Farm,IT2
ASV_00865,ASV_01204,0.547945205479452,pos,Farm,IT2
ASV_00865,ASV_01223,0.4855072463768116,pos,Farm,IT2
ASV_00865,ASV_01253,0.5103448275862069,pos,Farm,IT2
ASV_00865,ASV_01267,0.5174825174825175,pos,Farm,IT2
ASV_00865,ASV_01349,0.5103448275862069,pos,Farm,IT2
ASV_00865,ASV_01459,0.5104895104895105,pos,Farm,IT2
ASV_00865,ASV_02332,0.5448275862068965,pos,Farm,IT2
ASV_00869,ASV_00890,0.5337837837837838,pos,Farm,IT2
ASV_00869,ASV_00958,0.5238095238095238,pos,Farm,IT2
ASV_00869,ASV_01065,0.503448275862069,pos,Farm,IT2
ASV_00869,ASV_01071,0.5205479452054794,pos,Farm,IT2
ASV_00869,ASV_01101,0.5510204081632653,pos,Farm,IT2
ASV_00869,ASV_01124,0.541095890410959,pos,Farm,IT2
ASV_00869,ASV_01249,0.5241379310344828,pos,Farm,IT2
ASV_00869,ASV_01250,0.5637583892617449,pos,Farm,IT2
ASV_00869,ASV_01253,0.5734265734265734,pos,Farm,IT2
ASV_00869,ASV_01368,0.5625,pos,Farm,IT2
ASV_00869,ASV_01426,0.5138888888888888,pos,Farm,IT2
ASV_00869,ASV_01458,0.4930555555555556,pos,Farm,IT2
ASV_00869,ASV_01491,0.5238095238095238,pos,Farm,IT2
ASV_00869,ASV_01541,0.54421768707483,pos,Farm,IT2
ASV_00869,ASV_01941,0.5510204081632653,pos,Farm,IT2
ASV_00869,ASV_02020,0.5273972602739726,pos,Farm,IT2
ASV_00869,ASV_02332,0.5540540540540541,pos,Farm,IT2
ASV_00873,ASV_00912,0.4632352941176471,pos,Farm,IT2
ASV_00873,ASV_00959,0.48936170212765956,pos,Farm,IT2
ASV_00873,ASV_00989,0.49624060150375937,pos,Farm,IT2
ASV_00873,ASV_01223,0.45185185185185184,pos,Farm,IT2
ASV_00873,ASV_01349,0.5,pos,Farm,IT2
ASV_00873,ASV_02149,0.4782608695652174,pos,Farm,IT2
ASV_00875,ASV_00924,0.4930555555555556,pos,Farm,IT2
ASV_00875,ASV_00931,0.5273972602739726,pos,Farm,IT2
ASV_00875,ASV_00958,0.5374149659863946,pos,Farm,IT2
ASV_00875,ASV_01018,0.5170068027210885,pos,Farm,IT2
ASV_00875,ASV_01071,0.5342465753424658,pos,Farm,IT2
ASV_00875,ASV_01092,0.5838926174496645,pos,Farm,IT2
ASV_00875,ASV_01101,0.5972222222222222,pos,Farm,IT2
ASV_00875,ASV_01249,0.5170068027210885,pos,Farm,IT2
ASV_00875,ASV_01250,0.5666666666666667,pos,Farm,IT2
ASV_00875,ASV_01267,0.541095890410959,pos,Farm,IT2
ASV_00875,ASV_01288,0.5540540540540541,pos,Farm,IT2
ASV_00875,ASV_01491,0.5694444444444444,pos,Farm,IT2
ASV_00875,ASV_01541,0.5369127516778524,pos,Farm,IT2
ASV_00875,ASV_01578,0.5510204081632653,pos,Farm,IT2
ASV_00875,ASV_02149,0.5241379310344828,pos,Farm,IT2
ASV_00880,ASV_00924,0.46715328467153283,pos,Farm,IT2
ASV_00880,ASV_00929,0.503448275862069,pos,Farm,IT2
ASV_00880,ASV_00931,0.5144927536231884,pos,Farm,IT2
ASV_00880,ASV_00984,0.5070422535211268,pos,Farm,IT2
ASV_00880,ASV_00989,0.463768115942029,pos,Farm,IT2
ASV_00880,ASV_01048,0.5071428571428571,pos,Farm,IT2
ASV_00880,ASV_01119,0.5310344827586206,pos,Farm,IT2
ASV_00880,ASV_01124,0.5214285714285715,pos,Farm,IT2
ASV_00880,ASV_01267,0.4859154929577465,pos,Farm,IT2
ASV_00880,ASV_01342,0.5342465753424658,pos,Farm,IT2
ASV_00880,ASV_01417,0.5142857142857142,pos,Farm,IT2
ASV_00880,ASV_01512,0.4782608695652174,pos,Farm,IT2
ASV_00880,ASV_01941,0.5211267605633803,pos,Farm,IT2
ASV_00880,ASV_02332,0.5138888888888888,pos,Farm,IT2
ASV_00890,ASV_00906,0.5503355704697986,pos,Farm,IT2
ASV_00890,ASV_00912,0.5035971223021583,pos,Farm,IT2
ASV_00890,ASV_00924,0.4857142857142857,pos,Farm,IT2
ASV_00890,ASV_00935,0.5384615384615384,pos,Farm,IT2
ASV_00890,ASV_00959,0.5172413793103449,pos,Farm,IT2
ASV_00890,ASV_00966,0.5367647058823529,pos,Farm,IT2
ASV_00890,ASV_00984,0.5454545454545454,pos,Farm,IT2
ASV_00890,ASV_00989,0.48226950354609927,pos,Farm,IT2
ASV_00890,ASV_01018,0.5428571428571428,pos,Farm,IT2
ASV_00890,ASV_01048,0.5244755244755245,pos,Farm,IT2
ASV_00890,ASV_01092,0.5793103448275863,pos,Farm,IT2
ASV_00890,ASV_01119,0.5578231292517006,pos,Farm,IT2
ASV_00890,ASV_01152,0.5460992907801419,pos,Farm,IT2
ASV_00890,ASV_01253,0.5827338129496403,pos,Farm,IT2
ASV_00890,ASV_01276,0.5106382978723404,pos,Farm,IT2
ASV_00890,ASV_01328,0.5390070921985816,pos,Farm,IT2
ASV_00890,ASV_01342,0.5714285714285714,pos,Farm,IT2
ASV_00890,ASV_01508,0.5374149659863946,pos,Farm,IT2
ASV_00890,ASV_01512,0.49645390070921985,pos,Farm,IT2
ASV_00890,ASV_01541,0.5416666666666666,pos,Farm,IT2
ASV_00890,ASV_02149,0.539568345323741,pos,Farm,IT2
ASV_00891,ASV_00906,0.6133333333333333,pos,Farm,IT2
ASV_00891,ASV_00931,0.5655172413793104,pos,Farm,IT2
ASV_00891,ASV_01018,0.54421768707483,pos,Farm,IT2
ASV_00891,ASV_01023,0.5761589403973509,pos,Farm,IT2
ASV_00891,ASV_01065,0.5238095238095238,pos,Farm,IT2
ASV_00891,ASV_01124,0.5503355704697986,pos,Farm,IT2
ASV_00891,ASV_01153,0.547945205479452,pos,Farm,IT2
ASV_00891,ASV_01276,0.5342465753424658,pos,Farm,IT2
ASV_00891,ASV_01491,0.564625850340136,pos,Farm,IT2
ASV_00891,ASV_01840,0.5436241610738255,pos,Farm,IT2
ASV_00891,ASV_01941,0.5496688741721855,pos,Farm,IT2
ASV_00891,ASV_02332,0.5838926174496645,pos,Farm,IT2
ASV_00906,ASV_00912,0.5138888888888888,pos,Farm,IT2
ASV_00906,ASV_01018,0.5306122448979592,pos,Farm,IT2
ASV_00906,ASV_01152,0.5337837837837838,pos,Farm,IT2
ASV_00906,ASV_01204,0.5733333333333334,pos,Farm,IT2
ASV_00906,ASV_01253,0.5578231292517006,pos,Farm,IT2
ASV_00906,ASV_01276,0.5310344827586206,pos,Farm,IT2
ASV_00906,ASV_01840,0.5510204081632653,pos,Farm,IT2
ASV_00906,ASV_02149,0.5379310344827586,pos,Farm,IT2
ASV_00906,ASV_02332,0.56,pos,Farm,IT2
ASV_00909,ASV_00912,0.48175182481751827,pos,Farm,IT2
ASV_00909,ASV_00984,0.5034965034965035,pos,Farm,IT2
ASV_00909,ASV_01152,0.5035460992907801,pos,Farm,IT2
ASV_00909,ASV_01250,0.5205479452054794,pos,Farm,IT2
ASV_00909,ASV_01349,0.5070422535211268,pos,Farm,IT2
ASV_00909,ASV_01459,0.4859154929577465,pos,Farm,IT2
ASV_00912,ASV_00966,0.4626865671641791,pos,Farm,IT2
ASV_00912,ASV_01092,0.5539568345323741,pos,Farm,IT2
ASV_00912,ASV_01119,0.5428571428571428,pos,Farm,IT2
ASV_00912,ASV_01152,0.49635036496350365,pos,Farm,IT2
ASV_00912,ASV_01249,0.5263157894736842,pos,Farm,IT2
ASV_00912,ASV_01250,0.4930555555555556,pos,Farm,IT2
ASV_00912,ASV_01253,0.5109489051094891,pos,Farm,IT2
ASV_00912,ASV_01288,0.5217391304347826,pos,Farm,IT2
ASV_00912,ASV_01503,0.48226950354609927,pos,Farm,IT2
ASV_00924,ASV_00935,0.4714285714285714,pos,Farm,IT2
ASV_00924,ASV_01152,0.5454545454545454,pos,Farm,IT2
ASV_00924,ASV_01250,0.539568345323741,pos,Farm,IT2
ASV_00924,ASV_01267,0.4676258992805755,pos,Farm,IT2
ASV_00924,ASV_01276,0.4740740740740741,pos,Farm,IT2
ASV_00924,ASV_01342,0.496551724137931,pos,Farm,IT2
ASV_00924,ASV_01426,0.5075757575757576,pos,Farm,IT2
ASV_00924,ASV_01508,0.5142857142857142,pos,Farm,IT2
ASV_00924,ASV_01541,0.4857142857142857,pos,Farm,IT2
ASV_00929,ASV_00935,0.5486111111111112,pos,Farm,IT2
ASV_00929,ASV_00984,0.5555555555555556,pos,Farm,IT2
ASV_00929,ASV_00989,0.5251798561151079,pos,Farm,IT2
ASV_00929,ASV_01048,0.5673758865248227,pos,Farm,IT2
ASV_00929,ASV_01092,0.5466666666666666,pos,Farm,IT2
ASV_00929,ASV_01119,0.5466666666666666,pos,Farm,IT2
ASV_00929,ASV_01223,0.4928571428571429,pos,Farm,IT2
ASV_00929,ASV_01249,0.5422535211267606,pos,Farm,IT2
ASV_00929,ASV_01267,0.5136986301369864,pos,Farm,IT2
ASV_00929,ASV_01491,0.5310344827586206,pos,Farm,IT2
ASV_00929,ASV_01503,0.5517241379310345,pos,Farm,IT2
ASV_00929,ASV_01512,0.5177304964539007,pos,Farm,IT2
ASV_00929,ASV_01941,0.547945205479452,pos,Farm,IT2
ASV_00931,ASV_00935,0.539568345323741,pos,Farm,IT2
ASV_00931,ASV_00984,0.5034965034965035,pos,Farm,IT2
ASV_00931,ASV_01018,0.5217391304347826,pos,Farm,IT2
ASV_00931,ASV_01092,0.5379310344827586,pos,Farm,IT2
ASV_00931,ASV_01152,0.5142857142857142,pos,Farm,IT2
ASV_00931,ASV_01179,0.5072463768115942,pos,Farm,IT2
ASV_00931,ASV_01288,0.5069444444444444,pos,Farm,IT2
ASV_00931,ASV_01491,0.5,pos,Farm,IT2
ASV_00931,ASV_01503,0.5,pos,Farm,IT2
ASV_00931,ASV_01508,0.5384615384615384,pos,Farm,IT2
ASV_00931,ASV_01578,0.524822695035461,pos,Farm,IT2
ASV_00931,ASV_01941,0.5390070921985816,pos,Farm,IT2
ASV_00931,ASV_02332,0.5103448275862069,pos,Farm,IT2
ASV_00935,ASV_00959,0.5352112676056338,pos,Farm,IT2
ASV_00935,ASV_00984,0.5642857142857143,pos,Farm,IT2
ASV_00935,ASV_00989,0.4892086330935252,pos,Farm,IT2
ASV_00935,ASV_01018,0.5285714285714286,pos,Farm,IT2
ASV_00935,ASV_01092,0.5337837837837838,pos,Farm,IT2
ASV_00935,ASV_01101,0.5136986301369864,pos,Farm,IT2
ASV_00935,ASV_01152,0.5319148936170213,pos,Farm,IT2
ASV_00935,ASV_01223,0.4676258992805755,pos,Farm,IT2
ASV_00935,ASV_01253,0.5244755244755245,pos,Farm,IT2
ASV_00935,ASV_01267,0.5211267605633803,pos,Farm,IT2
ASV_00935,ASV_01328,0.5140845070422535,pos,Farm,IT2
ASV_00935,ASV_01342,0.5369127516778524,pos,Farm,IT2
ASV_00935,ASV_01512,0.48226950354609927,pos,Farm,IT2
ASV_00935,ASV_01578,0.5208333333333334,pos,Farm,IT2
ASV_00935,ASV_02332,0.5815602836879432,pos,Farm,IT2
ASV_00952,ASV_01152,0.49645390070921985,pos,Farm,IT2
ASV_00952,ASV_01153,0.4857142857142857,pos,Farm,IT2
ASV_00952,ASV_01288,0.5211267605633803,pos,Farm,IT2
ASV_00952,ASV_02020,0.5289855072463768,pos,Farm,IT2
ASV_00958,ASV_00966,0.48201438848920863,pos,Farm,IT2
ASV_00958,ASV_01368,0.55,pos,Farm,IT2
ASV_00958,ASV_01459,0.4965034965034965,pos,Farm,IT2
ASV_00958,ASV_01491,0.5,pos,Farm,IT2
ASV_00958,ASV_01503,0.5422535211267606,pos,Farm,IT2
ASV_00958,ASV_01541,0.5103448275862069,pos,Farm,IT2
ASV_00958,ASV_02020,0.5140845070422535,pos,Farm,IT2
ASV_00959,ASV_01018,0.5285714285714286,pos,Farm,IT2
ASV_00959,ASV_01071,0.5034965034965035,pos,Farm,IT2
ASV_00959,ASV_01101,0.5136986301369864,pos,Farm,IT2
ASV_00959,ASV_01288,0.5136986301369864,pos,Farm,IT2
ASV_00959,ASV_01578,0.5103448275862069,pos,Farm,IT2
ASV_00959,ASV_02149,0.5362318840579711,pos,Farm,IT2
ASV_00959,ASV_02332,0.5486111111111112,pos,Farm,IT2
ASV_00966,ASV_01152,0.4855072463768116,pos,Farm,IT2
ASV_00966,ASV_01223,0.44029850746268656,pos,Farm,IT2
ASV_00966,ASV_01458,0.45925925925925926,pos,Farm,IT2
ASV_00966,ASV_01503,0.5035971223021583,pos,Farm,IT2
ASV_00966,ASV_01541,0.48226950354609927,pos,Farm,IT2
ASV_00966,ASV_02149,0.46715328467153283,pos,Farm,IT2
ASV_00984,ASV_00987,0.5140845070422535,pos,Farm,IT2
ASV_00984,ASV_00989,0.49640287769784175,pos,Farm,IT2
ASV_00984,ASV_01048,0.528169014084507,pos,Farm,IT2
ASV_00984,ASV_01087,0.5347222222222222,pos,Farm,IT2
ASV_00984,ASV_01119,0.5405405405405406,pos,Farm,IT2
ASV_00984,ASV_01152,0.5174825174825175,pos,Farm,IT2
ASV_00984,ASV_01250,0.54421768707483,pos,Farm,IT2
ASV_00984,ASV_01253,0.5422535211267606,pos,Farm,IT2
ASV_00984,ASV_01267,0.528169014084507,pos,Farm,IT2
ASV_00984,ASV_01491,0.5138888888888888,pos,Farm,IT2
ASV_00984,ASV_01503,0.5347222222222222,pos,Farm,IT2
ASV_00984,ASV_01508,0.5306122448979592,pos,Farm,IT2
ASV_00984,ASV_01512,0.48936170212765956,pos,Farm,IT2
ASV_00987,ASV_01023,0.5673758865248227,pos,Farm,IT2
ASV_00987,ASV_01065,0.5,pos,Farm,IT2
ASV_00987,ASV_01071,0.49645390070921985,pos,Farm,IT2
ASV_00987,ASV_01253,0.4965034965034965,pos,Farm,IT2
ASV_00987,ASV_01276,0.4892086330935252,pos,Farm,IT2
ASV_00987,ASV_01349,0.4965034965034965,pos,Farm,IT2
ASV_00987,ASV_01368,0.5070422535211268,pos,Farm,IT2
ASV_00987,ASV_01578,0.5034965034965035,pos,Farm,IT2
ASV_00989,ASV_01048,0.4748201438848921,pos,Farm,IT2
ASV_00989,ASV_01065,0.47058823529411764,pos,Farm,IT2
ASV_00989,ASV_01092,0.5,pos,Farm,IT2
ASV_00989,ASV_01124,0.4785714285714286,pos,Farm,IT2
ASV_00989,ASV_01179,0.46715328467153283,pos,Farm,IT2
ASV_00989,ASV_01349,0.4785714285714286,pos,Farm,IT2
ASV_00989,ASV_01458,0.49242424242424243,pos,Farm,IT2
ASV_00989,ASV_01503,0.4928571428571429,pos,Farm,IT2
ASV_00989,ASV_01541,0.4928571428571429,pos,Farm,IT2
ASV_00989,ASV_02020,0.4855072463768116,pos,Farm,IT2
ASV_01018,ASV_01065,0.5220588235294118,pos,Farm,IT2
ASV_01018,ASV_01071,0.5071428571428571,pos,Farm,IT2
ASV_01018,ASV_01092,0.5815602836879432,pos,Farm,IT2
ASV_01018,ASV_01152,0.49295774647887325,pos,Farm,IT2
ASV_01018,ASV_01153,0.5255474452554745,pos,Farm,IT2
ASV_01018,ASV_01276,0.4785714285714286,pos,Farm,IT2
ASV_01018,ASV_01288,0.528169014084507,pos,Farm,IT2
ASV_01018,ASV_01328,0.4859154929577465,pos,Farm,IT2
ASV_01018,ASV_01349,0.5285714285714286,pos,Farm,IT2
ASV_01018,ASV_01503,0.5,pos,Farm,IT2
ASV_01018,ASV_02020,0.49295774647887325,pos,Farm,IT2
ASV_01018,ASV_02149,0.49640287769784175,pos,Farm,IT2
ASV_01023,ASV_01065,0.5244755244755245,pos,Farm,IT2
ASV_01023,ASV_01204,0.5466666666666666,pos,Farm,IT2
ASV_01023,ASV_01223,0.49645390070921985,pos,Farm,IT2
ASV_01023,ASV_01249,0.5241379310344828,pos,Farm,IT2
ASV_01023,ASV_01253,0.541095890410959,pos,Farm,IT2
ASV_01023,ASV_01276,0.5683453237410072,pos,Farm,IT2
ASV_01023,ASV_01417,0.5448275862068965,pos,Farm,IT2
ASV_01023,ASV_01426,0.503448275862069,pos,Farm,IT2
ASV_01023,ASV_01491,0.5238095238095238,pos,Farm,IT2
ASV_01023,ASV_01541,0.5655172413793104,pos,Farm,IT2
ASV_01048,ASV_01065,0.5144927536231884,pos,Farm,IT2
ASV_01048,ASV_01090,0.5416666666666666,pos,Farm,IT2
ASV_01048,ASV_01119,0.541095890410959,pos,Farm,IT2
ASV_01048,ASV_01223,0.4852941176470588,pos,Farm,IT2
ASV_01048,ASV_01459,0.5,pos,Farm,IT2
ASV_01065,ASV_01071,0.5522388059701493,pos,Farm,IT2
ASV_01065,ASV_01179,0.49635036496350365,pos,Farm,IT2
ASV_01065,ASV_01204,0.5352112676056338,pos,Farm,IT2
ASV_01065,ASV_01253,0.5071428571428571,pos,Farm,IT2
ASV_01065,ASV_01267,0.48226950354609927,pos,Farm,IT2
ASV_01065,ASV_01458,0.47794117647058826,pos,Farm,IT2
ASV_01065,ASV_02020,0.5035971223021583,pos,Farm,IT2
ASV_01071,ASV_01092,0.5238095238095238,pos,Farm,IT2
ASV_01071,ASV_01101,0.5138888888888888,pos,Farm,IT2
ASV_01071,ASV_01119,0.5238095238095238,pos,Farm,IT2
ASV_01071,ASV_01267,0.5434782608695652,pos,Farm,IT2
ASV_01071,ASV_01328,0.5035460992907801,pos,Farm,IT2
ASV_01071,ASV_01368,0.5140845070422535,pos,Farm,IT2
ASV_01071,ASV_01385,0.5214285714285715,pos,Farm,IT2
ASV_01071,ASV_01417,0.4965034965034965,pos,Farm,IT2
ASV_01071,ASV_01941,0.5571428571428572,pos,Farm,IT2
ASV_01087,ASV_01512,0.49645390070921985,pos,Farm,IT2
ASV_01087,ASV_02332,0.5306122448979592,pos,Farm,IT2
ASV_01090,ASV_01124,0.5342465753424658,pos,Farm,IT2
ASV_01090,ASV_01385,0.5416666666666666,pos,Farm,IT2
ASV_01090,ASV_01459,0.5136986301369864,pos,Farm,IT2
ASV_01090,ASV_02149,0.503448275862069,pos,Farm,IT2
ASV_01092,ASV_01119,0.5945945945945946,pos,Farm,IT2
ASV_01092,ASV_01250,0.5666666666666667,pos,Farm,IT2
ASV_01092,ASV_01267,0.5306122448979592,pos,Farm,IT2
ASV_01092,ASV_01276,0.5492957746478874,pos,Farm,IT2
ASV_01092,ASV_01288,0.5862068965517241,pos,Farm,IT2
ASV_01092,ASV_01426,0.5068493150684932,pos,Farm,IT2
ASV_01092,ASV_01458,0.5174825174825175,pos,Farm,IT2
ASV_01092,ASV_01491,0.527027027027027,pos,Farm,IT2
ASV_01092,ASV_01941,0.5753424657534246,pos,Farm,IT2
ASV_01092,ASV_02149,0.5241379310344828,pos,Farm,IT2
ASV_01101,ASV_01124,0.5136986301369864,pos,Farm,IT2
ASV_01101,ASV_01249,0.5069444444444444,pos,Farm,IT2
ASV_01101,ASV_01253,0.5673758865248227,pos,Farm,IT2
ASV_01101,ASV_01267,0.5531914893617021,pos,Farm,IT2
ASV_01101,ASV_01288,0.5238095238095238,pos,Farm,IT2
ASV_01101,ASV_01328,0.5352112676056338,pos,Farm,IT2
ASV_01101,ASV_01368,0.5347222222222222,pos,Farm,IT2
ASV_01101,ASV_01426,0.4965034965034965,pos,Farm,IT2
ASV_01101,ASV_01458,0.5179856115107914,pos,Farm,IT2
ASV_01101,ASV_01491,0.5384615384615384,pos,Farm,IT2
ASV_01101,ASV_01512,0.5142857142857142,pos,Farm,IT2
ASV_01101,ASV_01578,0.5310344827586206,pos,Farm,IT2
ASV_01101,ASV_01941,0.5238095238095238,pos,Farm,IT2
ASV_01101,ASV_02332,0.547945205479452,pos,Farm,IT2
ASV_01119,ASV_01124,0.5337837837837838,pos,Farm,IT2
ASV_01119,ASV_01249,0.5486111111111112,pos,Farm,IT2
ASV_01119,ASV_01250,0.5562913907284768,pos,Farm,IT2
ASV_01119,ASV_01288,0.5972222222222222,pos,Farm,IT2
ASV_01119,ASV_01417,0.5586206896551724,pos,Farm,IT2
ASV_01119,ASV_01458,0.5069444444444444,pos,Farm,IT2
ASV_01119,ASV_01459,0.5238095238095238,pos,Farm,IT2
ASV_01124,ASV_01223,0.4676258992805755,pos,Farm,IT2
ASV_01124,ASV_01249,0.5177304964539007,pos,Farm,IT2
ASV_01124,ASV_01342,0.5369127516778524,pos,Farm,IT2
ASV_01124,ASV_01417,0.5069444444444444,pos,Farm,IT2
ASV_01124,ASV_01458,0.5072463768115942,pos,Farm,IT2
ASV_01124,ASV_02332,0.5379310344827586,pos,Farm,IT2
ASV_01152,ASV_01204,0.5273972602739726,pos,Farm,IT2
ASV_01152,ASV_01276,0.5035971223021583,pos,Farm,IT2
ASV_01152,ASV_01288,0.5314685314685315,pos,Farm,IT2
ASV_01152,ASV_01342,0.5763888888888888,pos,Farm,IT2
ASV_01152,ASV_01426,0.5035971223021583,pos,Farm,IT2
ASV_01152,ASV_01541,0.5244755244755245,pos,Farm,IT2
ASV_01152,ASV_02332,0.5454545454545454,pos,Farm,IT2
ASV_01153,ASV_01288,0.5,pos,Farm,IT2
ASV_01153,ASV_01385,0.49645390070921985,pos,Farm,IT2
ASV_01153,ASV_01459,0.5,pos,Farm,IT2
ASV_01153,ASV_01491,0.49295774647887325,pos,Farm,IT2
ASV_01153,ASV_01941,0.5211267605633803,pos,Farm,IT2
ASV_01153,ASV_02020,0.5179856115107914,pos,Farm,IT2
ASV_01179,ASV_01458,0.5074626865671642,pos,Farm,IT2
ASV_01179,ASV_01941,0.5140845070422535,pos,Farm,IT2
ASV_01179,ASV_02149,0.5147058823529411,pos,Farm,IT2
ASV_01204,ASV_01288,0.5405405405405406,pos,Farm,IT2
ASV_01204,ASV_01512,0.5,pos,Farm,IT2
ASV_01204,ASV_02332,0.5862068965517241,pos,Farm,IT2
ASV_01223,ASV_01253,0.4782608695652174,pos,Farm,IT2
ASV_01223,ASV_01512,0.4444444444444444,pos,Farm,IT2
ASV_01249,ASV_01267,0.49295774647887325,pos,Farm,IT2
ASV_01249,ASV_01276,0.4785714285714286,pos,Farm,IT2
ASV_01249,ASV_01288,0.5069444444444444,pos,Farm,IT2
ASV_01249,ASV_01458,0.48905109489051096,pos,Farm,IT2
ASV_01249,ASV_01459,0.4859154929577465,pos,Farm,IT2
ASV_01249,ASV_01578,0.5034965034965035,pos,Farm,IT2
ASV_01249,ASV_01941,0.5069444444444444,pos,Farm,IT2
ASV_01250,ASV_01288,0.5369127516778524,pos,Farm,IT2
ASV_01250,ASV_01417,0.5517241379310345,pos,Farm,IT2
ASV_01250,ASV_01426,0.5103448275862069,pos,Farm,IT2
ASV_01250,ASV_01459,0.5273972602739726,pos,Farm,IT2
ASV_01250,ASV_01503,0.5616438356164384,pos,Farm,IT2
ASV_01250,ASV_01508,0.5570469798657718,pos,Farm,IT2
ASV_01250,ASV_01541,0.5405405405405406,pos,Farm,IT2
ASV_01253,ASV_01267,0.5104895104895105,pos,Farm,IT2
ASV_01253,ASV_01276,0.5071428571428571,pos,Farm,IT2
ASV_01253,ASV_01328,0.5140845070422535,pos,Farm,IT2
ASV_01253,ASV_01426,0.4859154929577465,pos,Farm,IT2
ASV_01253,ASV_01458,0.5072463768115942,pos,Farm,IT2
ASV_01253,ASV_01491,0.5069444444444444,pos,Farm,IT2
ASV_01253,ASV_01512,0.48226950354609927,pos,Farm,IT2
ASV_01253,ASV_01941,0.5241379310344828,pos,Farm,IT2
ASV_01253,ASV_02332,0.5273972602739726,pos,Farm,IT2
ASV_01267,ASV_01288,0.5642857142857143,pos,Farm,IT2
ASV_01267,ASV_01328,0.5106382978723404,pos,Farm,IT2
ASV_01267,ASV_01417,0.5034965034965035,pos,Farm,IT2
ASV_01267,ASV_02149,0.48936170212765956,pos,Farm,IT2
ASV_01267,ASV_02332,0.5136986301369864,pos,Farm,IT2
ASV_01276,ASV_01458,0.5,pos,Farm,IT2
ASV_01276,ASV_01459,0.4857142857142857,pos,Farm,IT2
ASV_01276,ASV_01512,0.4744525547445255,pos,Farm,IT2
ASV_01276,ASV_02149,0.4748201438848921,pos,Farm,IT2
ASV_01276,ASV_02332,0.5428571428571428,pos,Farm,IT2
ASV_01288,ASV_01385,0.5103448275862069,pos,Farm,IT2
ASV_01288,ASV_01941,0.5342465753424658,pos,Farm,IT2
ASV_01288,ASV_02149,0.5140845070422535,pos,Farm,IT2
ASV_01328,ASV_02332,0.5602836879432624,pos,Farm,IT2
ASV_01342,ASV_01508,0.5666666666666667,pos,Farm,IT2
ASV_01368,ASV_01385,0.5,pos,Farm,IT2
ASV_01368,ASV_01491,0.5069444444444444,pos,Farm,IT2
ASV_01385,ASV_01491,0.5579710144927537,pos,Farm,IT2
ASV_01385,ASV_01941,0.5531914893617021,pos,Farm,IT2
ASV_01426,ASV_01458,0.46715328467153283,pos,Farm,IT2
ASV_01426,ASV_01941,0.4965034965034965,pos,Farm,IT2
ASV_01458,ASV_01512,0.4740740740740741,pos,Farm,IT2
ASV_01459,ASV_01541,0.5390070921985816,pos,Farm,IT2
ASV_01491,ASV_01541,0.5208333333333334,pos,Farm,IT2
ASV_01491,ASV_01578,0.6268656716417911,pos,Farm,IT2
ASV_01491,ASV_01941,0.5172413793103449,pos,Farm,IT2
ASV_01491,ASV_02332,0.5310344827586206,pos,Farm,IT2
ASV_01503,ASV_01541,0.5205479452054794,pos,Farm,IT2
ASV_01508,ASV_01512,0.5034965034965035,pos,Farm,IT2
ASV_01512,ASV_02332,0.4965034965034965,pos,Farm,IT2
ASV_01541,ASV_02149,0.4965034965034965,pos,Farm,IT2
ASV_01840,ASV_02020,0.5034965034965035,pos,Farm,IT2
ASV_00001,ASV_00043,0.39490445859872614,neg,Farm,IT2
ASV_00001,ASV_00543,0.42138364779874216,neg,Farm,IT2
ASV_00001,ASV_00555,0.42138364779874216,neg,Farm,IT2
ASV_00003,ASV_00188,0.3875,neg,Farm,IT2
ASV_00003,ASV_00189,0.3741935483870968,neg,Farm,IT2
ASV_00003,ASV_01087,0.39490445859872614,neg,Farm,IT2
ASV_00005,ASV_00094,0.35947712418300654,neg,Farm,IT2
ASV_00005,ASV_00179,0.37037037037037035,neg,Farm,IT2
ASV_00005,ASV_00453,0.3548387096774194,neg,Farm,IT2
ASV_00005,ASV_00959,0.35947712418300654,neg,Farm,IT2
ASV_00005,ASV_01503,0.34615384615384615,neg,Farm,IT2
ASV_00006,ASV_00212,0.391025641025641,neg,Farm,IT2
ASV_00006,ASV_00541,0.3885350318471338,neg,Farm,IT2
ASV_00007,ASV_00113,0.38461538461538464,neg,Farm,IT2
ASV_00007,ASV_00145,0.38125,neg,Farm,IT2
ASV_00007,ASV_00163,0.38461538461538464,neg,Farm,IT2
ASV_00007,ASV_00198,0.3924050632911392,neg,Farm,IT2
ASV_00007,ASV_00286,0.4050632911392405,neg,Farm,IT2
ASV_00007,ASV_00309,0.41509433962264153,neg,Farm,IT2
ASV_00007,ASV_00328,0.40625,neg,Farm,IT2
ASV_00007,ASV_00443,0.37341772151898733,neg,Farm,IT2
ASV_00007,ASV_00467,0.4382716049382716,neg,Farm,IT2
ASV_00008,ASV_00313,0.379746835443038,neg,Farm,IT2
ASV_00008,ASV_00676,0.4088050314465409,neg,Farm,IT2
ASV_00010,ASV_00012,0.391025641025641,neg,Farm,IT2
ASV_00010,ASV_00359,0.3466666666666667,neg,Farm,IT2
ASV_00010,ASV_00454,0.391025641025641,neg,Farm,IT2
ASV_00011,ASV_00635,0.4088050314465409,neg,Farm,IT2
ASV_00012,ASV_00167,0.41875,neg,Farm,IT2
ASV_00012,ASV_00317,0.4050632911392405,neg,Farm,IT2
ASV_00012,ASV_00391,0.391025641025641,neg,Farm,IT2
ASV_00013,ASV_00372,0.3443708609271523,neg,Farm,IT2
ASV_00013,ASV_00778,0.32666666666666666,neg,Farm,IT2
ASV_00018,ASV_00147,0.38064516129032255,neg,Farm,IT2
ASV_00019,ASV_00100,0.3741935483870968,neg,Farm,IT2
ASV_00019,ASV_00181,0.39490445859872614,neg,Farm,IT2
ASV_00019,ASV_00235,0.34,neg,Farm,IT2
ASV_00019,ASV_00243,0.38461538461538464,neg,Farm,IT2
ASV_00019,ASV_00252,0.3741935483870968,neg,Farm,IT2
ASV_00019,ASV_00543,0.3710691823899371,neg,Farm,IT2
ASV_00019,ASV_00594,0.36942675159235666,neg,Farm,IT2
ASV_00020,ASV_00618,0.3987341772151899,neg,Farm,IT2
ASV_00023,ASV_00336,0.4012738853503185,neg,Farm,IT2
ASV_00029,ASV_01090,0.38064516129032255,neg,Farm,IT2
ASV_00032,ASV_00612,0.4088050314465409,neg,Farm,IT2
ASV_00033,ASV_00613,0.31543624161073824,neg,Farm,IT2
ASV_00034,ASV_00906,0.41875,neg,Farm,IT2
ASV_00039,ASV_00958,0.4125,neg,Farm,IT2
ASV_00042,ASV_00213,0.42857142857142855,neg,Farm,IT2
ASV_00042,ASV_00361,0.42138364779874216,neg,Farm,IT2
ASV_00042,ASV_00727,0.38461538461538464,neg,Farm,IT2
ASV_00043,ASV_00221,0.33544303797468356,neg,Farm,IT2
ASV_00043,ASV_00411,0.36942675159235666,neg,Farm,IT2
ASV_00044,ASV_00406,0.3741935483870968,neg,Farm,IT2
ASV_00045,ASV_00563,0.37735849056603776,neg,Farm,IT2
ASV_00045,ASV_00843,0.4012738853503185,neg,Farm,IT2
ASV_00047,ASV_00094,0.36129032258064514,neg,Farm,IT2
ASV_00048,ASV_00085,0.3987341772151899,neg,Farm,IT2
ASV_00048,ASV_00778,0.33548387096774196,neg,Farm,IT2
ASV_00050,ASV_00935,0.42592592592592593,neg,Farm,IT2
ASV_00051,ASV_00380,0.39490445859872614,neg,Farm,IT2
ASV_00051,ASV_00451,0.4409937888198758,neg,Farm,IT2
ASV_00051,ASV_00503,0.41139240506329117,neg,Farm,IT2
ASV_00052,ASV_00611,0.41139240506329117,neg,Farm,IT2
ASV_00052,ASV_00959,0.3836477987421384,neg,Farm,IT2
ASV_00052,ASV_00966,0.35714285714285715,neg,Farm,IT2
ASV_00054,ASV_00226,0.3782051282051282,neg,Farm,IT2
ASV_00054,ASV_00521,0.41509433962264153,neg,Farm,IT2
ASV_00055,ASV_00280,0.3782051282051282,neg,Farm,IT2
ASV_00055,ASV_00359,0.36363636363636365,neg,Farm,IT2
ASV_00055,ASV_00406,0.37662337662337664,neg,Farm,IT2
ASV_00056,ASV_00390,0.3885350318471338,neg,Farm,IT2
ASV_00058,ASV_00426,0.43209876543209874,neg,Farm,IT2
ASV_00060,ASV_00277,0.39490445859872614,neg,Farm,IT2
ASV_00061,ASV_01840,0.3885350318471338,neg,Farm,IT2
ASV_00062,ASV_00313,0.38461538461538464,neg,Farm,IT2
ASV_00064,ASV_00112,0.3860759493670886,neg,Farm,IT2
ASV_00066,ASV_00399,0.39751552795031053,neg,Farm,IT2
ASV_00070,ASV_00406,0.38064516129032255,neg,Farm,IT2
ASV_00070,ASV_00782,0.3924050632911392,neg,Farm,IT2
ASV_00071,ASV_00728,0.33112582781456956,neg,Farm,IT2
ASV_00071,ASV_01087,0.3741935483870968,neg,Farm,IT2
ASV_00074,ASV_00166,0.41139240506329117,neg,Farm,IT2
ASV_00074,ASV_00463,0.42138364779874216,neg,Farm,IT2
ASV_00074,ASV_00952,0.391025641025641,neg,Farm,IT2
ASV_00075,ASV_00400,0.34615384615384615,neg,Farm,IT2
ASV_00081,ASV_00164,0.3443708609271523,neg,Farm,IT2
ASV_00083,ASV_00150,0.35947712418300654,neg,Farm,IT2
ASV_00083,ASV_01840,0.3741935483870968,neg,Farm,IT2
ASV_00084,ASV_00277,0.44785276073619634,neg,Farm,IT2
ASV_00086,ASV_00376,0.40625,neg,Farm,IT2
ASV_00086,ASV_00520,0.4025157232704403,neg,Farm,IT2
ASV_00086,ASV_01071,0.391025641025641,neg,Farm,IT2
ASV_00088,ASV_00167,0.4012738853503185,neg,Farm,IT2
ASV_00088,ASV_00520,0.4012738853503185,neg,Farm,IT2
ASV_00090,ASV_00120,0.4146341463414634,neg,Farm,IT2
ASV_00090,ASV_00399,0.4444444444444444,neg,Farm,IT2
ASV_00090,ASV_01417,0.41975308641975306,neg,Farm,IT2
ASV_00091,ASV_00227,0.391025641025641,neg,Farm,IT2
ASV_00092,ASV_00339,0.3660130718954248,neg,Farm,IT2
ASV_00092,ASV_00559,0.38064516129032255,neg,Farm,IT2
ASV_00096,ASV_00284,0.37662337662337664,neg,Farm,IT2
ASV_00097,ASV_00806,0.3782051282051282,neg,Farm,IT2
ASV_00099,ASV_00276,0.43125,neg,Farm,IT2
ASV_00099,ASV_00782,0.41139240506329117,neg,Farm,IT2
ASV_00100,ASV_00188,0.3987341772151899,neg,Farm,IT2
ASV_00101,ASV_00323,0.38064516129032255,neg,Farm,IT2
ASV_00101,ASV_01508,0.3924050632911392,neg,Farm,IT2
ASV_00102,ASV_00356,0.4444444444444444,neg,Farm,IT2
ASV_00106,ASV_00194,0.4161490683229814,neg,Farm,IT2
ASV_00107,ASV_00555,0.3625,neg,Farm,IT2
ASV_00107,ASV_00592,0.36942675159235666,neg,Farm,IT2
ASV_00107,ASV_00755,0.4,neg,Farm,IT2
ASV_00107,ASV_00798,0.4012738853503185,neg,Farm,IT2
ASV_00107,ASV_00873,0.3618421052631579,neg,Farm,IT2
ASV_00109,ASV_00479,0.42138364779874216,neg,Farm,IT2
ASV_00109,ASV_00909,0.391025641025641,neg,Farm,IT2
ASV_00111,ASV_00164,0.3202614379084967,neg,Farm,IT2
ASV_00111,ASV_00422,0.35526315789473684,neg,Farm,IT2
ASV_00111,ASV_01417,0.35526315789473684,neg,Farm,IT2
ASV_00112,ASV_01253,0.391025641025641,neg,Farm,IT2
ASV_00115,ASV_00323,0.3464052287581699,neg,Farm,IT2
ASV_00115,ASV_00572,0.3885350318471338,neg,Farm,IT2
ASV_00115,ASV_01941,0.3660130718954248,neg,Farm,IT2
ASV_00120,ASV_01023,0.42138364779874216,neg,Farm,IT2
ASV_00123,ASV_00437,0.3660130718954248,neg,Farm,IT2
ASV_00130,ASV_00464,0.4,neg,Farm,IT2
ASV_00137,ASV_00952,0.35714285714285715,neg,Farm,IT2
ASV_00139,ASV_00479,0.36363636363636365,neg,Farm,IT2
ASV_00139,ASV_00541,0.3509933774834437,neg,Farm,IT2
ASV_00146,ASV_01349,0.41509433962264153,neg,Farm,IT2
ASV_00148,ASV_00404,0.3836477987421384,neg,Farm,IT2
ASV_00150,ASV_00445,0.37012987012987014,neg,Farm,IT2
ASV_00153,ASV_00243,0.38461538461538464,neg,Farm,IT2
ASV_00153,ASV_00277,0.39751552795031053,neg,Farm,IT2
ASV_00153,ASV_00425,0.36363636363636365,neg,Farm,IT2
ASV_00153,ASV_00443,0.36363636363636365,neg,Farm,IT2
ASV_00153,ASV_00931,0.36129032258064514,neg,Farm,IT2
ASV_00154,ASV_00291,0.34868421052631576,neg,Farm,IT2
ASV_00154,ASV_00330,0.3548387096774194,neg,Farm,IT2
ASV_00156,ASV_00556,0.42138364779874216,neg,Farm,IT2
ASV_00157,ASV_00325,0.39622641509433965,neg,Farm,IT2
ASV_00157,ASV_01508,0.3987730061349693,neg,Farm,IT2
ASV_00161,ASV_00226,0.39490445859872614,neg,Farm,IT2
ASV_00161,ASV_00636,0.44785276073619634,neg,Farm,IT2
ASV_00163,ASV_00308,0.35947712418300654,neg,Farm,IT2
ASV_00163,ASV_00873,0.3509933774834437,neg,Farm,IT2
ASV_00164,ASV_01508,0.39490445859872614,neg,Farm,IT2
ASV_00165,ASV_00295,0.37662337662337664,neg,Farm,IT2
ASV_00167,ASV_00287,0.391025641025641,neg,Farm,IT2
ASV_00167,ASV_00822,0.4050632911392405,neg,Farm,IT2
ASV_00169,ASV_00250,0.41139240506329117,neg,Farm,IT2
ASV_00170,ASV_00298,0.4,neg,Farm,IT2
ASV_00171,ASV_00185,0.4012738853503185,neg,Farm,IT2
ASV_00171,ASV_00554,0.41509433962264153,neg,Farm,IT2
ASV_00172,ASV_00226,0.37579617834394907,neg,Farm,IT2
ASV_00176,ASV_00178,0.36363636363636365,neg,Farm,IT2
ASV_00178,ASV_00196,0.35668789808917195,neg,Farm,IT2
ASV_00178,ASV_00561,0.4573170731707317,neg,Farm,IT2
ASV_00179,ASV_00464,0.4451219512195122,neg,Farm,IT2
ASV_00182,ASV_00387,0.38271604938271603,neg,Farm,IT2
ASV_00183,ASV_00332,0.391025641025641,neg,Farm,IT2
ASV_00183,ASV_00594,0.4012738853503185,neg,Farm,IT2
ASV_00185,ASV_00450,0.3885350318471338,neg,Farm,IT2
ASV_00187,ASV_00257,0.4012738853503185,neg,Farm,IT2
ASV_00188,ASV_00418,0.4012738853503185,neg,Farm,IT2
ASV_00188,ASV_00507,0.41139240506329117,neg,Farm,IT2
ASV_00188,ASV_01385,0.389937106918239,neg,Farm,IT2
ASV_00189,ASV_00308,0.36363636363636365,neg,Farm,IT2
ASV_00193,ASV_00407,0.3710691823899371,neg,Farm,IT2
ASV_00193,ASV_00426,0.4451219512195122,neg,Farm,IT2
ASV_00194,ASV_01124,0.4125,neg,Farm,IT2
ASV_00198,ASV_00728,0.3464052287581699,neg,Farm,IT2
ASV_00202,ASV_00250,0.37012987012987014,neg,Farm,IT2
ASV_00203,ASV_00284,0.37012987012987014,neg,Farm,IT2
ASV_00203,ASV_00842,0.37012987012987014,neg,Farm,IT2
ASV_00206,ASV_00317,0.3618421052631579,neg,Farm,IT2
ASV_00206,ASV_00875,0.379746835443038,neg,Farm,IT2
ASV_00210,ASV_00425,0.4050632911392405,neg,Farm,IT2
ASV_00213,ASV_00381,0.4050632911392405,neg,Farm,IT2
ASV_00214,ASV_00959,0.391025641025641,neg,Farm,IT2
ASV_00219,ASV_00561,0.4759036144578313,neg,Farm,IT2
ASV_00221,ASV_00423,0.4012738853503185,neg,Farm,IT2
ASV_00226,ASV_00259,0.34,neg,Farm,IT2
ASV_00226,ASV_00305,0.4050632911392405,neg,Farm,IT2
ASV_00226,ASV_00666,0.389937106918239,neg,Farm,IT2
ASV_00226,ASV_00802,0.4050632911392405,neg,Farm,IT2
ASV_00226,ASV_00912,0.3509933774834437,neg,Farm,IT2
ASV_00226,ASV_01018,0.36129032258064514,neg,Farm,IT2
ASV_00227,ASV_00423,0.41139240506329117,neg,Farm,IT2
ASV_00227,ASV_00668,0.38064516129032255,neg,Farm,IT2
ASV_00227,ASV_01508,0.4088050314465409,neg,Farm,IT2
ASV_00228,ASV_00471,0.37662337662337664,neg,Farm,IT2
ASV_00229,ASV_00422,0.37579617834394907,neg,Farm,IT2
ASV_00230,ASV_00450,0.38509316770186336,neg,Farm,IT2
ASV_00238,ASV_00890,0.4050632911392405,neg,Farm,IT2
ASV_00239,ASV_00276,0.3836477987421384,neg,Farm,IT2
ASV_00239,ASV_00445,0.35443037974683544,neg,Farm,IT2
ASV_00239,ASV_00450,0.391025641025641,neg,Farm,IT2
ASV_00239,ASV_00455,0.34394904458598724,neg,Farm,IT2
ASV_00239,ASV_00909,0.37012987012987014,neg,Farm,IT2
ASV_00243,ASV_00572,0.43478260869565216,neg,Farm,IT2
ASV_00243,ASV_01250,0.41875,neg,Farm,IT2
ASV_00246,ASV_01071,0.39490445859872614,neg,Farm,IT2
ASV_00253,ASV_00450,0.4125,neg,Farm,IT2
ASV_00257,ASV_00318,0.4050632911392405,neg,Farm,IT2
ASV_00257,ASV_00387,0.39622641509433965,neg,Farm,IT2
ASV_00257,ASV_01840,0.4012738853503185,neg,Farm,IT2
ASV_00265,ASV_00308,0.35714285714285715,neg,Farm,IT2
ASV_00269,ASV_00517,0.42857142857142855,neg,Farm,IT2
ASV_00270,ASV_00511,0.389937106918239,neg,Farm,IT2
ASV_00270,ASV_00533,0.422360248447205,neg,Farm,IT2
ASV_00270,ASV_01417,0.42857142857142855,neg,Farm,IT2
ASV_00272,ASV_00285,0.3741935483870968,neg,Farm,IT2
ASV_00272,ASV_00464,0.4050632911392405,neg,Farm,IT2
ASV_00273,ASV_00686,0.4012738853503185,neg,Farm,IT2
ASV_00276,ASV_00325,0.4025157232704403,neg,Farm,IT2
ASV_00276,ASV_00727,0.3885350318471338,neg,Farm,IT2
ASV_00277,ASV_00504,0.45121951219512196,neg,Farm,IT2
ASV_00279,ASV_00368,0.3618421052631579,neg,Farm,IT2
ASV_00280,ASV_00587,0.36363636363636365,neg,Farm,IT2
ASV_00280,ASV_00842,0.35294117647058826,neg,Farm,IT2
ASV_00283,ASV_00596,0.358974358974359,neg,Farm,IT2
ASV_00283,ASV_01512,0.3717948717948718,neg,Farm,IT2
ASV_00284,ASV_00476,0.34415584415584416,neg,Farm,IT2
ASV_00294,ASV_00476,0.391025641025641,neg,Farm,IT2
ASV_00308,ASV_00372,0.34868421052631576,neg,Farm,IT2
ASV_00309,ASV_00387,0.4050632911392405,neg,Farm,IT2
ASV_00311,ASV_00423,0.43478260869565216,neg,Farm,IT2
ASV_00312,ASV_00384,0.3875,neg,Farm,IT2
ASV_00313,ASV_00345,0.40625,neg,Farm,IT2
ASV_00313,ASV_00483,0.425,neg,Farm,IT2
ASV_00315,ASV_00464,0.38064516129032255,neg,Farm,IT2
ASV_00321,ASV_01426,0.3987341772151899,neg,Farm,IT2
ASV_00323,ASV_00714,0.34838709677419355,neg,Farm,IT2
ASV_00325,ASV_00340,0.4050632911392405,neg,Farm,IT2
ASV_00326,ASV_00365,0.36774193548387096,neg,Farm,IT2
ASV_00326,ASV_00402,0.33112582781456956,neg,Farm,IT2
ASV_00327,ASV_00423,0.37735849056603776,neg,Farm,IT2
ASV_00334,ASV_00571,0.41509433962264153,neg,Farm,IT2
ASV_00334,ASV_00845,0.3741935483870968,neg,Farm,IT2
ASV_00335,ASV_00411,0.35947712418300654,neg,Farm,IT2
ASV_00342,ASV_00402,0.34868421052631576,neg,Farm,IT2
ASV_00350,ASV_00512,0.3741935483870968,neg,Farm,IT2
ASV_00350,ASV_00697,0.3310810810810811,neg,Farm,IT2
ASV_00355,ASV_00437,0.41139240506329117,neg,Farm,IT2
ASV_00365,ASV_00959,0.391025641025641,neg,Farm,IT2
ASV_00365,ASV_01503,0.3860759493670886,neg,Farm,IT2
ASV_00367,ASV_00376,0.3885350318471338,neg,Farm,IT2
ASV_00367,ASV_00400,0.391025641025641,neg,Farm,IT2
ASV_00367,ASV_00592,0.36538461538461536,neg,Farm,IT2
ASV_00367,ASV_00755,0.3875,neg,Farm,IT2
ASV_00368,ASV_00395,0.37012987012987014,neg,Farm,IT2
ASV_00369,ASV_00641,0.42138364779874216,neg,Farm,IT2
ASV_00377,ASV_00400,0.38064516129032255,neg,Farm,IT2
ASV_00389,ASV_00912,0.35947712418300654,neg,Farm,IT2
ASV_00391,ASV_00423,0.38461538461538464,neg,Farm,IT2
ASV_00398,ASV_00464,0.4125,neg,Farm,IT2
ASV_00399,ASV_01087,0.41139240506329117,neg,Farm,IT2
ASV_00400,ASV_00769,0.389937106918239,neg,Farm,IT2
ASV_00400,ASV_01385,0.4012738853503185,neg,Farm,IT2
ASV_00402,ASV_00697,0.33557046979865773,neg,Farm,IT2
ASV_00402,ASV_00811,0.36363636363636365,neg,Farm,IT2
ASV_00404,ASV_00732,0.35064935064935066,neg,Farm,IT2
ASV_00406,ASV_00428,0.3443708609271523,neg,Farm,IT2
ASV_00410,ASV_00464,0.4050632911392405,neg,Farm,IT2
ASV_00416,ASV_00464,0.4050632911392405,neg,Farm,IT2
ASV_00426,ASV_00465,0.4382716049382716,neg,Farm,IT2
ASV_00428,ASV_00464,0.36075949367088606,neg,Farm,IT2
ASV_00428,ASV_00789,0.36129032258064514,neg,Farm,IT2
ASV_00428,ASV_01328,0.3618421052631579,neg,Farm,IT2
ASV_00428,ASV_01840,0.35714285714285715,neg,Farm,IT2
ASV_00428,ASV_02149,0.3509933774834437,neg,Farm,IT2
ASV_00437,ASV_00450,0.41139240506329117,neg,Farm,IT2
ASV_00437,ASV_00574,0.42138364779874216,neg,Farm,IT2
ASV_00437,ASV_00843,0.41509433962264153,neg,Farm,IT2
ASV_00437,ASV_00958,0.4012738853503185,neg,Farm,IT2
ASV_00437,ASV_01250,0.422360248447205,neg,Farm,IT2
ASV_00437,ASV_01349,0.3987341772151899,neg,Farm,IT2
ASV_00437,ASV_01578,0.4050632911392405,neg,Farm,IT2
ASV_00441,ASV_00520,0.3821656050955414,neg,Farm,IT2
ASV_00442,ASV_00873,0.38461538461538464,neg,Farm,IT2
ASV_00450,ASV_00494,0.4012738853503185,neg,Farm,IT2
ASV_00450,ASV_00697,0.36538461538461536,neg,Farm,IT2
ASV_00450,ASV_01368,0.4012738853503185,neg,Farm,IT2
ASV_00464,ASV_00572,0.4506172839506173,neg,Farm,IT2
ASV_00464,ASV_00755,0.4409937888198758,neg,Farm,IT2
ASV_00476,ASV_00718,0.3464052287581699,neg,Farm,IT2
ASV_00479,ASV_01426,0.38461538461538464,neg,Farm,IT2
ASV_00496,ASV_00865,0.3924050632911392,neg,Farm,IT2
ASV_00503,ASV_00676,0.40625,neg,Farm,IT2
ASV_00506,ASV_00544,0.36363636363636365,neg,Farm,IT2
ASV_00521,ASV_00563,0.425,neg,Farm,IT2
ASV_00521,ASV_00843,0.43125,neg,Farm,IT2
ASV_00524,ASV_00952,0.3618421052631579,neg,Farm,IT2
ASV_00541,ASV_00587,0.3741935483870968,neg,Farm,IT2
ASV_00544,ASV_00724,0.358974358974359,neg,Farm,IT2
ASV_00561,ASV_00845,0.40993788819875776,neg,Farm,IT2
ASV_00569,ASV_01065,0.35526315789473684,neg,Farm,IT2
ASV_00574,ASV_01508,0.422360248447205,neg,Farm,IT2
ASV_00587,ASV_00817,0.39622641509433965,neg,Farm,IT2
ASV_00613,ASV_01512,0.32,neg,Farm,IT2
ASV_00668,ASV_00714,0.34868421052631576,neg,Farm,IT2
ASV_00697,ASV_00728,0.33112582781456956,neg,Farm,IT2
ASV_00734,ASV_01840,0.4012738853503185,neg,Farm,IT2
ASV_00755,ASV_00809,0.45180722891566266,neg,Farm,IT2
ASV_00755,ASV_01508,0.4382716049382716,neg,Farm,IT2
ASV_00822,ASV_01840,0.3885350318471338,neg,Farm,IT2
ASV_00845,ASV_00958,0.35064935064935066,neg,Farm,IT2
ASV_00909,ASV_00958,0.3741935483870968,neg,Farm,IT2
ASV_00931,ASV_01048,0.37662337662337664,neg,Farm,IT2
ASV_00952,ASV_01417,0.37662337662337664,neg,Farm,IT2
ASV_00958,ASV_01090,0.4025157232704403,neg,Farm,IT2
ASV_00984,ASV_01840,0.3885350318471338,neg,Farm,IT2
ASV_01342,ASV_02149,0.4025157232704403,neg,Farm,IT2
ASV_01426,ASV_01840,0.36363636363636365,neg,Farm,IT2
