node_id,module,layer_id,flow,node_name,layer_name
1,1,1,2.97838e-4,ASV_00001,IT1
1,1,2,4.87242e-4,ASV_00001,IT2
1,1,3,4.07161e-5,ASV_00001,IT3
1,1,5,0.001078,ASV_00001,UK1
1,1,6,1.14526e-4,ASV_00001,UK2
2,1,1,2.08941e-4,ASV_00002,IT1
2,1,2,3.73148e-4,ASV_00002,IT2
2,1,3,2.31899e-5,ASV_00002,IT3
2,1,4,3.97083e-4,ASV_00002,FI1
2,1,5,0.00102085,ASV_00002,UK1
2,1,6,2.47603e-4,ASV_00002,UK2
2,1,7,1.13898e-4,ASV_00002,SE1
3,1,1,2.64473e-4,ASV_00003,IT1
3,1,2,3.91512e-4,ASV_00003,IT2
3,1,3,2.61404e-5,ASV_00003,IT3
3,1,4,1.60125e-4,ASV_00003,FI1
3,1,5,8.6124e-4,ASV_00003,UK1
3,1,6,2.41773e-4,ASV_00003,UK2
3,1,7,4.7581e-4,ASV_00003,SE1
4,1,1,1.97106e-4,ASV_00004,IT1
4,1,2,3.44822e-4,ASV_00004,IT2
4,1,3,6.62764e-5,ASV_00004,IT3
4,1,4,2.15425e-4,ASV_00004,FI1
4,1,5,7.712e-4,ASV_00004,UK1
4,1,6,1.09394e-4,ASV_00004,UK2
4,1,7,3.24077e-4,ASV_00004,SE1
5,1,1,1.55137e-4,ASV_00005,IT1
5,1,2,3.90872e-4,ASV_00005,IT2
5,1,3,2.27998e-5,ASV_00005,IT3
5,1,4,3.1959e-4,ASV_00005,FI1
5,1,5,0.00101617,ASV_00005,UK1
5,1,6,1.51639e-4,ASV_00005,UK2
5,1,7,1.07446e-4,ASV_00005,SE1
6,1,1,2.31919e-4,ASV_00006,IT1
6,1,2,1.059e-4,ASV_00006,IT2
6,1,3,7.41421e-5,ASV_00006,IT3
6,1,4,1.25829e-4,ASV_00006,FI1
6,1,5,6.68419e-4,ASV_00006,UK1
6,1,6,1.57169e-4,ASV_00006,UK2
6,1,7,2.66938e-4,ASV_00006,SE1
7,1,1,1.84215e-4,ASV_00007,IT1
7,1,2,3.63122e-4,ASV_00007,IT2
7,1,3,8.47064e-5,ASV_00007,IT3
7,1,4,3.76769e-4,ASV_00007,FI1
7,1,5,6.96128e-4,ASV_00007,UK1
7,1,6,1.71818e-4,ASV_00007,UK2
7,1,7,2.31911e-4,ASV_00007,SE1
8,1,1,2.09682e-4,ASV_00008,IT1
8,1,2,4.2054e-4,ASV_00008,IT2
8,1,3,3.88617e-5,ASV_00008,IT3
8,1,4,2.44751e-4,ASV_00008,FI1
8,1,5,7.4133e-4,ASV_00008,UK1
8,1,6,6.69971e-5,ASV_00008,UK2
8,1,7,4.18687e-4,ASV_00008,SE1
9,1,1,1.88419e-4,ASV_00009,IT1
9,1,2,5.27811e-4,ASV_00009,IT2
9,1,3,1.05488e-5,ASV_00009,IT3
9,1,4,2.27082e-4,ASV_00009,FI1
9,1,5,8.00502e-4,ASV_00009,UK1
9,1,6,2.09003e-4,ASV_00009,UK2
9,1,7,1.29196e-4,ASV_00009,SE1
10,1,1,2.40228e-4,ASV_00010,IT1
10,1,2,2.71638e-4,ASV_00010,IT2
10,1,3,3.24125e-5,ASV_00010,IT3
10,1,4,2.7722e-4,ASV_00010,FI1
10,1,5,9.38779e-4,ASV_00010,UK1
10,1,6,1.59221e-4,ASV_00010,UK2
10,1,7,2.63114e-4,ASV_00010,SE1
11,1,1,2.3013e-4,ASV_00011,IT1
11,1,2,3.44349e-4,ASV_00011,IT2
11,1,3,4.86843e-5,ASV_00011,IT3
11,1,4,3.2937e-4,ASV_00011,FI1
11,1,5,4.07336e-4,ASV_00011,UK1
11,1,6,2.30089e-4,ASV_00011,UK2
11,1,7,2.13143e-4,ASV_00011,SE1
12,1,1,2.15597e-4,ASV_00012,IT1
12,1,2,3.40628e-4,ASV_00012,IT2
12,1,4,2.7658e-4,ASV_00012,FI1
12,1,5,8.35423e-4,ASV_00012,UK1
12,1,6,3.21353e-4,ASV_00012,UK2
12,1,7,3.05102e-4,ASV_00012,SE1
13,1,1,2.76406e-4,ASV_00013,IT1
13,1,2,2.16205e-4,ASV_00013,IT2
13,1,3,2.53982e-5,ASV_00013,IT3
13,1,4,2.83784e-4,ASV_00013,FI1
13,1,5,7.13561e-4,ASV_00013,UK1
13,1,6,2.17903e-4,ASV_00013,UK2
13,1,7,2.54053e-4,ASV_00013,SE1
14,1,1,7.9813e-5,ASV_00014,IT1
14,1,2,3.67367e-4,ASV_00014,IT2
14,1,3,1.91562e-5,ASV_00014,IT3
14,1,4,3.4719e-4,ASV_00014,FI1
14,1,5,5.00466e-4,ASV_00014,UK1
14,1,6,2.27419e-4,ASV_00014,UK2
14,1,7,2.72076e-4,ASV_00014,SE1
15,1,1,1.92579e-4,ASV_00015,IT1
15,1,2,1.78009e-4,ASV_00015,IT2
15,1,3,4.94165e-5,ASV_00015,IT3
15,1,4,6.19535e-4,ASV_00015,FI1
15,1,5,6.04404e-4,ASV_00015,UK1
15,1,6,2.46245e-4,ASV_00015,UK2
15,1,7,1.95426e-4,ASV_00015,SE1
16,1,2,5.03883e-4,ASV_00016,IT2
16,1,3,1.03151e-5,ASV_00016,IT3
16,1,4,3.07844e-4,ASV_00016,FI1
16,1,5,8.56561e-4,ASV_00016,UK1
16,1,6,8.13451e-5,ASV_00016,UK2
16,1,7,1.83283e-4,ASV_00016,SE1
17,1,1,2.21189e-4,ASV_00017,IT1
17,1,2,4.13373e-4,ASV_00017,IT2
17,1,5,7.27284e-4,ASV_00017,UK1
17,1,6,1.0926e-4,ASV_00017,UK2
18,1,1,2.26344e-4,ASV_00018,IT1
18,1,2,3.78196e-4,ASV_00018,IT2
18,1,3,4.61477e-5,ASV_00018,IT3
18,1,4,4.93265e-4,ASV_00018,FI1
18,1,5,4.98792e-4,ASV_00018,UK1
18,1,6,1.92752e-4,ASV_00018,UK2
18,1,7,4.97345e-4,ASV_00018,SE1
19,1,1,3.72762e-4,ASV_00019,IT1
19,1,2,2.42722e-4,ASV_00019,IT2
19,1,3,2.26335e-5,ASV_00019,IT3
19,1,4,4.71463e-4,ASV_00019,FI1
19,1,5,5.59581e-4,ASV_00019,UK1
19,1,6,7.17547e-5,ASV_00019,UK2
19,1,7,2.3411e-4,ASV_00019,SE1
20,1,1,2.80407e-4,ASV_00020,IT1
20,1,2,1.86758e-4,ASV_00020,IT2
20,1,3,7.57334e-5,ASV_00020,IT3
20,1,4,2.22744e-4,ASV_00020,FI1
20,1,5,4.75321e-4,ASV_00020,UK1
20,1,6,1.93745e-4,ASV_00020,UK2
20,1,7,3.94682e-4,ASV_00020,SE1
21,1,2,3.75415e-4,ASV_00021,IT2
21,1,3,3.10171e-5,ASV_00021,IT3
21,1,4,2.73345e-4,ASV_00021,FI1
21,1,5,8.4635e-4,ASV_00021,UK1
21,1,6,3.45071e-4,ASV_00021,UK2
21,1,7,5.26507e-4,ASV_00021,SE1
22,1,1,2.19969e-4,ASV_00022,IT1
22,1,2,3.53339e-4,ASV_00022,IT2
22,1,3,2.4805e-5,ASV_00022,IT3
22,1,4,3.06216e-4,ASV_00022,FI1
22,1,5,9.49148e-4,ASV_00022,UK1
22,1,6,2.0465e-4,ASV_00022,UK2
22,1,7,2.65878e-4,ASV_00022,SE1
23,1,1,3.57283e-4,ASV_00023,IT1
23,1,2,3.1762e-4,ASV_00023,IT2
23,1,3,3.6429e-5,ASV_00023,IT3
23,1,4,2.39632e-4,ASV_00023,FI1
23,1,5,5.57787e-4,ASV_00023,UK1
23,1,6,2.61843e-4,ASV_00023,UK2
23,1,7,2.36627e-4,ASV_00023,SE1
24,1,1,1.64634e-4,ASV_00024,IT1
24,1,2,4.79195e-4,ASV_00024,IT2
24,1,3,2.06675e-5,ASV_00024,IT3
24,1,4,2.98593e-4,ASV_00024,FI1
24,1,5,7.61214e-4,ASV_00024,UK1
24,1,6,3.3923e-4,ASV_00024,UK2
24,1,7,2.8452e-4,ASV_00024,SE1
25,1,1,3.85788e-4,ASV_00025,IT1
25,1,2,4.73547e-4,ASV_00025,IT2
25,1,3,4.43454e-5,ASV_00025,IT3
25,1,5,6.64159e-4,ASV_00025,UK1
26,1,1,2.64876e-4,ASV_00026,IT1
26,1,2,2.63197e-4,ASV_00026,IT2
26,1,3,2.71737e-5,ASV_00026,IT3
26,1,4,2.49763e-4,ASV_00026,FI1
26,1,5,4.15886e-4,ASV_00026,UK1
26,1,6,2.83529e-4,ASV_00026,UK2
26,1,7,5.26729e-4,ASV_00026,SE1
27,1,7,3.52001e-4,ASV_00027,SE1
28,1,1,2.04826e-4,ASV_00028,IT1
28,1,2,4.71458e-4,ASV_00028,IT2
28,1,3,8.04057e-5,ASV_00028,IT3
28,1,4,2.23078e-4,ASV_00028,FI1
28,1,5,8.36888e-4,ASV_00028,UK1
28,1,6,1.25807e-4,ASV_00028,UK2
28,1,7,4.94155e-4,ASV_00028,SE1
29,1,1,1.66052e-4,ASV_00029,IT1
29,1,2,7.05935e-4,ASV_00029,IT2
29,1,3,6.2162e-5,ASV_00029,IT3
29,1,4,2.68786e-4,ASV_00029,FI1
29,1,5,6.55322e-4,ASV_00029,UK1
29,1,6,1.56078e-4,ASV_00029,UK2
29,1,7,2.38134e-4,ASV_00029,SE1
30,1,1,3.51092e-4,ASV_00030,IT1
30,1,2,3.59537e-4,ASV_00030,IT2
30,1,3,5.51659e-5,ASV_00030,IT3
30,1,4,3.89439e-4,ASV_00030,FI1
30,1,5,8.23419e-4,ASV_00030,UK1
30,1,6,1.06664e-4,ASV_00030,UK2
30,1,7,1.61904e-4,ASV_00030,SE1
31,1,1,1.69202e-4,ASV_00031,IT1
31,1,2,3.65684e-4,ASV_00031,IT2
31,1,3,3.00319e-5,ASV_00031,IT3
31,1,4,2.31142e-4,ASV_00031,FI1
31,1,5,8.21462e-4,ASV_00031,UK1
31,1,6,1.85328e-4,ASV_00031,UK2
31,1,7,3.3506e-4,ASV_00031,SE1
32,1,1,1.32726e-4,ASV_00032,IT1
32,1,2,3.72227e-4,ASV_00032,IT2
32,1,3,5.74808e-5,ASV_00032,IT3
32,1,4,3.78594e-4,ASV_00032,FI1
32,1,5,6.50618e-4,ASV_00032,UK1
32,1,6,1.68129e-4,ASV_00032,UK2
32,1,7,4.2126e-4,ASV_00032,SE1
33,1,1,3.18586e-4,ASV_00033,IT1
33,1,2,2.72808e-4,ASV_00033,IT2
33,1,3,4.14296e-5,ASV_00033,IT3
33,1,4,2.34971e-4,ASV_00033,FI1
33,1,5,6.34442e-4,ASV_00033,UK1
33,1,6,2.26268e-4,ASV_00033,UK2
33,1,7,3.33597e-4,ASV_00033,SE1
34,1,1,3.43817e-4,ASV_00034,IT1
34,1,2,4.73581e-4,ASV_00034,IT2
34,1,3,5.03089e-5,ASV_00034,IT3
34,1,4,3.79508e-4,ASV_00034,FI1
34,1,5,7.94102e-4,ASV_00034,UK1
34,1,6,1.75975e-4,ASV_00034,UK2
34,1,7,5.14417e-4,ASV_00034,SE1
35,1,1,1.17975e-4,ASV_00035,IT1
35,1,2,5.10747e-4,ASV_00035,IT2
35,1,3,4.68644e-5,ASV_00035,IT3
35,1,4,4.35811e-4,ASV_00035,FI1
35,1,5,9.64009e-4,ASV_00035,UK1
35,1,6,2.14445e-4,ASV_00035,UK2
35,1,7,6.61328e-4,ASV_00035,SE1
36,1,1,2.73542e-4,ASV_00036,IT1
36,1,2,2.27749e-4,ASV_00036,IT2
36,1,3,3.96938e-5,ASV_00036,IT3
36,1,4,1.5885e-4,ASV_00036,FI1
36,1,5,8.96822e-4,ASV_00036,UK1
36,1,6,1.86528e-4,ASV_00036,UK2
36,1,7,4.41948e-4,ASV_00036,SE1
37,1,1,9.99842e-5,ASV_00037,IT1
37,1,2,2.6162e-4,ASV_00037,IT2
37,1,3,2.02394e-5,ASV_00037,IT3
37,1,5,6.38698e-4,ASV_00037,UK1
37,1,6,1.68859e-4,ASV_00037,UK2
37,1,7,2.10749e-4,ASV_00037,SE1
38,1,1,2.84954e-4,ASV_00038,IT1
38,1,2,4.13249e-4,ASV_00038,IT2
38,1,3,1.42847e-5,ASV_00038,IT3
38,1,5,5.7901e-4,ASV_00038,UK1
38,1,6,2.55285e-4,ASV_00038,UK2
39,1,2,1.63008e-4,ASV_00039,IT2
39,1,4,5.45318e-5,ASV_00039,FI1
39,1,5,7.95983e-4,ASV_00039,UK1
39,1,6,1.55549e-4,ASV_00039,UK2
39,1,7,3.93715e-4,ASV_00039,SE1
40,1,1,1.9561e-4,ASV_00040,IT1
40,1,2,2.21994e-4,ASV_00040,IT2
40,1,3,6.7383e-5,ASV_00040,IT3
40,1,4,2.35876e-4,ASV_00040,FI1
40,1,5,7.20308e-4,ASV_00040,UK1
40,1,6,1.11905e-4,ASV_00040,UK2
40,1,7,4.09901e-4,ASV_00040,SE1
41,1,1,1.59989e-4,ASV_00041,IT1
41,1,2,4.07312e-4,ASV_00041,IT2
41,1,3,5.28399e-5,ASV_00041,IT3
41,1,5,6.10846e-4,ASV_00041,UK1
41,1,6,1.65531e-4,ASV_00041,UK2
41,1,7,2.05729e-4,ASV_00041,SE1
42,1,1,3.02433e-4,ASV_00042,IT1
42,1,2,1.6287e-4,ASV_00042,IT2
42,1,3,3.78475e-5,ASV_00042,IT3
42,1,4,7.00993e-5,ASV_00042,FI1
42,1,5,8.52735e-4,ASV_00042,UK1
42,1,6,7.94673e-5,ASV_00042,UK2
42,1,7,2.62098e-4,ASV_00042,SE1
43,1,1,3.12726e-4,ASV_00043,IT1
43,1,2,4.98516e-4,ASV_00043,IT2
43,1,3,2.13252e-5,ASV_00043,IT3
43,1,5,7.72964e-4,ASV_00043,UK1
43,1,6,2.46869e-4,ASV_00043,UK2
44,1,1,2.22611e-4,ASV_00044,IT1
44,1,2,2.24799e-4,ASV_00044,IT2
44,1,3,2.64705e-5,ASV_00044,IT3
44,1,4,2.87813e-4,ASV_00044,FI1
44,1,5,6.5359e-4,ASV_00044,UK1
44,1,6,5.06362e-5,ASV_00044,UK2
44,1,7,6.8194e-4,ASV_00044,SE1
45,1,1,3.28623e-4,ASV_00045,IT1
45,1,2,6.28052e-4,ASV_00045,IT2
45,1,4,2.46176e-4,ASV_00045,FI1
45,1,5,7.73771e-4,ASV_00045,UK1
45,1,6,1.74552e-4,ASV_00045,UK2
45,1,7,1.83427e-4,ASV_00045,SE1
46,1,1,2.60554e-4,ASV_00046,IT1
46,1,2,3.09825e-4,ASV_00046,IT2
46,1,3,2.25437e-5,ASV_00046,IT3
46,1,4,4.00477e-4,ASV_00046,FI1
46,1,5,7.17948e-4,ASV_00046,UK1
46,1,6,2.06855e-4,ASV_00046,UK2
46,1,7,4.64503e-4,ASV_00046,SE1
47,1,1,2.9748e-4,ASV_00047,IT1
47,1,2,4.59123e-4,ASV_00047,IT2
47,1,3,3.21133e-5,ASV_00047,IT3
47,1,5,7.14901e-4,ASV_00047,UK1
48,1,1,3.32348e-4,ASV_00048,IT1
48,1,2,4.15972e-4,ASV_00048,IT2
48,1,3,4.15633e-5,ASV_00048,IT3
48,1,4,1.73455e-4,ASV_00048,FI1
48,1,5,9.84453e-4,ASV_00048,UK1
48,1,6,1.24821e-4,ASV_00048,UK2
48,1,7,2.7155e-4,ASV_00048,SE1
49,1,1,1.54423e-4,ASV_00049,IT1
49,1,2,4.9691e-4,ASV_00049,IT2
49,1,3,2.59195e-5,ASV_00049,IT3
49,1,5,8.7505e-4,ASV_00049,UK1
49,1,6,2.49496e-4,ASV_00049,UK2
49,1,7,3.15221e-4,ASV_00049,SE1
50,1,2,5.5812e-4,ASV_00050,IT2
50,1,3,3.46626e-5,ASV_00050,IT3
50,1,4,4.40442e-4,ASV_00050,FI1
50,1,5,7.93642e-4,ASV_00050,UK1
50,1,6,1.65817e-4,ASV_00050,UK2
50,1,7,1.68946e-4,ASV_00050,SE1
51,1,1,1.63716e-4,ASV_00051,IT1
51,1,2,4.80353e-4,ASV_00051,IT2
51,1,3,3.41309e-5,ASV_00051,IT3
51,1,4,4.73407e-4,ASV_00051,FI1
51,1,5,6.72327e-4,ASV_00051,UK1
51,1,6,2.73127e-4,ASV_00051,UK2
51,1,7,5.23268e-5,ASV_00051,SE1
52,1,2,3.78606e-4,ASV_00052,IT2
52,1,3,3.96706e-5,ASV_00052,IT3
52,1,4,4.49273e-4,ASV_00052,FI1
52,1,5,7.34842e-4,ASV_00052,UK1
52,1,6,2.35237e-4,ASV_00052,UK2
52,1,7,3.46067e-4,ASV_00052,SE1
53,1,1,1.70988e-4,ASV_00053,IT1
53,1,2,5.21677e-4,ASV_00053,IT2
53,1,3,2.92135e-5,ASV_00053,IT3
53,1,4,5.19646e-4,ASV_00053,FI1
53,1,5,8.226e-4,ASV_00053,UK1
53,1,6,2.87875e-4,ASV_00053,UK2
53,1,7,3.08447e-4,ASV_00053,SE1
54,1,1,1.98733e-4,ASV_00054,IT1
54,1,2,3.72803e-4,ASV_00054,IT2
54,1,3,5.8855e-5,ASV_00054,IT3
54,1,4,4.47242e-4,ASV_00054,FI1
54,1,5,8.31504e-4,ASV_00054,UK1
54,1,6,1.38053e-4,ASV_00054,UK2
54,1,7,3.76317e-4,ASV_00054,SE1
55,1,1,2.51332e-4,ASV_00055,IT1
55,1,2,2.58644e-4,ASV_00055,IT2
55,1,3,8.21709e-5,ASV_00055,IT3
55,1,4,1.54515e-4,ASV_00055,FI1
55,1,5,7.76875e-4,ASV_00055,UK1
55,1,6,1.44104e-4,ASV_00055,UK2
55,1,7,1.94529e-4,ASV_00055,SE1
56,1,1,3.0671e-4,ASV_00056,IT1
56,1,2,3.81195e-4,ASV_00056,IT2
56,1,3,6.49722e-5,ASV_00056,IT3
56,1,4,2.35535e-4,ASV_00056,FI1
56,1,5,7.49074e-4,ASV_00056,UK1
56,1,6,1.75675e-4,ASV_00056,UK2
56,1,7,2.69968e-4,ASV_00056,SE1
57,1,1,2.96611e-4,ASV_00057,IT1
57,1,2,4.87969e-4,ASV_00057,IT2
57,1,3,5.01435e-5,ASV_00057,IT3
57,1,4,2.86688e-4,ASV_00057,FI1
57,1,5,7.83729e-4,ASV_00057,UK1
57,1,6,1.98141e-4,ASV_00057,UK2
57,1,7,1.32442e-4,ASV_00057,SE1
58,1,1,1.32347e-4,ASV_00058,IT1
58,1,2,3.75318e-4,ASV_00058,IT2
58,1,3,6.73865e-5,ASV_00058,IT3
58,1,4,2.6498e-4,ASV_00058,FI1
58,1,5,7.29482e-4,ASV_00058,UK1
58,1,6,8.25795e-5,ASV_00058,UK2
58,1,7,1.76673e-4,ASV_00058,SE1
59,1,1,2.6761e-4,ASV_00059,IT1
59,1,2,2.06074e-4,ASV_00059,IT2
59,1,3,2.45858e-5,ASV_00059,IT3
59,1,4,2.6547e-4,ASV_00059,FI1
59,1,5,9.20665e-4,ASV_00059,UK1
59,1,6,1.16147e-4,ASV_00059,UK2
59,1,7,1.87105e-4,ASV_00059,SE1
60,1,2,3.81319e-4,ASV_00060,IT2
60,1,4,1.86381e-4,ASV_00060,FI1
60,1,5,8.88225e-4,ASV_00060,UK1
60,1,6,2.20622e-4,ASV_00060,UK2
60,1,7,3.94064e-4,ASV_00060,SE1
61,1,2,4.21845e-4,ASV_00061,IT2
61,1,4,4.81574e-4,ASV_00061,FI1
61,1,5,6.47234e-4,ASV_00061,UK1
61,1,6,1.68698e-4,ASV_00061,UK2
61,1,7,1.69107e-4,ASV_00061,SE1
62,1,1,2.4509e-4,ASV_00062,IT1
62,1,2,3.11579e-4,ASV_00062,IT2
62,1,3,5.30466e-5,ASV_00062,IT3
62,1,4,4.24468e-4,ASV_00062,FI1
62,1,5,7.75077e-4,ASV_00062,UK1
62,1,6,1.66517e-4,ASV_00062,UK2
62,1,7,3.044e-4,ASV_00062,SE1
63,1,1,2.84568e-4,ASV_00063,IT1
63,1,2,1.97563e-4,ASV_00063,IT2
63,1,3,3.57391e-5,ASV_00063,IT3
63,1,4,8.34508e-5,ASV_00063,FI1
63,1,5,5.40655e-4,ASV_00063,UK1
63,1,6,1.58892e-4,ASV_00063,UK2
63,1,7,1.66038e-4,ASV_00063,SE1
64,1,1,3.29603e-4,ASV_00064,IT1
64,1,2,3.6915e-4,ASV_00064,IT2
64,1,3,2.10813e-5,ASV_00064,IT3
64,1,4,1.83858e-4,ASV_00064,FI1
64,1,5,5.63364e-4,ASV_00064,UK1
64,1,6,1.79689e-4,ASV_00064,UK2
64,1,7,1.72885e-4,ASV_00064,SE1
65,1,1,2.10791e-4,ASV_00065,IT1
65,1,2,1.91825e-4,ASV_00065,IT2
65,1,3,4.3583e-5,ASV_00065,IT3
65,1,5,6.32745e-4,ASV_00065,UK1
66,1,2,4.53753e-4,ASV_00066,IT2
66,1,4,2.01547e-4,ASV_00066,FI1
66,1,5,5.91915e-4,ASV_00066,UK1
66,1,6,1.50834e-4,ASV_00066,UK2
66,1,7,2.82155e-4,ASV_00066,SE1
67,1,1,1.97614e-4,ASV_00067,IT1
67,1,2,5.43394e-4,ASV_00067,IT2
67,1,3,5.97164e-5,ASV_00067,IT3
67,1,4,3.28051e-4,ASV_00067,FI1
67,1,5,7.46085e-4,ASV_00067,UK1
67,1,6,2.20714e-4,ASV_00067,UK2
67,1,7,2.38507e-4,ASV_00067,SE1
68,1,1,2.10929e-4,ASV_00068,IT1
68,1,2,4.8014e-4,ASV_00068,IT2
68,1,3,1.53291e-5,ASV_00068,IT3
68,1,5,6.25989e-4,ASV_00068,UK1
68,1,6,1.50147e-4,ASV_00068,UK2
69,1,2,4.04382e-4,ASV_00069,IT2
69,1,3,6.77775e-5,ASV_00069,IT3
69,1,4,2.26487e-4,ASV_00069,FI1
69,1,5,9.96343e-4,ASV_00069,UK1
69,1,6,1.97439e-4,ASV_00069,UK2
69,1,7,4.40156e-4,ASV_00069,SE1
70,1,1,2.72027e-4,ASV_00070,IT1
70,1,2,4.48552e-4,ASV_00070,IT2
70,1,3,4.18062e-5,ASV_00070,IT3
70,1,4,4.18547e-4,ASV_00070,FI1
70,1,5,5.13293e-4,ASV_00070,UK1
70,1,6,2.1221e-4,ASV_00070,UK2
70,1,7,2.11404e-4,ASV_00070,SE1
71,1,1,2.09568e-4,ASV_00071,IT1
71,1,2,2.50009e-4,ASV_00071,IT2
71,1,3,3.34955e-5,ASV_00071,IT3
71,1,4,1.82419e-4,ASV_00071,FI1
71,1,5,8.78921e-4,ASV_00071,UK1
71,1,6,2.10329e-4,ASV_00071,UK2
71,1,7,2.7851e-4,ASV_00071,SE1
72,1,2,3.41808e-4,ASV_00072,IT2
72,1,5,9.3192e-4,ASV_00072,UK1
72,1,6,1.88197e-4,ASV_00072,UK2
73,1,1,4.39278e-4,ASV_00073,IT1
73,1,2,6.1495e-4,ASV_00073,IT2
73,1,3,3.00217e-5,ASV_00073,IT3
73,1,5,8.74645e-4,ASV_00073,UK1
73,1,6,1.32321e-4,ASV_00073,UK2
74,1,2,1.0529e-4,ASV_00074,IT2
74,1,5,6.12681e-4,ASV_00074,UK1
74,1,6,1.65718e-4,ASV_00074,UK2
74,1,7,2.90535e-4,ASV_00074,SE1
75,1,1,2.02179e-4,ASV_00075,IT1
75,1,2,3.18302e-4,ASV_00075,IT2
75,1,3,1.64723e-5,ASV_00075,IT3
75,1,5,7.34307e-4,ASV_00075,UK1
75,1,6,2.41134e-4,ASV_00075,UK2
76,1,1,2.16613e-4,ASV_00076,IT1
76,1,2,5.30914e-4,ASV_00076,IT2
76,1,3,3.31321e-5,ASV_00076,IT3
76,1,4,2.91312e-4,ASV_00076,FI1
76,1,5,7.26862e-4,ASV_00076,UK1
76,1,6,2.56146e-4,ASV_00076,UK2
76,1,7,1.90568e-4,ASV_00076,SE1
77,1,1,2.70964e-4,ASV_00077,IT1
77,1,2,1.56077e-4,ASV_00077,IT2
77,1,3,2.03456e-5,ASV_00077,IT3
78,1,1,2.56093e-4,ASV_00078,IT1
78,1,2,4.94157e-4,ASV_00078,IT2
78,1,3,1.69114e-5,ASV_00078,IT3
78,1,4,1.84263e-4,ASV_00078,FI1
78,1,5,3.76005e-4,ASV_00078,UK1
78,1,6,2.44956e-4,ASV_00078,UK2
78,1,7,4.33312e-4,ASV_00078,SE1
79,1,1,2.52361e-4,ASV_00079,IT1
79,1,2,1.80164e-4,ASV_00079,IT2
79,1,3,3.88377e-5,ASV_00079,IT3
79,1,5,8.91305e-4,ASV_00079,UK1
79,1,6,2.6153e-4,ASV_00079,UK2
80,1,2,4.43536e-4,ASV_00080,IT2
80,1,3,5.56935e-5,ASV_00080,IT3
80,1,4,2.53432e-4,ASV_00080,FI1
80,1,5,5.01697e-4,ASV_00080,UK1
80,1,6,1.91212e-4,ASV_00080,UK2
80,1,7,3.04271e-4,ASV_00080,SE1
81,1,1,2.48088e-4,ASV_00081,IT1
81,1,2,3.55158e-4,ASV_00081,IT2
81,1,3,4.47073e-5,ASV_00081,IT3
81,1,4,1.98638e-4,ASV_00081,FI1
81,1,5,7.23045e-4,ASV_00081,UK1
81,1,6,2.29229e-4,ASV_00081,UK2
81,1,7,2.17694e-4,ASV_00081,SE1
82,1,5,6.68419e-4,ASV_00082,UK1
82,1,6,1.21317e-4,ASV_00082,UK2
82,1,7,3.57409e-4,ASV_00082,SE1
83,1,1,1.55177e-4,ASV_00083,IT1
83,1,2,2.58068e-4,ASV_00083,IT2
83,1,3,1.02173e-5,ASV_00083,IT3
83,1,4,2.19428e-4,ASV_00083,FI1
83,1,5,8.86294e-4,ASV_00083,UK1
83,1,6,1.45152e-4,ASV_00083,UK2
83,1,7,2.309e-4,ASV_00083,SE1
84,1,1,3.75435e-4,ASV_00084,IT1
84,1,2,4.32495e-4,ASV_00084,IT2
84,1,3,3.63447e-5,ASV_00084,IT3
84,1,4,3.09679e-4,ASV_00084,FI1
84,1,5,7.36938e-4,ASV_00084,UK1
84,1,6,2.37712e-4,ASV_00084,UK2
84,1,7,3.14211e-4,ASV_00084,SE1
85,1,2,3.43071e-4,ASV_00085,IT2
85,1,4,5.5906e-4,ASV_00085,FI1
85,1,5,8.131e-4,ASV_00085,UK1
85,1,6,1.38204e-4,ASV_00085,UK2
85,1,7,2.49018e-4,ASV_00085,SE1
86,1,1,2.5344e-4,ASV_00086,IT1
86,1,2,5.00745e-4,ASV_00086,IT2
86,1,3,5.73459e-5,ASV_00086,IT3
86,1,4,4.66828e-4,ASV_00086,FI1
86,1,5,8.08611e-4,ASV_00086,UK1
86,1,6,1.25775e-4,ASV_00086,UK2
86,1,7,8.51188e-5,ASV_00086,SE1
87,1,1,1.52005e-4,ASV_00087,IT1
87,1,2,2.48283e-4,ASV_00087,IT2
87,1,3,4.62637e-5,ASV_00087,IT3
87,1,4,2.61124e-4,ASV_00087,FI1
87,1,5,3.71835e-4,ASV_00087,UK1
87,1,6,1.48012e-4,ASV_00087,UK2
87,1,7,2.00562e-4,ASV_00087,SE1
88,1,1,4.43932e-4,ASV_00088,IT1
88,1,2,4.79913e-4,ASV_00088,IT2
88,1,5,6.07821e-4,ASV_00088,UK1
88,1,6,1.98942e-4,ASV_00088,UK2
88,1,7,3.23698e-4,ASV_00088,SE1
89,1,1,1.53673e-4,ASV_00089,IT1
89,1,2,3.44563e-4,ASV_00089,IT2
89,1,3,2.53768e-5,ASV_00089,IT3
89,1,5,6.77792e-4,ASV_00089,UK1
89,1,6,1.29167e-4,ASV_00089,UK2
90,1,1,2.50901e-4,ASV_00090,IT1
90,1,2,1.81202e-4,ASV_00090,IT2
90,1,3,4.54067e-5,ASV_00090,IT3
90,1,4,1.48121e-4,ASV_00090,FI1
90,1,5,4.94424e-4,ASV_00090,UK1
90,1,6,2.35039e-4,ASV_00090,UK2
90,1,7,4.47348e-4,ASV_00090,SE1
91,1,1,3.06882e-4,ASV_00091,IT1
91,1,2,6.31087e-4,ASV_00091,IT2
91,1,3,4.64624e-5,ASV_00091,IT3
91,1,5,7.11874e-4,ASV_00091,UK1
91,1,6,2.39706e-4,ASV_00091,UK2
92,1,1,1.91435e-4,ASV_00092,IT1
92,1,2,2.835e-4,ASV_00092,IT2
92,1,3,4.46453e-5,ASV_00092,IT3
92,1,4,4.07899e-4,ASV_00092,FI1
92,1,5,9.4744e-4,ASV_00092,UK1
92,1,6,2.57721e-4,ASV_00092,UK2
92,1,7,4.46787e-5,ASV_00092,SE1
93,1,1,4.10512e-4,ASV_00093,IT1
93,1,2,2.18509e-4,ASV_00093,IT2
93,1,4,3.73006e-4,ASV_00093,FI1
93,1,5,6.403e-4,ASV_00093,UK1
93,1,6,5.39726e-5,ASV_00093,UK2
93,1,7,4.35062e-4,ASV_00093,SE1
94,1,2,5.40498e-4,ASV_00094,IT2
94,1,4,5.50051e-4,ASV_00094,FI1
94,1,5,7.87462e-4,ASV_00094,UK1
94,1,6,1.95574e-4,ASV_00094,UK2
94,1,7,4.49646e-4,ASV_00094,SE1
95,1,1,1.50525e-4,ASV_00095,IT1
95,1,2,7.58724e-4,ASV_00095,IT2
95,1,3,2.88417e-5,ASV_00095,IT3
95,1,5,9.45724e-4,ASV_00095,UK1
95,1,6,2.29156e-4,ASV_00095,UK2
95,1,7,2.43035e-4,ASV_00095,SE1
96,1,1,0.00031218799999999997,ASV_00096,IT1
96,1,2,2.81495e-4,ASV_00096,IT2
96,1,3,4.91919e-5,ASV_00096,IT3
96,1,4,3.78305e-4,ASV_00096,FI1
96,1,5,7.19866e-4,ASV_00096,UK1
96,1,6,1.25193e-4,ASV_00096,UK2
96,1,7,4.52893e-4,ASV_00096,SE1
97,1,1,1.31132e-4,ASV_00097,IT1
97,1,2,3.64448e-4,ASV_00097,IT2
97,1,3,2.76293e-5,ASV_00097,IT3
97,1,5,8.65833e-4,ASV_00097,UK1
97,1,6,2.30354e-4,ASV_00097,UK2
97,1,7,1.75706e-4,ASV_00097,SE1
98,1,1,2.24011e-4,ASV_00098,IT1
98,1,2,2.24041e-4,ASV_00098,IT2
98,1,3,2.54092e-5,ASV_00098,IT3
98,1,5,3.71153e-4,ASV_00098,UK1
99,1,1,4.07689e-4,ASV_00099,IT1
99,1,2,4.10065e-4,ASV_00099,IT2
99,1,4,3.15562e-4,ASV_00099,FI1
99,1,5,7.51834e-4,ASV_00099,UK1
99,1,6,1.31717e-4,ASV_00099,UK2
100,1,2,3.64979e-4,ASV_00100,IT2
100,1,3,3.5268e-5,ASV_00100,IT3
100,1,4,3.39438e-4,ASV_00100,FI1
100,1,5,4.75909e-4,ASV_00100,UK1
100,1,6,1.1555e-4,ASV_00100,UK2
100,1,7,3.38001e-4,ASV_00100,SE1
101,1,1,2.08616e-4,ASV_00101,IT1
101,1,2,1.52901e-4,ASV_00101,IT2
101,1,4,1.94583e-4,ASV_00101,FI1
101,1,5,4.7606e-4,ASV_00101,UK1
101,1,6,2.12026e-4,ASV_00101,UK2
101,1,7,1.75128e-4,ASV_00101,SE1
102,1,1,2.64281e-4,ASV_00102,IT1
102,1,2,3.7405e-4,ASV_00102,IT2
102,1,3,2.19619e-5,ASV_00102,IT3
102,1,5,9.9645e-4,ASV_00102,UK1
102,1,6,1.70659e-4,ASV_00102,UK2
103,1,1,1.29141e-4,ASV_00103,IT1
103,1,2,2.32392e-4,ASV_00103,IT2
103,1,3,4.82438e-5,ASV_00103,IT3
103,1,5,7.02511e-4,ASV_00103,UK1
103,1,6,2.31282e-4,ASV_00103,UK2
104,1,2,3.16881e-4,ASV_00104,IT2
104,1,3,2.95559e-5,ASV_00104,IT3
104,1,4,6.1597e-4,ASV_00104,FI1
104,1,5,8.98797e-4,ASV_00104,UK1
104,1,6,1.37001e-4,ASV_00104,UK2
104,1,7,2.92359e-4,ASV_00104,SE1
105,1,1,3.15848e-4,ASV_00105,IT1
105,1,2,3.2894e-4,ASV_00105,IT2
105,1,3,3.33086e-5,ASV_00105,IT3
105,1,4,4.95792e-4,ASV_00105,FI1
105,1,5,9.54469e-4,ASV_00105,UK1
105,1,6,2.7875e-4,ASV_00105,UK2
105,1,7,3.26871e-4,ASV_00105,SE1
106,1,1,1.68676e-4,ASV_00106,IT1
106,1,2,4.53613e-4,ASV_00106,IT2
106,1,4,3.48099e-4,ASV_00106,FI1
106,1,5,7.43788e-4,ASV_00106,UK1
106,1,6,1.52427e-4,ASV_00106,UK2
106,1,7,2.39428e-4,ASV_00106,SE1
107,1,1,2.38818e-4,ASV_00107,IT1
107,1,2,4.72339e-4,ASV_00107,IT2
107,1,3,5.88555e-5,ASV_00107,IT3
107,1,4,1.79696e-4,ASV_00107,FI1
107,1,5,6.24241e-4,ASV_00107,UK1
107,1,6,1.11126e-4,ASV_00107,UK2
107,1,7,2.65431e-4,ASV_00107,SE1
108,1,2,3.98749e-4,ASV_00108,IT2
108,1,5,6.35113e-4,ASV_00108,UK1
108,1,6,2.24885e-4,ASV_00108,UK2
109,1,2,4.2041e-4,ASV_00109,IT2
109,1,4,3.94891e-4,ASV_00109,FI1
109,1,5,4.29265e-4,ASV_00109,UK1
109,1,6,9.50487e-5,ASV_00109,UK2
109,1,7,1.77343e-4,ASV_00109,SE1
110,1,1,1.83776e-4,ASV_00110,IT1
110,1,2,1.7622e-4,ASV_00110,IT2
110,1,5,9.90709e-4,ASV_00110,UK1
110,1,6,1.15841e-4,ASV_00110,UK2
110,1,7,4.86862e-4,ASV_00110,SE1
111,1,1,2.93622e-4,ASV_00111,IT1
111,1,2,2.74035e-4,ASV_00111,IT2
111,1,3,4.53829e-5,ASV_00111,IT3
111,1,5,8.29623e-4,ASV_00111,UK1
112,1,1,2.19036e-4,ASV_00112,IT1
112,1,2,4.29975e-4,ASV_00112,IT2
112,1,3,6.70579e-5,ASV_00112,IT3
112,1,4,4.06675e-4,ASV_00112,FI1
112,1,5,7.31164e-4,ASV_00112,UK1
112,1,6,2.17378e-4,ASV_00112,UK2
112,1,7,3.02485e-4,ASV_00112,SE1
113,1,1,3.02394e-4,ASV_00113,IT1
113,1,2,5.09679e-4,ASV_00113,IT2
113,1,3,3.71228e-5,ASV_00113,IT3
113,1,4,1.71023e-4,ASV_00113,FI1
113,1,5,6.3578e-4,ASV_00113,UK1
113,1,6,1.08853e-4,ASV_00113,UK2
113,1,7,2.892e-4,ASV_00113,SE1
114,1,1,2.44821e-4,ASV_00114,IT1
115,1,2,5.0001e-4,ASV_00115,IT2
115,1,5,8.10689e-4,ASV_00115,UK1
116,1,1,2.57843e-4,ASV_00116,IT1
116,1,2,3.55285e-4,ASV_00116,IT2
116,1,3,2.86988e-5,ASV_00116,IT3
116,1,4,1.77512e-4,ASV_00116,FI1
116,1,5,6.05819e-4,ASV_00116,UK1
116,1,6,9.52347e-5,ASV_00116,UK2
116,1,7,2.01801e-4,ASV_00116,SE1
117,1,1,3.0982e-4,ASV_00117,IT1
117,1,2,1.5375e-4,ASV_00117,IT2
117,1,3,2.56353e-5,ASV_00117,IT3
117,1,4,1.52469e-4,ASV_00117,FI1
117,1,5,3.44906e-4,ASV_00117,UK1
117,1,6,1.42006e-4,ASV_00117,UK2
118,1,1,2.21337e-4,ASV_00118,IT1
118,1,2,4.29132e-4,ASV_00118,IT2
118,1,4,5.05881e-4,ASV_00118,FI1
118,1,5,8.79564e-4,ASV_00118,UK1
118,1,6,1.81753e-4,ASV_00118,UK2
118,1,7,3.98703e-4,ASV_00118,SE1
119,1,2,5.32624e-4,ASV_00119,IT2
119,1,3,1.26516e-5,ASV_00119,IT3
119,1,4,3.95021e-4,ASV_00119,FI1
119,1,5,0.00110039,ASV_00119,UK1
119,1,6,9.55874e-5,ASV_00119,UK2
120,1,1,2.53458e-4,ASV_00120,IT1
120,1,2,2.81875e-4,ASV_00120,IT2
120,1,5,7.53393e-4,ASV_00120,UK1
120,1,6,1.24564e-4,ASV_00120,UK2
120,1,7,1.20589e-4,ASV_00120,SE1
121,1,4,1.41307e-4,ASV_00121,FI1
121,1,5,4.91689e-4,ASV_00121,UK1
121,1,6,1.59352e-4,ASV_00121,UK2
122,1,1,2.10076e-4,ASV_00122,IT1
122,1,2,7.0916e-4,ASV_00122,IT2
122,1,3,6.54843e-5,ASV_00122,IT3
122,1,5,5.66264e-4,ASV_00122,UK1
123,1,2,3.84873e-4,ASV_00123,IT2
123,1,4,1.63001e-4,ASV_00123,FI1
123,1,5,7.9769e-4,ASV_00123,UK1
123,1,6,9.84691e-5,ASV_00123,UK2
123,1,7,3.23928e-4,ASV_00123,SE1
124,1,1,2.18238e-4,ASV_00125,IT1
124,1,2,4.23523e-4,ASV_00125,IT2
124,1,4,3.05946e-4,ASV_00125,FI1
124,1,5,8.65189e-4,ASV_00125,UK1
124,1,6,1.59607e-4,ASV_00125,UK2
124,1,7,3.02694e-4,ASV_00125,SE1
125,1,4,2.31669e-4,ASV_00126,FI1
125,1,5,0.0010196,ASV_00126,UK1
125,1,6,2.82243e-4,ASV_00126,UK2
125,1,7,4.83007e-4,ASV_00126,SE1
126,1,1,2.10579e-4,ASV_00127,IT1
126,1,2,4.57646e-4,ASV_00127,IT2
126,1,3,5.66312e-5,ASV_00127,IT3
126,1,5,8.74951e-4,ASV_00127,UK1
126,1,6,8.61257e-5,ASV_00127,UK2
127,1,1,1.86535e-4,ASV_00128,IT1
127,1,2,1.90788e-4,ASV_00128,IT2
127,1,3,3.29208e-5,ASV_00128,IT3
127,1,4,2.14044e-4,ASV_00128,FI1
127,1,5,6.35217e-4,ASV_00128,UK1
127,1,6,2.24036e-4,ASV_00128,UK2
127,1,7,3.10828e-4,ASV_00128,SE1
128,1,1,1.09255e-4,ASV_00129,IT1
128,1,2,2.79609e-4,ASV_00129,IT2
128,1,3,2.87348e-5,ASV_00129,IT3
128,1,5,3.42791e-4,ASV_00129,UK1
128,1,6,2.07949e-4,ASV_00129,UK2
129,1,1,2.43467e-4,ASV_00130,IT1
129,1,2,3.72391e-4,ASV_00130,IT2
129,1,3,5.27389e-5,ASV_00130,IT3
129,1,4,4.37913e-4,ASV_00130,FI1
129,1,5,6.87814e-4,ASV_00130,UK1
129,1,6,1.10499e-4,ASV_00130,UK2
130,1,1,1.5774e-4,ASV_00131,IT1
130,1,2,2.52448e-4,ASV_00131,IT2
130,1,3,3.24553e-5,ASV_00131,IT3
130,1,4,7.81041e-5,ASV_00131,FI1
130,1,5,8.65521e-4,ASV_00131,UK1
130,1,6,1.35324e-4,ASV_00131,UK2
130,1,7,3.78805e-4,ASV_00131,SE1
131,1,2,1.62354e-4,ASV_00132,IT2
131,1,5,5.08239e-4,ASV_00132,UK1
131,1,6,2.04477e-4,ASV_00132,UK2
132,1,1,2.18268e-4,ASV_00133,IT1
132,1,2,2.75217e-4,ASV_00133,IT2
132,1,3,7.90326e-5,ASV_00133,IT3
132,1,4,3.54557e-4,ASV_00133,FI1
132,1,5,7.16056e-4,ASV_00133,UK1
132,1,6,2.00638e-4,ASV_00133,UK2
133,1,4,2.7944e-4,ASV_00134,FI1
133,1,5,5.59997e-4,ASV_00134,UK1
133,1,6,1.15307e-4,ASV_00134,UK2
133,1,7,3.48667e-4,ASV_00134,SE1
134,1,3,8.0877e-5,ASV_00135,IT3
134,1,4,3.87308e-4,ASV_00135,FI1
134,1,5,8.34575e-4,ASV_00135,UK1
134,1,6,1.65194e-4,ASV_00135,UK2
134,1,7,2.55847e-4,ASV_00135,SE1
135,1,1,2.63704e-4,ASV_00136,IT1
135,1,2,4.73947e-4,ASV_00136,IT2
135,1,3,2.41576e-5,ASV_00136,IT3
135,1,4,4.84637e-4,ASV_00136,FI1
135,1,5,6.76168e-4,ASV_00136,UK1
135,1,6,2.4244e-4,ASV_00136,UK2
135,1,7,2.8834e-4,ASV_00136,SE1
136,1,1,2.73334e-4,ASV_00137,IT1
136,1,2,5.63412e-4,ASV_00137,IT2
136,1,3,3.53177e-5,ASV_00137,IT3
136,1,5,8.70919e-4,ASV_00137,UK1
136,1,6,1.47705e-4,ASV_00137,UK2
137,1,2,1.14838e-4,ASV_00138,IT2
137,1,4,4.99109e-4,ASV_00138,FI1
137,1,5,7.36028e-4,ASV_00138,UK1
137,1,6,2.09325e-4,ASV_00138,UK2
137,1,7,3.63268e-4,ASV_00138,SE1
138,1,1,1.03228e-4,ASV_00139,IT1
138,1,2,3.53258e-4,ASV_00139,IT2
138,1,5,5.91246e-4,ASV_00139,UK1
138,1,6,7.60883e-5,ASV_00139,UK2
138,1,7,4.91634e-4,ASV_00139,SE1
139,1,1,3.47425e-4,ASV_00140,IT1
139,1,2,7.52059e-4,ASV_00140,IT2
139,1,3,6.60943e-5,ASV_00140,IT3
139,1,4,4.46608e-4,ASV_00140,FI1
139,1,5,6.04321e-4,ASV_00140,UK1
139,1,6,1.8098e-4,ASV_00140,UK2
139,1,7,3.936e-4,ASV_00140,SE1
140,1,1,3.42915e-4,ASV_00141,IT1
140,1,2,2.17291e-4,ASV_00141,IT2
140,1,3,6.31678e-5,ASV_00141,IT3
140,1,5,7.4048e-4,ASV_00141,UK1
140,1,6,2.29783e-4,ASV_00141,UK2
140,1,7,2.15633e-4,ASV_00141,SE1
141,1,1,2.08284e-4,ASV_00142,IT1
141,1,2,1.5367e-4,ASV_00142,IT2
141,1,3,3.31182e-5,ASV_00142,IT3
141,1,4,4.5805e-4,ASV_00142,FI1
141,1,5,0.00113798,ASV_00142,UK1
141,1,6,1.89725e-4,ASV_00142,UK2
141,1,7,3.78526e-4,ASV_00142,SE1
142,1,5,6.96361e-4,ASV_00143,UK1
142,1,6,2.86177e-4,ASV_00143,UK2
142,1,7,4.1437e-4,ASV_00143,SE1
143,1,1,3.32642e-4,ASV_00144,IT1
143,1,2,3.76749e-4,ASV_00144,IT2
143,1,3,2.80337e-5,ASV_00144,IT3
143,1,4,3.59679e-4,ASV_00144,FI1
143,1,5,5.87458e-4,ASV_00144,UK1
143,1,6,1.74267e-4,ASV_00144,UK2
143,1,7,1.39648e-4,ASV_00144,SE1
144,1,1,3.08815e-4,ASV_00145,IT1
144,1,2,1.95473e-4,ASV_00145,IT2
144,1,3,2.65024e-5,ASV_00145,IT3
144,1,5,7.71416e-4,ASV_00145,UK1
145,1,2,3.73989e-4,ASV_00146,IT2
145,1,3,1.86704e-5,ASV_00146,IT3
145,1,4,4.30568e-4,ASV_00146,FI1
145,1,5,7.55742e-4,ASV_00146,UK1
145,1,6,1.22558e-4,ASV_00146,UK2
145,1,7,1.4297e-4,ASV_00146,SE1
146,1,1,1.37754e-4,ASV_00147,IT1
146,1,2,3.01355e-4,ASV_00147,IT2
146,1,3,3.71605e-5,ASV_00147,IT3
146,1,5,6.50222e-4,ASV_00147,UK1
146,1,6,1.50041e-4,ASV_00147,UK2
147,1,1,1.83014e-4,ASV_00148,IT1
147,1,2,3.94304e-4,ASV_00148,IT2
147,1,3,6.36092e-5,ASV_00148,IT3
147,1,4,5.11084e-4,ASV_00148,FI1
147,1,5,8.24261e-4,ASV_00148,UK1
147,1,6,1.47925e-4,ASV_00148,UK2
147,1,7,3.56038e-4,ASV_00148,SE1
148,1,4,2.28308e-4,ASV_00149,FI1
148,1,5,8.61127e-4,ASV_00149,UK1
148,1,6,2.78204e-4,ASV_00149,UK2
148,1,7,3.41911e-4,ASV_00149,SE1
149,1,1,2.20789e-4,ASV_00150,IT1
149,1,2,3.24496e-4,ASV_00150,IT2
149,1,3,7.38771e-5,ASV_00150,IT3
150,1,2,6.87238e-4,ASV_00151,IT2
150,1,3,4.12294e-5,ASV_00151,IT3
150,1,4,3.74485e-4,ASV_00151,FI1
150,1,5,6.96238e-4,ASV_00151,UK1
150,1,6,1.98727e-4,ASV_00151,UK2
150,1,7,1.2873e-4,ASV_00151,SE1
151,1,1,2.98151e-4,ASV_00152,IT1
151,1,2,3.43222e-4,ASV_00152,IT2
151,1,4,1.58614e-4,ASV_00152,FI1
151,1,5,8.18053e-4,ASV_00152,UK1
151,1,6,3.33437e-4,ASV_00152,UK2
151,1,7,4.18147e-4,ASV_00152,SE1
152,1,2,3.37988e-4,ASV_00153,IT2
152,1,3,5.43582e-5,ASV_00153,IT3
152,1,5,5.76337e-4,ASV_00153,UK1
152,1,6,1.64698e-4,ASV_00153,UK2
153,1,1,2.59193e-4,ASV_00154,IT1
153,1,2,3.59657e-4,ASV_00154,IT2
153,1,5,3.72803e-4,ASV_00154,UK1
154,1,1,1.86699e-4,ASV_00155,IT1
154,1,2,1.03671e-4,ASV_00155,IT2
154,1,3,5.96704e-5,ASV_00155,IT3
154,1,4,4.57414e-4,ASV_00155,FI1
154,1,5,7.91458e-4,ASV_00155,UK1
154,1,6,2.57876e-4,ASV_00155,UK2
154,1,7,4.46861e-4,ASV_00155,SE1
155,1,1,3.13557e-4,ASV_00156,IT1
155,1,2,3.22669e-4,ASV_00156,IT2
155,1,4,2.40029e-4,ASV_00156,FI1
155,1,5,8.85916e-4,ASV_00156,UK1
155,1,6,1.80993e-4,ASV_00156,UK2
155,1,7,2.27234e-4,ASV_00156,SE1
156,1,1,2.6889e-4,ASV_00157,IT1
156,1,2,3.92687e-4,ASV_00157,IT2
156,1,3,5.03237e-5,ASV_00157,IT3
156,1,4,3.51347e-4,ASV_00157,FI1
156,1,5,9.28576e-4,ASV_00157,UK1
156,1,6,2.38722e-4,ASV_00157,UK2
156,1,7,3.22644e-4,ASV_00157,SE1
157,1,2,4.76593e-4,ASV_00158,IT2
157,1,4,1.54154e-4,ASV_00158,FI1
157,1,5,6.14627e-4,ASV_00158,UK1
157,1,6,1.05554e-4,ASV_00158,UK2
158,1,1,2.3655e-4,ASV_00159,IT1
158,1,2,3.92306e-4,ASV_00159,IT2
158,1,3,7.31631e-5,ASV_00159,IT3
158,1,5,4.11362e-4,ASV_00159,UK1
158,1,6,2.34904e-4,ASV_00159,UK2
158,1,7,1.70912e-4,ASV_00159,SE1
159,1,1,3.23449e-4,ASV_00160,IT1
159,1,2,4.57397e-4,ASV_00160,IT2
159,1,3,2.68659e-5,ASV_00160,IT3
159,1,4,2.81088e-4,ASV_00160,FI1
159,1,5,9.24696e-4,ASV_00160,UK1
159,1,6,1.88138e-4,ASV_00160,UK2
159,1,7,1.79115e-4,ASV_00160,SE1
160,1,2,3.07063e-4,ASV_00161,IT2
160,1,4,4.77782e-4,ASV_00161,FI1
160,1,5,6.74922e-4,ASV_00161,UK1
160,1,6,2.42183e-4,ASV_00161,UK2
160,1,7,3.01039e-4,ASV_00161,SE1
161,1,1,1.78108e-4,ASV_00162,IT1
161,1,2,2.73701e-4,ASV_00162,IT2
161,1,3,6.42172e-5,ASV_00162,IT3
161,1,5,6.06994e-4,ASV_00162,UK1
161,1,6,3.39774e-4,ASV_00162,UK2
162,1,1,3.37777e-4,ASV_00163,IT1
162,1,2,6.26246e-4,ASV_00163,IT2
162,1,3,5.36024e-5,ASV_00163,IT3
162,1,4,2.32171e-4,ASV_00163,FI1
162,1,5,7.57229e-4,ASV_00163,UK1
162,1,6,1.04403e-4,ASV_00163,UK2
162,1,7,3.66824e-4,ASV_00163,SE1
163,1,2,5.30559e-4,ASV_00164,IT2
163,1,4,2.24244e-4,ASV_00164,FI1
163,1,5,3.33253e-4,ASV_00164,UK1
163,1,6,1.01738e-4,ASV_00164,UK2
163,1,7,1.95422e-4,ASV_00164,SE1
164,1,1,3.42039e-4,ASV_00165,IT1
164,1,2,1.93953e-4,ASV_00165,IT2
164,1,5,6.29426e-4,ASV_00165,UK1
164,1,6,9.87921e-5,ASV_00165,UK2
164,1,7,3.54948e-4,ASV_00165,SE1
165,1,1,1.4881e-4,ASV_00166,IT1
165,1,2,2.2257e-4,ASV_00166,IT2
165,1,4,2.43391e-4,ASV_00166,FI1
165,1,5,5.58529e-4,ASV_00166,UK1
165,1,6,1.85385e-4,ASV_00166,UK2
165,1,7,2.74734e-4,ASV_00166,SE1
166,1,2,6.03371e-4,ASV_00167,IT2
166,1,5,6.29715e-4,ASV_00167,UK1
166,1,6,2.53661e-4,ASV_00167,UK2
166,1,7,3.75325e-4,ASV_00167,SE1
167,1,1,1.34043e-4,ASV_00168,IT1
167,1,2,3.30495e-4,ASV_00168,IT2
167,1,4,2.3618e-4,ASV_00168,FI1
167,1,5,7.9662e-4,ASV_00168,UK1
167,1,6,9.58463e-5,ASV_00168,UK2
168,1,1,3.40921e-4,ASV_00169,IT1
168,1,2,3.47257e-4,ASV_00169,IT2
168,1,3,5.73459e-5,ASV_00169,IT3
168,1,5,7.45704e-4,ASV_00169,UK1
168,1,6,1.35241e-4,ASV_00169,UK2
169,1,2,6.61526e-4,ASV_00170,IT2
169,1,3,2.57588e-5,ASV_00170,IT3
169,1,5,6.91419e-4,ASV_00170,UK1
169,1,6,1.07539e-4,ASV_00170,UK2
169,1,7,2.35728e-4,ASV_00170,SE1
170,1,1,2.88188e-4,ASV_00171,IT1
170,1,2,3.01585e-4,ASV_00171,IT2
170,1,3,4.72556e-5,ASV_00171,IT3
170,1,4,1.56777e-4,ASV_00171,FI1
170,1,5,8.13307e-4,ASV_00171,UK1
170,1,6,2.35997e-4,ASV_00171,UK2
170,1,7,3.28287e-4,ASV_00171,SE1
171,1,2,5.15223e-4,ASV_00172,IT2
171,1,4,3.10507e-4,ASV_00172,FI1
171,1,5,9.48805e-4,ASV_00172,UK1
171,1,6,1.41942e-4,ASV_00172,UK2
171,1,7,6.40108e-4,ASV_00172,SE1
172,1,2,2.76843e-4,ASV_00173,IT2
172,1,5,9.32434e-4,ASV_00173,UK1
172,1,6,1.96396e-4,ASV_00173,UK2
173,1,4,4.02645e-4,ASV_00174,FI1
173,1,5,6.48747e-4,ASV_00174,UK1
173,1,6,2.23123e-4,ASV_00174,UK2
173,1,7,2.51687e-4,ASV_00174,SE1
174,1,1,2.4195e-4,ASV_00176,IT1
174,1,2,2.51325e-4,ASV_00176,IT2
174,1,3,3.25486e-5,ASV_00176,IT3
174,1,5,7.99714e-4,ASV_00176,UK1
174,1,6,1.69922e-4,ASV_00176,UK2
175,1,1,1.66397e-4,ASV_00177,IT1
175,1,2,3.56046e-4,ASV_00177,IT2
175,1,3,6.98497e-5,ASV_00177,IT3
175,1,4,4.62961e-4,ASV_00177,FI1
175,1,5,7.32849e-4,ASV_00177,UK1
175,1,6,1.34343e-4,ASV_00177,UK2
175,1,7,2.81587e-4,ASV_00177,SE1
176,1,1,0.00024577000000000003,ASV_00178,IT1
176,1,2,3.55942e-4,ASV_00178,IT2
177,1,1,1.6071e-4,ASV_00179,IT1
177,1,2,3.09702e-4,ASV_00179,IT2
177,1,3,3.58043e-5,ASV_00179,IT3
177,1,6,1.82313e-4,ASV_00179,UK2
177,1,7,2.86352e-4,ASV_00179,SE1
178,1,4,2.24101e-4,ASV_00180,FI1
178,1,5,7.48578e-4,ASV_00180,UK1
178,1,6,1.32792e-4,ASV_00180,UK2
178,1,7,3.50553e-4,ASV_00180,SE1
179,1,2,5.09782e-4,ASV_00181,IT2
179,1,4,3.88027e-4,ASV_00181,FI1
179,1,5,0.00102558,ASV_00181,UK1
179,1,6,9.28889e-5,ASV_00181,UK2
179,1,7,4.62417e-4,ASV_00181,SE1
180,1,1,3.95241e-4,ASV_00182,IT1
180,1,2,4.14823e-4,ASV_00182,IT2
180,1,4,4.77497e-4,ASV_00182,FI1
180,1,5,6.54902e-4,ASV_00182,UK1
180,1,6,1.02051e-4,ASV_00182,UK2
180,1,7,3.39752e-4,ASV_00182,SE1
181,1,1,1.66479e-4,ASV_00183,IT1
181,1,2,6.0256e-4,ASV_00183,IT2
181,1,3,4.76258e-5,ASV_00183,IT3
181,1,5,4.28897e-4,ASV_00183,UK1
181,1,6,1.58353e-4,ASV_00183,UK2
182,1,1,2.93579e-4,ASV_00184,IT1
182,1,2,3.4851e-4,ASV_00184,IT2
182,1,3,4.00491e-5,ASV_00184,IT3
182,1,5,6.6292e-4,ASV_00184,UK1
182,1,6,2.03109e-4,ASV_00184,UK2
183,1,1,2.68485e-4,ASV_00185,IT1
183,1,2,5.9158e-4,ASV_00185,IT2
183,1,3,8.94932e-5,ASV_00185,IT3
183,1,4,3.75651e-4,ASV_00185,FI1
183,1,5,6.31024e-4,ASV_00185,UK1
183,1,6,1.04872e-4,ASV_00185,UK2
183,1,7,1.13962e-4,ASV_00185,SE1
184,1,1,1.81658e-4,ASV_00186,IT1
184,1,2,2.97211e-4,ASV_00186,IT2
184,1,3,3.88575e-5,ASV_00186,IT3
184,1,5,7.07261e-4,ASV_00186,UK1
184,1,6,2.74407e-4,ASV_00186,UK2
184,1,7,4.64966e-4,ASV_00186,SE1
185,1,1,2.56091e-4,ASV_00187,IT1
185,1,2,2.44075e-4,ASV_00187,IT2
185,1,3,1.00256e-5,ASV_00187,IT3
185,1,4,2.52434e-4,ASV_00187,FI1
185,1,5,7.95734e-4,ASV_00187,UK1
185,1,6,2.13342e-4,ASV_00187,UK2
185,1,7,2.72333e-4,ASV_00187,SE1
186,1,1,2.40178e-4,ASV_00188,IT1
186,1,2,3.07626e-4,ASV_00188,IT2
186,1,3,4.89443e-5,ASV_00188,IT3
186,1,4,3.40951e-4,ASV_00188,FI1
186,1,5,6.56004e-4,ASV_00188,UK1
186,1,6,1.21001e-4,ASV_00188,UK2
187,1,2,5.22217e-4,ASV_00189,IT2
187,1,5,5.65793e-4,ASV_00189,UK1
187,1,6,1.4876e-4,ASV_00189,UK2
188,1,4,4.8021e-4,ASV_00190,FI1
188,1,5,8.03381e-4,ASV_00190,UK1
188,1,6,1.50809e-4,ASV_00190,UK2
189,1,1,2.99425e-4,ASV_00191,IT1
189,1,2,3.00452e-4,ASV_00191,IT2
189,1,5,8.39955e-4,ASV_00191,UK1
189,1,6,1.20422e-4,ASV_00191,UK2
189,1,7,3.27804e-4,ASV_00191,SE1
190,1,1,1.93483e-4,ASV_00192,IT1
190,1,2,3.3162e-4,ASV_00192,IT2
191,1,2,2.90357e-4,ASV_00193,IT2
191,1,5,8.53439e-4,ASV_00193,UK1
191,1,6,2.40901e-4,ASV_00193,UK2
191,1,7,4.43463e-4,ASV_00193,SE1
192,1,2,2.87304e-4,ASV_00194,IT2
192,1,6,1.87373e-4,ASV_00194,UK2
193,1,1,3.14902e-4,ASV_00195,IT1
193,1,2,7.67834e-4,ASV_00195,IT2
194,1,1,2.76649e-4,ASV_00196,IT1
194,1,2,2.50894e-4,ASV_00196,IT2
194,1,3,2.25781e-5,ASV_00196,IT3
194,1,4,2.54021e-4,ASV_00196,FI1
194,1,5,5.81766e-4,ASV_00196,UK1
194,1,6,2.49707e-4,ASV_00196,UK2
194,1,7,3.34949e-4,ASV_00196,SE1
195,1,1,3.73822e-4,ASV_00197,IT1
195,1,2,3.92135e-4,ASV_00197,IT2
195,1,3,3.21989e-5,ASV_00197,IT3
195,1,4,3.49738e-4,ASV_00197,FI1
195,1,5,3.58992e-4,ASV_00197,UK1
195,1,6,1.51103e-4,ASV_00197,UK2
195,1,7,1.77014e-4,ASV_00197,SE1
196,1,1,2.01084e-4,ASV_00198,IT1
196,1,2,2.74982e-4,ASV_00198,IT2
196,1,3,4.86399e-5,ASV_00198,IT3
196,1,5,7.44343e-4,ASV_00198,UK1
196,1,6,8.56387e-5,ASV_00198,UK2
196,1,7,3.22111e-4,ASV_00198,SE1
197,1,1,1.84446e-4,ASV_00199,IT1
197,1,2,5.54966e-4,ASV_00199,IT2
197,1,5,5.17451e-4,ASV_00199,UK1
198,1,1,2.46236e-4,ASV_00200,IT1
198,1,2,3.16914e-4,ASV_00200,IT2
198,1,3,5.28708e-5,ASV_00200,IT3
198,1,4,3.25747e-4,ASV_00200,FI1
198,1,5,6.3109e-4,ASV_00200,UK1
198,1,6,2.23895e-4,ASV_00200,UK2
198,1,7,2.16872e-4,ASV_00200,SE1
199,1,4,4.23227e-4,ASV_00201,FI1
199,1,6,1.69154e-4,ASV_00201,UK2
199,1,7,3.38765e-4,ASV_00201,SE1
200,1,1,1.48299e-4,ASV_00202,IT1
200,1,2,4.24134e-4,ASV_00202,IT2
200,1,3,2.22127e-5,ASV_00202,IT3
200,1,5,8.52362e-4,ASV_00202,UK1
200,1,6,3.71393e-4,ASV_00202,UK2
201,1,1,2.22424e-4,ASV_00203,IT1
201,1,2,3.88679e-4,ASV_00203,IT2
201,1,3,4.13099e-5,ASV_00203,IT3
201,1,5,5.92289e-4,ASV_00203,UK1
201,1,6,2.77167e-4,ASV_00203,UK2
202,1,4,2.29682e-4,ASV_00204,FI1
202,1,6,2.54867e-4,ASV_00204,UK2
202,1,7,4.1211e-4,ASV_00204,SE1
203,1,1,1.985e-4,ASV_00205,IT1
203,1,2,4.83323e-4,ASV_00205,IT2
203,1,5,7.84875e-4,ASV_00205,UK1
203,1,6,1.97271e-4,ASV_00205,UK2
203,1,7,1.98954e-4,ASV_00205,SE1
204,1,1,1.7022e-4,ASV_00206,IT1
204,1,2,5.17454e-4,ASV_00206,IT2
204,1,4,1.55952e-4,ASV_00206,FI1
204,1,5,7.4404e-4,ASV_00206,UK1
204,1,6,1.68826e-4,ASV_00206,UK2
205,1,5,4.72697e-4,ASV_00207,UK1
206,1,2,3.75829e-4,ASV_00208,IT2
206,1,5,7.81658e-4,ASV_00208,UK1
207,1,6,2.79101e-4,ASV_00209,UK2
208,1,2,1.68374e-4,ASV_00210,IT2
208,1,4,3.72729e-4,ASV_00210,FI1
208,1,5,5.48836e-4,ASV_00210,UK1
208,1,6,1.60958e-4,ASV_00210,UK2
208,1,7,2.1988e-4,ASV_00210,SE1
209,1,2,4.33706e-4,ASV_00211,IT2
209,1,3,4.49164e-5,ASV_00211,IT3
209,1,4,3.38845e-4,ASV_00211,FI1
209,1,6,2.76593e-4,ASV_00211,UK2
209,1,7,3.07093e-4,ASV_00211,SE1
210,1,2,2.79529e-4,ASV_00212,IT2
210,1,5,4.6791e-4,ASV_00212,UK1
210,1,6,1.17862e-4,ASV_00212,UK2
211,1,1,2.08754e-4,ASV_00213,IT1
211,1,2,3.39497e-4,ASV_00213,IT2
211,1,5,7.66165e-4,ASV_00213,UK1
211,1,6,1.22746e-4,ASV_00213,UK2
212,1,2,5.11192e-4,ASV_00214,IT2
212,1,3,3.3409e-6,ASV_00214,IT3
212,1,5,8.72492e-4,ASV_00214,UK1
212,1,6,1.34924e-4,ASV_00214,UK2
213,1,3,1.82902e-5,ASV_00215,IT3
213,1,5,7.50177e-4,ASV_00215,UK1
213,1,6,1.51298e-4,ASV_00215,UK2
214,1,1,2.32405e-4,ASV_00216,IT1
214,1,2,4.31584e-4,ASV_00216,IT2
214,1,5,7.8405e-4,ASV_00216,UK1
215,1,5,7.71451e-4,ASV_00217,UK1
215,1,6,1.399e-4,ASV_00217,UK2
215,1,7,4.5782e-4,ASV_00217,SE1
216,1,1,3.67364e-4,ASV_00218,IT1
216,1,2,4.01418e-4,ASV_00218,IT2
216,1,3,4.46562e-5,ASV_00218,IT3
216,1,4,3.77641e-4,ASV_00218,FI1
216,1,5,7.61075e-4,ASV_00218,UK1
216,1,6,1.5203e-4,ASV_00218,UK2
216,1,7,4.48596e-4,ASV_00218,SE1
217,1,2,5.19291e-4,ASV_00219,IT2
217,1,4,2.26805e-4,ASV_00219,FI1
217,1,5,9.30327e-4,ASV_00219,UK1
217,1,6,9.94056e-5,ASV_00219,UK2
217,1,7,5.27552e-4,ASV_00219,SE1
218,1,1,1.69652e-4,ASV_00221,IT1
218,1,2,3.13991e-4,ASV_00221,IT2
218,1,3,2.27772e-5,ASV_00221,IT3
218,1,5,7.45806e-4,ASV_00221,UK1
218,1,6,2.35599e-4,ASV_00221,UK2
219,1,1,1.38327e-4,ASV_00222,IT1
219,1,5,5.62516e-4,ASV_00222,UK1
220,1,4,2.63493e-4,ASV_00223,FI1
220,1,5,8.55806e-4,ASV_00223,UK1
220,1,6,6.41752e-5,ASV_00223,UK2
220,1,7,3.84644e-4,ASV_00223,SE1
221,1,4,1.89826e-4,ASV_00224,FI1
221,1,5,4.85411e-4,ASV_00224,UK1
221,1,6,1.80481e-4,ASV_00224,UK2
221,1,7,1.62766e-4,ASV_00224,SE1
222,1,1,2.16091e-4,ASV_00225,IT1
222,1,5,5.65429e-4,ASV_00225,UK1
223,1,1,3.09685e-4,ASV_00226,IT1
223,1,2,4.16511e-4,ASV_00226,IT2
223,1,6,1.3597e-4,ASV_00226,UK2
224,1,1,1.88265e-4,ASV_00227,IT1
224,1,2,2.34767e-4,ASV_00227,IT2
224,1,3,4.64808e-5,ASV_00227,IT3
224,1,5,6.36216e-4,ASV_00227,UK1
224,1,6,1.49614e-4,ASV_00227,UK2
225,1,2,3.26241e-4,ASV_00228,IT2
225,1,6,1.2082e-4,ASV_00228,UK2
226,1,2,4.45772e-4,ASV_00229,IT2
226,1,5,6.37663e-4,ASV_00229,UK1
226,1,6,2.27322e-4,ASV_00229,UK2
227,1,1,3.02413e-4,ASV_00230,IT1
227,1,2,4.15408e-4,ASV_00230,IT2
227,1,5,9.28202e-4,ASV_00230,UK1
227,1,6,1.85977e-4,ASV_00230,UK2
228,1,2,6.83648e-4,ASV_00231,IT2
228,1,4,1.62037e-4,ASV_00231,FI1
228,1,5,6.97898e-4,ASV_00231,UK1
228,1,6,2.11253e-4,ASV_00231,UK2
228,1,7,4.58322e-4,ASV_00231,SE1
229,1,1,2.56078e-4,ASV_00232,IT1
229,1,2,4.41096e-4,ASV_00232,IT2
229,1,3,4.55718e-5,ASV_00232,IT3
229,1,4,5.87571e-4,ASV_00232,FI1
229,1,5,8.39229e-4,ASV_00232,UK1
229,1,6,1.82728e-4,ASV_00232,UK2
229,1,7,3.00826e-4,ASV_00232,SE1
230,1,1,2.3338e-4,ASV_00233,IT1
230,1,2,5.67781e-4,ASV_00233,IT2
230,1,3,1.45112e-5,ASV_00233,IT3
230,1,4,2.85215e-4,ASV_00233,FI1
230,1,5,6.53822e-4,ASV_00233,UK1
230,1,6,1.95794e-4,ASV_00233,UK2
230,1,7,2.89271e-4,ASV_00233,SE1
231,1,2,3.53875e-4,ASV_00235,IT2
231,1,4,3.2254e-4,ASV_00235,FI1
231,1,5,8.34281e-4,ASV_00235,UK1
231,1,6,2.23993e-4,ASV_00235,UK2
231,1,7,2.70321e-4,ASV_00235,SE1
232,1,5,9.00176e-4,ASV_00236,UK1
232,1,6,1.84332e-4,ASV_00236,UK2
232,1,7,3.78375e-4,ASV_00236,SE1
233,1,2,3.52368e-4,ASV_00237,IT2
233,1,7,3.67593e-4,ASV_00237,SE1
234,1,1,2.39277e-4,ASV_00238,IT1
234,1,2,4.44493e-4,ASV_00238,IT2
234,1,3,1.00598e-4,ASV_00238,IT3
234,1,5,7.34137e-4,ASV_00238,UK1
234,1,6,9.46494e-5,ASV_00238,UK2
235,1,2,4.59844e-4,ASV_00239,IT2
235,1,5,7.81477e-4,ASV_00239,UK1
235,1,6,2.82679e-4,ASV_00239,UK2
236,1,2,4.46298e-4,ASV_00240,IT2
236,1,4,4.43106e-4,ASV_00240,FI1
236,1,5,9.27922e-4,ASV_00240,UK1
236,1,6,1.89067e-4,ASV_00240,UK2
236,1,7,2.29826e-4,ASV_00240,SE1
237,1,4,3.14418e-4,ASV_00241,FI1
237,1,5,5.02118e-4,ASV_00241,UK1
237,1,6,1.90117e-4,ASV_00241,UK2
237,1,7,4.29187e-4,ASV_00241,SE1
238,1,2,2.49076e-4,ASV_00242,IT2
238,1,3,2.35274e-5,ASV_00242,IT3
238,1,4,8.98345e-5,ASV_00242,FI1
238,1,5,8.41574e-4,ASV_00242,UK1
238,1,6,1.68089e-4,ASV_00242,UK2
238,1,7,3.79301e-4,ASV_00242,SE1
239,1,1,2.25788e-4,ASV_00243,IT1
239,1,2,2.1928e-4,ASV_00243,IT2
239,1,4,3.0721e-4,ASV_00243,FI1
239,1,5,9.84033e-4,ASV_00243,UK1
239,1,6,9.83648e-5,ASV_00243,UK2
239,1,7,9.72688e-5,ASV_00243,SE1
240,1,1,1.24211e-4,ASV_00244,IT1
240,1,2,5.22777e-4,ASV_00244,IT2
240,1,3,5.70657e-5,ASV_00244,IT3
240,1,5,2.49271e-4,ASV_00244,UK1
240,1,6,2.10082e-4,ASV_00244,UK2
241,1,5,6.61421e-4,ASV_00245,UK1
241,1,6,3.38945e-4,ASV_00245,UK2
242,1,2,3.65765e-4,ASV_00246,IT2
242,1,5,7.12511e-4,ASV_00246,UK1
243,1,2,2.56618e-4,ASV_00247,IT2
243,1,5,5.95688e-4,ASV_00247,UK1
244,1,4,3.52709e-4,ASV_00248,FI1
244,1,6,1.01999e-4,ASV_00248,UK2
244,1,7,4.11475e-4,ASV_00248,SE1
245,1,1,1.87043e-4,ASV_00249,IT1
245,1,2,3.93319e-4,ASV_00249,IT2
245,1,3,4.29042e-5,ASV_00249,IT3
245,1,4,5.84387e-4,ASV_00249,FI1
245,1,5,4.53285e-4,ASV_00249,UK1
245,1,6,1.88421e-4,ASV_00249,UK2
245,1,7,3.36885e-4,ASV_00249,SE1
246,1,1,2.23518e-4,ASV_00250,IT1
246,1,2,2.54376e-4,ASV_00250,IT2
246,1,3,2.33512e-5,ASV_00250,IT3
246,1,4,2.90706e-4,ASV_00250,FI1
246,1,5,7.30627e-4,ASV_00250,UK1
246,1,6,2.44119e-4,ASV_00250,UK2
246,1,7,3.41427e-4,ASV_00250,SE1
247,1,2,5.58844e-4,ASV_00251,IT2
247,1,5,7.34244e-4,ASV_00251,UK1
247,1,6,8.7101e-5,ASV_00251,UK2
247,1,7,2.55972e-4,ASV_00251,SE1
248,1,2,2.47053e-4,ASV_00252,IT2
248,1,6,1.54787e-4,ASV_00252,UK2
248,1,7,5.41481e-4,ASV_00252,SE1
249,1,2,3.64311e-4,ASV_00253,IT2
249,1,5,6.24618e-4,ASV_00253,UK1
249,1,6,1.79028e-4,ASV_00253,UK2
250,1,1,1.84988e-4,ASV_00254,IT1
250,1,2,3.42394e-4,ASV_00254,IT2
250,1,3,2.06624e-5,ASV_00254,IT3
250,1,5,6.99521e-4,ASV_00254,UK1
250,1,6,2.551e-4,ASV_00254,UK2
250,1,7,2.81343e-4,ASV_00254,SE1
251,1,4,2.87428e-4,ASV_00255,FI1
251,1,6,2.61499e-4,ASV_00255,UK2
251,1,7,4.78006e-4,ASV_00255,SE1
252,1,4,3.66897e-4,ASV_00256,FI1
252,1,5,9.10865e-4,ASV_00256,UK1
252,1,6,1.43806e-4,ASV_00256,UK2
252,1,7,2.61679e-4,ASV_00256,SE1
253,1,1,2.49811e-4,ASV_00257,IT1
253,1,2,2.76286e-4,ASV_00257,IT2
253,1,4,4.24546e-4,ASV_00257,FI1
253,1,5,6.88094e-4,ASV_00257,UK1
253,1,6,4.02444e-4,ASV_00257,UK2
253,1,7,2.18003e-4,ASV_00257,SE1
254,1,4,1.75214e-4,ASV_00258,FI1
254,1,6,7.65669e-5,ASV_00258,UK2
254,1,7,2.18077e-4,ASV_00258,SE1
255,1,1,3.05692e-4,ASV_00259,IT1
255,1,2,5.02215e-4,ASV_00259,IT2
255,1,3,1.61638e-5,ASV_00259,IT3
255,1,5,7.4017e-4,ASV_00259,UK1
255,1,6,1.74666e-4,ASV_00259,UK2
256,1,4,2.18733e-4,ASV_00260,FI1
256,1,5,3.63145e-4,ASV_00260,UK1
256,1,6,7.29386e-5,ASV_00260,UK2
256,1,7,2.91846e-4,ASV_00260,SE1
257,1,4,2.57577e-4,ASV_00261,FI1
257,1,5,8.63495e-4,ASV_00261,UK1
257,1,6,1.91094e-4,ASV_00261,UK2
257,1,7,5.05771e-4,ASV_00261,SE1
258,1,2,3.49162e-4,ASV_00262,IT2
258,1,3,3.7075e-5,ASV_00262,IT3
258,1,4,2.84107e-4,ASV_00262,FI1
258,1,5,9.13237e-4,ASV_00262,UK1
258,1,6,2.5031e-4,ASV_00262,UK2
258,1,7,3.70731e-4,ASV_00262,SE1
259,1,1,2.37566e-4,ASV_00263,IT1
259,1,2,4.87384e-4,ASV_00263,IT2
259,1,5,7.47969e-4,ASV_00263,UK1
259,1,6,1.21036e-4,ASV_00263,UK2
260,1,1,3.31773e-4,ASV_00264,IT1
260,1,2,4.41564e-4,ASV_00264,IT2
260,1,3,3.73913e-5,ASV_00264,IT3
260,1,5,0.00103794,ASV_00264,UK1
260,1,6,1.82386e-4,ASV_00264,UK2
261,1,2,4.96068e-4,ASV_00265,IT2
261,1,4,1.71237e-4,ASV_00265,FI1
261,1,5,5.78942e-4,ASV_00265,UK1
261,1,6,2.07909e-4,ASV_00265,UK2
261,1,7,6.53587e-4,ASV_00265,SE1
262,1,1,1.46593e-4,ASV_00266,IT1
262,1,2,2.89465e-4,ASV_00266,IT2
262,1,3,1.97813e-5,ASV_00266,IT3
262,1,5,7.98269e-4,ASV_00266,UK1
262,1,6,2.12603e-4,ASV_00266,UK2
263,1,2,4.32168e-4,ASV_00267,IT2
263,1,4,4.71237e-4,ASV_00267,FI1
263,1,5,7.81326e-4,ASV_00267,UK1
263,1,6,2.20751e-4,ASV_00267,UK2
263,1,7,1.89174e-4,ASV_00267,SE1
264,1,6,1.20984e-4,ASV_00268,UK2
264,1,7,4.95038e-4,ASV_00268,SE1
265,1,1,1.81827e-4,ASV_00269,IT1
265,1,2,4.37634e-4,ASV_00269,IT2
265,1,4,4.00326e-4,ASV_00269,FI1
265,1,5,8.83906e-4,ASV_00269,UK1
265,1,6,1.72934e-4,ASV_00269,UK2
265,1,7,3.05427e-4,ASV_00269,SE1
266,1,2,1.82462e-4,ASV_00270,IT2
266,1,3,3.41823e-5,ASV_00270,IT3
266,1,4,2.83766e-4,ASV_00270,FI1
266,1,5,5.8589e-4,ASV_00270,UK1
266,1,6,1.993e-4,ASV_00270,UK2
267,1,1,2.19696e-4,ASV_00271,IT1
267,1,2,2.26209e-4,ASV_00271,IT2
268,1,1,2.76242e-4,ASV_00272,IT1
268,1,2,4.25517e-4,ASV_00272,IT2
268,1,5,9.79406e-4,ASV_00272,UK1
268,1,6,2.41355e-4,ASV_00272,UK2
269,1,1,2.21026e-4,ASV_00273,IT1
269,1,2,2.98908e-4,ASV_00273,IT2
269,1,3,3.92209e-5,ASV_00273,IT3
269,1,5,6.50152e-4,ASV_00273,UK1
269,1,6,3.44277e-4,ASV_00273,UK2
270,1,2,5.98307e-4,ASV_00274,IT2
270,1,4,4.16008e-4,ASV_00274,FI1
270,1,6,2.73654e-4,ASV_00274,UK2
270,1,7,2.55611e-4,ASV_00274,SE1
271,1,2,1.64713e-4,ASV_00275,IT2
271,1,4,3.90832e-4,ASV_00275,FI1
271,1,5,0.00103684,ASV_00275,UK1
271,1,6,1.38215e-4,ASV_00275,UK2
271,1,7,5.34351e-4,ASV_00275,SE1
272,1,1,2.11001e-4,ASV_00276,IT1
272,1,2,5.06571e-4,ASV_00276,IT2
272,1,4,1.36147e-4,ASV_00276,FI1
272,1,5,8.92175e-4,ASV_00276,UK1
272,1,6,6.83116e-5,ASV_00276,UK2
272,1,7,3.36638e-4,ASV_00276,SE1
273,1,2,5.99775e-4,ASV_00277,IT2
273,1,4,2.86143e-4,ASV_00277,FI1
273,1,5,7.10616e-4,ASV_00277,UK1
273,1,6,1.49628e-4,ASV_00277,UK2
273,1,7,3.46887e-4,ASV_00277,SE1
274,1,1,2.17414e-4,ASV_00278,IT1
274,1,2,3.78263e-4,ASV_00278,IT2
274,1,3,1.67543e-5,ASV_00278,IT3
274,1,5,8.61837e-4,ASV_00278,UK1
274,1,6,2.41067e-4,ASV_00278,UK2
275,1,1,0.00012801500000000001,ASV_00279,IT1
275,1,2,1.76459e-4,ASV_00279,IT2
275,1,3,2.54429e-5,ASV_00279,IT3
275,1,5,8.55164e-4,ASV_00279,UK1
276,1,1,2.99702e-4,ASV_00280,IT1
276,1,2,3.37474e-4,ASV_00280,IT2
276,1,4,3.86623e-4,ASV_00280,FI1
276,1,5,5.00326e-4,ASV_00280,UK1
276,1,6,2.03905e-4,ASV_00280,UK2
276,1,7,1.33766e-4,ASV_00280,SE1
277,1,4,3.56598e-4,ASV_00281,FI1
277,1,6,8.17708e-5,ASV_00281,UK2
277,1,7,2.91711e-4,ASV_00281,SE1
278,1,2,3.67692e-4,ASV_00282,IT2
278,1,6,1.1233e-4,ASV_00282,UK2
279,1,2,2.8607e-4,ASV_00283,IT2
279,1,4,4.0543e-4,ASV_00283,FI1
279,1,6,2.76265e-4,ASV_00283,UK2
280,1,2,3.03812e-4,ASV_00284,IT2
281,1,1,1.50903e-4,ASV_00285,IT1
281,1,2,3.66149e-4,ASV_00285,IT2
281,1,5,6.78986e-4,ASV_00285,UK1
281,1,6,1.09024e-4,ASV_00285,UK2
282,1,2,5.48335e-4,ASV_00286,IT2
282,1,3,3.76457e-5,ASV_00286,IT3
282,1,5,6.62406e-4,ASV_00286,UK1
282,1,6,1.61318e-4,ASV_00286,UK2
283,1,1,2.21811e-4,ASV_00287,IT1
283,1,2,4.43042e-4,ASV_00287,IT2
283,1,5,8.37868e-4,ASV_00287,UK1
283,1,6,1.52041e-4,ASV_00287,UK2
284,1,1,2.3609e-4,ASV_00288,IT1
284,1,2,6.17358e-4,ASV_00288,IT2
284,1,3,5.6445e-5,ASV_00288,IT3
284,1,4,2.50763e-4,ASV_00288,FI1
284,1,5,6.30872e-4,ASV_00288,UK1
284,1,6,1.65172e-4,ASV_00288,UK2
284,1,7,1.12253e-4,ASV_00288,SE1
285,1,4,3.13395e-4,ASV_00289,FI1
285,1,5,9.74293e-4,ASV_00289,UK1
285,1,6,1.87028e-4,ASV_00289,UK2
285,1,7,4.04769e-4,ASV_00289,SE1
286,1,1,2.98839e-4,ASV_00290,IT1
286,1,2,2.65258e-4,ASV_00290,IT2
286,1,3,8.24435e-5,ASV_00290,IT3
286,1,4,2.10254e-4,ASV_00290,FI1
286,1,5,8.52364e-4,ASV_00290,UK1
286,1,6,1.24709e-4,ASV_00290,UK2
286,1,7,3.06806e-4,ASV_00290,SE1
287,1,2,2.58605e-4,ASV_00291,IT2
288,1,2,4.75607e-4,ASV_00292,IT2
288,1,4,3.20565e-4,ASV_00292,FI1
288,1,5,9.41741e-4,ASV_00292,UK1
288,1,6,1.29086e-4,ASV_00292,UK2
288,1,7,3.07346e-4,ASV_00292,SE1
289,1,1,2.70534e-4,ASV_00293,IT1
289,1,2,3.12636e-4,ASV_00293,IT2
289,1,5,8.53828e-4,ASV_00293,UK1
289,1,6,1.66056e-4,ASV_00293,UK2
289,1,7,3.52946e-4,ASV_00293,SE1
290,1,1,1.9496e-4,ASV_00294,IT1
290,1,2,6.11236e-4,ASV_00294,IT2
290,1,3,3.41739e-5,ASV_00294,IT3
290,1,5,0.00102106,ASV_00294,UK1
290,1,6,1.0279e-4,ASV_00294,UK2
290,1,7,2.76613e-4,ASV_00294,SE1
291,1,1,2.97479e-4,ASV_00295,IT1
291,1,2,4.58813e-4,ASV_00295,IT2
291,1,3,3.87754e-5,ASV_00295,IT3
291,1,5,9.54062e-4,ASV_00295,UK1
291,1,6,1.38566e-4,ASV_00295,UK2
292,1,1,2.32531e-4,ASV_00296,IT1
292,1,2,3.4956e-4,ASV_00296,IT2
292,1,4,1.52166e-4,ASV_00296,FI1
292,1,5,5.83898e-4,ASV_00296,UK1
292,1,6,2.29671e-4,ASV_00296,UK2
292,1,7,2.82825e-4,ASV_00296,SE1
293,1,1,1.85949e-4,ASV_00297,IT1
293,1,2,3.12736e-4,ASV_00297,IT2
293,1,4,3.74539e-4,ASV_00297,FI1
293,1,5,6.56602e-4,ASV_00297,UK1
293,1,6,2.71063e-4,ASV_00297,UK2
293,1,7,3.0506e-4,ASV_00297,SE1
294,1,2,5.12712e-4,ASV_00298,IT2
294,1,4,2.7985e-4,ASV_00298,FI1
294,1,5,6.58198e-4,ASV_00298,UK1
294,1,6,1.35314e-4,ASV_00298,UK2
294,1,7,1.92065e-4,ASV_00298,SE1
295,1,1,3.02014e-4,ASV_00299,IT1
295,1,2,4.38099e-4,ASV_00299,IT2
295,1,4,4.82788e-4,ASV_00299,FI1
295,1,5,7.68459e-4,ASV_00299,UK1
295,1,6,2.65492e-4,ASV_00299,UK2
296,1,2,2.19324e-4,ASV_00300,IT2
296,1,5,7.05759e-4,ASV_00300,UK1
296,1,6,2.67119e-4,ASV_00300,UK2
297,1,4,3.12088e-4,ASV_00301,FI1
297,1,6,1.34276e-4,ASV_00301,UK2
297,1,7,3.22283e-4,ASV_00301,SE1
298,1,6,1.39319e-4,ASV_00302,UK2
299,1,2,3.85923e-4,ASV_00303,IT2
299,1,4,4.793e-4,ASV_00303,FI1
299,1,5,5.91335e-4,ASV_00303,UK1
299,1,6,1.48244e-4,ASV_00303,UK2
299,1,7,3.26467e-4,ASV_00303,SE1
300,1,2,1.92916e-4,ASV_00304,IT2
300,1,5,9.41684e-4,ASV_00304,UK1
300,1,6,2.58252e-4,ASV_00304,UK2
301,1,2,5.60376e-4,ASV_00305,IT2
301,1,6,1.63577e-4,ASV_00305,UK2
302,1,1,2.99053e-4,ASV_00307,IT1
302,1,2,4.6091e-4,ASV_00307,IT2
302,1,3,6.04302e-5,ASV_00307,IT3
302,1,6,1.46226e-4,ASV_00307,UK2
303,1,1,3.07679e-4,ASV_00308,IT1
303,1,2,2.9479e-4,ASV_00308,IT2
303,1,3,4.59485e-5,ASV_00308,IT3
303,1,5,8.13919e-4,ASV_00308,UK1
304,1,2,3.4483e-4,ASV_00309,IT2
304,1,4,5.06609e-4,ASV_00309,FI1
304,1,5,3.56666e-4,ASV_00309,UK1
304,1,6,7.16407e-5,ASV_00309,UK2
304,1,7,6.61215e-4,ASV_00309,SE1
305,1,4,4.0436e-4,ASV_00310,FI1
305,1,5,0.00104757,ASV_00310,UK1
305,1,6,1.34298e-4,ASV_00310,UK2
306,1,1,3.49914e-4,ASV_00311,IT1
306,1,2,4.95563e-4,ASV_00311,IT2
306,1,3,4.69896e-5,ASV_00311,IT3
306,1,4,3.53787e-4,ASV_00311,FI1
306,1,5,6.86715e-4,ASV_00311,UK1
306,1,6,1.44696e-4,ASV_00311,UK2
307,1,1,2.45778e-4,ASV_00312,IT1
307,1,2,2.60411e-4,ASV_00312,IT2
307,1,3,2.84809e-5,ASV_00312,IT3
307,1,5,4.4383e-4,ASV_00312,UK1
308,1,1,2.6569e-4,ASV_00313,IT1
308,1,2,1.42016e-4,ASV_00313,IT2
308,1,3,7.09803e-5,ASV_00313,IT3
308,1,5,8.23817e-4,ASV_00313,UK1
308,1,6,2.59887e-4,ASV_00313,UK2
308,1,7,1.88791e-4,ASV_00313,SE1
309,1,6,9.71723e-5,ASV_00314,UK2
309,1,7,3.18592e-4,ASV_00314,SE1
310,1,1,1.66135e-4,ASV_00315,IT1
310,1,2,5.18042e-4,ASV_00315,IT2
310,1,3,2.37392e-5,ASV_00315,IT3
310,1,4,1.76783e-4,ASV_00315,FI1
310,1,5,8.58631e-4,ASV_00315,UK1
310,1,6,1.69833e-4,ASV_00315,UK2
310,1,7,4.52883e-4,ASV_00315,SE1
311,1,5,4.28085e-4,ASV_00316,UK1
311,1,6,2.06559e-4,ASV_00316,UK2
312,1,1,1.41083e-4,ASV_00317,IT1
312,1,2,7.13956e-4,ASV_00317,IT2
313,1,1,2.35684e-4,ASV_00318,IT1
313,1,2,3.30453e-4,ASV_00318,IT2
313,1,3,3.30408e-5,ASV_00318,IT3
313,1,4,5.1593e-4,ASV_00318,FI1
313,1,5,8.83364e-4,ASV_00318,UK1
313,1,6,2.51466e-4,ASV_00318,UK2
313,1,7,9.4543e-5,ASV_00318,SE1
314,1,4,3.39862e-4,ASV_00319,FI1
314,1,6,9.17177e-5,ASV_00319,UK2
315,1,2,4.74006e-4,ASV_00320,IT2
315,1,5,8.08907e-4,ASV_00320,UK1
315,1,6,2.88669e-4,ASV_00320,UK2
316,1,2,2.07771e-4,ASV_00321,IT2
316,1,5,7.30299e-4,ASV_00321,UK1
316,1,6,8.80733e-5,ASV_00321,UK2
317,1,6,1.09642e-4,ASV_00322,UK2
318,1,1,3.40426e-4,ASV_00323,IT1
318,1,2,5.11635e-4,ASV_00323,IT2
318,1,4,1.73489e-4,ASV_00323,FI1
318,1,5,6.3749e-4,ASV_00323,UK1
318,1,6,2.21862e-4,ASV_00323,UK2
318,1,7,3.25052e-4,ASV_00323,SE1
319,1,1,1.67693e-4,ASV_00324,IT1
319,1,2,4.85874e-4,ASV_00324,IT2
319,1,3,3.5502e-5,ASV_00324,IT3
319,1,4,5.89457e-4,ASV_00324,FI1
319,1,5,8.76019e-4,ASV_00324,UK1
319,1,6,1.36473e-4,ASV_00324,UK2
319,1,7,2.23955e-4,ASV_00324,SE1
320,1,1,2.51558e-4,ASV_00325,IT1
320,1,2,3.24421e-4,ASV_00325,IT2
320,1,5,7.48931e-4,ASV_00325,UK1
320,1,6,1.48562e-4,ASV_00325,UK2
321,1,1,1.18247e-4,ASV_00326,IT1
321,1,2,2.8679e-4,ASV_00326,IT2
321,1,3,1.76025e-5,ASV_00326,IT3
321,1,5,4.05344e-4,ASV_00326,UK1
321,1,6,1.43387e-4,ASV_00326,UK2
322,1,1,2.97323e-4,ASV_00327,IT1
322,1,2,2.93043e-4,ASV_00327,IT2
322,1,3,8.54518e-5,ASV_00327,IT3
323,1,1,2.26924e-4,ASV_00328,IT1
323,1,2,3.73515e-4,ASV_00328,IT2
323,1,5,9.04192e-4,ASV_00328,UK1
323,1,6,1.40492e-4,ASV_00328,UK2
323,1,7,2.49928e-4,ASV_00328,SE1
324,1,4,3.10417e-4,ASV_00329,FI1
324,1,6,2.17024e-4,ASV_00329,UK2
324,1,7,1.87494e-4,ASV_00329,SE1
325,1,1,2.0483e-4,ASV_00330,IT1
325,1,2,4.29012e-4,ASV_00330,IT2
325,1,5,7.57494e-4,ASV_00330,UK1
326,1,1,2.04999e-4,ASV_00331,IT1
326,1,2,5.12043e-4,ASV_00331,IT2
326,1,3,6.98146e-5,ASV_00331,IT3
326,1,4,2.13954e-4,ASV_00331,FI1
326,1,5,7.21061e-4,ASV_00331,UK1
326,1,6,1.52476e-4,ASV_00331,UK2
326,1,7,2.03369e-4,ASV_00331,SE1
327,1,2,6.45058e-4,ASV_00332,IT2
327,1,6,2.60824e-4,ASV_00332,UK2
327,1,7,3.38978e-4,ASV_00332,SE1
328,1,1,1.74662e-4,ASV_00333,IT1
328,1,2,4.04328e-4,ASV_00333,IT2
328,1,3,3.79151e-5,ASV_00333,IT3
328,1,5,4.48608e-4,ASV_00333,UK1
328,1,6,3.15393e-4,ASV_00333,UK2
329,1,2,4.15952e-4,ASV_00334,IT2
329,1,6,6.1619e-5,ASV_00334,UK2
329,1,7,3.00252e-4,ASV_00334,SE1
330,1,1,4.14125e-4,ASV_00335,IT1
330,1,2,3.63812e-4,ASV_00335,IT2
330,1,3,2.93564e-5,ASV_00335,IT3
330,1,4,6.56371e-5,ASV_00335,FI1
330,1,5,6.39152e-4,ASV_00335,UK1
330,1,6,1.85344e-4,ASV_00335,UK2
330,1,7,8.87094e-5,ASV_00335,SE1
331,1,1,2.24242e-4,ASV_00336,IT1
331,1,2,3.29687e-4,ASV_00336,IT2
331,1,3,2.44326e-5,ASV_00336,IT3
331,1,5,9.70557e-4,ASV_00336,UK1
332,1,1,3.76144e-4,ASV_00337,IT1
332,1,2,5.1642e-4,ASV_00337,IT2
332,1,3,1.97375e-5,ASV_00337,IT3
332,1,5,8.01019e-4,ASV_00337,UK1
332,1,6,8.63899e-5,ASV_00337,UK2
333,1,4,3.73503e-4,ASV_00338,FI1
333,1,5,4.99618e-4,ASV_00338,UK1
333,1,6,1.19585e-4,ASV_00338,UK2
334,1,2,5.2113e-4,ASV_00339,IT2
334,1,4,2.38831e-4,ASV_00339,FI1
334,1,6,8.55192e-5,ASV_00339,UK2
335,1,2,4.49416e-4,ASV_00340,IT2
335,1,3,4.4771e-5,ASV_00340,IT3
335,1,5,6.28808e-4,ASV_00340,UK1
335,1,6,1.47901e-4,ASV_00340,UK2
336,1,4,3.08788e-4,ASV_00341,FI1
336,1,5,8.11089e-4,ASV_00341,UK1
336,1,6,1.20991e-4,ASV_00341,UK2
336,1,7,1.04805e-4,ASV_00341,SE1
337,1,1,2.92404e-4,ASV_00342,IT1
337,1,2,6.3186e-4,ASV_00342,IT2
337,1,4,4.11394e-4,ASV_00342,FI1
337,1,5,9.36454e-4,ASV_00342,UK1
337,1,6,1.26549e-4,ASV_00342,UK2
337,1,7,1.80389e-4,ASV_00342,SE1
338,1,1,2.19175e-4,ASV_00343,IT1
338,1,2,4.51745e-4,ASV_00343,IT2
339,1,1,1.84032e-4,ASV_00345,IT1
339,1,2,2.92437e-4,ASV_00345,IT2
339,1,3,3.36953e-5,ASV_00345,IT3
339,1,5,4.2715e-4,ASV_00345,UK1
340,1,2,3.17514e-4,ASV_00346,IT2
340,1,6,1.41011e-4,ASV_00346,UK2
341,1,2,3.44586e-4,ASV_00347,IT2
342,1,4,2.76465e-4,ASV_00348,FI1
342,1,7,6.41281e-4,ASV_00348,SE1
343,1,4,2.76304e-4,ASV_00349,FI1
343,1,6,1.83256e-4,ASV_00349,UK2
343,1,7,4.37814e-4,ASV_00349,SE1
344,1,2,2.64722e-4,ASV_00350,IT2
344,1,4,3.43896e-4,ASV_00350,FI1
344,1,5,6.24246e-4,ASV_00350,UK1
344,1,6,1.32323e-4,ASV_00350,UK2
344,1,7,4.37506e-4,ASV_00350,SE1
345,1,4,4.7604e-4,ASV_00351,FI1
345,1,6,8.93496e-5,ASV_00351,UK2
345,1,7,2.3033e-4,ASV_00351,SE1
346,1,1,2.81648e-4,ASV_00352,IT1
346,1,2,3.27999e-4,ASV_00352,IT2
346,1,3,2.28042e-5,ASV_00352,IT3
346,1,5,7.51608e-4,ASV_00352,UK1
346,1,6,1.89627e-4,ASV_00352,UK2
347,1,1,8.39674e-5,ASV_00353,IT1
347,1,2,3.86306e-4,ASV_00353,IT2
348,1,1,1.61314e-4,ASV_00354,IT1
348,1,2,5.66347e-4,ASV_00354,IT2
348,1,3,4.74719e-5,ASV_00354,IT3
348,1,5,8.33413e-4,ASV_00354,UK1
349,1,1,2.96367e-4,ASV_00355,IT1
349,1,2,3.22868e-4,ASV_00355,IT2
349,1,5,4.82516e-4,ASV_00355,UK1
349,1,6,1.84708e-4,ASV_00355,UK2
350,1,1,3.04764e-4,ASV_00356,IT1
350,1,2,1.47445e-4,ASV_00356,IT2
350,1,3,5.22182e-5,ASV_00356,IT3
350,1,4,4.05284e-4,ASV_00356,FI1
350,1,5,1.82291e-4,ASV_00356,UK1
350,1,6,1.11011e-4,ASV_00356,UK2
350,1,7,5.72432e-4,ASV_00356,SE1
351,1,2,3.41786e-4,ASV_00357,IT2
352,1,6,2.74473e-4,ASV_00358,UK2
353,1,1,2.53445e-4,ASV_00359,IT1
353,1,2,3.6458e-4,ASV_00359,IT2
353,1,5,9.09657e-4,ASV_00359,UK1
354,1,4,2.67223e-4,ASV_00360,FI1
354,1,6,1.31983e-4,ASV_00360,UK2
354,1,7,3.38225e-4,ASV_00360,SE1
355,1,2,4.86436e-4,ASV_00361,IT2
355,1,4,3.83542e-4,ASV_00361,FI1
355,1,6,1.26739e-4,ASV_00361,UK2
355,1,7,4.00059e-4,ASV_00361,SE1
356,1,6,1.80265e-4,ASV_00362,UK2
357,1,6,1.28601e-4,ASV_00363,UK2
357,1,7,5.79027e-4,ASV_00363,SE1
358,1,6,1.90016e-4,ASV_00364,UK2
358,1,7,2.38259e-4,ASV_00364,SE1
359,1,1,3.01961e-4,ASV_00365,IT1
359,1,2,5.55221e-4,ASV_00365,IT2
359,1,4,3.54977e-4,ASV_00365,FI1
359,1,5,6.28856e-4,ASV_00365,UK1
359,1,6,1.37972e-4,ASV_00365,UK2
359,1,7,3.46934e-4,ASV_00365,SE1
360,1,7,9.38314e-5,ASV_00366,SE1
361,1,2,3.0801e-4,ASV_00367,IT2
361,1,6,1.10953e-4,ASV_00367,UK2
361,1,7,3.73848e-4,ASV_00367,SE1
362,1,1,1.62427e-4,ASV_00368,IT1
362,1,2,4.5484e-4,ASV_00368,IT2
362,1,5,8.57486e-4,ASV_00368,UK1
362,1,6,1.37542e-4,ASV_00368,UK2
363,1,2,3.11464e-4,ASV_00369,IT2
363,1,5,9.38404e-4,ASV_00369,UK1
363,1,6,1.45864e-4,ASV_00369,UK2
363,1,7,5.79721e-4,ASV_00369,SE1
364,1,5,5.06085e-4,ASV_00370,UK1
364,1,6,1.08434e-4,ASV_00370,UK2
365,1,5,8.55562e-4,ASV_00371,UK1
365,1,6,2.36858e-4,ASV_00371,UK2
365,1,7,1.95959e-4,ASV_00371,SE1
366,1,2,0.00051332700000000005,ASV_00372,IT2
366,1,6,1.74183e-4,ASV_00372,UK2
367,1,1,2.75034e-4,ASV_00373,IT1
367,1,2,2.75373e-4,ASV_00373,IT2
367,1,5,9.77233e-4,ASV_00373,UK1
367,1,6,1.85382e-4,ASV_00373,UK2
367,1,7,4.73303e-4,ASV_00373,SE1
368,1,5,6.59674e-4,ASV_00374,UK1
368,1,6,1.87828e-4,ASV_00374,UK2
368,1,7,1.68684e-4,ASV_00374,SE1
369,1,6,1.87486e-4,ASV_00375,UK2
370,1,2,4.43067e-4,ASV_00376,IT2
370,1,4,3.99398e-4,ASV_00376,FI1
370,1,5,5.5191e-4,ASV_00376,UK1
370,1,6,1.47662e-4,ASV_00376,UK2
370,1,7,1.85614e-4,ASV_00376,SE1
371,1,2,1.88146e-4,ASV_00377,IT2
371,1,3,2.2534e-5,ASV_00377,IT3
371,1,4,2.63378e-4,ASV_00377,FI1
371,1,5,9.10899e-4,ASV_00377,UK1
371,1,6,1.33343e-4,ASV_00377,UK2
372,1,1,1.94646e-4,ASV_00378,IT1
372,1,2,4.92644e-4,ASV_00378,IT2
372,1,5,7.89529e-4,ASV_00378,UK1
372,1,6,8.61225e-5,ASV_00378,UK2
373,1,4,3.08835e-4,ASV_00379,FI1
373,1,6,1.9768e-4,ASV_00379,UK2
373,1,7,3.20939e-4,ASV_00379,SE1
374,1,1,2.22282e-4,ASV_00380,IT1
374,1,2,3.95617e-4,ASV_00380,IT2
374,1,5,6.71684e-4,ASV_00380,UK1
374,1,6,2.03466e-4,ASV_00380,UK2
375,1,1,3.5701e-4,ASV_00381,IT1
375,1,2,3.38303e-4,ASV_00381,IT2
375,1,3,3.23614e-5,ASV_00381,IT3
375,1,5,7.62767e-4,ASV_00381,UK1
375,1,6,1.34324e-4,ASV_00381,UK2
376,1,1,1.04741e-4,ASV_00382,IT1
376,1,2,1.81702e-4,ASV_00382,IT2
376,1,5,6.89044e-4,ASV_00382,UK1
376,1,6,1.03356e-4,ASV_00382,UK2
376,1,7,4.04739e-4,ASV_00382,SE1
377,1,1,2.10024e-4,ASV_00383,IT1
378,1,1,2.53215e-4,ASV_00384,IT1
378,1,2,3.12543e-4,ASV_00384,IT2
378,1,3,4.45314e-5,ASV_00384,IT3
378,1,4,3.86784e-4,ASV_00384,FI1
378,1,5,8.61651e-4,ASV_00384,UK1
378,1,6,2.74778e-4,ASV_00384,UK2
378,1,7,2.59051e-4,ASV_00384,SE1
379,1,4,6.38056e-4,ASV_00385,FI1
379,1,5,9.20894e-4,ASV_00385,UK1
379,1,6,6.33108e-5,ASV_00385,UK2
379,1,7,9.70062e-5,ASV_00385,SE1
380,1,6,1.44671e-4,ASV_00386,UK2
380,1,7,3.49238e-4,ASV_00386,SE1
381,1,2,4.21344e-4,ASV_00387,IT2
381,1,4,5.12757e-4,ASV_00387,FI1
381,1,5,9.65353e-4,ASV_00387,UK1
381,1,6,2.21901e-4,ASV_00387,UK2
381,1,7,4.04016e-4,ASV_00387,SE1
382,1,4,2.4053e-4,ASV_00388,FI1
382,1,6,2.32486e-4,ASV_00388,UK2
383,1,2,2.21155e-4,ASV_00389,IT2
383,1,6,1.1799e-4,ASV_00389,UK2
384,1,1,2.42958e-4,ASV_00390,IT1
384,1,2,5.52856e-4,ASV_00390,IT2
384,1,5,4.17969e-4,ASV_00390,UK1
384,1,6,1.60743e-4,ASV_00390,UK2
385,1,1,2.43961e-4,ASV_00391,IT1
385,1,2,3.17508e-4,ASV_00391,IT2
385,1,5,6.48964e-4,ASV_00391,UK1
385,1,6,1.0609e-4,ASV_00391,UK2
386,1,4,3.25665e-4,ASV_00392,FI1
386,1,5,6.16779e-4,ASV_00392,UK1
386,1,6,1.59127e-4,ASV_00392,UK2
386,1,7,1.58955e-4,ASV_00392,SE1
387,1,1,1.0131e-4,ASV_00393,IT1
387,1,2,1.00342e-4,ASV_00393,IT2
387,1,5,8.46323e-4,ASV_00393,UK1
387,1,6,1.23182e-4,ASV_00393,UK2
388,1,5,5.82471e-4,ASV_00394,UK1
388,1,6,1.20042e-4,ASV_00394,UK2
389,1,2,5.38291e-4,ASV_00395,IT2
389,1,3,3.02509e-5,ASV_00395,IT3
389,1,6,1.00551e-4,ASV_00395,UK2
389,1,7,1.2664e-4,ASV_00395,SE1
390,1,1,2.14968e-4,ASV_00396,IT1
391,1,2,3.86786e-4,ASV_00397,IT2
391,1,4,2.57644e-4,ASV_00397,FI1
391,1,5,4.33733e-4,ASV_00397,UK1
392,1,2,2.81155e-4,ASV_00398,IT2
392,1,5,8.80503e-4,ASV_00398,UK1
392,1,6,2.30574e-4,ASV_00398,UK2
393,1,2,5.04732e-4,ASV_00399,IT2
393,1,3,3.16361e-5,ASV_00399,IT3
393,1,5,8.87524e-4,ASV_00399,UK1
393,1,6,1.3909e-4,ASV_00399,UK2
394,1,2,6.40576e-5,ASV_00400,IT2
394,1,6,1.64729e-4,ASV_00400,UK2
394,1,7,4.15534e-4,ASV_00400,SE1
395,1,1,2.3287e-4,ASV_00402,IT1
395,1,2,5.87247e-4,ASV_00402,IT2
395,1,3,5.31129e-5,ASV_00402,IT3
395,1,5,8.49197e-4,ASV_00402,UK1
395,1,6,1.24205e-4,ASV_00402,UK2
396,1,2,4.87958e-4,ASV_00403,IT2
397,1,1,1.86431e-4,ASV_00404,IT1
397,1,2,2.9984e-4,ASV_00404,IT2
397,1,3,7.65534e-5,ASV_00404,IT3
397,1,6,1.64025e-4,ASV_00404,UK2
398,1,2,3.4608e-4,ASV_00406,IT2
398,1,4,1.22789e-4,ASV_00406,FI1
398,1,5,8.20201e-4,ASV_00406,UK1
398,1,6,2.17628e-4,ASV_00406,UK2
398,1,7,2.3654e-4,ASV_00406,SE1
399,1,2,2.53667e-4,ASV_00407,IT2
399,1,6,9.29048e-5,ASV_00407,UK2
400,1,2,4.3481e-4,ASV_00409,IT2
400,1,6,2.68688e-4,ASV_00409,UK2
401,1,1,2.10813e-4,ASV_00410,IT1
401,1,2,3.82779e-4,ASV_00410,IT2
401,1,5,4.35607e-4,ASV_00410,UK1
401,1,6,1.43465e-4,ASV_00410,UK2
401,1,7,4.90877e-4,ASV_00410,SE1
402,1,1,2.25245e-4,ASV_00411,IT1
402,1,2,1.59433e-4,ASV_00411,IT2
402,1,5,8.04626e-4,ASV_00411,UK1
402,1,6,1.00511e-4,ASV_00411,UK2
403,1,2,4.33406e-4,ASV_00412,IT2
404,1,6,1.49437e-4,ASV_00413,UK2
405,1,2,4.41975e-4,ASV_00415,IT2
405,1,6,1.10896e-4,ASV_00415,UK2
405,1,7,3.77356e-4,ASV_00415,SE1
406,1,2,4.16858e-4,ASV_00416,IT2
406,1,5,2.46565e-4,ASV_00416,UK1
406,1,6,1.65107e-4,ASV_00416,UK2
406,1,7,3.48983e-4,ASV_00416,SE1
407,1,6,2.73416e-4,ASV_00417,UK2
407,1,7,2.03465e-4,ASV_00417,SE1
408,1,2,4.08263e-4,ASV_00418,IT2
409,1,6,8.64383e-5,ASV_00419,UK2
409,1,7,3.4233e-4,ASV_00419,SE1
410,1,6,2.46611e-4,ASV_00420,UK2
411,1,1,2.02321e-4,ASV_00421,IT1
411,1,2,3.15098e-4,ASV_00421,IT2
411,1,4,4.3273e-4,ASV_00421,FI1
411,1,5,7.89712e-4,ASV_00421,UK1
411,1,6,1.65748e-4,ASV_00421,UK2
412,1,2,4.66189e-4,ASV_00422,IT2
412,1,5,8.53491e-4,ASV_00422,UK1
413,1,2,3.12907e-4,ASV_00423,IT2
414,1,6,2.16742e-4,ASV_00424,UK2
414,1,7,2.55388e-4,ASV_00424,SE1
415,1,2,2.72737e-4,ASV_00425,IT2
415,1,3,1.65087e-5,ASV_00425,IT3
415,1,4,1.86138e-4,ASV_00425,FI1
415,1,5,7.01827e-4,ASV_00425,UK1
415,1,6,9.48152e-5,ASV_00425,UK2
416,1,2,6.38531e-4,ASV_00426,IT2
416,1,4,3.46204e-4,ASV_00426,FI1
416,1,5,9.92762e-4,ASV_00426,UK1
416,1,6,9.42199e-5,ASV_00426,UK2
416,1,7,2.89883e-4,ASV_00426,SE1
417,1,2,5.52027e-4,ASV_00428,IT2
417,1,5,7.69487e-4,ASV_00428,UK1
417,1,6,1.3381e-4,ASV_00428,UK2
418,1,2,4.62484e-4,ASV_00429,IT2
418,1,5,9.38638e-4,ASV_00429,UK1
418,1,6,1.69943e-4,ASV_00429,UK2
419,1,5,7.18431e-4,ASV_00430,UK1
420,1,6,1.56973e-4,ASV_00431,UK2
420,1,7,2.43187e-4,ASV_00431,SE1
421,1,6,2.36598e-4,ASV_00434,UK2
422,1,4,3.91125e-4,ASV_00435,FI1
422,1,6,2.09697e-4,ASV_00435,UK2
422,1,7,2.00868e-4,ASV_00435,SE1
423,1,5,4.60519e-4,ASV_00436,UK1
423,1,6,2.19876e-4,ASV_00436,UK2
424,1,1,2.72863e-4,ASV_00437,IT1
424,1,2,7.25251e-4,ASV_00437,IT2
424,1,5,7.28767e-4,ASV_00437,UK1
424,1,6,1.81862e-4,ASV_00437,UK2
425,1,2,2.98954e-4,ASV_00438,IT2
425,1,3,3.08316e-5,ASV_00438,IT3
425,1,6,1.06559e-4,ASV_00438,UK2
425,1,7,2.79934e-4,ASV_00438,SE1
426,1,6,1.81555e-4,ASV_00439,UK2
427,1,1,2.12657e-4,ASV_00440,IT1
427,1,2,2.27305e-4,ASV_00440,IT2
428,1,2,3.24602e-4,ASV_00441,IT2
428,1,3,3.77937e-5,ASV_00441,IT3
428,1,6,1.09558e-4,ASV_00441,UK2
428,1,7,1.72441e-4,ASV_00441,SE1
429,1,2,6.33358e-4,ASV_00442,IT2
429,1,4,3.85686e-4,ASV_00442,FI1
429,1,5,4.12087e-4,ASV_00442,UK1
429,1,6,7.26713e-5,ASV_00442,UK2
429,1,7,3.42043e-4,ASV_00442,SE1
430,1,2,2.73055e-4,ASV_00443,IT2
430,1,5,6.19348e-4,ASV_00443,UK1
431,1,2,6.73593e-4,ASV_00444,IT2
431,1,5,5.71657e-4,ASV_00444,UK1
431,1,6,1.72655e-4,ASV_00444,UK2
431,1,7,4.06548e-4,ASV_00444,SE1
432,1,2,5.03699e-4,ASV_00445,IT2
432,1,5,7.90257e-4,ASV_00445,UK1
433,1,7,5.08273e-4,ASV_00446,SE1
434,1,1,2.56871e-4,ASV_00447,IT1
434,1,2,6.82027e-4,ASV_00447,IT2
434,1,3,2.25907e-5,ASV_00447,IT3
434,1,5,3.72631e-4,ASV_00447,UK1
434,1,6,1.07855e-4,ASV_00447,UK2
434,1,7,2.91363e-4,ASV_00447,SE1
435,1,6,1.76186e-4,ASV_00448,UK2
436,1,1,2.35481e-4,ASV_00449,IT1
436,1,4,3.29955e-4,ASV_00449,FI1
436,1,7,2.29725e-4,ASV_00449,SE1
437,1,2,1.67937e-4,ASV_00450,IT2
437,1,6,1.88483e-4,ASV_00450,UK2
438,1,1,1.31052e-4,ASV_00451,IT1
438,1,2,2.39007e-4,ASV_00451,IT2
439,1,1,2.53019e-4,ASV_00452,IT1
439,1,2,3.08784e-4,ASV_00452,IT2
439,1,3,2.07942e-5,ASV_00452,IT3
439,1,4,5.14887e-4,ASV_00452,FI1
439,1,5,8.81668e-4,ASV_00452,UK1
439,1,6,2.33638e-4,ASV_00452,UK2
439,1,7,2.06841e-4,ASV_00452,SE1
440,1,2,7.20616e-4,ASV_00453,IT2
440,1,6,1.72226e-4,ASV_00453,UK2
441,1,1,3.44375e-4,ASV_00454,IT1
441,1,2,2.92812e-4,ASV_00454,IT2
441,1,5,7.43258e-4,ASV_00454,UK1
441,1,6,1.93645e-4,ASV_00454,UK2
442,1,2,4.14371e-4,ASV_00455,IT2
442,1,5,6.81154e-4,ASV_00455,UK1
443,1,6,1.31531e-4,ASV_00456,UK2
443,1,7,2.75877e-4,ASV_00456,SE1
444,1,5,7.5036e-4,ASV_00457,UK1
444,1,6,1.96233e-4,ASV_00457,UK2
445,1,2,1.3168e-4,ASV_00458,IT2
445,1,3,1.85907e-5,ASV_00458,IT3
445,1,5,6.24142e-4,ASV_00458,UK1
445,1,6,1.06253e-4,ASV_00458,UK2
446,1,2,2.4715e-4,ASV_00459,IT2
446,1,6,6.52771e-5,ASV_00459,UK2
447,1,1,1.76335e-4,ASV_00460,IT1
447,1,2,3.27254e-4,ASV_00460,IT2
448,1,4,3.73602e-4,ASV_00461,FI1
448,1,5,5.2672e-4,ASV_00461,UK1
448,1,6,1.63132e-4,ASV_00461,UK2
449,1,5,7.20577e-4,ASV_00462,UK1
449,1,6,1.45773e-4,ASV_00462,UK2
450,1,2,5.32739e-4,ASV_00463,IT2
450,1,5,8.18774e-4,ASV_00463,UK1
451,1,1,2.99796e-4,ASV_00464,IT1
451,1,2,3.16407e-4,ASV_00464,IT2
451,1,3,2.35726e-5,ASV_00464,IT3
451,1,4,1.76197e-4,ASV_00464,FI1
451,1,5,7.38882e-4,ASV_00464,UK1
451,1,6,1.7469e-4,ASV_00464,UK2
451,1,7,2.439e-4,ASV_00464,SE1
452,1,2,6.69161e-4,ASV_00465,IT2
453,1,6,2.03079e-4,ASV_00466,UK2
454,1,2,3.74282e-4,ASV_00467,IT2
454,1,6,1.96111e-4,ASV_00467,UK2
455,1,1,2.89765e-4,ASV_00468,IT1
455,1,2,4.64658e-4,ASV_00468,IT2
455,1,5,9.61383e-4,ASV_00468,UK1
455,1,6,2.10739e-4,ASV_00468,UK2
456,1,7,2.26306e-4,ASV_00470,SE1
457,1,2,3.89883e-4,ASV_00471,IT2
457,1,5,7.19454e-4,ASV_00471,UK1
457,1,6,1.77727e-4,ASV_00471,UK2
457,1,7,3.79292e-4,ASV_00471,SE1
458,1,4,2.31822e-4,ASV_00472,FI1
458,1,7,4.31597e-4,ASV_00472,SE1
459,1,2,3.13783e-4,ASV_00474,IT2
459,1,4,1.88324e-4,ASV_00474,FI1
459,1,5,6.51267e-4,ASV_00474,UK1
459,1,6,1.81807e-4,ASV_00474,UK2
459,1,7,5.17175e-4,ASV_00474,SE1
460,1,4,3.27585e-4,ASV_00475,FI1
460,1,5,8.12206e-4,ASV_00475,UK1
460,1,6,1.21782e-4,ASV_00475,UK2
460,1,7,2.94795e-4,ASV_00475,SE1
461,1,1,3.35181e-4,ASV_00476,IT1
461,1,2,1.64913e-4,ASV_00476,IT2
461,1,5,5.67663e-4,ASV_00476,UK1
462,1,2,6.92075e-4,ASV_00477,IT2
462,1,4,1.92526e-4,ASV_00477,FI1
462,1,5,6.40923e-4,ASV_00477,UK1
462,1,6,1.68582e-4,ASV_00477,UK2
462,1,7,4.59242e-4,ASV_00477,SE1
463,1,4,2.79914e-4,ASV_00478,FI1
463,1,6,1.23727e-4,ASV_00478,UK2
463,1,7,4.57328e-4,ASV_00478,SE1
464,1,2,4.99301e-4,ASV_00479,IT2
464,1,6,1.82089e-4,ASV_00479,UK2
465,1,4,7.39695e-5,ASV_00481,FI1
465,1,6,1.09862e-4,ASV_00481,UK2
465,1,7,3.54701e-4,ASV_00481,SE1
466,1,1,2.60568e-4,ASV_00482,IT1
466,1,2,5.15555e-4,ASV_00482,IT2
466,1,3,2.4105e-5,ASV_00482,IT3
467,1,2,4.63481e-4,ASV_00483,IT2
467,1,4,2.0108e-4,ASV_00483,FI1
467,1,5,4.15808e-4,ASV_00483,UK1
467,1,6,9.70301e-5,ASV_00483,UK2
467,1,7,1.05457e-4,ASV_00483,SE1
468,1,6,2.83023e-4,ASV_00484,UK2
468,1,7,4.17696e-4,ASV_00484,SE1
469,1,2,4.29284e-4,ASV_00485,IT2
470,1,2,8.0567e-4,ASV_00486,IT2
470,1,4,4.46417e-4,ASV_00486,FI1
470,1,5,9.12852e-4,ASV_00486,UK1
470,1,6,1.63067e-4,ASV_00486,UK2
470,1,7,4.09936e-4,ASV_00486,SE1
471,1,4,3.01271e-4,ASV_00487,FI1
471,1,5,6.48e-4,ASV_00487,UK1
471,1,6,1.17558e-4,ASV_00487,UK2
471,1,7,2.42814e-4,ASV_00487,SE1
472,1,2,3.0982e-4,ASV_00488,IT2
473,1,1,3.0412e-4,ASV_00490,IT1
473,1,2,5.30915e-4,ASV_00490,IT2
473,1,5,5.31419e-4,ASV_00490,UK1
473,1,6,2.17226e-4,ASV_00490,UK2
473,1,7,4.47858e-4,ASV_00490,SE1
474,1,6,1.53027e-4,ASV_00492,UK2
475,1,1,2.252e-4,ASV_00493,IT1
475,1,2,1.83612e-4,ASV_00493,IT2
475,1,4,3.84e-4,ASV_00493,FI1
475,1,5,7.5855e-4,ASV_00493,UK1
475,1,6,1.06933e-4,ASV_00493,UK2
475,1,7,3.51611e-4,ASV_00493,SE1
476,1,2,3.70002e-4,ASV_00494,IT2
476,1,4,2.7007e-4,ASV_00494,FI1
476,1,5,9.8803e-4,ASV_00494,UK1
476,1,6,1.02207e-4,ASV_00494,UK2
476,1,7,1.56798e-4,ASV_00494,SE1
477,1,2,4.52994e-4,ASV_00495,IT2
477,1,4,3.39021e-4,ASV_00495,FI1
477,1,5,7.98736e-4,ASV_00495,UK1
477,1,6,1.73191e-4,ASV_00495,UK2
477,1,7,3.65589e-4,ASV_00495,SE1
478,1,2,3.00886e-4,ASV_00496,IT2
478,1,6,1.61192e-4,ASV_00496,UK2
479,1,4,4.16609e-4,ASV_00497,FI1
479,1,6,1.83678e-4,ASV_00497,UK2
479,1,7,2.65006e-4,ASV_00497,SE1
480,1,2,2.26712e-4,ASV_00498,IT2
481,1,4,3.38774e-4,ASV_00499,FI1
481,1,5,9.45738e-4,ASV_00499,UK1
482,1,1,1.39432e-4,ASV_00501,IT1
482,1,2,2.45035e-4,ASV_00501,IT2
482,1,3,3.3026e-5,ASV_00501,IT3
482,1,5,6.66226e-4,ASV_00501,UK1
482,1,6,7.61425e-5,ASV_00501,UK2
483,1,6,1.96571e-4,ASV_00502,UK2
483,1,7,2.91157e-4,ASV_00502,SE1
484,1,2,3.11084e-4,ASV_00503,IT2
485,1,1,2.25499e-4,ASV_00504,IT1
485,1,2,5.64858e-4,ASV_00504,IT2
485,1,3,5.6594e-5,ASV_00504,IT3
485,1,4,3.56084e-4,ASV_00504,FI1
485,1,6,2.02936e-4,ASV_00504,UK2
485,1,7,3.90273e-4,ASV_00504,SE1
486,1,4,3.6472e-4,ASV_00505,FI1
486,1,7,4.18349e-4,ASV_00505,SE1
487,1,2,2.42086e-4,ASV_00506,IT2
487,1,5,8.13613e-4,ASV_00506,UK1
488,1,2,3.76381e-4,ASV_00507,IT2
488,1,5,7.49886e-4,ASV_00507,UK1
488,1,6,2.27046e-4,ASV_00507,UK2
489,1,1,2.9152e-4,ASV_00508,IT1
489,1,2,3.33279e-4,ASV_00508,IT2
489,1,5,8.2117e-4,ASV_00508,UK1
489,1,7,3.77539e-4,ASV_00508,SE1
490,1,7,4.45526e-4,ASV_00509,SE1
491,1,5,5.79411e-4,ASV_00510,UK1
491,1,6,1.69794e-4,ASV_00510,UK2
492,1,2,4.2631e-4,ASV_00511,IT2
492,1,5,4.32335e-4,ASV_00511,UK1
492,1,6,8.10174e-5,ASV_00511,UK2
493,1,2,5.04582e-4,ASV_00512,IT2
493,1,5,8.35634e-4,ASV_00512,UK1
493,1,6,1.66821e-4,ASV_00512,UK2
494,1,2,5.08323e-4,ASV_00513,IT2
494,1,4,1.98182e-4,ASV_00513,FI1
494,1,5,5.94108e-4,ASV_00513,UK1
495,1,1,1.50852e-4,ASV_00514,IT1
495,1,2,3.1882e-4,ASV_00514,IT2
496,1,7,1.49198e-4,ASV_00515,SE1
497,1,2,3.46037e-4,ASV_00517,IT2
497,1,4,4.42648e-4,ASV_00517,FI1
497,1,5,8.6021e-4,ASV_00517,UK1
497,1,6,1.72111e-4,ASV_00517,UK2
497,1,7,3.51146e-4,ASV_00517,SE1
498,1,2,7.20065e-4,ASV_00518,IT2
499,1,5,7.46316e-4,ASV_00519,UK1
500,1,2,2.16604e-4,ASV_00520,IT2
500,1,6,1.93102e-4,ASV_00520,UK2
500,1,7,1.91285e-4,ASV_00520,SE1
501,1,2,7.64898e-4,ASV_00521,IT2
502,1,5,6.47672e-4,ASV_00522,UK1
502,1,6,2.94974e-4,ASV_00522,UK2
503,1,4,2.48122e-4,ASV_00523,FI1
504,1,2,4.71182e-4,ASV_00524,IT2
504,1,5,6.92019e-4,ASV_00524,UK1
504,1,6,1.91396e-4,ASV_00524,UK2
504,1,7,4.38786e-4,ASV_00524,SE1
505,1,5,5.81799e-4,ASV_00526,UK1
506,1,1,2.42983e-4,ASV_00527,IT1
506,1,3,1.96318e-5,ASV_00527,IT3
506,1,5,4.69665e-4,ASV_00527,UK1
506,1,6,1.28209e-4,ASV_00527,UK2
507,1,2,2.68256e-4,ASV_00528,IT2
507,1,5,2.85395e-4,ASV_00528,UK1
508,1,1,2.09939e-4,ASV_00529,IT1
508,1,2,3.42251e-4,ASV_00529,IT2
508,1,5,9.10144e-4,ASV_00529,UK1
508,1,6,2.36969e-4,ASV_00529,UK2
509,1,1,2.96335e-4,ASV_00530,IT1
509,1,2,3.57369e-4,ASV_00530,IT2
509,1,5,7.06106e-4,ASV_00530,UK1
510,1,4,2.27238e-4,ASV_00531,FI1
510,1,6,1.50561e-4,ASV_00531,UK2
511,1,6,5.80966e-5,ASV_00532,UK2
512,1,2,2.64113e-4,ASV_00533,IT2
513,1,2,4.81478e-4,ASV_00534,IT2
513,1,7,1.00932e-4,ASV_00534,SE1
514,1,4,4.45445e-4,ASV_00535,FI1
514,1,6,1.81272e-4,ASV_00535,UK2
514,1,7,4.44651e-4,ASV_00535,SE1
515,1,2,6.68617e-4,ASV_00536,IT2
515,1,4,2.20605e-4,ASV_00536,FI1
515,1,6,1.43316e-4,ASV_00536,UK2
516,1,1,2.20206e-4,ASV_00537,IT1
516,1,5,9.09488e-4,ASV_00537,UK1
517,1,4,2.22982e-4,ASV_00538,FI1
517,1,5,8.3113e-4,ASV_00538,UK1
517,1,6,1.56791e-4,ASV_00538,UK2
518,1,6,2.6226e-4,ASV_00540,UK2
519,1,2,5.86899e-4,ASV_00541,IT2
519,1,4,2.4693e-4,ASV_00541,FI1
519,1,5,8.95524e-4,ASV_00541,UK1
519,1,6,2.44061e-4,ASV_00541,UK2
519,1,7,4.16153e-4,ASV_00541,SE1
520,1,1,2.04109e-4,ASV_00542,IT1
520,1,2,4.09565e-4,ASV_00542,IT2
520,1,3,5.4243e-5,ASV_00542,IT3
520,1,5,6.84937e-4,ASV_00542,UK1
521,1,2,3.17886e-4,ASV_00543,IT2
521,1,4,2.64269e-4,ASV_00543,FI1
521,1,6,1.46267e-4,ASV_00543,UK2
521,1,7,2.4274e-4,ASV_00543,SE1
522,1,2,3.83939e-4,ASV_00544,IT2
523,1,6,1.5167e-4,ASV_00545,UK2
524,1,4,1.51882e-4,ASV_00546,FI1
524,1,6,1.04715e-4,ASV_00546,UK2
524,1,7,3.46408e-4,ASV_00546,SE1
525,1,2,2.05677e-4,ASV_00548,IT2
525,1,4,2.81725e-4,ASV_00548,FI1
525,1,6,2.33566e-4,ASV_00548,UK2
525,1,7,2.26347e-4,ASV_00548,SE1
526,1,1,2.26203e-4,ASV_00550,IT1
526,1,2,4.33367e-4,ASV_00550,IT2
526,1,3,1.45909e-5,ASV_00550,IT3
526,1,5,6.38668e-4,ASV_00550,UK1
526,1,6,1.15576e-4,ASV_00550,UK2
527,1,2,2.36048e-4,ASV_00551,IT2
527,1,5,8.20796e-4,ASV_00551,UK1
528,1,6,1.67092e-4,ASV_00552,UK2
528,1,7,2.27908e-4,ASV_00552,SE1
529,1,2,3.36425e-4,ASV_00554,IT2
529,1,4,2.9452e-4,ASV_00554,FI1
529,1,5,5.40817e-4,ASV_00554,UK1
529,1,6,1.83823e-4,ASV_00554,UK2
529,1,7,3.00891e-4,ASV_00554,SE1
530,1,1,1.66736e-4,ASV_00555,IT1
530,1,2,3.56111e-4,ASV_00555,IT2
530,1,6,2.61046e-4,ASV_00555,UK2
531,1,1,3.1063e-4,ASV_00556,IT1
531,1,2,2.47619e-4,ASV_00556,IT2
531,1,5,5.26375e-4,ASV_00556,UK1
532,1,4,1.89922e-4,ASV_00557,FI1
532,1,6,8.07519e-5,ASV_00557,UK2
532,1,7,5.43864e-4,ASV_00557,SE1
533,1,6,1.50673e-4,ASV_00558,UK2
534,1,2,2.14497e-4,ASV_00559,IT2
534,1,6,1.10268e-4,ASV_00559,UK2
534,1,7,2.23224e-4,ASV_00559,SE1
535,1,2,8.20901e-4,ASV_00561,IT2
536,1,5,6.44706e-4,ASV_00562,UK1
537,1,2,5.92767e-4,ASV_00563,IT2
537,1,4,5.78169e-4,ASV_00563,FI1
537,1,6,1.39244e-4,ASV_00563,UK2
537,1,7,2.37529e-4,ASV_00563,SE1
538,1,1,2.67203e-4,ASV_00564,IT1
538,1,5,5.82266e-4,ASV_00564,UK1
539,1,6,1.04385e-4,ASV_00565,UK2
540,1,2,3.98021e-4,ASV_00566,IT2
540,1,5,6.98185e-4,ASV_00566,UK1
540,1,6,1.8297e-4,ASV_00566,UK2
541,1,2,2.72526e-4,ASV_00568,IT2
541,1,5,6.31159e-4,ASV_00568,UK1
541,1,6,1.51988e-4,ASV_00568,UK2
542,1,2,7.47819e-4,ASV_00569,IT2
542,1,5,7.70942e-4,ASV_00569,UK1
543,1,1,2.67235e-4,ASV_00570,IT1
543,1,2,2.10804e-4,ASV_00570,IT2
543,1,4,3.8455e-4,ASV_00570,FI1
543,1,5,8.02773e-4,ASV_00570,UK1
543,1,6,1.51903e-4,ASV_00570,UK2
543,1,7,1.95867e-4,ASV_00570,SE1
544,1,1,1.22973e-4,ASV_00571,IT1
544,1,2,4.66223e-4,ASV_00571,IT2
545,1,2,2.34235e-4,ASV_00572,IT2
545,1,3,3.06187e-5,ASV_00572,IT3
545,1,6,2.98187e-4,ASV_00572,UK2
546,1,1,2.42951e-4,ASV_00574,IT1
546,1,2,2.91403e-4,ASV_00574,IT2
546,1,3,2.6548e-5,ASV_00574,IT3
546,1,5,0.00102733,ASV_00574,UK1
546,1,6,2.16934e-4,ASV_00574,UK2
546,1,7,1.76981e-4,ASV_00574,SE1
547,1,4,3.41855e-4,ASV_00575,FI1
547,1,6,1.22172e-4,ASV_00575,UK2
547,1,7,1.73945e-4,ASV_00575,SE1
548,1,1,2.96697e-4,ASV_00576,IT1
548,1,2,4.36962e-4,ASV_00576,IT2
548,1,5,9.32976e-4,ASV_00576,UK1
548,1,6,1.62306e-4,ASV_00576,UK2
549,1,5,7.68114e-4,ASV_00577,UK1
549,1,6,1.61753e-4,ASV_00577,UK2
550,1,2,3.43237e-4,ASV_00581,IT2
550,1,5,5.45304e-4,ASV_00581,UK1
550,1,6,2.1217e-4,ASV_00581,UK2
551,1,6,2.02304e-4,ASV_00582,UK2
552,1,4,1.32886e-4,ASV_00583,FI1
552,1,7,6.25547e-4,ASV_00583,SE1
553,1,5,4.87465e-4,ASV_00584,UK1
553,1,6,1.86975e-4,ASV_00584,UK2
554,1,6,1.20972e-4,ASV_00585,UK2
555,1,6,1.91491e-4,ASV_00586,UK2
556,1,2,3.97282e-4,ASV_00587,IT2
556,1,4,5.85842e-4,ASV_00587,FI1
556,1,5,7.63071e-4,ASV_00587,UK1
556,1,6,1.97277e-4,ASV_00587,UK2
556,1,7,2.01444e-4,ASV_00587,SE1
557,1,5,6.30207e-4,ASV_00589,UK1
557,1,6,2.54885e-4,ASV_00589,UK2
558,1,7,2.15785e-4,ASV_00590,SE1
559,1,5,4.67973e-4,ASV_00591,UK1
559,1,6,2.00999e-4,ASV_00591,UK2
560,1,2,4.88305e-4,ASV_00592,IT2
561,1,6,1.52504e-4,ASV_00593,UK2
561,1,7,4.37147e-4,ASV_00593,SE1
562,1,1,3.99062e-4,ASV_00594,IT1
562,1,2,3.77569e-4,ASV_00594,IT2
563,1,1,1.4425e-4,ASV_00595,IT1
563,1,2,7.47367e-4,ASV_00595,IT2
563,1,5,9.71949e-4,ASV_00595,UK1
563,1,6,1.78746e-4,ASV_00595,UK2
564,1,1,2.55942e-4,ASV_00596,IT1
564,1,2,5.13795e-4,ASV_00596,IT2
565,1,6,2.16569e-4,ASV_00597,UK2
566,1,4,5.53982e-4,ASV_00600,FI1
566,1,6,1.80949e-4,ASV_00600,UK2
566,1,7,3.51996e-4,ASV_00600,SE1
567,1,4,2.38625e-4,ASV_00601,FI1
567,1,7,0.00024628300000000003,ASV_00601,SE1
568,1,6,2.53423e-4,ASV_00602,UK2
569,1,4,2.99207e-4,ASV_00603,FI1
569,1,6,2.42827e-4,ASV_00603,UK2
569,1,7,2.00928e-4,ASV_00603,SE1
570,1,5,7.59106e-4,ASV_00604,UK1
570,1,6,2.38174e-4,ASV_00604,UK2
571,1,4,3.672e-4,ASV_00607,FI1
571,1,5,7.68365e-4,ASV_00607,UK1
571,1,6,1.26671e-4,ASV_00607,UK2
571,1,7,4.27975e-5,ASV_00607,SE1
572,1,4,3.58607e-4,ASV_00610,FI1
572,1,7,3.10586e-4,ASV_00610,SE1
573,1,2,1.85064e-4,ASV_00611,IT2
573,1,5,6.45177e-4,ASV_00611,UK1
574,1,2,3.23486e-4,ASV_00612,IT2
574,1,5,7.45554e-4,ASV_00612,UK1
575,1,1,3.37085e-4,ASV_00613,IT1
575,1,2,4.59086e-4,ASV_00613,IT2
576,1,7,3.43175e-4,ASV_00614,SE1
577,1,2,3.45801e-4,ASV_00615,IT2
577,1,5,8.86535e-4,ASV_00615,UK1
578,1,2,6.73797e-4,ASV_00618,IT2
578,1,5,8.33355e-4,ASV_00618,UK1
578,1,6,5.03241e-5,ASV_00618,UK2
579,1,1,2.20386e-4,ASV_00619,IT1
580,1,2,3.72872e-4,ASV_00620,IT2
580,1,4,2.9275e-4,ASV_00620,FI1
580,1,5,6.58335e-4,ASV_00620,UK1
580,1,6,1.95842e-4,ASV_00620,UK2
581,1,4,2.16884e-4,ASV_00621,FI1
581,1,7,2.21758e-4,ASV_00621,SE1
582,1,1,3.9443e-4,ASV_00622,IT1
582,1,2,4.10267e-4,ASV_00622,IT2
582,1,5,2.77536e-4,ASV_00622,UK1
582,1,6,1.2005e-4,ASV_00622,UK2
583,1,4,5.92318e-4,ASV_00626,FI1
583,1,6,1.32365e-4,ASV_00626,UK2
584,1,4,2.81738e-4,ASV_00627,FI1
584,1,5,8.44887e-4,ASV_00627,UK1
584,1,6,1.21523e-4,ASV_00627,UK2
584,1,7,3.50503e-4,ASV_00627,SE1
585,1,2,0.00055255600000000005,ASV_00628,IT2
585,1,5,8.71823e-4,ASV_00628,UK1
585,1,6,1.06785e-4,ASV_00628,UK2
586,1,6,1.42699e-4,ASV_00629,UK2
587,1,2,2.46683e-4,ASV_00630,IT2
587,1,4,3.31358e-4,ASV_00630,FI1
587,1,6,2.16267e-4,ASV_00630,UK2
587,1,7,1.93448e-4,ASV_00630,SE1
588,1,7,4.66684e-4,ASV_00631,SE1
589,1,2,2.88466e-4,ASV_00633,IT2
589,1,6,1.32109e-4,ASV_00633,UK2
590,1,1,3.51732e-4,ASV_00635,IT1
590,1,2,6.54919e-4,ASV_00635,IT2
590,1,5,7.69215e-4,ASV_00635,UK1
590,1,6,1.52136e-4,ASV_00635,UK2
591,1,2,7.17866e-4,ASV_00636,IT2
591,1,3,5.14673e-5,ASV_00636,IT3
592,1,6,1.32408e-4,ASV_00637,UK2
593,1,2,4.27411e-4,ASV_00638,IT2
593,1,4,2.72382e-4,ASV_00638,FI1
593,1,6,2.73166e-4,ASV_00638,UK2
593,1,7,1.28037e-4,ASV_00638,SE1
594,1,6,1.92542e-4,ASV_00639,UK2
595,1,4,3.97998e-4,ASV_00640,FI1
595,1,6,8.39917e-5,ASV_00640,UK2
595,1,7,1.02733e-4,ASV_00640,SE1
596,1,2,5.97433e-5,ASV_00641,IT2
596,1,4,3.51753e-4,ASV_00641,FI1
596,1,5,5.22299e-4,ASV_00641,UK1
596,1,6,2.1628e-4,ASV_00641,UK2
596,1,7,4.82681e-4,ASV_00641,SE1
597,1,2,2.97692e-4,ASV_00643,IT2
597,1,4,2.76425e-4,ASV_00643,FI1
597,1,5,6.39215e-4,ASV_00643,UK1
597,1,6,1.68273e-4,ASV_00643,UK2
597,1,7,3.97577e-4,ASV_00643,SE1
598,1,4,2.25783e-4,ASV_00644,FI1
598,1,7,2.82353e-4,ASV_00644,SE1
599,1,2,7.69131e-4,ASV_00645,IT2
599,1,4,4.68073e-4,ASV_00645,FI1
599,1,6,2.48624e-4,ASV_00645,UK2
599,1,7,2.66586e-4,ASV_00645,SE1
600,1,6,1.46019e-4,ASV_00647,UK2
600,1,7,1.18056e-4,ASV_00647,SE1
601,1,4,3.3082e-4,ASV_00649,FI1
601,1,7,3.93737e-4,ASV_00649,SE1
602,1,2,1.45428e-4,ASV_00651,IT2
602,1,4,2.45867e-4,ASV_00651,FI1
602,1,5,6.74515e-4,ASV_00651,UK1
602,1,6,9.57266e-5,ASV_00651,UK2
603,1,7,3.00698e-4,ASV_00652,SE1
604,1,6,1.07802e-4,ASV_00653,UK2
605,1,1,3.5775e-4,ASV_00654,IT1
605,1,2,4.44454e-4,ASV_00654,IT2
605,1,3,4.21742e-5,ASV_00654,IT3
605,1,5,3.22872e-4,ASV_00654,UK1
605,1,6,2.8865e-4,ASV_00654,UK2
605,1,7,3.1167e-4,ASV_00654,SE1
606,1,1,2.6119e-4,ASV_00656,IT1
606,1,2,1.97531e-4,ASV_00656,IT2
606,1,4,2.16359e-4,ASV_00656,FI1
606,1,5,7.81066e-4,ASV_00656,UK1
606,1,6,1.60262e-4,ASV_00656,UK2
606,1,7,3.16108e-4,ASV_00656,SE1
607,1,5,4.56604e-4,ASV_00657,UK1
607,1,6,1.28498e-4,ASV_00657,UK2
608,1,7,4.27493e-4,ASV_00659,SE1
609,1,6,1.52355e-4,ASV_00660,UK2
610,1,2,5.60888e-4,ASV_00662,IT2
610,1,4,1.46903e-4,ASV_00662,FI1
610,1,7,4.09233e-4,ASV_00662,SE1
611,1,6,1.9537e-4,ASV_00663,UK2
612,1,2,5.04681e-4,ASV_00665,IT2
612,1,6,2.68132e-4,ASV_00665,UK2
613,1,2,3.38923e-4,ASV_00666,IT2
613,1,4,3.02467e-4,ASV_00666,FI1
613,1,7,1.61233e-4,ASV_00666,SE1
614,1,2,3.0315e-4,ASV_00668,IT2
615,1,6,2.44457e-4,ASV_00669,UK2
616,1,6,1.25639e-4,ASV_00670,UK2
617,1,1,1.74277e-4,ASV_00671,IT1
617,1,2,3.70597e-4,ASV_00671,IT2
617,1,5,6.38218e-4,ASV_00671,UK1
617,1,6,7.56365e-5,ASV_00671,UK2
617,1,7,7.68504e-5,ASV_00671,SE1
618,1,2,1.98389e-4,ASV_00673,IT2
618,1,5,7.64188e-4,ASV_00673,UK1
618,1,6,1.79063e-4,ASV_00673,UK2
619,1,1,2.61169e-4,ASV_00674,IT1
620,1,7,2.80954e-4,ASV_00675,SE1
621,1,2,3.53107e-4,ASV_00676,IT2
621,1,6,1.26801e-4,ASV_00676,UK2
622,1,2,3.01636e-4,ASV_00679,IT2
622,1,5,5.16006e-4,ASV_00679,UK1
623,1,4,5.04196e-4,ASV_00682,FI1
623,1,6,1.8094e-4,ASV_00682,UK2
624,1,4,3.56396e-4,ASV_00683,FI1
624,1,7,2.56042e-4,ASV_00683,SE1
625,1,7,3.29737e-4,ASV_00685,SE1
626,1,2,2.72152e-4,ASV_00686,IT2
626,1,6,1.77551e-4,ASV_00686,UK2
626,1,7,1.69412e-4,ASV_00686,SE1
627,1,2,3.02722e-4,ASV_00687,IT2
628,1,6,1.30567e-4,ASV_00688,UK2
628,1,7,4.88807e-4,ASV_00688,SE1
629,1,4,2.64829e-4,ASV_00689,FI1
629,1,6,1.6247e-4,ASV_00689,UK2
629,1,7,2.85501e-4,ASV_00689,SE1
630,1,1,1.33533e-4,ASV_00690,IT1
630,1,5,6.61451e-4,ASV_00690,UK1
631,1,6,1.39043e-4,ASV_00693,UK2
631,1,7,2.67e-4,ASV_00693,SE1
632,1,6,1.42541e-4,ASV_00694,UK2
633,1,6,1.03117e-4,ASV_00695,UK2
634,1,1,2.33986e-4,ASV_00697,IT1
634,1,2,5.18046e-4,ASV_00697,IT2
634,1,5,0.0010569,ASV_00697,UK1
635,1,6,1.58527e-4,ASV_00699,UK2
636,1,5,7.15422e-4,ASV_00700,UK1
636,1,7,3.23065e-4,ASV_00700,SE1
637,1,5,3.17808e-4,ASV_00701,UK1
638,1,4,3.8395e-4,ASV_00704,FI1
638,1,7,2.44736e-4,ASV_00704,SE1
639,1,4,3.82042e-4,ASV_00705,FI1
639,1,6,1.61402e-4,ASV_00705,UK2
640,1,5,6.82632e-4,ASV_00708,UK1
641,1,2,2.99774e-4,ASV_00709,IT2
641,1,6,3.46611e-4,ASV_00709,UK2
641,1,7,3.22921e-4,ASV_00709,SE1
642,1,7,4.31146e-4,ASV_00711,SE1
643,1,4,3.30925e-4,ASV_00712,FI1
643,1,7,2.5342e-4,ASV_00712,SE1
644,1,1,1.83132e-4,ASV_00714,IT1
644,1,2,4.04113e-4,ASV_00714,IT2
645,1,4,4.61245e-4,ASV_00715,FI1
646,1,2,2.75923e-4,ASV_00718,IT2
647,1,2,4.11503e-4,ASV_00721,IT2
647,1,5,5.99419e-4,ASV_00721,UK1
647,1,6,9.1966e-5,ASV_00721,UK2
647,1,7,3.65764e-4,ASV_00721,SE1
648,1,7,2.58645e-4,ASV_00722,SE1
649,1,4,2.2402e-4,ASV_00723,FI1
649,1,6,1.9053e-4,ASV_00723,UK2
649,1,7,2.67749e-4,ASV_00723,SE1
650,1,2,3.07152e-4,ASV_00724,IT2
651,1,2,3.01667e-4,ASV_00726,IT2
651,1,6,3.74111e-4,ASV_00726,UK2
651,1,7,2.83992e-4,ASV_00726,SE1
652,1,2,4.37221e-4,ASV_00727,IT2
652,1,4,1.32593e-4,ASV_00727,FI1
652,1,5,7.37344e-4,ASV_00727,UK1
652,1,6,5.71475e-5,ASV_00727,UK2
652,1,7,1.35809e-4,ASV_00727,SE1
653,1,1,2.0989e-4,ASV_00728,IT1
653,1,2,4.33362e-4,ASV_00728,IT2
653,1,6,9.7459e-5,ASV_00728,UK2
654,1,4,2.37221e-4,ASV_00729,FI1
655,1,6,1.76387e-4,ASV_00730,UK2
656,1,1,2.23708e-4,ASV_00732,IT1
656,1,2,1.9904e-4,ASV_00732,IT2
656,1,3,6.18091e-5,ASV_00732,IT3
657,1,5,6.77585e-4,ASV_00733,UK1
657,1,6,1.30186e-4,ASV_00733,UK2
658,1,2,3.63147e-4,ASV_00734,IT2
659,1,7,3.31823e-4,ASV_00735,SE1
660,1,5,7.94705e-4,ASV_00736,UK1
660,1,6,2.69881e-4,ASV_00736,UK2
660,1,7,1.36476e-4,ASV_00736,SE1
661,1,6,2.4101e-4,ASV_00737,UK2
661,1,7,3.52357e-4,ASV_00737,SE1
662,1,6,1.15053e-4,ASV_00742,UK2
663,1,4,3.72111e-4,ASV_00743,FI1
663,1,6,2.40681e-4,ASV_00743,UK2
663,1,7,2.68564e-4,ASV_00743,SE1
664,1,5,6.2753e-4,ASV_00744,UK1
664,1,6,1.23214e-4,ASV_00744,UK2
665,1,5,9.69027e-4,ASV_00745,UK1
666,1,4,1.98114e-4,ASV_00746,FI1
666,1,7,3.4763e-4,ASV_00746,SE1
667,1,6,1.08469e-4,ASV_00747,UK2
667,1,7,1.15717e-4,ASV_00747,SE1
668,1,5,4.62878e-4,ASV_00751,UK1
668,1,6,9.21038e-5,ASV_00751,UK2
668,1,7,2.09055e-4,ASV_00751,SE1
669,1,6,1.37769e-4,ASV_00752,UK2
670,1,4,2.62221e-4,ASV_00753,FI1
671,1,2,3.65312e-4,ASV_00755,IT2
671,1,5,7.09454e-4,ASV_00755,UK1
671,1,6,2.63674e-4,ASV_00755,UK2
672,1,1,2.79301e-4,ASV_00757,IT1
672,1,2,3.11428e-4,ASV_00757,IT2
672,1,6,1.59516e-4,ASV_00757,UK2
673,1,2,5.20937e-4,ASV_00758,IT2
673,1,4,4.44774e-4,ASV_00758,FI1
673,1,5,7.99719e-4,ASV_00758,UK1
674,1,2,4.28605e-4,ASV_00760,IT2
675,1,4,1.70071e-4,ASV_00761,FI1
675,1,6,9.84326e-5,ASV_00761,UK2
676,1,6,2.57204e-4,ASV_00762,UK2
677,1,4,4.07501e-4,ASV_00763,FI1
677,1,6,1.71717e-4,ASV_00763,UK2
677,1,7,2.93214e-4,ASV_00763,SE1
678,1,4,3.44986e-4,ASV_00764,FI1
678,1,7,4.33913e-4,ASV_00764,SE1
679,1,2,4.98968e-4,ASV_00769,IT2
679,1,5,4.91863e-4,ASV_00769,UK1
679,1,6,1.05278e-4,ASV_00769,UK2
680,1,5,9.31869e-4,ASV_00770,UK1
680,1,6,2.25429e-4,ASV_00770,UK2
681,1,2,5.11158e-4,ASV_00772,IT2
681,1,4,4.33173e-4,ASV_00772,FI1
681,1,5,4.87459e-4,ASV_00772,UK1
681,1,6,1.24094e-4,ASV_00772,UK2
682,1,4,3.03832e-4,ASV_00774,FI1
682,1,7,6.69042e-4,ASV_00774,SE1
683,1,4,2.95359e-4,ASV_00775,FI1
683,1,7,1.53028e-4,ASV_00775,SE1
684,1,2,2.43109e-4,ASV_00778,IT2
684,1,5,0.00108432,ASV_00778,UK1
685,1,5,7.3887e-4,ASV_00779,UK1
686,1,2,4.60806e-4,ASV_00781,IT2
686,1,6,1.02171e-4,ASV_00781,UK2
687,1,2,1.50342e-4,ASV_00782,IT2
687,1,3,2.24055e-5,ASV_00782,IT3
688,1,4,4.1785e-4,ASV_00786,FI1
688,1,7,1.2682e-4,ASV_00786,SE1
689,1,1,1.67276e-4,ASV_00787,IT1
690,1,7,4.45941e-4,ASV_00788,SE1
691,1,2,5.27707e-4,ASV_00789,IT2
691,1,5,6.71626e-4,ASV_00789,UK1
692,1,6,3.9351e-4,ASV_00790,UK2
693,1,7,3.95994e-4,ASV_00792,SE1
694,1,2,4.1664e-4,ASV_00793,IT2
694,1,6,1.13816e-4,ASV_00793,UK2
695,1,7,3.67244e-4,ASV_00794,SE1
696,1,4,3.58313e-4,ASV_00795,FI1
696,1,6,9.96695e-5,ASV_00795,UK2
696,1,7,2.92953e-4,ASV_00795,SE1
697,1,6,1.75553e-4,ASV_00797,UK2
698,1,2,3.31031e-4,ASV_00798,IT2
699,1,6,1.68087e-4,ASV_00799,UK2
700,1,2,4.04216e-4,ASV_00801,IT2
700,1,6,1.99958e-4,ASV_00801,UK2
700,1,7,1.29891e-4,ASV_00801,SE1
701,1,2,5.23201e-4,ASV_00802,IT2
702,1,7,2.26296e-4,ASV_00803,SE1
703,1,6,1.61007e-4,ASV_00804,UK2
703,1,7,4.59917e-4,ASV_00804,SE1
704,1,4,2.26779e-4,ASV_00805,FI1
705,1,2,4.50064e-4,ASV_00806,IT2
705,1,5,7.5455e-4,ASV_00806,UK1
705,1,6,1.53339e-4,ASV_00806,UK2
706,1,2,2.82624e-4,ASV_00807,IT2
706,1,4,2.80253e-4,ASV_00807,FI1
706,1,6,1.00339e-4,ASV_00807,UK2
706,1,7,3.80619e-4,ASV_00807,SE1
707,1,2,3.8453e-4,ASV_00808,IT2
707,1,6,1.50559e-4,ASV_00808,UK2
708,1,2,1.30591e-4,ASV_00809,IT2
708,1,6,1.0904e-4,ASV_00809,UK2
709,1,6,1.57849e-4,ASV_00810,UK2
709,1,7,3.06301e-4,ASV_00810,SE1
710,1,2,3.89796e-4,ASV_00811,IT2
711,1,5,7.00508e-4,ASV_00812,UK1
711,1,6,8.85503e-5,ASV_00812,UK2
712,1,5,6.76706e-4,ASV_00813,UK1
713,1,5,6.1437e-4,ASV_00814,UK1
713,1,6,1.43877e-4,ASV_00814,UK2
713,1,7,8.0866e-5,ASV_00814,SE1
714,1,2,3.11044e-4,ASV_00815,IT2
714,1,5,6.72485e-4,ASV_00815,UK1
715,1,1,2.38523e-4,ASV_00817,IT1
715,1,2,3.92547e-4,ASV_00817,IT2
715,1,5,7.44134e-4,ASV_00817,UK1
716,1,5,6.1764e-4,ASV_00819,UK1
717,1,2,3.86759e-4,ASV_00821,IT2
717,1,5,6.8894e-4,ASV_00821,UK1
717,1,6,7.77378e-5,ASV_00821,UK2
718,1,1,3.79724e-4,ASV_00822,IT1
718,1,2,2.20539e-4,ASV_00822,IT2
719,1,6,1.29338e-4,ASV_00825,UK2
719,1,7,2.35598e-4,ASV_00825,SE1
720,1,4,1.86678e-4,ASV_00827,FI1
721,1,5,6.63385e-4,ASV_00828,UK1
722,1,2,4.03208e-4,ASV_00829,IT2
722,1,6,1.0848e-4,ASV_00829,UK2
723,1,5,7.67402e-4,ASV_00832,UK1
723,1,6,1.65817e-4,ASV_00832,UK2
724,1,6,2.83477e-4,ASV_00833,UK2
724,1,7,2.84511e-4,ASV_00833,SE1
725,1,6,1.5541e-4,ASV_00834,UK2
725,1,7,1.36336e-4,ASV_00834,SE1
726,1,1,2.69434e-4,ASV_00835,IT1
727,1,6,1.96587e-4,ASV_00837,UK2
728,1,1,1.62584e-4,ASV_00842,IT1
728,1,2,3.96509e-4,ASV_00842,IT2
729,1,2,4.17911e-4,ASV_00843,IT2
729,1,3,2.30657e-5,ASV_00843,IT3
729,1,5,9.0999e-4,ASV_00843,UK1
729,1,7,4.58984e-4,ASV_00843,SE1
730,1,2,4.42968e-4,ASV_00845,IT2
731,1,2,2.08077e-4,ASV_00848,IT2
731,1,6,2.23177e-4,ASV_00848,UK2
732,1,1,1.81337e-4,ASV_00849,IT1
733,1,5,9.03231e-4,ASV_00851,UK1
734,1,5,7.03302e-4,ASV_00852,UK1
734,1,6,8.25504e-5,ASV_00852,UK2
735,1,6,9.50624e-5,ASV_00854,UK2
735,1,7,2.97344e-4,ASV_00854,SE1
736,1,6,1.69075e-4,ASV_00855,UK2
737,1,6,2.29044e-4,ASV_00856,UK2
738,1,7,2.56729e-4,ASV_00860,SE1
739,1,5,9.48013e-4,ASV_00864,UK1
740,1,2,3.09014e-4,ASV_00865,IT2
740,1,4,3.09648e-4,ASV_00865,FI1
740,1,6,1.33589e-4,ASV_00865,UK2
740,1,7,1.13767e-4,ASV_00865,SE1
741,1,4,3.14865e-4,ASV_00868,FI1
741,1,7,2.27766e-4,ASV_00868,SE1
742,1,2,1.86495e-4,ASV_00869,IT2
743,1,2,2.99295e-4,ASV_00873,IT2
744,1,6,1.80666e-4,ASV_00874,UK2
744,1,7,2.36942e-4,ASV_00874,SE1
745,1,2,3.24918e-4,ASV_00875,IT2
746,1,6,1.54399e-4,ASV_00879,UK2
747,1,1,1.68919e-4,ASV_00880,IT1
747,1,2,3.67826e-4,ASV_00880,IT2
747,1,5,7.00334e-4,ASV_00880,UK1
747,1,6,1.32834e-4,ASV_00880,UK2
748,1,5,7.44376e-4,ASV_00881,UK1
748,1,6,5.81091e-5,ASV_00881,UK2
749,1,4,4.37915e-4,ASV_00883,FI1
750,1,6,7.56442e-5,ASV_00885,UK2
751,1,6,1.08013e-4,ASV_00887,UK2
752,1,4,2.9371e-4,ASV_00888,FI1
752,1,6,1.38568e-4,ASV_00888,UK2
752,1,7,2.84336e-4,ASV_00888,SE1
753,1,2,4.01908e-4,ASV_00890,IT2
753,1,4,1.47211e-4,ASV_00890,FI1
753,1,5,5.10364e-4,ASV_00890,UK1
753,1,6,8.65334e-5,ASV_00890,UK2
754,1,2,3.06098e-4,ASV_00891,IT2
754,1,6,1.84784e-4,ASV_00891,UK2
754,1,7,3.08652e-4,ASV_00891,SE1
755,1,6,1.07883e-4,ASV_00897,UK2
755,1,7,1.94326e-4,ASV_00897,SE1
756,1,5,4.37821e-4,ASV_00902,UK1
757,1,6,2.2178e-4,ASV_00904,UK2
758,1,2,2.31654e-4,ASV_00906,IT2
759,1,6,1.22394e-4,ASV_00907,UK2
760,1,2,3.33239e-4,ASV_00909,IT2
761,1,4,3.61782e-4,ASV_00910,FI1
761,1,7,3.8435e-4,ASV_00910,SE1
762,1,2,2.67224e-4,ASV_00912,IT2
762,1,5,6.20078e-4,ASV_00912,UK1
762,1,6,2.23487e-4,ASV_00912,UK2
762,1,7,2.43153e-4,ASV_00912,SE1
763,1,7,2.26573e-4,ASV_00913,SE1
764,1,7,1.87825e-4,ASV_00914,SE1
765,1,6,1.86024e-4,ASV_00920,UK2
765,1,7,4.24517e-4,ASV_00920,SE1
766,1,2,4.06837e-4,ASV_00924,IT2
767,1,6,2.3822e-4,ASV_00928,UK2
767,1,7,4.52171e-4,ASV_00928,SE1
768,1,2,2.51274e-4,ASV_00929,IT2
768,1,5,6.14732e-4,ASV_00929,UK1
769,1,4,2.40078e-4,ASV_00930,FI1
769,1,7,2.62112e-4,ASV_00930,SE1
770,1,1,1.71667e-4,ASV_00931,IT1
770,1,2,5.37648e-4,ASV_00931,IT2
770,1,6,2.49863e-4,ASV_00931,UK2
771,1,2,3.20215e-4,ASV_00935,IT2
772,1,6,3.44422e-4,ASV_00936,UK2
773,1,7,4.02632e-4,ASV_00939,SE1
774,1,6,2.81285e-4,ASV_00949,UK2
775,1,2,1.67017e-4,ASV_00952,IT2
775,1,6,2.10188e-4,ASV_00952,UK2
776,1,6,2.38953e-4,ASV_00957,UK2
777,1,2,3.99296e-4,ASV_00958,IT2
777,1,5,4.19671e-4,ASV_00958,UK1
778,1,1,3.34087e-4,ASV_00959,IT1
778,1,2,4.60291e-4,ASV_00959,IT2
778,1,5,8.48241e-4,ASV_00959,UK1
778,1,6,1.5114e-4,ASV_00959,UK2
779,1,6,1.11846e-4,ASV_00960,UK2
780,1,4,2.35975e-4,ASV_00962,FI1
781,1,2,3.25191e-4,ASV_00966,IT2
781,1,3,7.50676e-5,ASV_00966,IT3
782,1,6,2.28828e-4,ASV_00968,UK2
783,1,4,2.33225e-4,ASV_00973,FI1
783,1,7,3.38185e-4,ASV_00973,SE1
784,1,6,2.69295e-4,ASV_00976,UK2
784,1,7,2.58073e-4,ASV_00976,SE1
785,1,6,2.27653e-4,ASV_00978,UK2
785,1,7,2.52049e-4,ASV_00978,SE1
786,1,6,2.18449e-4,ASV_00979,UK2
787,1,6,1.84038e-4,ASV_00982,UK2
788,1,7,5.17504e-4,ASV_00983,SE1
789,1,2,3.99232e-4,ASV_00984,IT2
790,1,1,2.20335e-4,ASV_00987,IT1
790,1,2,3.54226e-4,ASV_00987,IT2
790,1,5,4.22838e-4,ASV_00987,UK1
790,1,6,1.42679e-4,ASV_00987,UK2
791,1,2,5.22332e-4,ASV_00989,IT2
792,1,5,7.07163e-4,ASV_00990,UK1
793,1,6,1.58273e-4,ASV_00996,UK2
793,1,7,2.68977e-4,ASV_00996,SE1
794,1,1,2.63987e-4,ASV_01003,IT1
795,1,7,1.87604e-4,ASV_01004,SE1
796,1,6,1.59929e-4,ASV_01007,UK2
797,1,4,3.11432e-4,ASV_01009,FI1
797,1,7,2.00302e-4,ASV_01009,SE1
798,1,7,1.91833e-4,ASV_01016,SE1
799,1,2,4.66884e-4,ASV_01018,IT2
800,1,6,2.13637e-4,ASV_01022,UK2
800,1,7,2.06724e-4,ASV_01022,SE1
801,1,2,1.98859e-4,ASV_01023,IT2
802,1,6,1.2416e-4,ASV_01027,UK2
803,1,7,6.80649e-4,ASV_01029,SE1
804,1,5,5.18106e-4,ASV_01031,UK1
804,1,7,6.35457e-4,ASV_01031,SE1
805,1,4,1.89411e-4,ASV_01032,FI1
806,1,7,3.7355e-4,ASV_01037,SE1
807,1,6,1.32011e-4,ASV_01040,UK2
807,1,7,4.15673e-4,ASV_01040,SE1
808,1,6,1.05849e-4,ASV_01044,UK2
809,1,7,5.78527e-4,ASV_01046,SE1
810,1,1,2.68392e-4,ASV_01048,IT1
810,1,2,2.00338e-4,ASV_01048,IT2
810,1,7,1.93599e-4,ASV_01048,SE1
811,1,4,3.15792e-4,ASV_01049,FI1
812,1,7,2.53189e-4,ASV_01053,SE1
813,1,7,1.80811e-4,ASV_01054,SE1
814,1,6,1.34136e-4,ASV_01057,UK2
815,1,6,1.72011e-4,ASV_01060,UK2
816,1,5,9.19022e-4,ASV_01062,UK1
816,1,6,1.45267e-4,ASV_01062,UK2
817,1,1,3.78859e-4,ASV_01065,IT1
817,1,2,4.72858e-4,ASV_01065,IT2
817,1,5,7.32088e-4,ASV_01065,UK1
817,1,6,7.65151e-5,ASV_01065,UK2
818,1,5,8.44702e-4,ASV_01066,UK1
819,1,2,3.31943e-4,ASV_01071,IT2
819,1,5,8.7208e-4,ASV_01071,UK1
820,1,4,8.77147e-5,ASV_01074,FI1
820,1,7,1.91087e-4,ASV_01074,SE1
821,1,7,4.68318e-4,ASV_01077,SE1
822,1,6,7.20978e-5,ASV_01078,UK2
823,1,6,9.65254e-5,ASV_01085,UK2
824,1,1,2.0718e-4,ASV_01087,IT1
824,1,2,5.07005e-4,ASV_01087,IT2
824,1,5,8.87062e-4,ASV_01087,UK1
825,1,5,5.57717e-4,ASV_01089,UK1
826,1,2,3.96e-4,ASV_01090,IT2
826,1,5,6.53591e-4,ASV_01090,UK1
826,1,6,1.00181e-4,ASV_01090,UK2
826,1,7,1.41014e-4,ASV_01090,SE1
827,1,2,2.56882e-4,ASV_01092,IT2
828,1,6,1.98086e-4,ASV_01094,UK2
828,1,7,2.16635e-4,ASV_01094,SE1
829,1,4,3.0653e-4,ASV_01099,FI1
830,1,2,2.67101e-4,ASV_01101,IT2
830,1,5,7.12967e-4,ASV_01101,UK1
830,1,6,1.46008e-4,ASV_01101,UK2
831,1,7,2.04097e-4,ASV_01105,SE1
832,1,7,2.63988e-4,ASV_01107,SE1
833,1,4,1.23236e-4,ASV_01111,FI1
833,1,7,3.38491e-4,ASV_01111,SE1
834,1,2,3.70653e-4,ASV_01119,IT2
835,1,7,2.75118e-4,ASV_01123,SE1
836,1,2,5.3298e-4,ASV_01124,IT2
837,1,7,2.02633e-4,ASV_01128,SE1
838,1,7,4.03407e-4,ASV_01131,SE1
839,1,7,1.19292e-4,ASV_01140,SE1
840,1,7,2.52262e-4,ASV_01141,SE1
841,1,5,8.60725e-4,ASV_01150,UK1
842,1,2,4.7258e-4,ASV_01152,IT2
842,1,3,4.70528e-5,ASV_01152,IT3
843,1,2,3.77394e-4,ASV_01153,IT2
844,1,6,1.83511e-4,ASV_01159,UK2
844,1,7,3.76247e-4,ASV_01159,SE1
845,1,1,1.83426e-4,ASV_01164,IT1
846,1,6,1.67245e-4,ASV_01169,UK2
846,1,7,1.68473e-4,ASV_01169,SE1
847,1,7,2.28802e-4,ASV_01176,SE1
848,1,4,1.88574e-4,ASV_01178,FI1
848,1,6,2.6812e-4,ASV_01178,UK2
848,1,7,1.91107e-4,ASV_01178,SE1
849,1,2,1.99667e-4,ASV_01179,IT2
850,1,6,3.25469e-4,ASV_01181,UK2
851,1,7,2.36886e-4,ASV_01182,SE1
852,1,4,2.13731e-4,ASV_01188,FI1
852,1,6,2.5293e-4,ASV_01188,UK2
853,1,6,9.69035e-5,ASV_01195,UK2
854,1,7,3.42673e-4,ASV_01196,SE1
855,1,1,2.46633e-4,ASV_01204,IT1
855,1,2,2.458e-4,ASV_01204,IT2
855,1,5,4.21807e-4,ASV_01204,UK1
855,1,6,1.8356e-4,ASV_01204,UK2
856,1,7,1.68644e-4,ASV_01205,SE1
857,1,7,3.57553e-4,ASV_01207,SE1
858,1,6,2.26705e-4,ASV_01208,UK2
858,1,7,2.1649e-4,ASV_01208,SE1
859,1,7,3.29279e-4,ASV_01220,SE1
860,1,2,3.77633e-4,ASV_01223,IT2
861,1,7,1.7767e-4,ASV_01230,SE1
862,1,6,1.04427e-4,ASV_01236,UK2
863,1,4,2.77758e-4,ASV_01245,FI1
864,1,7,3.66002e-4,ASV_01246,SE1
865,1,4,1.83511e-4,ASV_01247,FI1
866,1,2,1.36739e-4,ASV_01249,IT2
866,1,4,2.60904e-4,ASV_01249,FI1
867,1,2,3.67034e-4,ASV_01250,IT2
867,1,5,7.74362e-4,ASV_01250,UK1
868,1,2,3.37521e-4,ASV_01253,IT2
869,1,4,2.15833e-4,ASV_01257,FI1
870,1,2,1.44009e-4,ASV_01267,IT2
871,1,6,8.37068e-5,ASV_01268,UK2
872,1,2,4.67205e-4,ASV_01276,IT2
873,1,2,2.41245e-4,ASV_01288,IT2
873,1,5,7.80311e-4,ASV_01288,UK1
873,1,6,9.15927e-5,ASV_01288,UK2
874,1,7,1.56311e-4,ASV_01289,SE1
875,1,7,3.10624e-4,ASV_01294,SE1
876,1,7,4.49538e-4,ASV_01312,SE1
877,1,2,1.62322e-4,ASV_01328,IT2
877,1,5,7.76234e-4,ASV_01328,UK1
877,1,6,2.40631e-4,ASV_01328,UK2
878,1,2,3.08791e-4,ASV_01342,IT2
879,1,2,2.52624e-4,ASV_01349,IT2
880,1,6,3.82098e-4,ASV_01353,UK2
881,1,7,6.20326e-5,ASV_01363,SE1
882,1,2,3.73128e-4,ASV_01368,IT2
882,1,5,6.38654e-4,ASV_01368,UK1
883,1,7,2.61295e-4,ASV_01375,SE1
884,1,7,1.22394e-4,ASV_01378,SE1
885,1,2,2.61526e-4,ASV_01385,IT2
886,1,7,1.02619e-4,ASV_01396,SE1
887,1,7,3.60092e-4,ASV_01408,SE1
888,1,7,1.40386e-4,ASV_01416,SE1
889,1,1,2.34327e-4,ASV_01417,IT1
889,1,2,2.71581e-4,ASV_01417,IT2
890,1,7,5.96864e-4,ASV_01421,SE1
891,1,2,2.51957e-4,ASV_01426,IT2
892,1,4,1.56539e-4,ASV_01439,FI1
893,1,6,1.74466e-4,ASV_01446,UK2
894,1,2,2.69832e-4,ASV_01458,IT2
894,1,6,7.15262e-5,ASV_01458,UK2
895,1,2,1.80776e-4,ASV_01459,IT2
896,1,7,3.43987e-4,ASV_01482,SE1
897,1,4,1.33537e-4,ASV_01483,FI1
897,1,7,3.91561e-4,ASV_01483,SE1
898,1,2,4.99075e-4,ASV_01491,IT2
899,1,7,2.59453e-4,ASV_01495,SE1
900,1,6,2.92126e-4,ASV_01496,UK2
901,1,2,6.33342e-4,ASV_01503,IT2
901,1,4,5.25794e-4,ASV_01503,FI1
901,1,6,1.37149e-4,ASV_01503,UK2
902,1,2,1.52442e-4,ASV_01508,IT2
903,1,2,7.63516e-4,ASV_01512,IT2
904,1,7,2.39195e-4,ASV_01514,SE1
905,1,1,6.72412e-5,ASV_01522,IT1
906,1,5,9.8343e-4,ASV_01533,UK1
907,1,2,4.37741e-4,ASV_01541,IT2
908,1,5,6.95635e-4,ASV_01542,UK1
909,1,7,2.5421e-4,ASV_01549,SE1
910,1,6,1.29553e-4,ASV_01556,UK2
910,1,7,5.42424e-4,ASV_01556,SE1
911,1,4,3.72076e-4,ASV_01558,FI1
911,1,7,2.00026e-4,ASV_01558,SE1
912,1,6,1.79778e-4,ASV_01559,UK2
913,1,6,1.63618e-4,ASV_01571,UK2
914,1,2,2.83263e-4,ASV_01578,IT2
915,1,4,4.37821e-4,ASV_01579,FI1
916,1,7,2.09341e-4,ASV_01581,SE1
917,1,6,1.43186e-4,ASV_01594,UK2
918,1,4,2.66426e-4,ASV_01603,FI1
919,1,6,1.41328e-4,ASV_01611,UK2
920,1,6,1.73863e-4,ASV_01621,UK2
921,1,7,2.4264e-4,ASV_01635,SE1
922,1,7,3.11297e-4,ASV_01684,SE1
923,1,7,3.55258e-4,ASV_01692,SE1
924,1,7,2.67862e-4,ASV_01706,SE1
925,1,7,2.04236e-4,ASV_01780,SE1
926,1,6,1.14791e-4,ASV_01799,UK2
927,1,2,2.90145e-4,ASV_01840,IT2
928,1,7,2.83716e-4,ASV_01861,SE1
929,1,6,1.75376e-4,ASV_01881,UK2
930,1,2,4.15298e-4,ASV_01941,IT2
931,1,6,3.50181e-4,ASV_01952,UK2
932,1,7,3.26012e-4,ASV_01956,SE1
933,1,7,2.53193e-4,ASV_01986,SE1
934,1,2,1.848e-4,ASV_02020,IT2
935,1,7,2.24021e-4,ASV_02027,SE1
936,1,7,1.62925e-4,ASV_02038,SE1
937,1,6,8.34963e-5,ASV_02040,UK2
938,1,4,3.84351e-4,ASV_02092,FI1
939,1,7,3.6091e-4,ASV_02120,SE1
940,1,2,3.99897e-4,ASV_02149,IT2
941,1,7,2.77572e-4,ASV_02163,SE1
942,1,6,8.72084e-5,ASV_02182,UK2
943,1,7,2.13464e-4,ASV_02272,SE1
944,1,2,5.3454e-4,ASV_02332,IT2
945,1,7,2.85787e-4,ASV_02358,SE1
946,1,7,3.89316e-4,ASV_02424,SE1
