"","UK1","UK2","IT1","IT2","IT3","FI1","SE1"
"UK1",1,0.617860851505711,0.496062992125984,0.633037694013304,0.398899587345255,0.375286041189931,0.36144578313253
"UK2",0.617860851505711,1,0.389903329752954,0.552480916030534,0.329171396140749,0.442553191489362,0.492094861660079
"IT1",0.496062992125984,0.389903329752954,1,0.524590163934426,0.555785123966942,0.300970873786408,0.27719298245614
"IT2",0.633037694013304,0.552480916030534,0.524590163934426,1,0.397683397683398,0.344973544973545,0.343072573044298
"IT3",0.398899587345255,0.329171396140749,0.555785123966942,0.397683397683398,1,0.283464566929134,0.258441558441558
"FI1",0.375286041189931,0.442553191489362,0.300970873786408,0.344973544973545,0.283464566929134,1,0.526455026455027
"SE1",0.36144578313253,0.492094861660079,0.27719298245614,0.343072573044298,0.258441558441558,0.526455026455027,1
