"","UK1","UK2","IT1","IT2","IT3","FI1","SE1"
"UK1",1,0.523982769212111,0.574421981284383,0.579394899801597,0.346396239553153,0.496657130627797,0.479601870734974
"UK2",0.523982769212111,1,0.482123329180925,0.520463473403232,0.340225023619935,0.44122717013303,0.441949337508103
"IT1",0.574421981284383,0.482123329180925,1,0.557046458535653,0.378277625337313,0.43100996548162,0.497101996884506
"IT2",0.579394899801597,0.520463473403232,0.557046458535653,1,0.359264772326457,0.457599133285189,0.457150071475953
"IT3",0.346396239553153,0.340225023619935,0.378277625337313,0.359264772326457,1,0.216569268989979,0.297689165671693
"FI1",0.496657130627797,0.44122717013303,0.43100996548162,0.457599133285189,0.216569268989979,1,0.526937999710812
"SE1",0.479601870734974,0.441949337508103,0.497101996884506,0.457150071475953,0.297689165671693,0.526937999710811,1
