node_id,level1,leaf_id,layer_id,flow,node_name,layer_name
1,1,2315,1,1.65947e-4,ASV_00001,IT1
1,1,1603,2,2.60633e-4,ASV_00001,IT2
1,1,2921,3,3.24939e-5,ASV_00001,IT3
1,1,302,5,6.79223e-4,ASV_00001,UK1
1,1,1992,6,2.07804e-4,ASV_00001,UK2
2,1,1967,1,2.11045e-4,ASV_00002,IT1
2,1,550,2,5.14773e-4,ASV_00002,IT2
2,1,2926,3,3.17731e-5,ASV_00002,IT3
2,1,914,4,3.93062e-4,ASV_00002,FI1
2,1,116,5,8.52641e-4,ASV_00002,UK1
2,1,2551,6,1.34233e-4,ASV_00002,UK2
2,1,1848,7,2.27372e-4,ASV_00002,SE1
3,1,2679,1,1.04087e-4,ASV_00003,IT1
3,1,1328,2,3.0539e-4,ASV_00003,IT2
3,1,2830,3,5.20946e-5,ASV_00003,IT3
3,1,747,4,4.36522e-4,ASV_00003,FI1
3,1,15,5,0.00102392,ASV_00003,UK1
3,1,1893,6,2.21945e-4,ASV_00003,UK2
3,1,1567,7,2.66452e-4,ASV_00003,SE1
4,1,2552,1,1.3422e-4,ASV_00004,IT1
4,1,1103,2,3.47007e-4,ASV_00004,IT2
4,1,2918,3,3.32047e-5,ASV_00004,IT3
4,1,1585,4,2.63826e-4,ASV_00004,FI1
4,1,454,5,5.77872e-4,ASV_00004,UK1
4,1,2420,6,1.53159e-4,ASV_00004,UK2
4,1,970,7,3.76587e-4,ASV_00004,SE1
5,1,2026,1,2.03244e-4,ASV_00005,IT1
5,1,765,2,4.31657e-4,ASV_00005,IT2
5,1,2773,3,7.28507e-5,ASV_00005,IT3
5,1,1951,4,2.13328e-4,ASV_00005,FI1
5,1,306,5,6.75492e-4,ASV_00005,UK1
5,1,2149,6,1.86718e-4,ASV_00005,UK2
5,1,1854,7,2.26362e-4,ASV_00005,SE1
6,1,1338,1,3.04208e-4,ASV_00006,IT1
6,1,795,2,4.22744e-4,ASV_00006,IT2
6,1,2981,3,1.67811e-5,ASV_00006,IT3
6,1,1313,4,3.08328e-4,ASV_00006,FI1
6,1,94,5,8.73737e-4,ASV_00006,UK1
6,1,2282,6,1.69542e-4,ASV_00006,UK2
6,1,1846,7,2.27594e-4,ASV_00006,SE1
7,1,1233,1,3.23422e-4,ASV_00007,IT1
7,1,586,2,4.96252e-4,ASV_00007,IT2
7,1,2720,3,9.4341e-5,ASV_00007,IT3
7,1,738,4,4.39283e-4,ASV_00007,FI1
7,1,470,5,5.65325e-4,ASV_00007,UK1
7,1,2631,6,1.17084e-4,ASV_00007,UK2
7,1,2085,7,1.9551e-4,ASV_00007,SE1
8,1,1200,1,3.29e-4,ASV_00008,IT1
8,1,2006,2,2.05658e-4,ASV_00008,IT2
8,1,2803,3,6.358e-5,ASV_00008,IT3
8,1,569,4,5.05122e-4,ASV_00008,FI1
8,1,710,5,4.52605e-4,ASV_00008,UK1
8,1,2095,6,1.93663e-4,ASV_00008,UK2
8,1,752,7,4.3515e-4,ASV_00008,SE1
9,1,2667,1,1.09151e-4,ASV_00009,IT1
9,1,535,2,5.22937e-4,ASV_00009,IT2
9,1,2764,3,7.6169e-5,ASV_00009,IT3
9,1,2192,4,1.82865e-4,ASV_00009,FI1
9,1,443,5,5.84391e-4,ASV_00009,UK1
9,1,2394,6,1.56832e-4,ASV_00009,UK2
9,1,882,7,4.01839e-4,ASV_00009,SE1
10,1,1621,1,2.58316e-4,ASV_00010,IT1
10,1,1944,2,2.13809e-4,ASV_00010,IT2
10,1,2880,3,4.16664e-5,ASV_00010,IT3
10,1,333,4,6.56859e-4,ASV_00010,FI1
10,1,281,5,6.93769e-4,ASV_00010,UK1
10,1,2082,6,1.95728e-4,ASV_00010,UK2
10,1,1344,7,3.03644e-4,ASV_00010,SE1
11,1,2409,1,1.54729e-4,ASV_00011,IT1
11,1,1780,2,2.34799e-4,ASV_00011,IT2
11,1,2929,3,3.13009e-5,ASV_00011,IT3
11,1,1661,4,2.53345e-4,ASV_00011,FI1
11,1,22,5,9.94652e-4,ASV_00011,UK1
11,1,2624,6,1.19053e-4,ASV_00011,UK2
11,1,1104,7,3.46934e-4,ASV_00011,SE1
12,1,1916,1,2.18308e-4,ASV_00012,IT1
12,1,677,2,4.63511e-4,ASV_00012,IT2
12,1,2301,4,1.67074e-4,ASV_00012,FI1
12,1,173,5,7.83174e-4,ASV_00012,UK1
12,1,1548,6,2.69082e-4,ASV_00012,UK2
12,1,1445,7,2.86094e-4,ASV_00012,SE1
13,1,2256,1,1.73172e-4,ASV_00013,IT1
13,1,719,2,4.49143e-4,ASV_00013,IT2
13,1,2832,3,5.18295e-5,ASV_00013,IT3
13,1,449,4,5.79422e-4,ASV_00013,FI1
13,1,42,5,9.4943e-4,ASV_00013,UK1
13,1,2789,6,6.81671e-5,ASV_00013,UK2
13,1,2029,7,2.02721e-4,ASV_00013,SE1
14,1,1411,1,2.91141e-4,ASV_00014,IT1
14,1,1148,2,3.3845e-4,ASV_00014,IT2
14,1,2941,3,2.89312e-5,ASV_00014,IT3
14,1,740,4,4.3891e-4,ASV_00014,FI1
14,1,415,5,6.00599e-4,ASV_00014,UK1
14,1,1582,6,2.64107e-4,ASV_00014,UK2
14,1,1974,7,2.10293e-4,ASV_00014,SE1
15,1,2594,1,1.25198e-4,ASV_00015,IT1
15,1,617,2,4.82417e-4,ASV_00015,IT2
15,1,2849,3,4.85433e-5,ASV_00015,IT3
15,1,641,4,4.73798e-4,ASV_00015,FI1
15,1,289,5,6.87871e-4,ASV_00015,UK1
15,1,2316,6,1.65548e-4,ASV_00015,UK2
15,1,964,7,3.78445e-4,ASV_00015,SE1
16,1,652,2,4.70216e-4,ASV_00016,IT2
16,1,2825,3,5.31595e-5,ASV_00016,IT3
16,1,1117,4,3.44808e-4,ASV_00016,FI1
16,1,708,5,4.53362e-4,ASV_00016,UK1
16,1,2575,6,1.30076e-4,ASV_00016,UK2
16,1,1450,7,2.85133e-4,ASV_00016,SE1
17,1,1273,1,3.14616e-4,ASV_00017,IT1
17,1,582,2,4.99381e-4,ASV_00017,IT2
17,1,2865,3,4.47667e-5,ASV_00017,IT3
17,1,508,5,5.39674e-4,ASV_00017,UK1
17,1,2532,6,1.36309e-4,ASV_00017,UK2
18,1,2622,1,1.19696e-4,ASV_00018,IT1
18,1,1340,2,3.04098e-4,ASV_00018,IT2
18,1,2984,3,1.30195e-5,ASV_00018,IT3
18,1,1094,4,3.4971e-4,ASV_00018,FI1
18,1,570,5,5.05044e-4,ASV_00018,UK1
18,1,2303,6,1.66988e-4,ASV_00018,UK2
18,1,1371,7,2.97681e-4,ASV_00018,SE1
19,1,2159,1,1.85932e-4,ASV_00019,IT1
19,1,1318,2,3.07116e-4,ASV_00019,IT2
19,1,2939,3,2.90873e-5,ASV_00019,IT3
19,1,835,4,4.13803e-4,ASV_00019,FI1
19,1,88,5,8.82666e-4,ASV_00019,UK1
19,1,2479,6,1.44724e-4,ASV_00019,UK2
19,1,685,7,4.61512e-4,ASV_00019,SE1
20,1,1597,1,2.61789e-4,ASV_00020,IT1
20,1,1030,2,3.64065e-4,ASV_00020,IT2
20,1,2978,3,1.83733e-5,ASV_00020,IT3
20,1,1125,4,3.4352e-4,ASV_00020,FI1
20,1,211,5,7.51213e-4,ASV_00020,UK1
20,1,2461,6,1.46511e-4,ASV_00020,UK2
20,1,483,7,5.58904e-4,ASV_00020,SE1
21,1,1201,2,3.28866e-4,ASV_00021,IT2
21,1,2746,3,8.19429e-5,ASV_00021,IT3
21,1,2379,4,1.58637e-4,ASV_00021,FI1
21,1,79,5,8.92334e-4,ASV_00021,UK1
21,1,2038,6,2.01562e-4,ASV_00021,UK2
21,1,2770,7,7.32934e-5,ASV_00021,SE1
22,1,2216,1,1.79069e-4,ASV_00022,IT1
22,1,1712,2,2.44938e-4,ASV_00022,IT2
22,1,2973,3,2.11402e-5,ASV_00022,IT3
22,1,2520,4,1.37872e-4,ASV_00022,FI1
22,1,35,5,9.66959e-4,ASV_00022,UK1
22,1,2051,6,1.99574e-4,ASV_00022,UK2
22,1,1574,7,2.64627e-4,ASV_00022,SE1
23,1,748,1,4.36251e-4,ASV_00023,IT1
23,1,1520,2,2.75421e-4,ASV_00023,IT2
23,1,2922,3,3.24319e-5,ASV_00023,IT3
23,1,686,4,4.61378e-4,ASV_00023,FI1
23,1,85,5,8.8633e-4,ASV_00023,UK1
23,1,2086,6,1.95431e-4,ASV_00023,UK2
23,1,554,7,5.12555e-4,ASV_00023,SE1
24,1,1513,1,2.76719e-4,ASV_00024,IT1
24,1,803,2,4.21051e-4,ASV_00024,IT2
24,1,2904,3,3.58737e-5,ASV_00024,IT3
24,1,1553,4,2.68503e-4,ASV_00024,FI1
24,1,380,5,6.25341e-4,ASV_00024,UK1
24,1,1421,6,2.89632e-4,ASV_00024,UK2
24,1,1393,7,2.93669e-4,ASV_00024,SE1
25,1,2239,1,1.75264e-4,ASV_00025,IT1
25,1,778,2,4.27076e-4,ASV_00025,IT2
25,1,2813,3,5.82606e-5,ASV_00025,IT3
25,1,572,5,5.03717e-4,ASV_00025,UK1
26,1,1527,1,2.73442e-4,ASV_00026,IT1
26,1,1616,2,2.58855e-4,ASV_00026,IT2
26,1,2962,3,2.43858e-5,ASV_00026,IT3
26,1,955,4,3.81432e-4,ASV_00026,FI1
26,1,316,5,6.65231e-4,ASV_00026,UK1
26,1,2426,6,1.52438e-4,ASV_00026,UK2
26,1,1919,7,2.18206e-4,ASV_00026,SE1
27,1,2572,7,1.30363e-4,ASV_00027,SE1
28,1,1523,1,2.74552e-4,ASV_00028,IT1
28,1,1395,2,2.93417e-4,ASV_00028,IT2
28,1,2768,3,7.55463e-5,ASV_00028,IT3
28,1,344,4,6.51001e-4,ASV_00028,FI1
28,1,593,5,4.94026e-4,ASV_00028,UK1
28,1,1480,6,2.81566e-4,ASV_00028,UK2
28,1,1171,7,3.34567e-4,ASV_00028,SE1
29,1,1950,1,2.13343e-4,ASV_00029,IT1
29,1,683,2,4.61596e-4,ASV_00029,IT2
29,1,2827,3,5.23156e-5,ASV_00029,IT3
29,1,1606,4,2.60579e-4,ASV_00029,FI1
29,1,219,5,7.45533e-4,ASV_00029,UK1
29,1,1714,6,2.44554e-4,ASV_00029,UK2
29,1,1277,7,3.13879e-4,ASV_00029,SE1
30,1,1851,1,2.26958e-4,ASV_00030,IT1
30,1,163,2,7.94708e-4,ASV_00030,IT2
30,1,2850,3,4.83271e-5,ASV_00030,IT3
30,1,1011,4,3.67049e-4,ASV_00030,FI1
30,1,4,5,0.00108142,ASV_00030,UK1
30,1,2262,6,1.71997e-4,ASV_00030,UK2
30,1,1342,7,3.03842e-4,ASV_00030,SE1
31,1,1246,1,3.21155e-4,ASV_00031,IT1
31,1,1682,2,2.49525e-4,ASV_00031,IT2
31,1,2870,3,4.41981e-5,ASV_00031,IT3
31,1,2612,4,1.2196e-4,ASV_00031,FI1
31,1,243,5,7.22282e-4,ASV_00031,UK1
31,1,1831,6,2.2901e-4,ASV_00031,UK2
31,1,717,7,4.50431e-4,ASV_00031,SE1
32,1,2010,1,2.04929e-4,ASV_00032,IT1
32,1,2680,2,1.04055e-4,ASV_00032,IT2
32,1,2875,3,4.30725e-5,ASV_00032,IT3
32,1,679,4,4.63399e-4,ASV_00032,FI1
32,1,516,5,5.36039e-4,ASV_00032,UK1
32,1,1883,6,2.233e-4,ASV_00032,UK2
32,1,1023,7,3.6548e-4,ASV_00032,SE1
33,1,919,1,3.91919e-4,ASV_00033,IT1
33,1,2559,2,1.33192e-4,ASV_00033,IT2
33,1,2836,3,5.07114e-5,ASV_00033,IT3
33,1,666,4,4.66837e-4,ASV_00033,FI1
33,1,305,5,6.75883e-4,ASV_00033,UK1
33,1,1499,6,2.78847e-4,ASV_00033,UK2
33,1,1859,7,2.25799e-4,ASV_00033,SE1
34,1,2032,1,2.02122e-4,ASV_00034,IT1
34,1,1613,2,2.59278e-4,ASV_00034,IT2
34,1,2719,3,9.50019e-5,ASV_00034,IT3
34,1,1720,4,2.43653e-4,ASV_00034,FI1
34,1,67,5,9.08371e-4,ASV_00034,UK1
34,1,2645,6,1.13187e-4,ASV_00034,UK2
34,1,972,7,3.75873e-4,ASV_00034,SE1
35,1,2240,1,1.75141e-4,ASV_00035,IT1
35,1,1240,2,3.21876e-4,ASV_00035,IT2
35,1,2944,3,2.82982e-5,ASV_00035,IT3
35,1,1497,4,2.79257e-4,ASV_00035,FI1
35,1,244,5,7.20458e-4,ASV_00035,UK1
35,1,1429,6,2.88563e-4,ASV_00035,UK2
35,1,1960,7,2.11686e-4,ASV_00035,SE1
36,1,1710,1,2.45114e-4,ASV_00036,IT1
36,1,975,2,3.75553e-4,ASV_00036,IT2
36,1,2860,3,4.5512e-5,ASV_00036,IT3
36,1,1177,4,3.33217e-4,ASV_00036,FI1
36,1,451,5,5.79196e-4,ASV_00036,UK1
36,1,2114,6,1.90579e-4,ASV_00036,UK2
36,1,663,7,4.67293e-4,ASV_00036,SE1
37,1,1516,1,2.76121e-4,ASV_00037,IT1
37,1,435,2,5.89641e-4,ASV_00037,IT2
37,1,2917,3,3.32908e-5,ASV_00037,IT3
37,1,17,5,0.00101709,ASV_00037,UK1
37,1,2380,6,1.58595e-4,ASV_00037,UK2
37,1,1366,7,2.98597e-4,ASV_00037,SE1
38,1,1290,1,3.1214e-4,ASV_00038,IT1
38,1,1866,2,2.25015e-4,ASV_00038,IT2
38,1,2888,3,3.97059e-5,ASV_00038,IT3
38,1,60,5,9.25231e-4,ASV_00038,UK1
38,1,2131,6,1.88325e-4,ASV_00038,UK2
39,1,1055,2,3.59843e-4,ASV_00039,IT2
39,1,546,4,5.16813e-4,ASV_00039,FI1
39,1,135,5,8.26582e-4,ASV_00039,UK1
39,1,2590,6,1.2677e-4,ASV_00039,UK2
39,1,820,7,4.16784e-4,ASV_00039,SE1
40,1,1283,1,3.13305e-4,ASV_00040,IT1
40,1,2584,2,1.2797e-4,ASV_00040,IT2
40,1,2760,3,7.76309e-5,ASV_00040,IT3
40,1,1297,4,3.10916e-4,ASV_00040,FI1
40,1,439,5,5.86659e-4,ASV_00040,UK1
40,1,2230,6,1.76732e-4,ASV_00040,UK2
40,1,1679,7,2.49871e-4,ASV_00040,SE1
41,1,1079,1,3.52462e-4,ASV_00041,IT1
41,1,1500,2,2.78489e-4,ASV_00041,IT2
41,1,2818,3,5.70121e-5,ASV_00041,IT3
41,1,702,5,4.54793e-4,ASV_00041,UK1
41,1,2536,6,1.35631e-4,ASV_00041,UK2
41,1,1701,7,2.46056e-4,ASV_00041,SE1
42,1,1819,1,2.30166e-4,ASV_00042,IT1
42,1,1134,2,3.4143e-4,ASV_00042,IT2
42,1,2966,3,2.30974e-5,ASV_00042,IT3
42,1,2660,4,1.10139e-4,ASV_00042,FI1
42,1,549,5,5.14959e-4,ASV_00042,UK1
42,1,1699,6,2.47141e-4,ASV_00042,UK2
42,1,1015,7,3.66731e-4,ASV_00042,SE1
43,1,1186,1,3.31716e-4,ASV_00043,IT1
43,1,793,2,4.23244e-4,ASV_00043,IT2
43,1,2982,3,1.59425e-5,ASV_00043,IT3
43,1,146,5,8.1144e-4,ASV_00043,UK1
43,1,2583,6,1.28052e-4,ASV_00043,UK2
44,1,1906,1,2.19631e-4,ASV_00044,IT1
44,1,1107,2,3.46481e-4,ASV_00044,IT2
44,1,2805,3,6.20012e-5,ASV_00044,IT3
44,1,611,4,4.86059e-4,ASV_00044,FI1
44,1,18,5,0.00101637,ASV_00044,UK1
44,1,1633,6,2.5652e-4,ASV_00044,UK2
44,1,2065,7,1.98101e-4,ASV_00044,SE1
45,1,1985,1,2.09068e-4,ASV_00045,IT1
45,1,791,2,4.24452e-4,ASV_00045,IT2
45,1,757,4,4.33383e-4,ASV_00045,FI1
45,1,489,5,5.49714e-4,ASV_00045,UK1
45,1,1593,6,2.62362e-4,ASV_00045,UK2
45,1,2500,7,1.40698e-4,ASV_00045,SE1
46,1,1509,1,2.77398e-4,ASV_00046,IT1
46,1,598,2,4.91839e-4,ASV_00046,IT2
46,1,2909,3,3.49148e-5,ASV_00046,IT3
46,1,2423,4,1.5283e-4,ASV_00046,FI1
46,1,346,5,6.4986e-4,ASV_00046,UK1
46,1,1979,6,2.0961e-4,ASV_00046,UK2
46,1,1984,7,2.09196e-4,ASV_00046,SE1
47,1,2116,1,1.90263e-4,ASV_00047,IT1
47,1,518,2,5.35312e-4,ASV_00047,IT2
47,1,2885,3,4.06104e-5,ASV_00047,IT3
47,1,1224,5,3.24679e-4,ASV_00047,UK1
48,1,2673,1,1.07376e-4,ASV_00048,IT1
48,1,1230,2,3.23907e-4,ASV_00048,IT2
48,1,2919,3,3.29118e-5,ASV_00048,IT3
48,1,772,4,4.28582e-4,ASV_00048,FI1
48,1,229,5,7.33604e-4,ASV_00048,UK1
48,1,2502,6,1.40388e-4,ASV_00048,UK2
48,1,1654,7,2.54128e-4,ASV_00048,SE1
49,1,1375,1,2.96402e-4,ASV_00049,IT1
49,1,1116,2,3.44888e-4,ASV_00049,IT2
49,1,2874,3,4.31716e-5,ASV_00049,IT3
49,1,274,5,6.98943e-4,ASV_00049,UK1
49,1,2628,6,1.18082e-4,ASV_00049,UK2
49,1,2496,7,1.40992e-4,ASV_00049,SE1
50,1,681,2,4.62286e-4,ASV_00050,IT2
50,1,2878,3,4.23742e-5,ASV_00050,IT3
50,1,987,4,3.72221e-4,ASV_00050,FI1
50,1,256,5,7.12982e-4,ASV_00050,UK1
50,1,881,6,4.02055e-4,ASV_00050,UK2
50,1,924,7,3.90309e-4,ASV_00050,SE1
51,1,2172,1,1.8458e-4,ASV_00051,IT1
51,1,640,2,4.73824e-4,ASV_00051,IT2
51,1,2947,3,2.77714e-5,ASV_00051,IT3
51,1,453,4,5.78303e-4,ASV_00051,FI1
51,1,203,5,7.57827e-4,ASV_00051,UK1
51,1,1494,6,2.79501e-4,ASV_00051,UK2
51,1,1310,7,3.08614e-4,ASV_00051,SE1
52,1,892,2,3.97739e-4,ASV_00052,IT2
52,1,2814,3,5.82029e-5,ASV_00052,IT3
52,1,1108,4,3.46326e-4,ASV_00052,FI1
52,1,132,5,8.30545e-4,ASV_00052,UK1
52,1,2135,6,1.87827e-4,ASV_00052,UK2
52,1,1112,7,3.45103e-4,ASV_00052,SE1
53,1,2200,1,1.81834e-4,ASV_00053,IT1
53,1,1736,2,2.4175e-4,ASV_00053,IT2
53,1,2908,3,3.49304e-5,ASV_00053,IT3
53,1,1183,4,3.32122e-4,ASV_00053,FI1
53,1,667,5,4.66683e-4,ASV_00053,UK1
53,1,1954,6,2.1308e-4,ASV_00053,UK2
53,1,612,7,4.85991e-4,ASV_00053,SE1
54,1,2742,1,8.53902e-5,ASV_00054,IT1
54,1,1296,2,3.11143e-4,ASV_00054,IT2
54,1,2988,3,1.20848e-5,ASV_00054,IT3
54,1,633,4,4.76724e-4,ASV_00054,FI1
54,1,66,5,9.11041e-4,ASV_00054,UK1
54,1,2683,6,1.03568e-4,ASV_00054,UK2
54,1,2698,7,1.00777e-4,ASV_00054,SE1
55,1,1881,1,2.23615e-4,ASV_00055,IT1
55,1,2194,2,1.82656e-4,ASV_00055,IT2
55,1,2790,3,6.77327e-5,ASV_00055,IT3
55,1,1239,4,3.22265e-4,ASV_00055,FI1
55,1,276,5,6.96769e-4,ASV_00055,UK1
55,1,1354,6,3.01715e-4,ASV_00055,UK2
55,1,1430,7,2.88524e-4,ASV_00055,SE1
56,1,2156,1,1.86185e-4,ASV_00056,IT1
56,1,600,2,4.90924e-4,ASV_00056,IT2
56,1,2822,3,5.4051e-5,ASV_00056,IT3
56,1,812,4,4.18874e-4,ASV_00056,FI1
56,1,217,5,7.48439e-4,ASV_00056,UK1
56,1,2806,6,6.1666e-5,ASV_00056,UK2
56,1,2695,7,1.01194e-4,ASV_00056,SE1
57,1,1160,1,3.36855e-4,ASV_00057,IT1
57,1,1656,2,2.53871e-4,ASV_00057,IT2
57,1,2776,3,7.20558e-5,ASV_00057,IT3
57,1,1550,4,2.68936e-4,ASV_00057,FI1
57,1,467,5,5.70001e-4,ASV_00057,UK1
57,1,2620,6,1.19846e-4,ASV_00057,UK2
57,1,2107,7,1.91969e-4,ASV_00057,SE1
58,1,1665,1,2.52482e-4,ASV_00058,IT1
58,1,1767,2,2.36504e-4,ASV_00058,IT2
58,1,2819,3,5.60452e-5,ASV_00058,IT3
58,1,698,4,4.57975e-4,ASV_00058,FI1
58,1,349,5,6.47938e-4,ASV_00058,UK1
58,1,2494,6,1.41657e-4,ASV_00058,UK2
58,1,743,7,4.38048e-4,ASV_00058,SE1
59,1,1908,1,2.19356e-4,ASV_00059,IT1
59,1,993,2,3.71604e-4,ASV_00059,IT2
59,1,2868,3,4.45604e-5,ASV_00059,IT3
59,1,1370,4,2.97705e-4,ASV_00059,FI1
59,1,300,5,6.81824e-4,ASV_00059,UK1
59,1,2285,6,1.69062e-4,ASV_00059,UK2
59,1,393,7,6.15974e-4,ASV_00059,SE1
60,1,627,2,4.78485e-4,ASV_00060,IT2
60,1,1705,4,2.45566e-4,ASV_00060,FI1
60,1,246,5,7.20073e-4,ASV_00060,UK1
60,1,2068,6,1.97995e-4,ASV_00060,UK2
60,1,2672,7,1.07468e-4,ASV_00060,SE1
61,1,1031,2,3.63927e-4,ASV_00061,IT2
61,1,1639,4,2.56061e-4,ASV_00061,FI1
61,1,226,5,7.38094e-4,ASV_00061,UK1
61,1,2202,6,1.81201e-4,ASV_00061,UK2
61,1,758,7,4.33353e-4,ASV_00061,SE1
62,1,2568,1,1.30858e-4,ASV_00062,IT1
62,1,1592,2,2.62444e-4,ASV_00062,IT2
62,1,2977,3,1.97662e-5,ASV_00062,IT3
62,1,1696,4,2.47337e-4,ASV_00062,FI1
62,1,278,5,6.96297e-4,ASV_00062,UK1
62,1,2670,6,1.0812e-4,ASV_00062,UK2
62,1,1910,7,2.18956e-4,ASV_00062,SE1
63,1,1231,1,3.23722e-4,ASV_00063,IT1
63,1,1876,2,2.24174e-4,ASV_00063,IT2
63,1,2992,3,1.11066e-5,ASV_00063,IT3
63,1,1270,4,3.14912e-4,ASV_00063,FI1
63,1,328,5,6.58731e-4,ASV_00063,UK1
63,1,1213,6,3.26624e-4,ASV_00063,UK2
63,1,1742,7,2.40785e-4,ASV_00063,SE1
64,1,2591,1,1.26448e-4,ASV_00064,IT1
64,1,1455,2,2.84416e-4,ASV_00064,IT2
64,1,2894,3,3.76899e-5,ASV_00064,IT3
64,1,497,4,5.45441e-4,ASV_00064,FI1
64,1,1070,5,3.55697e-4,ASV_00064,UK1
64,1,2418,6,1.53432e-4,ASV_00064,UK2
64,1,879,7,4.02841e-4,ASV_00064,SE1
65,1,824,1,4.15817e-4,ASV_00065,IT1
65,1,2052,2,1.99098e-4,ASV_00065,IT2
65,1,2871,3,4.4118e-5,ASV_00065,IT3
65,1,149,5,8.07316e-4,ASV_00065,UK1
66,1,377,2,6.28482e-4,ASV_00066,IT2
66,1,594,4,4.93671e-4,ASV_00066,FI1
66,1,167,5,7.89303e-4,ASV_00066,UK1
66,1,1996,6,2.07626e-4,ASV_00066,UK2
66,1,1261,7,3.16604e-4,ASV_00066,SE1
67,1,2491,1,1.42516e-4,ASV_00067,IT1
67,1,673,2,4.63969e-4,ASV_00067,IT2
67,1,2950,3,2.7598e-5,ASV_00067,IT3
67,1,590,4,4.94474e-4,ASV_00067,FI1
67,1,425,5,5.93503e-4,ASV_00067,UK1
67,1,2696,6,1.01085e-4,ASV_00067,UK2
67,1,1268,7,3.15817e-4,ASV_00067,SE1
68,1,1477,1,2.81984e-4,ASV_00068,IT1
68,1,520,2,5.33895e-4,ASV_00068,IT2
68,1,2799,3,6.47063e-5,ASV_00068,IT3
68,1,267,5,7.02268e-4,ASV_00068,UK1
68,1,1796,6,2.32239e-4,ASV_00068,UK2
69,1,468,2,5.66713e-4,ASV_00069,IT2
69,1,2877,3,4.25719e-5,ASV_00069,IT3
69,1,1139,4,3.39766e-4,ASV_00069,FI1
69,1,410,5,6.03532e-4,ASV_00069,UK1
69,1,1744,6,2.4064e-4,ASV_00069,UK2
69,1,2345,7,1.62422e-4,ASV_00069,SE1
70,1,2705,1,9.94351e-5,ASV_00070,IT1
70,1,539,2,5.20844e-4,ASV_00070,IT2
70,1,2721,3,9.41032e-5,ASV_00070,IT3
70,1,1141,4,3.39189e-4,ASV_00070,FI1
70,1,327,5,6.58817e-4,ASV_00070,UK1
70,1,2147,6,1.87057e-4,ASV_00070,UK2
70,1,532,7,5.23972e-4,ASV_00070,SE1
71,1,1976,1,2.09807e-4,ASV_00071,IT1
71,1,348,2,6.48803e-4,ASV_00071,IT2
71,1,2905,3,3.56448e-5,ASV_00071,IT3
71,1,1001,4,3.69066e-4,ASV_00071,FI1
71,1,444,5,5.82868e-4,ASV_00071,UK1
71,1,2264,6,1.71783e-4,ASV_00071,UK2
71,1,517,7,5.35555e-4,ASV_00071,SE1
72,1,1275,2,3.1415e-4,ASV_00072,IT2
72,1,184,5,7.76245e-4,ASV_00072,UK1
72,1,2359,6,1.61331e-4,ASV_00072,UK2
73,1,2193,1,1.82711e-4,ASV_00073,IT1
73,1,1861,2,2.25533e-4,ASV_00073,IT2
73,1,2797,3,6.49258e-5,ASV_00073,IT3
73,1,37,5,9.63505e-4,ASV_00073,UK1
73,1,2342,6,1.62789e-4,ASV_00073,UK2
74,1,1064,2,3.58552e-4,ASV_00074,IT2
74,1,620,5,4.81437e-4,ASV_00074,UK1
74,1,2539,6,1.35188e-4,ASV_00074,UK2
74,1,2099,7,1.92999e-4,ASV_00074,SE1
75,1,2198,1,1.82033e-4,ASV_00075,IT1
75,1,1077,2,3.53115e-4,ASV_00075,IT2
75,1,2890,3,3.95794e-5,ASV_00075,IT3
75,1,36,5,9.66378e-4,ASV_00075,UK1
75,1,2093,6,1.94419e-4,ASV_00075,UK2
76,1,1719,1,2.43905e-4,ASV_00076,IT1
76,1,561,2,5.09713e-4,ASV_00076,IT2
76,1,2960,3,2.46626e-5,ASV_00076,IT3
76,1,2329,4,1.64304e-4,ASV_00076,FI1
76,1,195,5,7.67997e-4,ASV_00076,UK1
76,1,1465,6,2.83254e-4,ASV_00076,UK2
76,1,1570,7,2.65066e-4,ASV_00076,SE1
77,1,2100,1,1.92571e-4,ASV_00077,IT1
77,1,414,2,6.01701e-4,ASV_00077,IT2
77,1,2851,3,4.82538e-5,ASV_00077,IT3
78,1,1813,1,2.30358e-4,ASV_00078,IT1
78,1,1317,2,3.07239e-4,ASV_00078,IT2
78,1,2889,3,3.9673e-5,ASV_00078,IT3
78,1,896,4,3.9743e-4,ASV_00078,FI1
78,1,50,5,9.39835e-4,ASV_00078,UK1
78,1,1697,6,2.47325e-4,ASV_00078,UK2
78,1,826,7,4.1501e-4,ASV_00078,SE1
79,1,2042,1,2.00805e-4,ASV_00079,IT1
79,1,112,2,8.57473e-4,ASV_00079,IT2
79,1,2935,3,3.04938e-5,ASV_00079,IT3
79,1,734,5,4.43357e-4,ASV_00079,UK1
79,1,2767,6,7.55841e-5,ASV_00079,UK2
80,1,1033,2,3.63679e-4,ASV_00080,IT2
80,1,2852,3,4.79882e-5,ASV_00080,IT3
80,1,2433,4,1.51907e-4,ASV_00080,FI1
80,1,201,5,7.58475e-4,ASV_00080,UK1
80,1,2317,6,1.65543e-4,ASV_00080,UK2
80,1,1057,7,3.5969e-4,ASV_00080,SE1
81,1,1702,1,2.45908e-4,ASV_00081,IT1
81,1,770,2,4.29258e-4,ASV_00081,IT2
81,1,2931,3,3.08412e-5,ASV_00081,IT3
81,1,1427,4,2.88665e-4,ASV_00081,FI1
81,1,366,5,6.33295e-4,ASV_00081,UK1
81,1,2123,6,1.89378e-4,ASV_00081,UK2
81,1,1400,7,2.92389e-4,ASV_00081,SE1
82,1,131,5,8.30869e-4,ASV_00082,UK1
82,1,2137,6,1.8771e-4,ASV_00082,UK2
82,1,591,7,4.94086e-4,ASV_00082,SE1
83,1,1636,1,2.56223e-4,ASV_00083,IT1
83,1,607,2,4.87226e-4,ASV_00083,IT2
83,1,2955,3,2.63973e-5,ASV_00083,IT3
83,1,455,4,5.77663e-4,ASV_00083,FI1
83,1,487,5,5.5144e-4,ASV_00083,UK1
83,1,2534,6,1.35996e-4,ASV_00083,UK2
83,1,676,7,4.63572e-4,ASV_00083,SE1
84,1,2077,1,1.96224e-4,ASV_00084,IT1
84,1,1521,2,2.74915e-4,ASV_00084,IT2
84,1,2839,3,4.99072e-5,ASV_00084,IT3
84,1,1035,4,3.63355e-4,ASV_00084,FI1
84,1,1610,5,2.59755e-4,ASV_00084,UK1
84,1,2229,6,1.76948e-4,ASV_00084,UK2
84,1,1532,7,2.73093e-4,ASV_00084,SE1
85,1,1458,2,2.84248e-4,ASV_00085,IT2
85,1,1389,4,2.94696e-4,ASV_00085,FI1
85,1,207,5,7.53239e-4,ASV_00085,UK1
85,1,2356,6,1.61545e-4,ASV_00085,UK2
85,1,2497,7,1.40957e-4,ASV_00085,SE1
86,1,1733,1,2.4248e-4,ASV_00086,IT1
86,1,1259,2,3.17116e-4,ASV_00086,IT2
86,1,2987,3,1.27006e-5,ASV_00086,IT3
86,1,691,4,4.59816e-4,ASV_00086,FI1
86,1,247,5,7.18956e-4,ASV_00086,UK1
86,1,2296,6,1.6798e-4,ASV_00086,UK2
86,1,1599,7,2.61523e-4,ASV_00086,SE1
87,1,1256,1,3.18434e-4,ASV_00087,IT1
87,1,525,2,5.32475e-4,ASV_00087,IT2
87,1,2833,3,5.13385e-5,ASV_00087,IT3
87,1,2459,4,1.46879e-4,ASV_00087,FI1
87,1,74,5,9.02354e-4,ASV_00087,UK1
87,1,2798,6,6.47892e-5,ASV_00087,UK2
87,1,1827,7,2.29522e-4,ASV_00087,SE1
88,1,1341,1,3.03903e-4,ASV_00088,IT1
88,1,965,2,3.78086e-4,ASV_00088,IT2
88,1,402,5,6.10359e-4,ASV_00088,UK1
88,1,2697,6,1.00902e-4,ASV_00088,UK2
88,1,542,7,5.19426e-4,ASV_00088,SE1
89,1,1936,1,2.14652e-4,ASV_00089,IT1
89,1,519,2,5.34488e-4,ASV_00089,IT2
89,1,2824,3,5.32655e-5,ASV_00089,IT3
89,1,127,5,8.39984e-4,ASV_00089,UK1
89,1,2425,6,1.52515e-4,ASV_00089,UK2
90,1,2676,1,1.05863e-4,ASV_00090,IT1
90,1,460,2,5.73235e-4,ASV_00090,IT2
90,1,2914,3,3.42119e-5,ASV_00090,IT3
90,1,930,4,3.88887e-4,ASV_00090,FI1
90,1,493,5,5.47687e-4,ASV_00090,UK1
90,1,2635,6,1.16055e-4,ASV_00090,UK2
90,1,2180,7,1.83777e-4,ASV_00090,SE1
91,1,1373,1,2.97071e-4,ASV_00091,IT1
91,1,1227,2,3.24122e-4,ASV_00091,IT2
91,1,2863,3,4.50357e-5,ASV_00091,IT3
91,1,252,5,7.14289e-4,ASV_00091,UK1
91,1,2222,6,1.78329e-4,ASV_00091,UK2
92,1,2578,1,1.29112e-4,ASV_00092,IT1
92,1,2121,2,1.89495e-4,ASV_00092,IT2
92,1,2867,3,4.46922e-5,ASV_00092,IT3
92,1,2337,4,1.63256e-4,ASV_00092,FI1
92,1,291,5,6.85579e-4,ASV_00092,UK1
92,1,2191,6,1.82908e-4,ASV_00092,UK2
92,1,1808,7,2.30585e-4,ASV_00092,SE1
93,1,1266,1,3.1608e-4,ASV_00093,IT1
93,1,2607,2,1.22807e-4,ASV_00093,IT2
93,1,971,4,3.76476e-4,ASV_00093,FI1
93,1,571,5,5.04903e-4,ASV_00093,UK1
93,1,2432,6,1.51981e-4,ASV_00093,UK2
93,1,1933,7,2.14937e-4,ASV_00093,SE1
94,1,1192,2,3.30804e-4,ASV_00094,IT2
94,1,1640,4,2.5594e-4,ASV_00094,FI1
94,1,32,5,9.72271e-4,ASV_00094,UK1
94,1,2570,6,1.30655e-4,ASV_00094,UK2
94,1,1830,7,2.29203e-4,ASV_00094,SE1
95,1,1453,1,2.84534e-4,ASV_00095,IT1
95,1,1447,2,2.85705e-4,ASV_00095,IT2
95,1,2989,3,1.177e-5,ASV_00095,IT3
95,1,277,5,6.96677e-4,ASV_00095,UK1
95,1,1939,6,2.14404e-4,ASV_00095,UK2
95,1,860,7,4.0814e-4,ASV_00095,SE1
96,1,1932,1,2.1503e-4,ASV_00096,IT1
96,1,325,2,6.59592e-4,ASV_00096,IT2
96,1,2979,3,1.80154e-5,ASV_00096,IT3
96,1,1379,4,2.95843e-4,ASV_00096,FI1
96,1,16,5,0.00102066,ASV_00096,UK1
96,1,2138,6,1.87655e-4,ASV_00096,UK2
96,1,1783,7,2.34187e-4,ASV_00096,SE1
97,1,1765,1,2.37116e-4,ASV_00097,IT1
97,1,1938,2,2.14429e-4,ASV_00097,IT2
97,1,2899,3,3.63071e-5,ASV_00097,IT3
97,1,282,5,6.93195e-4,ASV_00097,UK1
97,1,1993,6,2.07798e-4,ASV_00097,UK2
97,1,2289,7,1.68973e-4,ASV_00097,SE1
98,1,1298,1,3.10831e-4,ASV_00098,IT1
98,1,583,2,4.97877e-4,ASV_00098,IT2
98,1,2844,3,4.92678e-5,ASV_00098,IT3
98,1,587,5,4.95926e-4,ASV_00098,UK1
99,1,727,1,4.46408e-4,ASV_00099,IT1
99,1,1019,2,3.6601e-4,ASV_00099,IT2
99,1,672,4,4.64002e-4,ASV_00099,FI1
99,1,526,5,5.3225e-4,ASV_00099,UK1
99,1,2722,6,9.39695e-5,ASV_00099,UK2
100,1,1653,2,2.54138e-4,ASV_00100,IT2
100,1,2963,3,2.43851e-5,ASV_00100,IT3
100,1,996,4,3.71072e-4,ASV_00100,FI1
100,1,368,5,6.32366e-4,ASV_00100,UK1
100,1,2597,6,1.24841e-4,ASV_00100,UK2
100,1,2314,7,1.66066e-4,ASV_00100,SE1
101,1,1723,1,2.43396e-4,ASV_00101,IT1
101,1,1845,2,2.27711e-4,ASV_00101,IT2
101,1,1559,4,2.67595e-4,ASV_00101,FI1
101,1,357,5,6.40455e-4,ASV_00101,UK1
101,1,2405,6,1.55234e-4,ASV_00101,UK2
101,1,1081,7,3.52394e-4,ASV_00101,SE1
102,1,2185,1,1.8328e-4,ASV_00102,IT1
102,1,551,2,5.14417e-4,ASV_00102,IT2
102,1,2786,3,6.88071e-5,ASV_00102,IT3
102,1,441,5,5.86152e-4,ASV_00102,UK1
102,1,2514,6,1.38419e-4,ASV_00102,UK2
103,1,1044,1,3.62179e-4,ASV_00103,IT1
103,1,1061,2,3.59252e-4,ASV_00103,IT2
103,1,2933,3,3.04988e-5,ASV_00103,IT3
103,1,98,5,8.68918e-4,ASV_00103,UK1
103,1,1452,6,2.847e-4,ASV_00103,UK2
104,1,394,2,6.15822e-4,ASV_00104,IT2
104,1,2974,3,2.10868e-5,ASV_00104,IT3
104,1,1535,4,2.72366e-4,ASV_00104,FI1
104,1,190,5,7.72506e-4,ASV_00104,UK1
104,1,1986,6,2.09003e-4,ASV_00104,UK2
104,1,1170,7,3.34568e-4,ASV_00104,SE1
105,1,2291,1,1.68764e-4,ASV_00105,IT1
105,1,890,2,3.9826e-4,ASV_00105,IT2
105,1,2985,3,1.29094e-5,ASV_00105,IT3
105,1,1668,4,2.51853e-4,ASV_00105,FI1
105,1,56,5,9.31779e-4,ASV_00105,UK1
105,1,2252,6,1.73594e-4,ASV_00105,UK2
105,1,668,7,4.66672e-4,ASV_00105,SE1
106,1,1768,1,2.36227e-4,ASV_00106,IT1
106,1,476,2,5.61822e-4,ASV_00106,IT2
106,1,1492,4,2.79838e-4,ASV_00106,FI1
106,1,99,5,8.6685e-4,ASV_00106,UK1
106,1,2574,6,1.30272e-4,ASV_00106,UK2
106,1,1648,7,2.54616e-4,ASV_00106,SE1
107,1,1750,1,2.39501e-4,ASV_00107,IT1
107,1,1646,2,2.55113e-4,ASV_00107,IT2
107,1,2916,3,3.34054e-5,ASV_00107,IT3
107,1,1448,4,2.85572e-4,ASV_00107,FI1
107,1,399,5,6.13298e-4,ASV_00107,UK1
107,1,2347,6,1.62181e-4,ASV_00107,UK2
107,1,897,7,3.96924e-4,ASV_00107,SE1
108,1,953,2,3.81933e-4,ASV_00108,IT2
108,1,335,5,6.54194e-4,ASV_00108,UK1
108,1,2524,6,1.37177e-4,ASV_00108,UK2
109,1,779,2,4.2686e-4,ASV_00109,IT2
109,1,947,4,3.82777e-4,ASV_00109,FI1
109,1,242,5,7.24107e-4,ASV_00109,UK1
109,1,2295,6,1.68034e-4,ASV_00109,UK2
109,1,1385,7,2.95331e-4,ASV_00109,SE1
110,1,1617,1,2.5883e-4,ASV_00110,IT1
110,1,832,2,4.14505e-4,ASV_00110,IT2
110,1,311,5,6.71688e-4,ASV_00110,UK1
110,1,2015,6,2.0464e-4,ASV_00110,UK2
110,1,1773,7,2.35653e-4,ASV_00110,SE1
111,1,1748,1,2.40234e-4,ASV_00111,IT1
111,1,621,2,4.8077e-4,ASV_00111,IT2
111,1,2924,3,3.19783e-5,ASV_00111,IT3
111,1,396,5,6.14599e-4,ASV_00111,UK1
112,1,1771,1,2.35934e-4,ASV_00112,IT1
112,1,941,2,3.8375e-4,ASV_00112,IT2
112,1,2932,3,3.06794e-5,ASV_00112,IT3
112,1,1046,4,3.6167e-4,ASV_00112,FI1
112,1,168,5,7.89266e-4,ASV_00112,UK1
112,1,2587,6,1.27243e-4,ASV_00112,UK2
112,1,1666,7,2.52272e-4,ASV_00112,SE1
113,1,1294,1,3.11509e-4,ASV_00113,IT1
113,1,1145,2,3.38896e-4,ASV_00113,IT2
113,1,2995,3,9.66893e-6,ASV_00113,IT3
113,1,632,4,4.76823e-4,ASV_00113,FI1
113,1,212,5,7.50841e-4,ASV_00113,UK1
113,1,2619,6,1.20008e-4,ASV_00113,UK2
113,1,2553,7,1.3419e-4,ASV_00113,SE1
114,1,1406,1,2.91595e-4,ASV_00114,IT1
115,1,1353,2,3.0177e-4,ASV_00115,IT2
115,1,405,5,6.06633e-4,ASV_00115,UK1
116,1,2250,1,1.74024e-4,ASV_00116,IT1
116,1,802,2,4.21654e-4,ASV_00116,IT2
116,1,2968,3,2.26655e-5,ASV_00116,IT3
116,1,940,4,3.84099e-4,ASV_00116,FI1
116,1,351,5,6.47291e-4,ASV_00116,UK1
116,1,2712,6,9.74064e-5,ASV_00116,UK2
116,1,1087,7,3.50955e-4,ASV_00116,SE1
117,1,2179,1,1.83851e-4,ASV_00117,IT1
117,1,1680,2,2.49759e-4,ASV_00117,IT2
117,1,2907,3,3.53927e-5,ASV_00117,IT3
117,1,1937,4,2.146e-4,ASV_00117,FI1
117,1,84,5,8.87594e-4,ASV_00117,UK1
117,1,2371,6,1.59722e-4,ASV_00117,UK2
118,1,1326,1,3.05627e-4,ASV_00118,IT1
118,1,522,2,5.33564e-4,ASV_00118,IT2
118,1,1546,4,2.70014e-4,ASV_00118,FI1
118,1,162,5,7.95506e-4,ASV_00118,UK1
118,1,2734,6,8.91773e-5,ASV_00118,UK2
118,1,2120,7,1.89892e-4,ASV_00118,SE1
119,1,564,2,5.08809e-4,ASV_00119,IT2
119,1,2857,3,4.66211e-5,ASV_00119,IT3
119,1,1007,4,3.6762e-4,ASV_00119,FI1
119,1,707,5,4.53794e-4,ASV_00119,UK1
119,1,2249,6,1.7413e-4,ASV_00119,UK2
120,1,2039,1,2.00923e-4,ASV_00120,IT1
120,1,2076,2,1.96593e-4,ASV_00120,IT2
120,1,534,5,5.23441e-4,ASV_00120,UK1
120,1,2360,6,1.61122e-4,ASV_00120,UK2
120,1,811,7,4.18894e-4,ASV_00120,SE1
121,1,1363,4,2.99104e-4,ASV_00121,FI1
121,1,55,5,9.34489e-4,ASV_00121,UK1
121,1,1907,6,2.19458e-4,ASV_00121,UK2
122,1,1669,1,2.51827e-4,ASV_00122,IT1
122,1,1468,2,2.82564e-4,ASV_00122,IT2
122,1,2853,3,4.77481e-5,ASV_00122,IT3
122,1,53,5,9.36757e-4,ASV_00122,UK1
123,1,1020,2,3.65877e-4,ASV_00123,IT2
123,1,704,4,4.54358e-4,ASV_00123,FI1
123,1,159,5,7.96596e-4,ASV_00123,UK1
123,1,2593,6,1.25891e-4,ASV_00123,UK2
123,1,927,7,3.89734e-4,ASV_00123,SE1
124,1,1530,1,2.73112e-4,ASV_00125,IT1
124,1,2585,2,1.27739e-4,ASV_00125,IT2
124,1,923,4,3.90444e-4,ASV_00125,FI1
124,1,389,5,6.17183e-4,ASV_00125,UK1
124,1,2258,6,1.72947e-4,ASV_00125,UK2
124,1,1826,7,2.29603e-4,ASV_00125,SE1
125,1,1576,4,2.64594e-4,ASV_00126,FI1
125,1,853,5,4.09696e-4,ASV_00126,UK1
125,1,2535,6,1.35748e-4,ASV_00126,UK2
125,1,1674,7,2.5076e-4,ASV_00126,SE1
126,1,2443,1,1.49454e-4,ASV_00127,IT1
126,1,878,2,4.02902e-4,ASV_00127,IT2
126,1,2856,3,4.66317e-5,ASV_00127,IT3
126,1,2682,6,1.03629e-4,ASV_00127,UK2
127,1,2108,1,1.91932e-4,ASV_00128,IT1
127,1,1588,2,2.62988e-4,ASV_00128,IT2
127,1,2967,3,2.27164e-5,ASV_00128,IT3
127,1,2589,4,1.26809e-4,ASV_00128,FI1
127,1,156,5,7.98407e-4,ASV_00128,UK1
127,1,1842,6,2.28302e-4,ASV_00128,UK2
127,1,872,7,4.05225e-4,ASV_00128,SE1
128,1,2663,1,1.0986e-4,ASV_00129,IT1
128,1,1280,2,3.13564e-4,ASV_00129,IT2
128,1,2938,3,2.937e-5,ASV_00129,IT3
128,1,353,5,6.45557e-4,ASV_00129,UK1
128,1,2656,6,1.11506e-4,ASV_00129,UK2
129,1,1751,1,2.39448e-4,ASV_00130,IT1
129,1,602,2,4.90205e-4,ASV_00130,IT2
129,1,2893,3,3.8053e-5,ASV_00130,IT3
129,1,1205,4,3.27829e-4,ASV_00130,FI1
129,1,329,5,6.58293e-4,ASV_00130,UK1
129,1,2271,6,1.70788e-4,ASV_00130,UK2
130,1,1410,1,2.91212e-4,ASV_00131,IT1
130,1,625,2,4.80059e-4,ASV_00131,IT2
130,1,2940,3,2.90401e-5,ASV_00131,IT3
130,1,837,4,4.13487e-4,ASV_00131,FI1
130,1,46,5,9.47129e-4,ASV_00131,UK1
130,1,2276,6,1.70282e-4,ASV_00131,UK2
130,1,356,7,6.40862e-4,ASV_00131,SE1
131,1,1222,2,3.25184e-4,ASV_00132,IT2
131,1,463,5,5.72071e-4,ASV_00132,UK1
131,1,2530,6,1.36659e-4,ASV_00132,UK2
132,1,2378,1,1.58707e-4,ASV_00133,IT1
132,1,504,2,5.41218e-4,ASV_00133,IT2
132,1,2876,3,4.28852e-5,ASV_00133,IT3
132,1,1337,4,3.0426e-4,ASV_00133,FI1
132,1,10,5,0.00104547,ASV_00133,UK1
132,1,2164,6,1.85375e-4,ASV_00133,UK2
133,1,1638,4,2.56117e-4,ASV_00134,FI1
133,1,175,5,7.82829e-4,ASV_00134,UK1
133,1,2693,6,1.01988e-4,ASV_00134,UK2
133,1,1569,7,2.65169e-4,ASV_00134,SE1
134,1,2976,3,2.00791e-5,ASV_00135,IT3
134,1,1374,4,2.96744e-4,ASV_00135,FI1
134,1,428,5,5.92366e-4,ASV_00135,UK1
134,1,1234,6,3.23193e-4,ASV_00135,UK2
134,1,2158,7,1.85994e-4,ASV_00135,SE1
135,1,2030,1,2.02314e-4,ASV_00136,IT1
135,1,700,2,4.56492e-4,ASV_00136,IT2
135,1,2810,3,5.9989e-5,ASV_00136,IT3
135,1,1539,4,2.71807e-4,ASV_00136,FI1
135,1,864,5,4.06451e-4,ASV_00136,UK1
135,1,2283,6,1.69313e-4,ASV_00136,UK2
135,1,1757,7,2.3821e-4,ASV_00136,SE1
136,1,1667,1,2.52248e-4,ASV_00137,IT1
136,1,1221,2,3.25279e-4,ASV_00137,IT2
136,1,2892,3,3.81614e-5,ASV_00137,IT3
136,1,233,5,7.30321e-4,ASV_00137,UK1
136,1,2437,6,1.504e-4,ASV_00137,UK2
137,1,1475,2,2.82144e-4,ASV_00138,IT2
137,1,968,4,3.76907e-4,ASV_00138,FI1
137,1,209,5,7.52716e-4,ASV_00138,UK1
137,1,2595,6,1.25079e-4,ASV_00138,UK2
137,1,907,7,3.94378e-4,ASV_00138,SE1
138,1,1619,1,2.58583e-4,ASV_00139,IT1
138,1,944,2,3.8318e-4,ASV_00139,IT2
138,1,20,5,0.00101589,ASV_00139,UK1
138,1,959,6,3.79536e-4,ASV_00139,UK2
138,1,1308,7,3.08879e-4,ASV_00139,SE1
139,1,1926,1,2.16015e-4,ASV_00140,IT1
139,1,1196,2,3.30086e-4,ASV_00140,IT2
139,1,2815,3,5.80758e-5,ASV_00140,IT3
139,1,2218,4,1.78797e-4,ASV_00140,FI1
139,1,343,5,6.51088e-4,ASV_00140,UK1
139,1,1982,6,2.09379e-4,ASV_00140,UK2
139,1,1766,7,2.36533e-4,ASV_00140,SE1
140,1,1655,1,2.54062e-4,ASV_00141,IT1
140,1,706,2,4.53923e-4,ASV_00141,IT2
140,1,2846,3,4.89966e-5,ASV_00141,IT3
140,1,63,5,9.18276e-4,ASV_00141,UK1
140,1,2615,6,1.21372e-4,ASV_00141,UK2
140,1,531,7,5.25996e-4,ASV_00141,SE1
141,1,1247,1,3.20613e-4,ASV_00142,IT1
141,1,391,2,6.17002e-4,ASV_00142,IT2
141,1,2759,3,7.77618e-5,ASV_00142,IT3
141,1,1420,4,2.90141e-4,ASV_00142,FI1
141,1,286,5,6.89451e-4,ASV_00142,UK1
141,1,2130,6,1.88428e-4,ASV_00142,UK2
141,1,1412,7,2.9109e-4,ASV_00142,SE1
142,1,279,5,6.95933e-4,ASV_00143,UK1
142,1,2775,6,7.22429e-5,ASV_00143,UK2
142,1,2393,7,1.57085e-4,ASV_00143,SE1
143,1,1154,1,3.37737e-4,ASV_00144,IT1
143,1,1678,2,2.50242e-4,ASV_00144,IT2
143,1,2826,3,5.25401e-5,ASV_00144,IT3
143,1,690,4,4.60018e-4,ASV_00144,FI1
143,1,364,5,6.35169e-4,ASV_00144,UK1
143,1,1028,6,3.64167e-4,ASV_00144,UK2
143,1,1086,7,3.51347e-4,ASV_00144,SE1
144,1,1690,1,2.48036e-4,ASV_00145,IT1
144,1,1362,2,2.99116e-4,ASV_00145,IT2
144,1,2838,3,4.99491e-5,ASV_00145,IT3
144,1,238,5,7.26642e-4,ASV_00145,UK1
145,1,643,2,4.73271e-4,ASV_00146,IT2
145,1,2923,3,3.2387e-5,ASV_00146,IT3
145,1,808,4,4.19443e-4,ASV_00146,FI1
145,1,383,5,6.21172e-4,ASV_00146,UK1
145,1,2083,6,1.95697e-4,ASV_00146,UK2
145,1,2484,7,1.43577e-4,ASV_00146,SE1
146,1,1838,1,2.28721e-4,ASV_00147,IT1
146,1,1185,2,3.31945e-4,ASV_00147,IT2
146,1,2996,3,9.65886e-6,ASV_00147,IT3
146,1,342,5,6.51325e-4,ASV_00147,UK1
146,1,2702,6,9.99455e-5,ASV_00147,UK2
147,1,1327,1,3.05405e-4,ASV_00148,IT1
147,1,2204,2,1.81009e-4,ASV_00148,IT2
147,1,2949,3,2.76608e-5,ASV_00148,IT3
147,1,1485,4,2.80606e-4,ASV_00148,FI1
147,1,585,5,4.9687e-4,ASV_00148,UK1
147,1,1952,6,2.13164e-4,ASV_00148,UK2
147,1,1333,7,3.04334e-4,ASV_00148,SE1
148,1,1994,4,2.07744e-4,ASV_00149,FI1
148,1,1409,5,2.91361e-4,ASV_00149,UK1
148,1,1624,6,2.5802e-4,ASV_00149,UK2
148,1,1358,7,2.99677e-4,ASV_00149,SE1
149,1,1921,1,2.17956e-4,ASV_00150,IT1
149,1,818,2,4.17084e-4,ASV_00150,IT2
149,1,2920,3,3.26013e-5,ASV_00150,IT3
150,1,1464,2,2.83364e-4,ASV_00151,IT2
150,1,2927,3,3.16837e-5,ASV_00151,IT3
150,1,1144,4,3.3899e-4,ASV_00151,FI1
150,1,86,5,8.83522e-4,ASV_00151,UK1
150,1,2450,6,1.48059e-4,ASV_00151,UK2
150,1,1878,7,2.23822e-4,ASV_00151,SE1
151,1,2033,1,2.02034e-4,ASV_00152,IT1
151,1,1770,2,2.3604e-4,ASV_00152,IT2
151,1,1189,4,3.3138e-4,ASV_00152,FI1
151,1,210,5,7.52031e-4,ASV_00152,UK1
151,1,1501,6,2.78318e-4,ASV_00152,UK2
151,1,1218,7,3.25515e-4,ASV_00152,SE1
152,1,618,2,4.81932e-4,ASV_00153,IT2
152,1,2930,3,3.09873e-5,ASV_00153,IT3
152,1,448,5,5.80116e-4,ASV_00153,UK1
152,1,2752,6,7.91719e-5,ASV_00153,UK2
153,1,817,1,4.17277e-4,ASV_00154,IT1
153,1,562,2,5.09327e-4,ASV_00154,IT2
153,1,161,5,7.95596e-4,ASV_00154,UK1
154,1,1235,1,3.23101e-4,ASV_00155,IT1
154,1,579,2,4.9973e-4,ASV_00155,IT2
154,1,2861,3,4.52972e-5,ASV_00155,IT3
154,1,1474,4,2.82182e-4,ASV_00155,FI1
154,1,331,5,6.57574e-4,ASV_00155,UK1
154,1,2549,6,1.34376e-4,ASV_00155,UK2
154,1,1188,7,3.31414e-4,ASV_00155,SE1
155,1,1832,1,2.2898e-4,ASV_00156,IT1
155,1,1135,2,3.40966e-4,ASV_00156,IT2
155,1,1207,4,3.27521e-4,ASV_00156,FI1
155,1,92,5,8.78798e-4,ASV_00156,UK1
155,1,2671,6,1.07848e-4,ASV_00156,UK2
155,1,2580,7,1.2858e-4,ASV_00156,SE1
156,1,1336,1,3.04286e-4,ASV_00157,IT1
156,1,783,2,4.26505e-4,ASV_00157,IT2
156,1,2802,3,6.37173e-5,ASV_00157,IT3
156,1,1642,4,2.55294e-4,ASV_00157,FI1
156,1,44,5,9.47923e-4,ASV_00157,UK1
156,1,2601,6,1.2415e-4,ASV_00157,UK2
156,1,338,7,6.53075e-4,ASV_00157,SE1
157,1,2242,2,1.74876e-4,ASV_00158,IT2
157,1,1169,4,3.34582e-4,ASV_00158,FI1
157,1,355,5,6.42411e-4,ASV_00158,UK1
157,1,2558,6,1.33208e-4,ASV_00158,UK2
158,1,1136,1,3.40914e-4,ASV_00159,IT1
158,1,1505,2,2.77803e-4,ASV_00159,IT2
158,1,2972,3,2.13217e-5,ASV_00159,IT3
158,1,239,5,7.26278e-4,ASV_00159,UK1
158,1,1903,6,2.20051e-4,ASV_00159,UK2
158,1,900,7,3.96101e-4,ASV_00159,SE1
159,1,1725,1,2.43297e-4,ASV_00160,IT1
159,1,994,2,3.7138e-4,ASV_00160,IT2
159,1,2744,3,8.37254e-5,ASV_00160,IT3
159,1,1901,4,2.20789e-4,ASV_00160,FI1
159,1,40,5,9.61114e-4,ASV_00160,UK1
159,1,2731,6,9.04102e-5,ASV_00160,UK2
159,1,2811,7,5.97011e-5,ASV_00160,SE1
160,1,1482,2,2.81014e-4,ASV_00161,IT2
160,1,2072,4,1.9699e-4,ASV_00161,FI1
160,1,484,5,5.58544e-4,ASV_00161,UK1
160,1,1911,6,2.18503e-4,ASV_00161,UK2
160,1,904,7,3.95225e-4,ASV_00161,SE1
161,1,1365,1,2.98652e-4,ASV_00162,IT1
161,1,1727,2,2.43073e-4,ASV_00162,IT2
161,1,2898,3,3.64504e-5,ASV_00162,IT3
161,1,90,5,8.80284e-4,ASV_00162,UK1
161,1,2627,6,1.18428e-4,ASV_00162,UK2
162,1,2000,1,2.0664e-4,ASV_00163,IT1
162,1,1008,2,3.6741e-4,ASV_00163,IT2
162,1,2881,3,4.16575e-5,ASV_00163,IT3
162,1,1755,4,2.38818e-4,ASV_00163,FI1
162,1,381,5,6.22369e-4,ASV_00163,UK1
162,1,2206,6,1.80891e-4,ASV_00163,UK2
162,1,1508,7,2.7743e-4,ASV_00163,SE1
163,1,1728,2,2.42926e-4,ASV_00164,IT2
163,1,1558,4,2.67916e-4,ASV_00164,FI1
163,1,115,5,8.5491e-4,ASV_00164,UK1
163,1,2254,6,1.73244e-4,ASV_00164,UK2
163,1,2706,7,9.94292e-5,ASV_00164,SE1
164,1,2579,1,1.28601e-4,ASV_00165,IT1
164,1,678,2,4.63408e-4,ASV_00165,IT2
164,1,77,5,8.94454e-4,ASV_00165,UK1
164,1,2403,6,1.55858e-4,ASV_00165,UK2
164,1,1834,7,2.28949e-4,ASV_00165,SE1
165,1,1368,1,2.98369e-4,ASV_00166,IT1
165,1,1012,2,3.6701e-4,ASV_00166,IT2
165,1,1236,4,3.22642e-4,ASV_00166,FI1
165,1,100,5,8.66439e-4,ASV_00166,UK1
165,1,2452,6,1.47703e-4,ASV_00166,UK2
165,1,1915,7,2.18342e-4,ASV_00166,SE1
166,1,1281,2,3.13395e-4,ASV_00167,IT2
166,1,295,5,6.83814e-4,ASV_00167,UK1
166,1,2117,6,1.90263e-4,ASV_00167,UK2
166,1,976,7,3.75234e-4,ASV_00167,SE1
167,1,1376,1,2.96295e-4,ASV_00168,IT1
167,1,767,2,4.30677e-4,ASV_00168,IT2
167,1,657,4,4.68794e-4,ASV_00168,FI1
167,1,261,5,7.04652e-4,ASV_00168,UK1
167,1,2429,6,1.52133e-4,ASV_00168,UK2
168,1,1675,1,2.50643e-4,ASV_00169,IT1
168,1,921,2,3.91059e-4,ASV_00169,IT2
168,1,2900,3,3.62362e-5,ASV_00169,IT3
168,1,33,5,9.70864e-4,ASV_00169,UK1
168,1,2255,6,1.73206e-4,ASV_00169,UK2
169,1,1355,2,3.01444e-4,ASV_00170,IT2
169,1,2779,3,7.1415e-5,ASV_00170,IT3
169,1,215,5,7.49712e-4,ASV_00170,UK1
169,1,2761,6,7.73151e-5,ASV_00170,UK2
169,1,2036,7,2.01872e-4,ASV_00170,SE1
170,1,2207,1,1.80579e-4,ASV_00171,IT1
170,1,235,2,7.28183e-4,ASV_00171,IT2
170,1,2942,3,2.88101e-5,ASV_00171,IT3
170,1,2205,4,1.81008e-4,ASV_00171,FI1
170,1,1473,5,2.82253e-4,ASV_00171,UK1
170,1,2284,6,1.69125e-4,ASV_00171,UK2
170,1,1052,7,3.60581e-4,ASV_00171,SE1
171,1,1997,2,2.07485e-4,ASV_00172,IT2
171,1,2546,4,1.34706e-4,ASV_00172,FI1
171,1,221,5,7.43752e-4,ASV_00172,UK1
171,1,2662,6,1.09936e-4,ASV_00172,UK2
171,1,1332,7,3.04422e-4,ASV_00172,SE1
172,1,500,2,5.43573e-4,ASV_00173,IT2
172,1,870,5,4.05919e-4,ASV_00173,UK1
172,1,2518,6,1.37937e-4,ASV_00173,UK2
173,1,1722,4,2.43579e-4,ASV_00174,FI1
173,1,888,5,3.9869e-4,ASV_00174,UK1
173,1,1589,6,2.62681e-4,ASV_00174,UK2
173,1,2341,7,1.62923e-4,ASV_00174,SE1
174,1,1630,1,2.56896e-4,ASV_00176,IT1
174,1,140,2,8.19407e-4,ASV_00176,IT2
174,1,2961,3,2.46298e-5,ASV_00176,IT3
174,1,254,5,7.13493e-4,ASV_00176,UK1
174,1,2376,6,1.58901e-4,ASV_00176,UK2
175,1,2367,1,1.60039e-4,ASV_00177,IT1
175,1,961,2,3.79014e-4,ASV_00177,IT2
175,1,2959,3,2.46681e-5,ASV_00177,IT3
175,1,1607,4,2.60549e-4,ASV_00177,FI1
175,1,367,5,6.33073e-4,ASV_00177,UK1
175,1,2225,6,1.77905e-4,ASV_00177,UK2
175,1,566,7,5.06349e-4,ASV_00177,SE1
176,1,1605,1,2.60579e-4,ASV_00178,IT1
176,1,1803,2,2.31193e-4,ASV_00178,IT2
177,1,1562,1,2.66926e-4,ASV_00179,IT1
177,1,873,2,4.04874e-4,ASV_00179,IT2
177,1,2954,3,2.67493e-5,ASV_00179,IT3
177,1,2654,6,1.11534e-4,ASV_00179,UK2
177,1,730,7,4.44323e-4,ASV_00179,SE1
178,1,1162,4,3.36338e-4,ASV_00180,FI1
178,1,27,5,9.79483e-4,ASV_00180,UK1
178,1,2023,6,2.03383e-4,ASV_00180,UK2
178,1,1243,7,3.21601e-4,ASV_00180,SE1
179,1,1417,2,2.90315e-4,ASV_00181,IT2
179,1,1580,4,2.64246e-4,ASV_00181,FI1
179,1,253,5,7.13784e-4,ASV_00181,UK1
179,1,1934,6,2.14894e-4,ASV_00181,UK2
179,1,726,7,4.46424e-4,ASV_00181,SE1
180,1,1761,1,2.37754e-4,ASV_00182,IT1
180,1,1084,2,3.51814e-4,ASV_00182,IT2
180,1,1424,4,2.89177e-4,ASV_00182,FI1
180,1,181,5,7.78966e-4,ASV_00182,UK1
180,1,1821,6,2.29845e-4,ASV_00182,UK2
180,1,2339,7,1.63067e-4,ASV_00182,SE1
181,1,1157,1,3.37037e-4,ASV_00183,IT1
181,1,1685,2,2.48816e-4,ASV_00183,IT2
181,1,2895,3,3.72287e-5,ASV_00183,IT3
181,1,150,5,8.05895e-4,ASV_00183,UK1
181,1,2716,6,9.55791e-5,ASV_00183,UK2
182,1,2214,1,1.79384e-4,ASV_00184,IT1
182,1,513,2,5.37116e-4,ASV_00184,IT2
182,1,2953,3,2.67528e-5,ASV_00184,IT3
182,1,206,5,7.55057e-4,ASV_00184,UK1
182,1,2058,6,1.98848e-4,ASV_00184,UK2
183,1,2037,1,2.01794e-4,ASV_00185,IT1
183,1,885,2,3.99559e-4,ASV_00185,IT2
183,1,2869,3,4.45083e-5,ASV_00185,IT3
183,1,1036,4,3.63162e-4,ASV_00185,FI1
183,1,30,5,9.75337e-4,ASV_00185,UK1
183,1,2343,6,1.62694e-4,ASV_00185,UK2
183,1,2661,7,1.09954e-4,ASV_00185,SE1
184,1,1187,1,3.31614e-4,ASV_00186,IT1
184,1,990,2,3.71985e-4,ASV_00186,IT2
184,1,2945,3,2.79539e-5,ASV_00186,IT3
184,1,183,5,7.77337e-4,ASV_00186,UK1
184,1,2621,6,1.19698e-4,ASV_00186,UK2
184,1,2755,7,7.84164e-5,ASV_00186,SE1
185,1,1989,1,2.08267e-4,ASV_00187,IT1
185,1,749,2,4.36069e-4,ASV_00187,IT2
185,1,2964,3,2.39812e-5,ASV_00187,IT3
185,1,1825,4,2.29661e-4,ASV_00187,FI1
185,1,654,5,4.69575e-4,ASV_00187,UK1
185,1,2016,6,2.04361e-4,ASV_00187,UK2
185,1,943,7,3.83253e-4,ASV_00187,SE1
186,1,1143,1,3.39057e-4,ASV_00188,IT1
186,1,766,2,4.3108e-4,ASV_00188,IT2
186,1,2983,3,1.59098e-5,ASV_00188,IT3
186,1,1629,4,2.57164e-4,ASV_00188,FI1
186,1,225,5,7.38622e-4,ASV_00188,UK1
186,1,2701,6,9.99958e-5,ASV_00188,UK2
187,1,596,2,4.92374e-4,ASV_00189,IT2
187,1,139,5,8.20738e-4,ASV_00189,UK1
187,1,2053,6,1.99085e-4,ASV_00189,UK2
188,1,2014,4,2.04764e-4,ASV_00190,FI1
188,1,275,5,6.9833e-4,ASV_00190,UK1
188,1,2126,6,1.88899e-4,ASV_00190,UK2
189,1,1381,1,2.95752e-4,ASV_00191,IT1
189,1,1173,2,3.34373e-4,ASV_00191,IT2
189,1,475,5,5.62081e-4,ASV_00191,UK1
189,1,1594,6,2.62245e-4,ASV_00191,UK2
189,1,1486,7,2.80584e-4,ASV_00191,SE1
190,1,2678,1,1.0506e-4,ASV_00192,IT1
190,1,436,2,5.88695e-4,ASV_00192,IT2
191,1,1440,2,2.86779e-4,ASV_00193,IT2
191,1,759,5,4.33091e-4,ASV_00193,UK1
191,1,2209,6,1.80389e-4,ASV_00193,UK2
191,1,573,7,5.0194e-4,ASV_00193,SE1
192,1,1968,2,2.1102e-4,ASV_00194,IT2
192,1,2096,6,1.93616e-4,ASV_00194,UK2
193,1,2273,1,1.70767e-4,ASV_00195,IT1
193,1,1945,2,2.13782e-4,ASV_00195,IT2
194,1,1839,1,2.28602e-4,ASV_00196,IT1
194,1,1746,2,2.40417e-4,ASV_00196,IT2
194,1,2792,3,6.72882e-5,ASV_00196,IT3
194,1,846,4,4.10821e-4,ASV_00196,FI1
194,1,265,5,7.03256e-4,ASV_00196,UK1
194,1,2476,6,1.45161e-4,ASV_00196,UK2
194,1,1194,7,3.30513e-4,ASV_00196,SE1
195,1,1098,1,3.48944e-4,ASV_00197,IT1
195,1,1388,2,2.94788e-4,ASV_00197,IT2
195,1,2866,3,4.47277e-5,ASV_00197,IT3
195,1,1096,4,3.49308e-4,ASV_00197,FI1
195,1,51,5,9.39609e-4,ASV_00197,UK1
195,1,2756,6,7.8399e-5,ASV_00197,UK2
195,1,1242,7,3.21743e-4,ASV_00197,SE1
196,1,1829,1,2.29494e-4,ASV_00198,IT1
196,1,711,2,4.52274e-4,ASV_00198,IT2
196,1,2837,3,5.02741e-5,ASV_00198,IT3
196,1,97,5,8.70407e-4,ASV_00198,UK1
196,1,2231,6,1.76507e-4,ASV_00198,UK2
196,1,2021,7,2.04037e-4,ASV_00198,SE1
197,1,1577,1,2.64434e-4,ASV_00199,IT1
197,1,957,2,3.80161e-4,ASV_00199,IT2
197,1,218,5,7.4654e-4,ASV_00199,UK1
198,1,2417,1,1.53594e-4,ASV_00200,IT1
198,1,1021,2,3.65862e-4,ASV_00200,IT2
198,1,2913,3,3.4245e-5,ASV_00200,IT3
198,1,1137,4,3.40865e-4,ASV_00200,FI1
198,1,187,5,7.74857e-4,ASV_00200,UK1
198,1,2487,6,1.42883e-4,ASV_00200,UK2
198,1,1587,7,2.63127e-4,ASV_00200,SE1
199,1,1632,4,2.56739e-4,ASV_00201,FI1
199,1,1575,6,2.64613e-4,ASV_00201,UK2
199,1,1402,7,2.92131e-4,ASV_00201,SE1
200,1,1641,1,2.55317e-4,ASV_00202,IT1
200,1,626,2,4.79008e-4,ASV_00202,IT2
200,1,2821,3,5.50183e-5,ASV_00202,IT3
200,1,180,5,7.8061e-4,ASV_00202,UK1
200,1,2274,6,1.70604e-4,ASV_00202,UK2
201,1,1677,1,2.50346e-4,ASV_00203,IT1
201,1,1334,2,3.04327e-4,ASV_00203,IT2
201,1,2749,3,8.08107e-5,ASV_00203,IT3
201,1,471,5,5.65307e-4,ASV_00203,UK1
201,1,2067,6,1.9806e-4,ASV_00203,UK2
202,1,1870,4,2.24865e-4,ASV_00204,FI1
202,1,2020,6,2.04072e-4,ASV_00204,UK2
202,1,2381,7,1.58484e-4,ASV_00204,SE1
203,1,1047,1,3.61592e-4,ASV_00205,IT1
203,1,2344,2,1.6265e-4,ASV_00205,IT2
203,1,398,5,6.13431e-4,ASV_00205,UK1
203,1,2704,6,9.94788e-5,ASV_00205,UK2
203,1,2412,7,1.54358e-4,ASV_00205,SE1
204,1,2336,1,1.63324e-4,ASV_00206,IT1
204,1,929,2,3.89471e-4,ASV_00206,IT2
204,1,1752,4,2.39424e-4,ASV_00206,FI1
204,1,273,5,6.98988e-4,ASV_00206,UK1
204,1,2690,6,1.02184e-4,ASV_00206,UK2
205,1,422,5,5.94841e-4,ASV_00207,UK1
206,1,966,2,3.77714e-4,ASV_00208,IT2
206,1,250,5,7.15472e-4,ASV_00208,UK1
207,1,1806,6,2.3101e-4,ASV_00209,UK2
208,1,840,2,4.12373e-4,ASV_00210,IT2
208,1,1347,4,3.03296e-4,ASV_00210,FI1
208,1,172,5,7.83226e-4,ASV_00210,UK1
208,1,1609,6,2.59915e-4,ASV_00210,UK2
208,1,2071,7,1.97465e-4,ASV_00210,SE1
209,1,635,2,4.75762e-4,ASV_00211,IT2
209,1,2902,3,3.61679e-5,ASV_00211,IT3
209,1,648,4,4.71772e-4,ASV_00211,FI1
209,1,1790,6,2.33116e-4,ASV_00211,UK2
209,1,984,7,3.72388e-4,ASV_00211,SE1
210,1,1245,2,3.21241e-4,ASV_00212,IT2
210,1,299,5,6.82052e-4,ASV_00212,UK1
210,1,2483,6,1.44146e-4,ASV_00212,UK2
211,1,1896,1,2.21274e-4,ASV_00213,IT1
211,1,854,2,4.08694e-4,ASV_00213,IT2
211,1,646,5,4.72279e-4,ASV_00213,UK1
211,1,1946,6,2.13762e-4,ASV_00213,UK2
212,1,1781,2,2.3479e-4,ASV_00214,IT2
212,1,2990,3,1.13131e-5,ASV_00214,IT3
212,1,69,5,9.0784e-4,ASV_00214,UK1
212,1,2269,6,1.71011e-4,ASV_00214,UK2
213,1,2847,3,4.89233e-5,ASV_00215,IT3
213,1,722,5,4.48012e-4,ASV_00215,UK1
213,1,2754,6,7.87595e-5,ASV_00215,UK2
214,1,2260,1,1.72302e-4,ASV_00216,IT1
214,1,1698,2,2.47251e-4,ASV_00216,IT2
214,1,196,5,7.6772e-4,ASV_00216,UK1
215,1,39,5,9.61362e-4,ASV_00217,UK1
215,1,2674,6,1.0717e-4,ASV_00217,UK2
215,1,1975,7,2.10181e-4,ASV_00217,SE1
216,1,604,1,4.88915e-4,ASV_00218,IT1
216,1,804,2,4.20869e-4,ASV_00218,IT2
216,1,2886,3,4.02448e-5,ASV_00218,IT3
216,1,1005,4,3.67711e-4,ASV_00218,FI1
216,1,358,5,6.39887e-4,ASV_00218,UK1
216,1,2251,6,1.73908e-4,ASV_00218,UK2
216,1,2406,7,1.54975e-4,ASV_00218,SE1
217,1,1561,2,2.66968e-4,ASV_00219,IT2
217,1,2346,4,1.62187e-4,ASV_00219,FI1
217,1,148,5,8.09105e-4,ASV_00219,UK1
217,1,2492,6,1.4247e-4,ASV_00219,UK2
217,1,1459,7,2.83769e-4,ASV_00219,SE1
218,1,2245,1,1.74676e-4,ASV_00221,IT1
218,1,563,2,5.09037e-4,ASV_00221,IT2
218,1,2952,3,2.71312e-5,ASV_00221,IT3
218,1,284,5,6.92926e-4,ASV_00221,UK1
218,1,1413,6,2.91042e-4,ASV_00221,UK2
219,1,2577,1,1.29182e-4,ASV_00222,IT1
219,1,170,5,7.86977e-4,ASV_00222,UK1
220,1,1367,4,2.98479e-4,ASV_00223,FI1
220,1,431,5,5.90726e-4,ASV_00223,UK1
220,1,1740,6,2.41319e-4,ASV_00223,UK2
220,1,1560,7,2.67582e-4,ASV_00223,SE1
221,1,1525,4,2.73902e-4,ASV_00224,FI1
221,1,361,5,6.39497e-4,ASV_00224,UK1
221,1,2644,6,1.13301e-4,ASV_00224,UK2
221,1,1010,7,3.67228e-4,ASV_00224,SE1
222,1,1860,1,2.25631e-4,ASV_00225,IT1
222,1,354,5,6.42849e-4,ASV_00225,UK1
223,1,1811,1,2.30427e-4,ASV_00226,IT1
223,1,935,2,3.87288e-4,ASV_00226,IT2
223,1,2506,6,1.39907e-4,ASV_00226,UK2
224,1,1470,1,2.82394e-4,ASV_00227,IT1
224,1,1536,2,2.72103e-4,ASV_00227,IT2
224,1,2891,3,3.89671e-5,ASV_00227,IT3
224,1,151,5,8.0562e-4,ASV_00227,UK1
224,1,2427,6,1.52203e-4,ASV_00227,UK2
225,1,2732,2,9.03609e-5,ASV_00228,IT2
225,1,2586,6,1.2742e-4,ASV_00228,UK2
226,1,844,2,4.1168e-4,ASV_00229,IT2
226,1,249,5,7.15539e-4,ASV_00229,UK1
226,1,1973,6,2.10678e-4,ASV_00229,UK2
227,1,1288,1,3.12618e-4,ASV_00230,IT1
227,1,1013,2,3.66987e-4,ASV_00230,IT2
227,1,574,5,5.01859e-4,ASV_00230,UK1
227,1,2730,6,9.127e-5,ASV_00230,UK2
228,1,1568,2,2.65824e-4,ASV_00231,IT2
228,1,1289,4,3.12142e-4,ASV_00231,FI1
228,1,280,5,6.95186e-4,ASV_00231,UK1
228,1,1763,6,2.37245e-4,ASV_00231,UK2
228,1,1203,7,3.28795e-4,ASV_00231,SE1
229,1,1820,1,2.30115e-4,ASV_00232,IT1
229,1,1167,2,3.34975e-4,ASV_00232,IT2
229,1,2794,3,6.57977e-5,ASV_00232,IT3
229,1,559,4,5.10418e-4,ASV_00232,FI1
229,1,122,5,8.45876e-4,ASV_00232,UK1
229,1,2304,6,1.66941e-4,ASV_00232,UK2
229,1,2293,7,1.68211e-4,ASV_00232,SE1
230,1,2040,1,2.00905e-4,ASV_00233,IT1
230,1,819,2,4.17074e-4,ASV_00233,IT2
230,1,2943,3,2.84078e-5,ASV_00233,IT3
230,1,2288,4,1.68981e-4,ASV_00233,FI1
230,1,237,5,7.27203e-4,ASV_00233,UK1
230,1,2184,6,1.83485e-4,ASV_00233,UK2
230,1,809,7,4.19429e-4,ASV_00233,SE1
231,1,1181,2,3.32755e-4,ASV_00235,IT2
231,1,797,4,4.22578e-4,ASV_00235,FI1
231,1,645,5,4.72708e-4,ASV_00235,UK1
231,1,2681,6,1.03849e-4,ASV_00235,UK2
231,1,839,7,4.12614e-4,ASV_00235,SE1
232,1,25,5,9.88831e-4,ASV_00236,UK1
232,1,2176,6,1.84121e-4,ASV_00236,UK2
232,1,1758,7,2.37891e-4,ASV_00236,SE1
233,1,1778,2,2.34958e-4,ASV_00237,IT2
233,1,822,7,4.16276e-4,ASV_00237,SE1
234,1,951,1,3.82516e-4,ASV_00238,IT1
234,1,1312,2,3.08464e-4,ASV_00238,IT2
234,1,2783,3,7.03986e-5,ASV_00238,IT3
234,1,613,5,4.85219e-4,ASV_00238,UK1
234,1,2338,6,1.63243e-4,ASV_00238,UK2
235,1,814,2,4.18557e-4,ASV_00239,IT2
235,1,9,5,0.00105811,ASV_00239,UK1
235,1,1555,6,2.68197e-4,ASV_00239,UK2
236,1,823,2,4.16264e-4,ASV_00240,IT2
236,1,2160,4,1.85875e-4,ASV_00240,FI1
236,1,57,5,9.30122e-4,ASV_00240,UK1
236,1,1844,6,2.27846e-4,ASV_00240,UK2
236,1,1709,7,2.45263e-4,ASV_00240,SE1
237,1,2723,4,9.34965e-5,ASV_00241,FI1
237,1,124,5,8.43069e-4,ASV_00241,UK1
237,1,2646,6,1.1313e-4,ASV_00241,UK2
237,1,1073,7,3.54269e-4,ASV_00241,SE1
238,1,697,2,4.58017e-4,ASV_00242,IT2
238,1,2835,3,5.10438e-5,ASV_00242,IT3
238,1,1928,4,2.15652e-4,ASV_00242,FI1
238,1,855,5,4.08507e-4,ASV_00242,UK1
238,1,2613,6,1.21754e-4,ASV_00242,UK2
238,1,1146,7,3.38788e-4,ASV_00242,SE1
239,1,1506,1,2.77626e-4,ASV_00243,IT1
239,1,893,2,3.97595e-4,ASV_00243,IT2
239,1,2445,4,1.48867e-4,ASV_00243,FI1
239,1,650,5,4.71284e-4,ASV_00243,UK1
239,1,1983,6,2.09249e-4,ASV_00243,UK2
239,1,903,7,3.9536e-4,ASV_00243,SE1
240,1,1241,1,3.2177e-4,ASV_00244,IT1
240,1,1193,2,3.30606e-4,ASV_00244,IT2
240,1,2845,3,4.92508e-5,ASV_00244,IT3
240,1,87,5,8.82824e-4,ASV_00244,UK1
240,1,2134,6,1.87914e-4,ASV_00244,UK2
241,1,230,5,7.32934e-4,ASV_00245,UK1
241,1,1229,6,3.23913e-4,ASV_00245,UK2
242,1,1918,2,2.18224e-4,ASV_00246,IT2
242,1,313,5,6.70741e-4,ASV_00246,UK1
243,1,1159,2,3.36886e-4,ASV_00247,IT2
243,1,290,5,6.87648e-4,ASV_00247,UK1
244,1,1006,4,3.67661e-4,ASV_00248,FI1
244,1,2774,6,7.23047e-5,ASV_00248,UK2
244,1,407,7,6.06271e-4,ASV_00248,SE1
245,1,1099,1,3.48837e-4,ASV_00249,IT1
245,1,1085,2,3.51713e-4,ASV_00249,IT2
245,1,2816,3,5.78919e-5,ASV_00249,IT3
245,1,1364,4,2.98973e-4,ASV_00249,FI1
245,1,91,5,8.80072e-4,ASV_00249,UK1
245,1,2748,6,8.13805e-5,ASV_00249,UK2
245,1,1627,7,2.57695e-4,ASV_00249,SE1
246,1,2062,1,1.98345e-4,ASV_00250,IT1
246,1,529,2,5.27284e-4,ASV_00250,IT2
246,1,2906,3,3.53968e-5,ASV_00250,IT3
246,1,833,4,4.14099e-4,ASV_00250,FI1
246,1,137,5,8.21387e-4,ASV_00250,UK1
246,1,2616,6,1.20367e-4,ASV_00250,UK2
246,1,1965,7,2.11267e-4,ASV_00250,SE1
247,1,1263,2,3.16309e-4,ASV_00251,IT2
247,1,164,5,7.92809e-4,ASV_00251,UK1
247,1,2689,6,1.02351e-4,ASV_00251,UK2
247,1,1220,7,3.25311e-4,ASV_00251,SE1
248,1,1225,2,3.24317e-4,ASV_00252,IT2
248,1,1927,6,2.15872e-4,ASV_00252,UK2
248,1,1090,7,3.50612e-4,ASV_00252,SE1
249,1,674,2,4.6384e-4,ASV_00253,IT2
249,1,1551,6,2.68791e-4,ASV_00253,UK2
250,1,816,1,4.17811e-4,ASV_00254,IT1
250,1,1734,2,2.42396e-4,ASV_00254,IT2
250,1,2859,3,4.58918e-5,ASV_00254,IT3
250,1,629,5,4.78348e-4,ASV_00254,UK1
250,1,2473,6,1.45497e-4,ASV_00254,UK2
250,1,2685,7,1.02935e-4,ASV_00254,SE1
251,1,445,4,0.00058255100000000005,ASV_00255,FI1
251,1,2657,6,1.11431e-4,ASV_00255,UK2
251,1,1324,7,3.0579e-4,ASV_00255,SE1
252,1,861,4,4.07712e-4,ASV_00256,FI1
252,1,270,5,6.99903e-4,ASV_00256,UK1
252,1,2436,6,1.51229e-4,ASV_00256,UK2
252,1,1054,7,3.60053e-4,ASV_00256,SE1
253,1,2049,1,1.99656e-4,ASV_00257,IT1
253,1,1650,2,2.54416e-4,ASV_00257,IT2
253,1,509,4,5.39543e-4,ASV_00257,FI1
253,1,147,5,8.09355e-4,ASV_00257,UK1
253,1,2212,6,1.79527e-4,ASV_00257,UK2
253,1,2733,7,8.9367e-5,ASV_00257,SE1
254,1,1457,4,2.84291e-4,ASV_00258,FI1
254,1,2385,6,1.57954e-4,ASV_00258,UK2
254,1,2629,7,1.17826e-4,ASV_00258,SE1
255,1,1050,1,3.60882e-4,ASV_00259,IT1
255,1,1717,2,2.43993e-4,ASV_00259,IT2
255,1,2910,3,3.4737e-5,ASV_00259,IT3
255,1,199,5,7.58834e-4,ASV_00259,UK1
255,1,2330,6,1.64167e-4,ASV_00259,UK2
256,1,689,4,4.6037e-4,ASV_00260,FI1
256,1,231,5,7.32867e-4,ASV_00260,UK1
256,1,2272,6,1.70781e-4,ASV_00260,UK2
256,1,1068,7,3.5665e-4,ASV_00260,SE1
257,1,1823,4,2.29731e-4,ASV_00261,FI1
257,1,478,5,5.61115e-4,ASV_00261,UK1
257,1,2235,6,1.7622e-4,ASV_00261,UK2
257,1,845,7,4.11181e-4,ASV_00261,SE1
258,1,341,2,6.5134e-4,ASV_00262,IT2
258,1,2864,3,4.49791e-5,ASV_00262,IT3
258,1,1718,4,2.43925e-4,ASV_00262,FI1
258,1,301,5,6.80154e-4,ASV_00262,UK1
258,1,1793,6,2.32772e-4,ASV_00262,UK2
258,1,1471,7,2.82334e-4,ASV_00262,SE1
259,1,1977,1,2.09756e-4,ASV_00263,IT1
259,1,408,2,6.05744e-4,ASV_00263,IT2
259,1,204,5,7.56663e-4,ASV_00263,UK1
259,1,2498,6,1.40955e-4,ASV_00263,UK2
260,1,1871,1,2.24821e-4,ASV_00264,IT1
260,1,992,2,3.718e-4,ASV_00264,IT2
260,1,2842,3,4.9305e-5,ASV_00264,IT3
260,1,323,5,6.60846e-4,ASV_00264,UK1
260,1,1805,6,2.31028e-4,ASV_00264,UK2
261,1,836,2,4.13571e-4,ASV_00265,IT2
261,1,1874,4,2.24529e-4,ASV_00265,FI1
261,1,232,5,7.30973e-4,ASV_00265,UK1
261,1,1404,6,2.91695e-4,ASV_00265,UK2
261,1,2687,7,1.02552e-4,ASV_00265,SE1
262,1,2352,1,1.62106e-4,ASV_00266,IT1
262,1,603,2,4.89711e-4,ASV_00266,IT2
262,1,2970,3,2.19659e-5,ASV_00266,IT3
262,1,362,5,6.36968e-4,ASV_00266,UK1
262,1,2703,6,9.96786e-5,ASV_00266,UK2
263,1,1462,2,2.83454e-4,ASV_00267,IT2
263,1,786,4,4.25612e-4,ASV_00267,FI1
263,1,157,5,7.97006e-4,ASV_00267,UK1
263,1,2750,6,7.99162e-5,ASV_00267,UK2
263,1,1487,7,2.80385e-4,ASV_00267,SE1
264,1,2419,6,1.53341e-4,ASV_00268,UK2
264,1,1111,7,3.45165e-4,ASV_00268,SE1
265,1,1394,1,2.93431e-4,ASV_00269,IT1
265,1,1673,2,2.51068e-4,ASV_00269,IT2
265,1,1396,4,2.93309e-4,ASV_00269,FI1
265,1,334,5,6.55228e-4,ASV_00269,UK1
265,1,2573,6,1.30288e-4,ASV_00269,UK2
265,1,1687,7,2.48146e-4,ASV_00269,SE1
266,1,1152,2,3.37874e-4,ASV_00270,IT2
266,1,2879,3,4.17232e-5,ASV_00270,IT3
266,1,567,4,5.0619e-4,ASV_00270,FI1
266,1,495,5,5.45648e-4,ASV_00270,UK1
266,1,2781,6,7.0942e-5,ASV_00270,UK2
267,1,1595,1,2.62066e-4,ASV_00271,IT1
267,1,1180,2,3.32776e-4,ASV_00271,IT2
268,1,1507,1,2.77492e-4,ASV_00272,IT1
268,1,538,2,5.21926e-4,ASV_00272,IT2
268,1,541,5,5.19725e-4,ASV_00272,UK1
268,1,2623,6,1.19351e-4,ASV_00272,UK2
269,1,865,1,4.0635e-4,ASV_00273,IT1
269,1,769,2,4.29428e-4,ASV_00273,IT2
269,1,2896,3,3.69913e-5,ASV_00273,IT3
269,1,113,5,8.56336e-4,ASV_00273,UK1
269,1,2454,6,1.47522e-4,ASV_00273,UK2
270,1,466,2,5.70116e-4,ASV_00274,IT2
270,1,631,4,4.77021e-4,ASV_00274,FI1
270,1,1753,6,2.39186e-4,ASV_00274,UK2
270,1,880,7,4.02592e-4,ASV_00274,SE1
271,1,482,2,0.00055925599999999995,ASV_00275,IT2
271,1,2563,4,1.3281e-4,ASV_00275,FI1
271,1,350,5,6.47893e-4,ASV_00275,UK1
271,1,1990,6,2.0816e-4,ASV_00275,UK2
271,1,2265,7,1.7172e-4,ASV_00275,SE1
272,1,1278,1,3.13828e-4,ASV_00276,IT1
272,1,1924,2,2.17148e-4,ASV_00276,IT2
272,1,576,4,5.01171e-4,ASV_00276,FI1
272,1,128,5,8.37176e-4,ASV_00276,UK1
272,1,2335,6,1.63433e-4,ASV_00276,UK2
272,1,1706,7,2.45547e-4,ASV_00276,SE1
273,1,1392,2,2.93809e-4,ASV_00277,IT2
273,1,1608,4,2.60081e-4,ASV_00277,FI1
273,1,21,5,0.0010076,ASV_00277,UK1
273,1,2609,6,1.22217e-4,ASV_00277,UK2
273,1,1048,7,3.61286e-4,ASV_00277,SE1
274,1,2150,1,1.86717e-4,ASV_00278,IT1
274,1,1795,2,2.32318e-4,ASV_00278,IT2
274,1,2785,3,6.92833e-5,ASV_00278,IT3
274,1,411,5,6.03331e-4,ASV_00278,UK1
274,1,1434,6,2.88169e-4,ASV_00278,UK2
275,1,1092,1,3.50083e-4,ASV_00279,IT1
275,1,413,2,6.01708e-4,ASV_00279,IT2
275,1,2820,3,5.5993e-5,ASV_00279,IT3
275,1,106,5,8.62918e-4,ASV_00279,UK1
276,1,2565,1,1.3244e-4,ASV_00280,IT1
276,1,1398,2,2.92812e-4,ASV_00280,IT2
276,1,815,4,4.17921e-4,ASV_00280,FI1
276,1,153,5,8.04761e-4,ASV_00280,UK1
276,1,2522,6,1.37624e-4,ASV_00280,UK2
276,1,933,7,3.88357e-4,ASV_00280,SE1
277,1,2002,4,2.06492e-4,ASV_00281,FI1
277,1,2223,6,1.78226e-4,ASV_00281,UK2
277,1,2668,7,1.09112e-4,ASV_00281,SE1
278,1,1672,2,2.51152e-4,ASV_00282,IT2
278,1,2642,6,1.13982e-4,ASV_00282,UK2
279,1,655,2,4.69081e-4,ASV_00283,IT2
279,1,1953,4,2.13162e-4,ASV_00283,FI1
279,1,1724,6,2.43317e-4,ASV_00283,UK2
280,1,552,2,5.13212e-4,ASV_00284,IT2
281,1,2370,1,1.59752e-4,ASV_00285,IT1
281,1,862,2,4.07108e-4,ASV_00285,IT2
281,1,186,5,7.75253e-4,ASV_00285,UK1
281,1,2170,6,1.84802e-4,ASV_00285,UK2
282,1,1787,2,2.33413e-4,ASV_00286,IT2
282,1,2784,3,7.0372e-5,ASV_00286,IT3
282,1,714,5,4.51757e-4,ASV_00286,UK1
282,1,2462,6,1.46471e-4,ASV_00286,UK2
283,1,1255,1,3.18461e-4,ASV_00287,IT1
283,1,642,2,4.73358e-4,ASV_00287,IT2
283,1,293,5,6.84029e-4,ASV_00287,UK1
283,1,2778,6,7.17884e-5,ASV_00287,UK2
284,1,1747,1,2.40383e-4,ASV_00288,IT1
284,1,906,2,3.94897e-4,ASV_00288,IT2
284,1,2901,3,3.62242e-5,ASV_00288,IT3
284,1,1966,4,2.11084e-4,ASV_00288,FI1
284,1,712,5,4.52041e-4,ASV_00288,UK1
284,1,1703,6,2.45742e-4,ASV_00288,UK2
284,1,1435,7,2.87916e-4,ASV_00288,SE1
285,1,1250,4,3.19578e-4,ASV_00289,FI1
285,1,114,5,8.55562e-4,ASV_00289,UK1
285,1,1923,6,2.17789e-4,ASV_00289,UK2
285,1,1466,7,2.83132e-4,ASV_00289,SE1
286,1,1335,1,3.04305e-4,ASV_00290,IT1
286,1,1824,2,2.29701e-4,ASV_00290,IT2
286,1,2841,3,4.96005e-5,ASV_00290,IT3
286,1,2581,4,1.28474e-4,ASV_00290,FI1
286,1,236,5,7.2737e-4,ASV_00290,UK1
286,1,2332,6,1.64139e-4,ASV_00290,UK2
286,1,736,7,4.40779e-4,ASV_00290,SE1
287,1,456,2,5.77521e-4,ASV_00291,IT2
288,1,788,2,4.24995e-4,ASV_00292,IT2
288,1,1850,4,2.26996e-4,ASV_00292,FI1
288,1,224,5,7.3999e-4,ASV_00292,UK1
288,1,2641,6,1.14045e-4,ASV_00292,UK2
288,1,2270,7,1.70942e-4,ASV_00292,SE1
289,1,2174,1,1.84297e-4,ASV_00293,IT1
289,1,925,2,3.90292e-4,ASV_00293,IT2
289,1,437,5,5.87873e-4,ASV_00293,UK1
289,1,2647,6,1.13096e-4,ASV_00293,UK2
289,1,1814,7,2.3027e-4,ASV_00293,SE1
290,1,1300,1,3.10602e-4,ASV_00294,IT1
290,1,928,2,3.89523e-4,ASV_00294,IT2
290,1,2991,3,1.11197e-5,ASV_00294,IT3
290,1,93,5,8.74682e-4,ASV_00294,UK1
290,1,1959,6,2.11894e-4,ASV_00294,UK2
290,1,1123,7,3.4379e-4,ASV_00294,SE1
291,1,1879,1,2.23795e-4,ASV_00295,IT1
291,1,630,2,4.77995e-4,ASV_00295,IT2
291,1,2986,3,1.27927e-5,ASV_00295,IT3
291,1,13,5,0.00103931,ASV_00295,UK1
291,1,2246,6,1.74535e-4,ASV_00295,UK2
292,1,2007,1,2.0555e-4,ASV_00296,IT1
292,1,828,2,4.14855e-4,ASV_00296,IT2
292,1,2320,4,1.65206e-4,ASV_00296,FI1
292,1,269,5,7.0078e-4,ASV_00296,UK1
292,1,1614,6,2.5922e-4,ASV_00296,UK2
292,1,1611,7,2.59648e-4,ASV_00296,SE1
293,1,2504,1,1.40108e-4,ASV_00297,IT1
293,1,438,2,5.8717e-4,ASV_00297,IT2
293,1,777,4,4.27315e-4,ASV_00297,FI1
293,1,133,5,8.27987e-4,ASV_00297,UK1
293,1,2047,6,1.99856e-4,ASV_00297,UK2
293,1,1912,7,2.18448e-4,ASV_00297,SE1
294,1,332,2,6.5731e-4,ASV_00298,IT2
294,1,889,4,3.98344e-4,ASV_00298,FI1
294,1,228,5,7.34428e-4,ASV_00298,UK1
294,1,1244,6,3.21312e-4,ASV_00298,UK2
294,1,1325,7,3.05661e-4,ASV_00298,SE1
295,1,2084,1,1.95614e-4,ASV_00299,IT1
295,1,501,2,5.432e-4,ASV_00299,IT2
295,1,1080,4,3.52437e-4,ASV_00299,FI1
295,1,395,5,6.15234e-4,ASV_00299,UK1
295,1,2600,6,1.24356e-4,ASV_00299,UK2
296,1,742,2,4.38746e-4,ASV_00300,IT2
296,1,45,5,9.47317e-4,ASV_00300,UK1
296,1,1909,6,2.19149e-4,ASV_00300,UK2
297,1,2312,4,1.66142e-4,ASV_00301,FI1
297,1,2383,6,1.58303e-4,ASV_00301,UK2
297,1,1670,7,2.51784e-4,ASV_00301,SE1
298,1,2151,6,1.86664e-4,ASV_00302,UK2
299,1,1267,2,3.16054e-4,ASV_00303,IT2
299,1,696,4,4.58342e-4,ASV_00303,FI1
299,1,119,5,8.49599e-4,ASV_00303,UK1
299,1,2066,6,1.98084e-4,ASV_00303,UK2
299,1,945,7,3.83164e-4,ASV_00303,SE1
300,1,1700,2,2.46131e-4,ASV_00304,IT2
300,1,120,5,8.49184e-4,ASV_00304,UK1
300,1,2290,6,1.68829e-4,ASV_00304,UK2
301,1,409,2,6.05505e-4,ASV_00305,IT2
301,1,2286,6,1.69053e-4,ASV_00305,UK2
302,1,2203,1,1.8117e-4,ASV_00307,IT1
302,1,1441,2,2.8657e-4,ASV_00307,IT2
302,1,2829,3,5.217e-5,ASV_00307,IT3
302,1,1775,6,2.3543e-4,ASV_00307,UK2
303,1,1537,1,2.72067e-4,ASV_00308,IT1
303,1,918,2,3.92177e-4,ASV_00308,IT2
303,1,2969,3,2.2355e-5,ASV_00308,IT3
303,1,257,5,7.12088e-4,ASV_00308,UK1
304,1,773,2,4.28029e-4,ASV_00309,IT2
304,1,761,4,4.32819e-4,ASV_00309,FI1
304,1,78,5,8.94133e-4,ASV_00309,UK1
304,1,2737,6,8.76694e-5,ASV_00309,UK2
304,1,1017,7,3.66143e-4,ASV_00309,SE1
305,1,1321,4,3.06787e-4,ASV_00310,FI1
305,1,530,5,5.27122e-4,ASV_00310,UK1
305,1,2843,6,4.9287e-5,ASV_00310,UK2
306,1,1931,1,2.15314e-4,ASV_00311,IT1
306,1,1174,2,3.33831e-4,ASV_00311,IT2
306,1,2717,3,9.50687e-5,ASV_00311,IT3
306,1,980,4,3.73854e-4,ASV_00311,FI1
306,1,214,5,7.50449e-4,ASV_00311,UK1
306,1,745,6,4.37282e-4,ASV_00311,UK2
307,1,1214,1,3.26579e-4,ASV_00312,IT1
307,1,1869,2,2.24926e-4,ASV_00312,IT2
307,1,2855,3,4.67058e-5,ASV_00312,IT3
307,1,262,5,7.04208e-4,ASV_00312,UK1
308,1,1737,1,2.4172e-4,ASV_00313,IT1
308,1,755,2,4.34195e-4,ASV_00313,IT2
308,1,2928,3,3.1561e-5,ASV_00313,IT3
308,1,104,5,8.63772e-4,ASV_00313,UK1
308,1,2547,6,1.3445e-4,ASV_00313,UK2
308,1,721,7,4.48048e-4,ASV_00313,SE1
309,1,1786,6,2.33689e-4,ASV_00314,UK2
309,1,2362,7,1.60984e-4,ASV_00314,SE1
310,1,1543,1,2.70341e-4,ASV_00315,IT1
310,1,578,2,4.99845e-4,ASV_00315,IT2
310,1,2887,3,4.00167e-5,ASV_00315,IT3
310,1,1284,4,3.13145e-4,ASV_00315,FI1
310,1,507,5,5.39892e-4,ASV_00315,UK1
310,1,2638,6,1.15092e-4,ASV_00315,UK2
310,1,1384,7,2.95384e-4,ASV_00315,SE1
311,1,166,5,7.91101e-4,ASV_00316,UK1
311,1,2665,6,1.09668e-4,ASV_00316,UK2
312,1,1251,1,3.19397e-4,ASV_00317,IT1
312,1,969,2,3.7678e-4,ASV_00317,IT2
313,1,2302,1,1.67056e-4,ASV_00318,IT1
313,1,1503,2,2.77997e-4,ASV_00318,IT2
313,1,2884,3,4.09578e-5,ASV_00318,IT3
313,1,848,4,4.10487e-4,ASV_00318,FI1
313,1,89,5,8.8228e-4,ASV_00318,UK1
313,1,2569,6,1.30829e-4,ASV_00318,UK2
313,1,1581,7,2.64146e-4,ASV_00318,SE1
314,1,1075,4,3.53392e-4,ASV_00319,FI1
314,1,2017,6,2.04211e-4,ASV_00319,UK2
315,1,2124,2,1.89205e-4,ASV_00320,IT2
315,1,505,5,5.407e-4,ASV_00320,UK1
315,1,1489,6,2.80221e-4,ASV_00320,UK2
316,1,664,2,4.67235e-4,ASV_00321,IT2
316,1,7,5,0.00107066,ASV_00321,UK1
316,1,2300,6,1.67099e-4,ASV_00321,UK2
317,1,2757,6,7.83829e-5,ASV_00322,UK2
318,1,1101,1,3.48073e-4,ASV_00323,IT1
318,1,1034,2,3.63381e-4,ASV_00323,IT2
318,1,2025,4,2.03254e-4,ASV_00323,FI1
318,1,191,5,7.71822e-4,ASV_00323,UK1
318,1,1942,6,2.13903e-4,ASV_00323,UK2
318,1,1884,7,2.23233e-4,ASV_00323,SE1
319,1,1484,1,2.80792e-4,ASV_00324,IT1
319,1,1451,2,2.85119e-4,ASV_00324,IT2
319,1,2911,3,3.43137e-5,ASV_00324,IT3
319,1,2735,4,8.89824e-5,ASV_00324,FI1
319,1,292,5,6.84459e-4,ASV_00324,UK1
319,1,2003,6,2.06489e-4,ASV_00324,UK2
319,1,1390,7,2.94547e-4,ASV_00324,SE1
320,1,2639,1,1.14647e-4,ASV_00325,IT1
320,1,829,2,4.14832e-4,ASV_00325,IT2
320,1,72,5,9.06159e-4,ASV_00325,UK1
320,1,2431,6,1.52122e-4,ASV_00325,UK2
321,1,2008,1,2.05501e-4,ASV_00326,IT1
321,1,1925,2,2.17082e-4,ASV_00326,IT2
321,1,2946,3,2.79147e-5,ASV_00326,IT3
321,1,336,5,6.53661e-4,ASV_00326,UK1
321,1,1106,6,3.46535e-4,ASV_00326,UK2
322,1,1191,1,3.30817e-4,ASV_00327,IT1
322,1,800,2,4.21928e-4,ASV_00327,IT2
322,1,2936,3,3.01354e-5,ASV_00327,IT3
323,1,1812,1,2.30364e-4,ASV_00328,IT1
323,1,485,2,5.55767e-4,ASV_00328,IT2
323,1,314,5,6.66441e-4,ASV_00328,UK1
323,1,2091,6,1.94651e-4,ASV_00328,UK2
323,1,2201,7,1.81634e-4,ASV_00328,SE1
324,1,498,4,5.45053e-4,ASV_00329,FI1
324,1,2726,6,9.2648e-5,ASV_00329,UK2
324,1,1504,7,2.77933e-4,ASV_00329,SE1
325,1,2133,1,1.8812e-4,ASV_00330,IT1
325,1,756,2,4.33697e-4,ASV_00330,IT2
325,1,59,5,9.28674e-4,ASV_00330,UK1
326,1,1538,1,2.71906e-4,ASV_00331,IT1
326,1,503,2,5.41481e-4,ASV_00331,IT2
326,1,2975,3,2.10304e-5,ASV_00331,IT3
326,1,499,4,5.44321e-4,ASV_00331,FI1
326,1,136,5,8.23997e-4,ASV_00331,UK1
326,1,2105,6,1.92111e-4,ASV_00331,UK2
326,1,735,7,4.43264e-4,ASV_00331,SE1
327,1,1849,2,2.27276e-4,ASV_00332,IT2
327,1,2653,6,1.12187e-4,ASV_00332,UK2
327,1,1891,7,2.22428e-4,ASV_00332,SE1
328,1,1065,1,3.58461e-4,ASV_00333,IT1
328,1,1438,2,2.86911e-4,ASV_00333,IT2
328,1,2862,3,4.52058e-5,ASV_00333,IT3
328,1,321,5,6.63019e-4,ASV_00333,UK1
328,1,2709,6,9.81781e-5,ASV_00333,UK2
329,1,1357,2,3.00435e-4,ASV_00334,IT2
329,1,2104,6,1.92185e-4,ASV_00334,UK2
329,1,1343,7,3.03655e-4,ASV_00334,SE1
330,1,2182,1,1.83733e-4,ASV_00335,IT1
330,1,307,2,6.75363e-4,ASV_00335,IT2
330,1,2882,3,4.16175e-5,ASV_00335,IT3
330,1,1422,4,2.89555e-4,ASV_00335,FI1
330,1,75,5,9.01071e-4,ASV_00335,UK1
330,1,2488,6,1.42848e-4,ASV_00335,UK2
330,1,2513,7,1.38442e-4,ASV_00335,SE1
331,1,1573,1,2.64787e-4,ASV_00336,IT1
331,1,597,2,4.92217e-4,ASV_00336,IT2
331,1,2897,3,3.65944e-5,ASV_00336,IT3
331,1,144,5,8.13653e-4,ASV_00336,UK1
332,1,1544,1,2.70328e-4,ASV_00337,IT1
332,1,371,2,6.30702e-4,ASV_00337,IT2
332,1,2809,3,6.02233e-5,ASV_00337,IT3
332,1,62,5,9.21253e-4,ASV_00337,UK1
332,1,1956,6,2.12592e-4,ASV_00337,UK2
333,1,1460,4,2.83682e-4,ASV_00338,FI1
333,1,158,5,7.96785e-4,ASV_00338,UK1
333,1,2043,6,2.00504e-4,ASV_00338,UK2
334,1,1217,2,3.2553e-4,ASV_00339,IT2
334,1,1291,4,3.12001e-4,ASV_00339,FI1
334,1,2525,6,1.37163e-4,ASV_00339,UK2
335,1,2215,2,1.79229e-4,ASV_00340,IT2
335,1,2872,3,4.38772e-5,ASV_00340,IT3
335,1,80,5,8.92063e-4,ASV_00340,UK1
335,1,2298,6,1.67737e-4,ASV_00340,UK2
336,1,790,4,4.24531e-4,ASV_00341,FI1
336,1,220,5,7.45091e-4,ASV_00341,UK1
336,1,2227,6,1.77283e-4,ASV_00341,UK2
336,1,2384,7,1.58147e-4,ASV_00341,SE1
337,1,2186,1,1.83223e-4,ASV_00342,IT1
337,1,1056,2,3.59772e-4,ASV_00342,IT2
337,1,1271,4,3.14885e-4,ASV_00342,FI1
337,1,177,5,7.82276e-4,ASV_00342,UK1
337,1,2199,6,1.81987e-4,ASV_00342,UK2
337,1,1469,7,2.82413e-4,ASV_00342,SE1
338,1,1557,1,2.67961e-4,ASV_00343,IT1
338,1,768,2,4.30248e-4,ASV_00343,IT2
339,1,1565,1,2.66875e-4,ASV_00345,IT1
339,1,724,2,4.47078e-4,ASV_00345,IT2
339,1,2915,3,3.3773e-5,ASV_00345,IT3
339,1,401,5,6.10843e-4,ASV_00345,UK1
340,1,660,2,4.68071e-4,ASV_00346,IT2
340,1,2482,6,1.4447e-4,ASV_00346,UK2
341,1,2478,2,1.44783e-4,ASV_00347,IT2
342,1,1892,4,2.22004e-4,ASV_00348,FI1
342,1,1877,7,2.24024e-4,ASV_00348,SE1
343,1,2119,4,1.90031e-4,ASV_00349,FI1
343,1,2727,6,9.25355e-5,ASV_00349,UK2
343,1,2166,7,1.85202e-4,ASV_00349,SE1
344,1,954,2,3.81451e-4,ASV_00350,IT2
344,1,2018,4,2.04144e-4,ASV_00350,FI1
344,1,176,5,7.82764e-4,ASV_00350,UK1
344,1,2763,6,7.65696e-5,ASV_00350,UK2
344,1,2078,7,1.96042e-4,ASV_00350,SE1
345,1,2772,4,7.30613e-5,ASV_00351,FI1
345,1,2475,6,1.45273e-4,ASV_00351,UK2
345,1,1059,7,3.59512e-4,ASV_00351,SE1
346,1,2080,1,1.95832e-4,ASV_00352,IT1
346,1,1083,2,3.52134e-4,ASV_00352,IT2
346,1,2828,3,5.21942e-5,ASV_00352,IT3
346,1,304,5,6.7709e-4,ASV_00352,UK1
346,1,1689,6,2.48081e-4,ASV_00352,UK2
347,1,1461,1,2.83486e-4,ASV_00353,IT1
347,1,764,2,4.32039e-4,ASV_00353,IT2
348,1,2165,1,1.85263e-4,ASV_00354,IT1
348,1,1165,2,3.36058e-4,ASV_00354,IT2
348,1,2934,3,3.04948e-5,ASV_00354,IT3
348,1,527,5,5.30425e-4,ASV_00354,UK1
349,1,2780,1,7.10532e-5,ASV_00355,IT1
349,1,2319,2,1.65306e-4,ASV_00355,IT2
349,1,419,5,5.9686e-4,ASV_00355,UK1
349,1,2467,6,1.45758e-4,ASV_00355,UK2
350,1,1686,1,2.48617e-4,ASV_00356,IT1
350,1,188,2,7.73125e-4,ASV_00356,IT2
350,1,2971,3,2.16776e-5,ASV_00356,IT3
350,1,1286,4,3.12896e-4,ASV_00356,FI1
350,1,197,5,7.66521e-4,ASV_00356,UK1
350,1,2457,6,1.472e-4,ASV_00356,UK2
350,1,2177,7,1.84093e-4,ASV_00356,SE1
351,1,1210,2,3.27089e-4,ASV_00357,IT2
352,1,2659,6,1.11013e-4,ASV_00358,UK2
353,1,2118,1,1.90246e-4,ASV_00359,IT1
353,1,1208,2,3.27192e-4,ASV_00359,IT2
353,1,108,5,8.61991e-4,ASV_00359,UK1
354,1,950,4,3.82626e-4,ASV_00360,FI1
354,1,2540,6,1.35153e-4,ASV_00360,UK2
354,1,1531,7,2.73097e-4,ASV_00360,SE1
355,1,997,2,3.70568e-4,ASV_00361,IT2
355,1,2771,4,7.31782e-5,ASV_00361,FI1
355,1,2044,6,2.00475e-4,ASV_00361,UK2
355,1,703,7,4.54707e-4,ASV_00361,SE1
356,1,2070,6,1.9748e-4,ASV_00362,UK2
357,1,1779,6,2.34865e-4,ASV_00363,UK2
357,1,1285,7,3.12959e-4,ASV_00363,SE1
358,1,2611,6,1.21976e-4,ASV_00364,UK2
358,1,699,7,4.56941e-4,ASV_00364,SE1
359,1,2219,1,1.78705e-4,ASV_00365,IT1
359,1,524,2,5.32571e-4,ASV_00365,IT2
359,1,609,4,4.86648e-4,ASV_00365,FI1
359,1,134,5,8.2762e-4,ASV_00365,UK1
359,1,2012,6,2.04827e-4,ASV_00365,UK2
359,1,1142,7,3.39138e-4,ASV_00365,SE1
360,1,973,7,3.75678e-4,ASV_00366,SE1
361,1,1158,2,3.36956e-4,ASV_00367,IT2
361,1,2390,6,1.57254e-4,ASV_00367,UK2
361,1,2113,7,1.91256e-4,ASV_00367,SE1
362,1,2711,1,9.76252e-5,ASV_00368,IT1
362,1,481,2,5.5963e-4,ASV_00368,IT2
362,1,741,5,4.38834e-4,ASV_00368,UK1
362,1,2142,6,1.87217e-4,ASV_00368,UK2
363,1,1219,2,3.25455e-4,ASV_00369,IT2
363,1,387,5,6.17719e-4,ASV_00369,UK1
363,1,2636,6,1.15559e-4,ASV_00369,UK2
363,1,2541,7,1.35098e-4,ASV_00369,SE1
364,1,322,5,6.60902e-4,ASV_00370,UK1
364,1,2692,6,1.02034e-4,ASV_00370,UK2
365,1,434,5,5.89724e-4,ASV_00371,UK1
365,1,2765,6,7.59576e-5,ASV_00371,UK2
365,1,2148,7,1.87009e-4,ASV_00371,SE1
366,1,309,2,6.73445e-4,ASV_00372,IT2
366,1,2800,6,6.40862e-5,ASV_00372,UK2
367,1,1062,1,3.59093e-4,ASV_00373,IT1
367,1,1074,2,3.53679e-4,ASV_00373,IT2
367,1,266,5,7.02665e-4,ASV_00373,UK1
367,1,2669,6,1.09053e-4,ASV_00373,UK2
367,1,2045,7,2.00429e-4,ASV_00373,SE1
368,1,287,5,6.89098e-4,ASV_00374,UK1
368,1,2596,6,1.24908e-4,ASV_00374,UK2
368,1,1042,7,3.62452e-4,ASV_00374,SE1
369,1,1887,6,2.22798e-4,ASV_00375,UK2
370,1,1403,2,2.91912e-4,ASV_00376,IT2
370,1,785,4,4.25795e-4,ASV_00376,FI1
370,1,902,5,3.95389e-4,ASV_00376,UK1
370,1,2349,6,1.62147e-4,ASV_00376,UK2
370,1,1596,7,2.61848e-4,ASV_00376,SE1
371,1,1151,2,3.3806e-4,ASV_00377,IT2
371,1,2848,3,4.87748e-5,ASV_00377,IT3
371,1,568,4,5.05214e-4,ASV_00377,FI1
371,1,129,5,8.31811e-4,ASV_00377,UK1
371,1,2297,6,1.67783e-4,ASV_00377,UK2
372,1,2146,1,1.87078e-4,ASV_00378,IT1
372,1,565,2,5.07639e-4,ASV_00378,IT2
372,1,521,5,5.33593e-4,ASV_00378,UK1
372,1,2527,6,1.36814e-4,ASV_00378,UK2
373,1,2140,4,1.8755e-4,ASV_00379,FI1
373,1,2834,6,5.1233e-5,ASV_00379,UK2
373,1,1762,7,2.37735e-4,ASV_00379,SE1
374,1,2441,1,1.50119e-4,ASV_00380,IT1
374,1,1449,2,2.85307e-4,ASV_00380,IT2
374,1,418,5,5.97204e-4,ASV_00380,UK1
374,1,2413,6,1.54305e-4,ASV_00380,UK2
375,1,2428,1,1.52159e-4,ASV_00381,IT1
375,1,956,2,3.80352e-4,ASV_00381,IT2
375,1,2994,3,9.90906e-6,ASV_00381,IT3
375,1,352,5,6.46159e-4,ASV_00381,UK1
375,1,1522,6,2.74763e-4,ASV_00381,UK2
376,1,2022,1,2.0358e-4,ASV_00382,IT1
376,1,849,2,4.10476e-4,ASV_00382,IT2
376,1,628,5,4.78439e-4,ASV_00382,UK1
376,1,2009,6,2.05106e-4,ASV_00382,UK2
376,1,937,7,3.85624e-4,ASV_00382,SE1
377,1,1888,1,2.22713e-4,ASV_00383,IT1
378,1,1472,1,2.82293e-4,ASV_00384,IT1
378,1,1076,2,3.53385e-4,ASV_00384,IT2
378,1,2858,3,4.63438e-5,ASV_00384,IT3
378,1,547,4,5.16591e-4,ASV_00384,FI1
378,1,400,5,6.11297e-4,ASV_00384,UK1
378,1,2435,6,1.51254e-4,ASV_00384,UK2
378,1,1873,7,2.24568e-4,ASV_00384,SE1
379,1,2550,4,1.34242e-4,ASV_00385,FI1
379,1,222,5,7.41442e-4,ASV_00385,UK1
379,1,2399,6,1.56524e-4,ASV_00385,UK2
379,1,1113,7,3.45101e-4,ASV_00385,SE1
380,1,2465,6,1.4586e-4,ASV_00386,UK2
380,1,1110,7,3.45668e-4,ASV_00386,SE1
381,1,894,2,3.97523e-4,ASV_00387,IT2
381,1,2311,4,1.66168e-4,ASV_00387,FI1
381,1,2074,6,1.96927e-4,ASV_00387,UK2
381,1,1118,7,3.44589e-4,ASV_00387,SE1
382,1,1439,4,2.86894e-4,ASV_00388,FI1
382,1,2157,6,1.8615e-4,ASV_00388,UK2
383,1,787,2,4.25118e-4,ASV_00389,IT2
383,1,1635,6,2.56317e-4,ASV_00389,UK2
384,1,1514,1,2.76436e-4,ASV_00390,IT1
384,1,1067,2,3.56697e-4,ASV_00390,IT2
384,1,123,5,8.45217e-4,ASV_00390,UK1
384,1,2414,6,1.53944e-4,ASV_00390,UK2
385,1,1140,1,3.39457e-4,ASV_00391,IT1
385,1,688,2,4.60495e-4,ASV_00391,IT2
385,1,294,5,6.83854e-4,ASV_00391,UK1
385,1,2747,6,8.13969e-5,ASV_00391,UK2
386,1,1399,4,2.92569e-4,ASV_00392,FI1
386,1,240,5,7.26266e-4,ASV_00392,UK1
386,1,2410,6,1.54725e-4,ASV_00392,UK2
386,1,1237,7,3.2257e-4,ASV_00392,SE1
387,1,1456,1,2.84331e-4,ASV_00393,IT1
387,1,1407,2,2.91551e-4,ASV_00393,IT2
387,1,198,5,7.64472e-4,ASV_00393,UK1
387,1,1533,6,2.7306e-4,ASV_00393,UK2
388,1,442,5,5.85796e-4,ASV_00394,UK1
388,1,2236,6,1.75831e-4,ASV_00394,UK2
389,1,1738,2,2.4157e-4,ASV_00395,IT2
389,1,2958,3,2.47407e-5,ASV_00395,IT3
389,1,1566,6,2.66656e-4,ASV_00395,UK2
389,1,429,7,5.92326e-4,ASV_00395,SE1
390,1,2299,1,1.6716e-4,ASV_00396,IT1
391,1,2334,2,1.635e-4,ASV_00397,IT2
391,1,1833,4,2.28978e-4,ASV_00397,FI1
391,1,117,5,8.51651e-4,ASV_00397,UK1
392,1,1880,2,2.23749e-4,ASV_00398,IT2
392,1,126,5,8.40162e-4,ASV_00398,UK1
392,1,2442,6,1.5004e-4,ASV_00398,UK2
393,1,363,2,6.3611e-4,ASV_00399,IT2
393,1,2925,3,3.18334e-5,ASV_00399,IT3
393,1,887,5,3.99245e-4,ASV_00399,UK1
393,1,2516,6,1.38221e-4,ASV_00399,UK2
394,1,634,2,4.75821e-4,ASV_00400,IT2
394,1,2386,6,1.57798e-4,ASV_00400,UK2
394,1,1262,7,3.16397e-4,ASV_00400,SE1
395,1,2267,1,1.71469e-4,ASV_00402,IT1
395,1,637,2,4.74904e-4,ASV_00402,IT2
395,1,2795,3,6.55771e-5,ASV_00402,IT3
395,1,152,5,8.05039e-4,ASV_00402,UK1
395,1,2253,6,1.73389e-4,ASV_00402,UK2
396,1,692,2,4.5946e-4,ASV_00403,IT2
397,1,1138,1,3.40018e-4,ASV_00404,IT1
397,1,1260,2,3.16633e-4,ASV_00404,IT2
397,1,2957,3,2.51273e-5,ASV_00404,IT3
397,1,2501,6,1.40613e-4,ASV_00404,UK2
398,1,608,2,4.87125e-4,ASV_00406,IT2
398,1,1155,4,3.37281e-4,ASV_00406,FI1
398,1,213,5,7.50646e-4,ASV_00406,UK1
398,1,2324,6,1.64688e-4,ASV_00406,UK2
398,1,548,7,5.15175e-4,ASV_00406,SE1
399,1,1166,2,3.35456e-4,ASV_00407,IT2
399,1,2614,6,1.2149e-4,ASV_00407,UK2
400,1,601,2,4.90423e-4,ASV_00409,IT2
400,1,1739,6,2.41445e-4,ASV_00409,UK2
401,1,1490,1,2.80023e-4,ASV_00410,IT1
401,1,308,2,6.75082e-4,ASV_00410,IT2
401,1,105,5,8.633e-4,ASV_00410,UK1
401,1,1798,6,2.31946e-4,ASV_00410,UK2
401,1,2402,7,1.56098e-4,ASV_00410,SE1
402,1,1198,1,3.29685e-4,ASV_00411,IT1
402,1,1053,2,3.60408e-4,ASV_00411,IT2
402,1,14,5,0.00103353,ASV_00411,UK1
402,1,2708,6,9.8794e-5,ASV_00411,UK2
403,1,446,2,5.81366e-4,ASV_00412,IT2
404,1,2440,6,1.50122e-4,ASV_00413,UK2
405,1,1131,2,3.41543e-4,ASV_00415,IT2
405,1,1584,6,2.6383e-4,ASV_00415,UK2
405,1,2486,7,1.43068e-4,ASV_00415,SE1
406,1,1069,2,3.56237e-4,ASV_00416,IT2
406,1,432,5,5.90566e-4,ASV_00416,UK1
406,1,2472,6,1.45552e-4,ASV_00416,UK2
406,1,662,7,4.67454e-4,ASV_00416,SE1
407,1,2649,6,1.12828e-4,ASV_00417,UK2
407,1,831,7,4.14509e-4,ASV_00417,SE1
408,1,1604,2,2.6062e-4,ASV_00418,IT2
409,1,1791,6,2.32852e-4,ASV_00419,UK2
409,1,781,7,4.26673e-4,ASV_00419,SE1
410,1,2280,6,1.69634e-4,ASV_00420,UK2
411,1,1804,1,2.31081e-4,ASV_00421,IT1
411,1,373,2,6.30506e-4,ASV_00421,IT2
411,1,974,4,3.75606e-4,ASV_00421,FI1
411,1,725,5,4.466e-4,ASV_00421,UK1
411,1,2161,6,1.8577e-4,ASV_00421,UK2
412,1,1254,2,3.1852e-4,ASV_00422,IT2
412,1,867,5,4.06253e-4,ASV_00422,UK1
413,1,985,2,3.72313e-4,ASV_00423,IT2
414,1,2691,6,1.02086e-4,ASV_00424,UK2
414,1,2328,7,1.64402e-4,ASV_00424,SE1
415,1,403,2,6.09472e-4,ASV_00425,IT2
415,1,2912,3,3.42853e-5,ASV_00425,IT3
415,1,1433,4,2.88185e-4,ASV_00425,FI1
415,1,1446,5,2.85811e-4,ASV_00425,UK1
415,1,1309,6,3.08649e-4,ASV_00425,UK2
416,1,716,2,4.51055e-4,ASV_00426,IT2
416,1,898,4,3.96406e-4,ASV_00426,FI1
416,1,386,5,6.18672e-4,ASV_00426,UK1
416,1,2307,6,1.66693e-4,ASV_00426,UK2
416,1,2372,7,1.59722e-4,ASV_00426,SE1
417,1,1195,2,3.30168e-4,ASV_00428,IT2
417,1,378,5,6.28469e-4,ASV_00428,UK1
417,1,2088,6,1.95328e-4,ASV_00428,UK2
418,1,1066,2,3.58324e-4,ASV_00429,IT2
418,1,424,5,5.93779e-4,ASV_00429,UK1
418,1,1554,6,2.68211e-4,ASV_00429,UK2
419,1,963,5,3.78927e-4,ASV_00430,UK1
420,1,1947,6,2.13597e-4,ASV_00431,UK2
420,1,1258,7,3.1763e-4,ASV_00431,SE1
421,1,2019,6,2.0413e-4,ASV_00434,UK2
422,1,1128,4,3.42379e-4,ASV_00435,FI1
422,1,2257,6,1.72951e-4,ASV_00435,UK2
422,1,1572,7,2.64961e-4,ASV_00435,SE1
423,1,155,5,7.99778e-4,ASV_00436,UK1
423,1,2434,6,1.51766e-4,ASV_00436,UK2
424,1,1634,1,2.56353e-4,ASV_00437,IT1
424,1,731,2,4.43492e-4,ASV_00437,IT2
424,1,553,5,5.1311e-4,ASV_00437,UK1
424,1,1671,6,2.51172e-4,ASV_00437,UK2
425,1,775,2,4.27637e-4,ASV_00438,IT2
425,1,2883,3,4.11662e-5,ASV_00438,IT3
425,1,2102,6,1.9239e-4,ASV_00438,UK2
425,1,1637,7,2.56164e-4,ASV_00438,SE1
426,1,2675,6,1.05965e-4,ASV_00439,UK2
427,1,1279,1,3.13649e-4,ASV_00440,IT1
427,1,268,2,7.01327e-4,ASV_00440,IT2
428,1,610,2,4.86365e-4,ASV_00441,IT2
428,1,3000,3,5.85769e-6,ASV_00441,IT3
428,1,2729,6,9.13668e-5,ASV_00441,UK2
428,1,2438,7,1.50329e-4,ASV_00441,SE1
429,1,581,2,4.99444e-4,ASV_00442,IT2
429,1,469,4,5.66577e-4,ASV_00442,FI1
429,1,347,5,6.49019e-4,ASV_00442,UK1
429,1,2576,6,1.30015e-4,ASV_00442,UK2
429,1,1612,7,2.59308e-4,ASV_00442,SE1
430,1,1579,2,2.64261e-4,ASV_00443,IT2
430,1,412,5,6.02883e-4,ASV_00443,UK1
431,1,1547,2,2.69825e-4,ASV_00444,IT2
431,1,121,5,8.4914e-4,ASV_00444,UK1
431,1,2364,6,1.60616e-4,ASV_00444,UK2
431,1,1182,7,3.32666e-4,ASV_00444,SE1
432,1,1319,2,3.07095e-4,ASV_00445,IT2
432,1,388,5,6.17543e-4,ASV_00445,UK1
433,1,1184,7,3.32003e-4,ASV_00446,SE1
434,1,1978,1,2.09683e-4,ASV_00447,IT1
434,1,406,2,6.06337e-4,ASV_00447,IT2
434,1,2948,3,2.76998e-5,ASV_00447,IT3
434,1,320,5,6.63201e-4,ASV_00447,UK1
434,1,1857,6,2.25909e-4,ASV_00447,UK2
434,1,1889,7,2.22566e-4,ASV_00447,SE1
435,1,2745,6,8.19916e-5,ASV_00448,UK2
436,1,1810,1,2.30446e-4,ASV_00449,IT1
436,1,1541,4,2.71278e-4,ASV_00449,FI1
436,1,430,7,5.91462e-4,ASV_00449,SE1
437,1,372,2,6.30632e-4,ASV_00450,IT2
437,1,2903,6,3.59546e-5,ASV_00450,UK2
438,1,1729,1,2.42876e-4,ASV_00451,IT1
438,1,1088,2,3.50693e-4,ASV_00451,IT2
439,1,2059,1,1.9884e-4,ASV_00452,IT1
439,1,806,2,4.20582e-4,ASV_00452,IT2
439,1,2854,3,4.67122e-5,ASV_00452,IT3
439,1,1958,4,2.11941e-4,ASV_00452,FI1
439,1,297,5,6.826e-4,ASV_00452,UK1
439,1,1437,6,2.87176e-4,ASV_00452,UK2
439,1,1534,7,2.7267e-4,ASV_00452,SE1
440,1,713,2,4.51916e-4,ASV_00453,IT2
440,1,1856,6,2.25956e-4,ASV_00453,UK2
441,1,1049,1,3.60915e-4,ASV_00454,IT1
441,1,533,2,5.23898e-4,ASV_00454,IT2
441,1,109,5,8.59716e-4,ASV_00454,UK1
441,1,2348,6,1.62153e-4,ASV_00454,UK2
442,1,426,2,5.93142e-4,ASV_00455,IT2
442,1,258,5,7.06601e-4,ASV_00455,UK1
443,1,2401,6,1.56359e-4,ASV_00456,UK2
443,1,1591,7,2.62622e-4,ASV_00456,SE1
444,1,107,5,8.62836e-4,ASV_00457,UK1
444,1,2782,6,7.09191e-5,ASV_00457,UK2
445,1,515,2,5.36227e-4,ASV_00458,IT2
445,1,2956,3,2.55473e-5,ASV_00458,IT3
445,1,555,5,5.12465e-4,ASV_00458,UK1
445,1,2310,6,1.66215e-4,ASV_00458,UK2
446,1,644,2,4.72765e-4,ASV_00459,IT2
446,1,2031,6,2.02145e-4,ASV_00459,UK2
447,1,1735,1,2.42171e-4,ASV_00460,IT1
447,1,858,2,4.0828e-4,ASV_00460,IT2
448,1,1423,4,2.89212e-4,ASV_00461,FI1
448,1,76,5,9.0052e-4,ASV_00461,UK1
448,1,2562,6,1.3284e-4,ASV_00461,UK2
449,1,472,5,5.64691e-4,ASV_00462,UK1
449,1,2648,6,1.12856e-4,ASV_00462,UK2
450,1,753,2,4.34632e-4,ASV_00463,IT2
450,1,12,5,0.00104238,ASV_00463,UK1
451,1,2529,1,1.36701e-4,ASV_00464,IT1
451,1,1223,2,3.24994e-4,ASV_00464,IT2
451,1,2788,3,6.85081e-5,ASV_00464,IT3
451,1,2543,4,1.34918e-4,ASV_00464,FI1
451,1,38,5,9.63057e-4,ASV_00464,UK1
451,1,2512,6,1.38799e-4,ASV_00464,UK2
451,1,1948,7,2.13572e-4,ASV_00464,SE1
452,1,1359,2,2.99491e-4,ASV_00465,IT2
453,1,2331,6,1.6415e-4,ASV_00466,UK2
454,1,615,2,4.84526e-4,ASV_00467,IT2
454,1,2057,6,1.9891e-4,ASV_00467,UK2
455,1,1776,1,2.35114e-4,ASV_00468,IT1
455,1,682,2,4.61824e-4,ASV_00468,IT2
455,1,130,5,8.31547e-4,ASV_00468,UK1
455,1,2603,6,1.23622e-4,ASV_00468,UK2
456,1,2277,7,1.7027e-4,ASV_00470,SE1
457,1,1119,2,3.44532e-4,ASV_00471,IT2
457,1,223,5,7.40726e-4,ASV_00471,UK1
457,1,2598,6,1.24823e-4,ASV_00471,UK2
457,1,1524,7,2.74209e-4,ASV_00471,SE1
458,1,2439,4,1.50244e-4,ASV_00472,FI1
458,1,2163,7,1.85461e-4,ASV_00472,SE1
459,1,807,2,4.19856e-4,ASV_00474,IT2
459,1,1025,4,3.65403e-4,ASV_00474,FI1
459,1,83,5,8.90288e-4,ASV_00474,UK1
459,1,1943,6,2.13819e-4,ASV_00474,UK2
459,1,989,7,3.72076e-4,ASV_00474,SE1
460,1,1732,4,2.42609e-4,ASV_00475,FI1
460,1,68,5,9.08312e-4,ASV_00475,UK1
460,1,2542,6,1.35096e-4,ASV_00475,UK2
460,1,1962,7,2.11462e-4,ASV_00475,SE1
461,1,1304,1,3.09633e-4,ASV_00476,IT1
461,1,920,2,3.91133e-4,ASV_00476,IT2
461,1,318,5,6.63386e-4,ASV_00476,UK1
462,1,932,2,3.88534e-4,ASV_00477,IT2
462,1,1991,4,2.08148e-4,ASV_00477,FI1
462,1,154,5,8.02342e-4,ASV_00477,UK1
462,1,2162,6,1.85766e-4,ASV_00477,UK2
462,1,1664,7,2.52832e-4,ASV_00477,SE1
463,1,1024,4,3.65444e-4,ASV_00478,FI1
463,1,1493,6,2.79835e-4,ASV_00478,UK2
463,1,737,7,4.39542e-4,ASV_00478,SE1
464,1,2046,2,2.00412e-4,ASV_00479,IT2
464,1,2064,6,1.9813e-4,ASV_00479,UK2
465,1,575,4,5.0125e-4,ASV_00481,FI1
465,1,2237,6,1.75614e-4,ASV_00481,UK2
465,1,946,7,3.82777e-4,ASV_00481,SE1
466,1,2327,1,1.64428e-4,ASV_00482,IT1
466,1,869,2,4.05984e-4,ASV_00482,IT2
466,1,2812,3,5.91626e-5,ASV_00482,IT3
467,1,948,2,3.82707e-4,ASV_00483,IT2
467,1,496,4,5.45526e-4,ASV_00483,FI1
467,1,474,5,5.62355e-4,ASV_00483,UK1
467,1,2350,6,1.62144e-4,ASV_00483,UK2
467,1,1132,7,3.41539e-4,ASV_00483,SE1
468,1,2610,6,1.22166e-4,ASV_00484,UK2
468,1,1082,7,3.52368e-4,ASV_00484,SE1
469,1,1133,2,3.41511e-4,ASV_00485,IT2
470,1,647,2,4.72e-4,ASV_00486,IT2
470,1,1349,4,3.02878e-4,ASV_00486,FI1
470,1,494,5,5.46133e-4,ASV_00486,UK1
470,1,2505,6,1.40018e-4,ASV_00486,UK2
470,1,619,7,4.81695e-4,ASV_00486,SE1
471,1,1097,4,3.49024e-4,ASV_00487,FI1
471,1,263,5,7.03754e-4,ASV_00487,UK1
471,1,1511,6,2.77375e-4,ASV_00487,UK2
471,1,2625,7,1.18942e-4,ASV_00487,SE1
472,1,949,2,3.82632e-4,ASV_00488,IT2
473,1,1276,1,3.13988e-4,ASV_00490,IT1
473,1,1913,2,2.18446e-4,ASV_00490,IT2
473,1,101,5,8.66229e-4,ASV_00490,UK1
473,1,2313,6,1.66086e-4,ASV_00490,UK2
473,1,605,7,4.88567e-4,ASV_00490,SE1
474,1,2817,6,5.73138e-5,ASV_00492,UK2
475,1,2493,1,1.42295e-4,ASV_00493,IT1
475,1,651,2,4.70519e-4,ASV_00493,IT2
475,1,1754,4,2.39002e-4,ASV_00493,FI1
475,1,732,5,4.43362e-4,ASV_00493,UK1
475,1,2545,6,1.34775e-4,ASV_00493,UK2
475,1,1644,7,2.5527e-4,ASV_00493,SE1
476,1,1149,2,3.38326e-4,ASV_00494,IT2
476,1,1772,4,2.35921e-4,ASV_00494,FI1
476,1,385,5,6.1946e-4,ASV_00494,UK1
476,1,1623,6,2.58055e-4,ASV_00494,UK2
476,1,1295,7,3.11255e-4,ASV_00494,SE1
477,1,2728,2,9.21269e-5,ASV_00495,IT2
477,1,656,4,4.68876e-4,ASV_00495,FI1
477,1,272,5,6.99072e-4,ASV_00495,UK1
477,1,2700,6,1.00113e-4,ASV_00495,UK2
477,1,2112,7,1.91382e-4,ASV_00495,SE1
478,1,1454,2,2.84499e-4,ASV_00496,IT2
478,1,2173,6,1.84332e-4,ASV_00496,UK2
479,1,771,4,4.29161e-4,ASV_00497,FI1
479,1,2353,6,1.62089e-4,ASV_00497,UK2
479,1,746,7,4.36805e-4,ASV_00497,SE1
480,1,1320,2,3.06807e-4,ASV_00498,IT2
481,1,1199,4,3.29145e-4,ASV_00499,FI1
481,1,384,5,6.2064e-4,ASV_00499,UK1
482,1,1981,1,2.0941e-4,ASV_00501,IT1
482,1,592,2,4.94048e-4,ASV_00501,IT2
482,1,2840,3,4.97381e-5,ASV_00501,IT3
482,1,82,5,8.90575e-4,ASV_00501,UK1
482,1,1428,6,2.88633e-4,ASV_00501,UK2
483,1,2507,6,1.39898e-4,ASV_00502,UK2
483,1,2523,7,1.37452e-4,ASV_00502,SE1
484,1,1626,2,2.5779e-4,ASV_00503,IT2
485,1,1756,1,2.38314e-4,ASV_00504,IT1
485,1,2526,2,1.37144e-4,ASV_00504,IT2
485,1,2937,3,2.94876e-5,ASV_00504,IT3
485,1,1232,4,3.23555e-4,ASV_00504,FI1
485,1,2451,6,1.47968e-4,ASV_00504,UK2
485,1,1037,7,3.63034e-4,ASV_00504,SE1
486,1,2122,4,1.8945e-4,ASV_00505,FI1
486,1,1517,7,2.75915e-4,ASV_00505,SE1
487,1,1552,2,2.6854e-4,ASV_00506,IT2
487,1,1443,5,2.86312e-4,ASV_00506,UK1
488,1,1003,2,3.68358e-4,ASV_00507,IT2
488,1,315,5,6.65877e-4,ASV_00507,UK1
488,1,1782,6,2.34614e-4,ASV_00507,UK2
489,1,658,1,4.68411e-4,ASV_00508,IT1
489,1,899,2,3.96172e-4,ASV_00508,IT2
489,1,70,5,9.07657e-4,ASV_00508,UK1
489,1,2485,7,1.43243e-4,ASV_00508,SE1
490,1,1329,7,3.04885e-4,ASV_00509,SE1
491,1,205,5,7.5553e-4,ASV_00510,UK1
491,1,2463,6,1.46163e-4,ASV_00510,UK2
492,1,1415,2,2.90966e-4,ASV_00511,IT2
492,1,464,5,5.71661e-4,ASV_00511,UK1
492,1,1692,6,2.47812e-4,ASV_00511,UK2
493,1,1414,2,2.90996e-4,ASV_00512,IT2
493,1,255,5,7.13277e-4,ASV_00512,UK1
493,1,2259,6,1.72849e-4,ASV_00512,UK2
494,1,744,2,4.37532e-4,ASV_00513,IT2
494,1,1442,4,2.86363e-4,ASV_00513,FI1
494,1,216,5,7.49599e-4,ASV_00513,UK1
495,1,1676,1,2.50393e-4,ASV_00514,IT1
495,1,1109,2,3.46133e-4,ASV_00514,IT2
496,1,1578,7,2.643e-4,ASV_00515,SE1
497,1,874,2,4.0472e-4,ASV_00517,IT2
497,1,588,4,4.95033e-4,ASV_00517,FI1
497,1,189,5,7.7292e-4,ASV_00517,UK1
497,1,1955,6,2.12699e-4,ASV_00517,UK2
497,1,1622,7,2.58148e-4,ASV_00517,SE1
498,1,421,2,5.95312e-4,ASV_00518,IT2
499,1,540,5,5.20656e-4,ASV_00519,UK1
500,1,502,2,5.43155e-4,ASV_00520,IT2
500,1,1741,6,2.40804e-4,ASV_00520,UK2
500,1,799,7,4.22042e-4,ASV_00520,SE1
501,1,695,2,4.58547e-4,ASV_00521,IT2
502,1,52,5,9.39143e-4,ASV_00522,UK1
502,1,1707,6,2.45353e-4,ASV_00522,UK2
503,1,763,4,4.32117e-4,ASV_00523,FI1
504,1,842,2,4.11793e-4,ASV_00524,IT2
504,1,359,5,6.39814e-4,ASV_00524,UK1
504,1,2538,6,1.35395e-4,ASV_00524,UK2
504,1,774,7,4.27791e-4,ASV_00524,SE1
505,1,31,5,9.72542e-4,ASV_00526,UK1
506,1,877,1,4.03671e-4,ASV_00527,IT1
506,1,2831,3,5.20684e-5,ASV_00527,IT3
506,1,26,5,9.87602e-4,ASV_00527,UK1
506,1,2115,6,1.9048e-4,ASV_00527,UK2
507,1,1792,2,2.32773e-4,ASV_00528,IT2
507,1,264,5,7.03471e-4,ASV_00528,UK1
508,1,977,1,3.74771e-4,ASV_00529,IT1
508,1,614,2,4.84759e-4,ASV_00529,IT2
508,1,397,5,6.14336e-4,ASV_00529,UK1
508,1,2181,6,1.83761e-4,ASV_00529,UK2
509,1,1651,1,2.54247e-4,ASV_00530,IT1
509,1,1302,2,3.10326e-4,ASV_00530,IT2
509,1,375,5,6.29433e-4,ASV_00530,UK1
510,1,1816,4,2.30239e-4,ASV_00531,FI1
510,1,2519,6,1.37873e-4,ASV_00531,UK2
511,1,2395,6,1.56611e-4,ASV_00532,UK2
512,1,991,2,3.71821e-4,ASV_00533,IT2
513,1,2060,2,1.98752e-4,ASV_00534,IT2
513,1,1972,7,2.10689e-4,ASV_00534,SE1
514,1,379,4,6.26972e-4,ASV_00535,FI1
514,1,2145,6,1.87109e-4,ASV_00535,UK2
514,1,1100,7,3.48765e-4,ASV_00535,SE1
515,1,1102,2,3.47662e-4,ASV_00536,IT2
515,1,1078,4,3.5281e-4,ASV_00536,FI1
515,1,1852,6,2.26585e-4,ASV_00536,UK2
516,1,2050,1,1.99608e-4,ASV_00537,IT1
516,1,458,5,5.75848e-4,ASV_00537,UK1
517,1,694,4,4.58631e-4,ASV_00538,FI1
517,1,178,5,7.82083e-4,ASV_00538,UK1
517,1,2468,6,1.45698e-4,ASV_00538,UK2
518,1,2369,6,1.59902e-4,ASV_00540,UK2
519,1,659,2,4.68368e-4,ASV_00541,IT2
519,1,2132,4,1.8826e-4,ASV_00541,FI1
519,1,48,5,9.42651e-4,ASV_00541,UK1
519,1,2688,6,1.02352e-4,ASV_00541,UK2
519,1,1150,7,3.3825e-4,ASV_00541,SE1
520,1,2368,1,1.5998e-4,ASV_00542,IT1
520,1,473,2,5.62663e-4,ASV_00542,IT2
520,1,2997,3,8.40819e-6,ASV_00542,IT3
520,1,234,5,7.30252e-4,ASV_00542,UK1
521,1,750,2,4.35978e-4,ASV_00543,IT2
521,1,1303,4,3.10031e-4,ASV_00543,FI1
521,1,2567,6,1.31889e-4,ASV_00543,UK2
521,1,978,7,3.74158e-4,ASV_00543,SE1
522,1,1058,2,3.59581e-4,ASV_00544,IT2
523,1,1929,6,2.1563e-4,ASV_00545,UK2
524,1,1491,4,2.79922e-4,ASV_00546,FI1
524,1,2489,6,1.42731e-4,ASV_00546,UK2
524,1,1206,7,3.27684e-4,ASV_00546,SE1
525,1,1502,2,2.78075e-4,ASV_00548,IT2
525,1,813,4,4.187e-4,ASV_00548,FI1
525,1,2566,6,1.32276e-4,ASV_00548,UK2
525,1,982,7,3.7325e-4,ASV_00548,SE1
526,1,1331,1,3.04524e-4,ASV_00550,IT1
526,1,895,2,3.97503e-4,ASV_00550,IT2
526,1,2965,3,2.32258e-5,ASV_00550,IT3
526,1,41,5,9.49617e-4,ASV_00550,UK1
526,1,1862,6,2.25508e-4,ASV_00550,UK2
527,1,718,2,4.50235e-4,ASV_00551,IT2
527,1,324,5,6.60185e-4,ASV_00551,UK1
528,1,2189,6,1.82939e-4,ASV_00552,UK2
528,1,1436,7,2.87765e-4,ASV_00552,SE1
529,1,1683,2,2.4923e-4,ASV_00554,IT2
529,1,2152,4,1.86498e-4,ASV_00554,FI1
529,1,118,5,8.51118e-4,ASV_00554,UK1
529,1,1817,6,2.30204e-4,ASV_00554,UK2
529,1,1063,7,3.58713e-4,ASV_00554,SE1
530,1,2281,1,1.6957e-4,ASV_00555,IT1
530,1,1060,2,3.59307e-4,ASV_00555,IT2
530,1,1882,6,2.23467e-4,ASV_00555,UK2
531,1,1731,1,2.42689e-4,ASV_00556,IT1
531,1,901,2,3.95883e-4,ASV_00556,IT2
531,1,110,5,8.59185e-4,ASV_00556,UK1
532,1,2444,4,1.49395e-4,ASV_00557,FI1
532,1,2474,6,1.45275e-4,ASV_00557,UK2
532,1,1211,7,3.27017e-4,ASV_00557,SE1
533,1,2458,6,1.47181e-4,ASV_00558,UK2
534,1,995,2,3.71097e-4,ASV_00559,IT2
534,1,2154,6,1.86263e-4,ASV_00559,UK2
534,1,1377,7,2.9591e-4,ASV_00559,SE1
535,1,2340,2,1.6304e-4,ASV_00561,IT2
536,1,260,5,7.05557e-4,ASV_00562,UK1
537,1,2171,2,1.84712e-4,ASV_00563,IT2
537,1,739,4,4.39182e-4,ASV_00563,FI1
537,1,1743,6,2.40748e-4,ASV_00563,UK2
537,1,1658,7,2.53666e-4,ASV_00563,SE1
538,1,1894,1,2.21709e-4,ASV_00564,IT1
538,1,423,5,5.93929e-4,ASV_00564,UK1
539,1,2633,6,1.16265e-4,ASV_00565,UK2
540,1,1391,2,2.94172e-4,ASV_00566,IT2
540,1,29,5,9.75388e-4,ASV_00566,UK1
540,1,2801,6,6.39964e-5,ASV_00566,UK2
541,1,917,2,3.92202e-4,ASV_00568,IT2
541,1,479,5,5.6092e-4,ASV_00568,UK1
541,1,1401,6,2.92383e-4,ASV_00568,UK2
542,1,838,2,4.12716e-4,ASV_00569,IT2
542,1,5,5,0.00108132,ASV_00569,UK1
543,1,1657,1,2.53678e-4,ASV_00570,IT1
543,1,709,2,4.53248e-4,ASV_00570,IT2
543,1,2531,4,1.36528e-4,ASV_00570,FI1
543,1,330,5,6.58109e-4,ASV_00570,UK1
543,1,2092,6,1.94512e-4,ASV_00570,UK2
543,1,1091,7,3.50484e-4,ASV_00570,SE1
544,1,2226,1,1.7776e-4,ASV_00571,IT1
544,1,1209,2,3.27188e-4,ASV_00571,IT2
545,1,636,2,4.7538e-4,ASV_00572,IT2
545,1,2873,3,4.34225e-5,ASV_00572,IT3
545,1,2416,6,1.53774e-4,ASV_00572,UK2
546,1,1694,1,2.47478e-4,ASV_00574,IT1
546,1,2190,2,1.82937e-4,ASV_00574,IT2
546,1,2787,3,6.85569e-5,ASV_00574,IT3
546,1,145,5,8.11644e-4,ASV_00574,UK1
546,1,2571,6,1.30609e-4,ASV_00574,UK2
546,1,580,7,4.9949e-4,ASV_00574,SE1
547,1,1841,4,2.28511e-4,ASV_00575,FI1
547,1,2762,6,7.6723e-5,ASV_00575,UK2
547,1,715,7,4.51671e-4,ASV_00575,SE1
548,1,1905,1,2.19681e-4,ASV_00576,IT1
548,1,622,2,4.80588e-4,ASV_00576,IT2
548,1,182,5,7.77555e-4,ASV_00576,UK1
548,1,1885,6,2.23212e-4,ASV_00576,UK2
549,1,245,5,7.20218e-4,ASV_00577,UK1
549,1,2650,6,1.12662e-4,ASV_00577,UK2
550,1,693,2,4.58856e-4,ASV_00581,IT2
550,1,339,5,6.52714e-4,ASV_00581,UK1
550,1,2447,6,1.48623e-4,ASV_00581,UK2
551,1,2292,6,1.68508e-4,ASV_00582,UK2
552,1,2063,4,1.98325e-4,ASV_00583,FI1
552,1,1212,7,3.26899e-4,ASV_00583,SE1
553,1,556,5,5.11703e-4,ASV_00584,UK1
553,1,1350,6,3.0286e-4,ASV_00584,UK2
554,1,2351,6,1.62113e-4,ASV_00585,UK2
555,1,2634,6,1.16162e-4,ASV_00586,UK2
556,1,1026,2,3.64526e-4,ASV_00587,IT2
556,1,1238,4,3.22394e-4,ASV_00587,FI1
556,1,43,5,9.48355e-4,ASV_00587,UK1
556,1,2808,6,6.05089e-5,ASV_00587,UK2
556,1,1369,7,2.97807e-4,ASV_00587,SE1
557,1,599,5,4.91317e-4,ASV_00589,UK1
557,1,2508,6,1.3975e-4,ASV_00589,UK2
558,1,922,7,3.90595e-4,ASV_00590,SE1
559,1,193,5,7.6957e-4,ASV_00591,UK1
559,1,2375,6,1.58917e-4,ASV_00591,UK2
560,1,1940,2,2.141e-4,ASV_00592,IT2
561,1,2738,6,8.71206e-5,ASV_00593,UK2
561,1,979,7,3.74139e-4,ASV_00593,SE1
562,1,1615,1,2.59083e-4,ASV_00594,IT1
562,1,784,2,4.25872e-4,ASV_00594,IT2
563,1,1794,1,2.32664e-4,ASV_00595,IT1
563,1,1038,2,3.62922e-4,ASV_00595,IT2
563,1,103,5,8.6468e-4,ASV_00595,UK1
563,1,1998,6,2.07343e-4,ASV_00595,UK2
564,1,2397,1,1.56539e-4,ASV_00596,IT1
564,1,452,2,5.7848e-4,ASV_00596,IT2
565,1,2464,6,1.45985e-4,ASV_00597,UK2
566,1,1002,4,3.68707e-4,ASV_00600,FI1
566,1,2224,6,1.78061e-4,ASV_00600,UK2
566,1,1272,7,3.14824e-4,ASV_00600,SE1
567,1,1000,4,3.69649e-4,ASV_00601,FI1
567,1,1397,7,2.93188e-4,ASV_00601,SE1
568,1,2796,6,6.50866e-5,ASV_00602,UK2
569,1,1264,4,3.162e-4,ASV_00603,FI1
569,1,2079,6,1.96025e-4,ASV_00603,UK2
569,1,1121,7,3.44e-4,ASV_00603,SE1
570,1,194,5,7.68758e-4,ASV_00604,UK1
570,1,1971,6,2.10892e-4,ASV_00604,UK2
571,1,789,4,4.24555e-4,ASV_00607,FI1
571,1,303,5,6.77372e-4,ASV_00607,UK1
571,1,2326,6,1.64551e-4,ASV_00607,UK2
571,1,1009,7,3.67276e-4,ASV_00607,SE1
572,1,1789,4,2.33255e-4,ASV_00610,FI1
572,1,1843,7,2.28169e-4,ASV_00610,SE1
573,1,1540,2,2.71619e-4,ASV_00611,IT2
573,1,271,5,6.99832e-4,ASV_00611,UK1
574,1,404,2,6.09433e-4,ASV_00612,IT2
574,1,427,5,5.92679e-4,ASV_00612,UK1
575,1,1387,1,2.94938e-4,ASV_00613,IT1
575,1,2098,2,1.93185e-4,ASV_00613,IT2
576,1,2101,7,1.92452e-4,ASV_00614,SE1
577,1,2129,2,1.88517e-4,ASV_00615,IT2
577,1,192,5,7.7142e-4,ASV_00615,UK1
578,1,805,2,4.20589e-4,ASV_00618,IT2
578,1,125,5,8.42017e-4,ASV_00618,UK1
578,1,1865,6,2.25048e-4,ASV_00618,UK2
579,1,2261,1,1.72237e-4,ASV_00619,IT1
580,1,981,2,3.73687e-4,ASV_00620,IT2
580,1,1586,4,2.63175e-4,ASV_00620,FI1
580,1,337,5,6.53361e-4,ASV_00620,UK1
580,1,1179,6,3.33103e-4,ASV_00620,UK2
581,1,1774,4,2.35451e-4,ASV_00621,FI1
581,1,851,7,4.09833e-4,ASV_00621,SE1
582,1,1764,1,2.37236e-4,ASV_00622,IT1
582,1,942,2,3.83376e-4,ASV_00622,IT2
582,1,169,5,7.88882e-4,ASV_00622,UK1
582,1,2560,6,1.33148e-4,ASV_00622,UK2
583,1,1726,4,2.43266e-4,ASV_00626,FI1
583,1,1895,6,2.21673e-4,ASV_00626,UK2
584,1,1898,4,2.21088e-4,ASV_00627,FI1
584,1,95,5,8.73732e-4,ASV_00627,UK1
584,1,2081,6,1.95796e-4,ASV_00627,UK2
584,1,1529,7,2.73139e-4,ASV_00627,SE1
585,1,687,2,4.61214e-4,ASV_00628,IT2
585,1,227,5,7.35948e-4,ASV_00628,UK1
585,1,2658,6,1.11295e-4,ASV_00628,UK2
586,1,2643,6,1.13665e-4,ASV_00629,UK2
587,1,2404,2,1.55683e-4,ASV_00630,IT2
587,1,1305,4,3.09336e-4,ASV_00630,FI1
587,1,1628,6,2.57403e-4,ASV_00630,UK2
587,1,1631,7,2.56802e-4,ASV_00630,SE1
588,1,876,7,4.0383e-4,ASV_00631,SE1
589,1,317,2,6.63482e-4,ASV_00633,IT2
589,1,2234,6,1.76225e-4,ASV_00633,UK2
590,1,2714,1,9.64562e-5,ASV_00635,IT1
590,1,2210,2,1.80363e-4,ASV_00635,IT2
590,1,65,5,9.13653e-4,ASV_00635,UK1
590,1,2217,6,1.78803e-4,ASV_00635,UK2
591,1,1467,2,2.83021e-4,ASV_00636,IT2
591,1,2951,3,2.75888e-5,ASV_00636,IT3
592,1,1408,6,2.91467e-4,ASV_00637,UK2
593,1,506,2,5.40601e-4,ASV_00638,IT2
593,1,1571,4,2.65032e-4,ASV_00638,FI1
593,1,1695,6,2.47465e-4,ASV_00638,UK2
593,1,1693,7,2.47733e-4,ASV_00638,SE1
594,1,2153,6,1.86337e-4,ASV_00639,UK2
595,1,2054,4,1.99083e-4,ASV_00640,FI1
595,1,2804,6,6.26995e-5,ASV_00640,UK2
595,1,1190,7,3.30833e-4,ASV_00640,SE1
596,1,283,2,6.93168e-4,ASV_00641,IT2
596,1,1715,4,2.44497e-4,ASV_00641,FI1
596,1,34,5,9.70778e-4,ASV_00641,UK1
596,1,2753,6,7.87901e-5,ASV_00641,UK2
596,1,2387,7,1.57747e-4,ASV_00641,SE1
597,1,825,2,4.15631e-4,ASV_00643,IT2
597,1,1590,4,2.62678e-4,ASV_00643,FI1
597,1,102,5,8.64944e-4,ASV_00643,UK1
597,1,2398,6,1.56526e-4,ASV_00643,UK2
597,1,1625,7,2.57963e-4,ASV_00643,SE1
598,1,843,4,4.11783e-4,ASV_00644,FI1
598,1,1153,7,3.3785e-4,ASV_00644,SE1
599,1,433,2,5.89804e-4,ASV_00645,IT2
599,1,1875,4,2.24188e-4,ASV_00645,FI1
599,1,2666,6,1.09534e-4,ASV_00645,UK2
599,1,1563,7,2.66911e-4,ASV_00645,SE1
600,1,2322,6,1.64718e-4,ASV_00647,UK2
600,1,2024,7,2.03365e-4,ASV_00647,SE1
601,1,2013,4,2.0482e-4,ASV_00649,FI1
601,1,680,7,4.62364e-4,ASV_00649,SE1
602,1,883,2,4.00933e-4,ASV_00651,IT2
602,1,794,4,4.22757e-4,ASV_00651,FI1
602,1,81,5,8.91552e-4,ASV_00651,UK1
602,1,1807,6,2.30709e-4,ASV_00651,UK2
603,1,1018,7,3.66096e-4,ASV_00652,SE1
604,1,1957,6,2.12046e-4,ASV_00653,UK2
605,1,2305,1,1.66801e-4,ASV_00654,IT1
605,1,1274,2,3.14363e-4,ASV_00654,IT2
605,1,2998,3,7.99869e-6,ASV_00654,IT3
605,1,202,5,7.58264e-4,ASV_00654,UK1
605,1,1828,6,2.29515e-4,ASV_00654,UK2
605,1,1039,7,3.62855e-4,ASV_00654,SE1
606,1,1282,1,3.13366e-4,ASV_00656,IT1
606,1,461,2,5.72345e-4,ASV_00656,IT2
606,1,792,4,4.23575e-4,ASV_00656,FI1
606,1,248,5,7.18214e-4,ASV_00656,UK1
606,1,1352,6,3.02292e-4,ASV_00656,UK2
606,1,2136,7,1.87717e-4,ASV_00656,SE1
607,1,96,5,8.72496e-4,ASV_00657,UK1
607,1,2555,6,1.3395e-4,ASV_00657,UK2
608,1,2477,7,1.45011e-4,ASV_00659,SE1
609,1,1858,6,2.2587e-4,ASV_00660,UK2
610,1,1897,2,2.21173e-4,ASV_00662,IT2
610,1,2090,4,1.94873e-4,ASV_00662,FI1
610,1,1114,7,3.44984e-4,ASV_00662,SE1
611,1,1904,6,2.198e-4,ASV_00663,UK2
612,1,1129,2,3.42357e-4,ASV_00665,IT2
612,1,2630,6,1.17583e-4,ASV_00665,UK2
613,1,1961,2,2.11493e-4,ASV_00666,IT2
613,1,1292,4,3.11783e-4,ASV_00666,FI1
613,1,1161,7,3.36579e-4,ASV_00666,SE1
614,1,459,2,5.75095e-4,ASV_00668,IT2
615,1,2605,6,1.23217e-4,ASV_00669,UK2
616,1,2233,6,1.76318e-4,ASV_00670,UK2
617,1,2392,1,1.57181e-4,ASV_00671,IT1
617,1,1383,2,2.95484e-4,ASV_00671,IT2
617,1,536,5,5.22594e-4,ASV_00671,UK1
617,1,1963,6,2.11403e-4,ASV_00671,UK2
617,1,1681,7,2.49525e-4,ASV_00671,SE1
618,1,1172,2,3.34564e-4,ASV_00673,IT2
618,1,141,5,8.15606e-4,ASV_00673,UK1
618,1,1987,6,2.08929e-4,ASV_00673,UK2
619,1,1704,1,2.45694e-4,ASV_00674,IT1
620,1,2400,7,1.56489e-4,ASV_00675,SE1
621,1,911,2,3.93611e-4,ASV_00676,IT2
621,1,2741,6,8.54666e-5,ASV_00676,UK2
622,1,1361,2,2.99311e-4,ASV_00679,IT2
622,1,684,5,4.61594e-4,ASV_00679,UK1
623,1,639,4,4.74344e-4,ASV_00682,FI1
623,1,2471,6,1.45647e-4,ASV_00682,UK2
624,1,2041,4,2.00858e-4,ASV_00683,FI1
624,1,999,7,3.69862e-4,ASV_00683,SE1
625,1,1922,7,2.17874e-4,ASV_00685,SE1
626,1,1032,2,3.63882e-4,ASV_00686,IT2
626,1,2106,6,1.92049e-4,ASV_00686,UK2
626,1,2069,7,1.97601e-4,ASV_00686,SE1
627,1,728,2,4.4637e-4,ASV_00687,IT2
628,1,2470,6,1.45661e-4,ASV_00688,UK2
628,1,847,7,4.10733e-4,ASV_00688,SE1
629,1,1228,4,3.24025e-4,ASV_00689,FI1
629,1,2056,6,1.98954e-4,ASV_00689,UK2
629,1,369,7,6.31529e-4,ASV_00689,SE1
630,1,1202,1,3.28843e-4,ASV_00690,IT1
630,1,23,5,9.92599e-4,ASV_00690,UK1
631,1,1801,6,2.31696e-4,ASV_00693,UK2
631,1,1800,7,2.31765e-4,ASV_00693,SE1
632,1,1510,6,2.77379e-4,ASV_00694,UK2
633,1,2144,6,1.87134e-4,ASV_00695,UK2
634,1,1730,1,2.42841e-4,ASV_00697,IT1
634,1,1330,2,3.04758e-4,ASV_00697,IT2
634,1,365,5,6.33426e-4,ASV_00697,UK1
635,1,2143,6,1.87178e-4,ASV_00699,UK2
636,1,830,5,4.14818e-4,ASV_00700,UK1
636,1,2422,7,1.52864e-4,ASV_00700,SE1
637,1,174,5,7.8307e-4,ASV_00701,UK1
638,1,2599,4,1.24717e-4,ASV_00704,FI1
638,1,729,7,4.45651e-4,ASV_00704,SE1
639,1,1602,4,2.60819e-4,ASV_00705,FI1
639,1,2651,6,1.12332e-4,ASV_00705,UK2
640,1,11,5,0.00104381,ASV_00708,UK1
641,1,1691,2,2.47905e-4,ASV_00709,IT2
641,1,1799,6,2.31782e-4,ASV_00709,UK2
641,1,733,7,4.43361e-4,ASV_00709,SE1
642,1,1970,7,2.10967e-4,ASV_00711,SE1
643,1,665,4,4.66956e-4,ASV_00712,FI1
643,1,834,7,4.13916e-4,ASV_00712,SE1
644,1,1809,1,2.30544e-4,ASV_00714,IT1
644,1,584,2,4.97827e-4,ASV_00714,IT2
645,1,1386,4,2.9497e-4,ASV_00715,FI1
646,1,1216,2,3.2566e-4,ASV_00718,IT2
647,1,2187,2,1.83207e-4,ASV_00721,IT2
647,1,73,5,9.02923e-4,ASV_00721,UK1
647,1,2769,6,7.39966e-5,ASV_00721,UK2
647,1,528,7,5.28361e-4,ASV_00721,SE1
648,1,988,7,3.72192e-4,ASV_00722,SE1
649,1,1836,4,2.28833e-4,ASV_00723,FI1
649,1,2588,6,1.27226e-4,ASV_00723,UK2
649,1,1515,7,2.76388e-4,ASV_00723,SE1
650,1,1307,2,3.08888e-4,ASV_00724,IT2
651,1,1043,2,3.62364e-4,ASV_00726,IT2
651,1,2061,6,1.98728e-4,ASV_00726,UK2
651,1,1426,7,2.88812e-4,ASV_00726,SE1
652,1,241,2,7.24153e-4,ASV_00727,IT2
652,1,1647,4,2.55022e-4,ASV_00727,FI1
652,1,374,5,6.29721e-4,ASV_00727,UK1
652,1,1769,6,2.361e-4,ASV_00727,UK2
652,1,910,7,3.93945e-4,ASV_00727,SE1
653,1,1419,1,2.90277e-4,ASV_00728,IT1
653,1,1346,2,3.03483e-4,ASV_00728,IT2
653,1,2197,6,1.82141e-4,ASV_00728,UK2
654,1,884,4,0.00040090600000000003,ASV_00729,FI1
655,1,1917,6,2.18274e-4,ASV_00730,UK2
656,1,1519,1,2.75452e-4,ASV_00732,IT1
656,1,450,2,5.79241e-4,ASV_00732,IT2
656,1,2993,3,9.99905e-6,ASV_00732,IT3
657,1,111,5,8.57582e-4,ASV_00733,UK1
657,1,2618,6,1.20143e-4,ASV_00733,UK2
658,1,492,2,5.48114e-4,ASV_00734,IT2
659,1,2213,7,1.7948e-4,ASV_00735,SE1
660,1,326,5,6.5883e-4,ASV_00736,UK1
660,1,2243,6,1.74799e-4,ASV_00736,UK2
660,1,1941,7,2.13923e-4,ASV_00736,SE1
661,1,2652,6,1.12311e-4,ASV_00737,UK2
661,1,1815,7,2.3024e-4,ASV_00737,SE1
662,1,2232,6,1.76499e-4,ASV_00742,UK2
663,1,1900,4,2.20927e-4,ASV_00743,FI1
663,1,2211,6,1.80037e-4,ASV_00743,UK2
663,1,1835,7,2.28915e-4,ASV_00743,SE1
664,1,47,5,9.43173e-4,ASV_00744,UK1
664,1,2777,6,7.17884e-5,ASV_00744,UK2
665,1,19,5,0.00101625,ASV_00745,UK1
666,1,1265,4,3.16197e-4,ASV_00746,FI1
666,1,2109,7,1.91614e-4,ASV_00746,SE1
667,1,1914,6,2.18368e-4,ASV_00747,UK2
667,1,2011,7,2.04919e-4,ASV_00747,SE1
668,1,340,5,6.51653e-4,ASV_00751,UK1
668,1,2306,6,1.66779e-4,ASV_00751,UK2
668,1,2073,7,1.96948e-4,ASV_00751,SE1
669,1,2357,6,1.61492e-4,ASV_00752,UK2
670,1,1293,4,3.11513e-4,ASV_00753,FI1
671,1,545,2,5.17627e-4,ASV_00755,IT2
671,1,142,5,8.15551e-4,ASV_00755,UK1
671,1,2677,6,1.05099e-4,ASV_00755,UK2
672,1,2365,1,1.60389e-4,ASV_00757,IT1
672,1,1425,2,2.88871e-4,ASV_00757,IT2
672,1,2366,6,1.60048e-4,ASV_00757,UK2
673,1,983,2,3.72492e-4,ASV_00758,IT2
673,1,1847,4,2.27377e-4,ASV_00758,FI1
673,1,420,5,5.96306e-4,ASV_00758,UK1
674,1,1483,2,2.80961e-4,ASV_00760,IT2
675,1,1711,4,2.45088e-4,ASV_00761,FI1
675,1,2103,6,1.92376e-4,ASV_00761,UK2
676,1,2686,6,1.02757e-4,ASV_00762,UK2
677,1,986,4,3.72282e-4,ASV_00763,FI1
677,1,2481,6,1.44557e-4,ASV_00763,UK2
677,1,1348,7,3.03293e-4,ASV_00763,SE1
678,1,1822,4,2.29829e-4,ASV_00764,FI1
678,1,2321,7,1.64882e-4,ASV_00764,SE1
679,1,1643,2,2.5528e-4,ASV_00769,IT2
679,1,58,5,9.29687e-4,ASV_00769,UK1
679,1,2005,6,2.06104e-4,ASV_00769,UK2
680,1,285,5,6.9212e-4,ASV_00770,UK1
680,1,2221,6,1.78384e-4,ASV_00770,UK2
681,1,841,2,4.12051e-4,ASV_00772,IT2
681,1,1382,4,2.95661e-4,ASV_00772,FI1
681,1,288,5,6.88442e-4,ASV_00772,UK1
681,1,2608,6,1.22405e-4,ASV_00772,UK2
682,1,2228,4,1.76997e-4,ASV_00774,FI1
682,1,1601,7,2.61428e-4,ASV_00774,SE1
683,1,2396,4,0.00015660699999999999,ASV_00775,FI1
683,1,2561,7,1.32865e-4,ASV_00775,SE1
684,1,909,2,3.94017e-4,ASV_00778,IT2
684,1,382,5,6.21935e-4,ASV_00778,UK1
685,1,54,5,9.34933e-4,ASV_00779,UK1
686,1,2287,2,1.69023e-4,ASV_00781,IT2
686,1,1930,6,2.15335e-4,ASV_00781,UK2
687,1,1360,2,2.99362e-4,ASV_00782,IT2
687,1,2807,3,6.12455e-5,ASV_00782,IT3
688,1,1380,4,2.95806e-4,ASV_00786,FI1
688,1,1564,7,2.66876e-4,ASV_00786,SE1
689,1,2034,1,2.01934e-4,ASV_00787,IT1
690,1,2275,7,1.7052e-4,ASV_00788,SE1
691,1,1418,2,2.90303e-4,ASV_00789,IT2
691,1,138,5,8.21063e-4,ASV_00789,UK1
692,1,1351,6,3.02707e-4,ASV_00790,UK2
693,1,557,7,5.11513e-4,ASV_00792,SE1
694,1,486,2,5.52123e-4,ASV_00793,IT2
694,1,2509,6,1.39739e-4,ASV_00793,UK2
695,1,649,7,4.71588e-4,ASV_00794,SE1
696,1,1512,4,2.76917e-4,ASV_00795,FI1
696,1,2793,6,6.69813e-5,ASV_00795,UK2
696,1,868,7,4.06191e-4,ASV_00795,SE1
697,1,2556,6,1.33317e-4,ASV_00797,UK2
698,1,477,2,5.61163e-4,ASV_00798,IT2
699,1,2739,6,8.66072e-5,ASV_00799,UK2
700,1,1372,2,2.97107e-4,ASV_00801,IT2
700,1,1949,6,2.13548e-4,ASV_00801,UK2
700,1,939,7,3.84296e-4,ASV_00801,SE1
701,1,886,2,3.99299e-4,ASV_00802,IT2
702,1,1556,7,2.68005e-4,ASV_00803,SE1
703,1,1853,6,2.26521e-4,ASV_00804,UK2
703,1,1287,7,3.12814e-4,ASV_00804,SE1
704,1,1071,4,3.54629e-4,ASV_00805,FI1
705,1,1095,2,3.49386e-4,ASV_00806,IT2
705,1,24,5,9.89868e-4,ASV_00806,UK1
705,1,1659,6,2.53654e-4,ASV_00806,UK2
706,1,1463,2,2.8339e-4,ASV_00807,IT2
706,1,2247,4,1.74221e-4,ASV_00807,FI1
706,1,2604,6,1.23448e-4,ASV_00807,UK2
706,1,760,7,4.32939e-4,ASV_00807,SE1
707,1,1745,2,2.40551e-4,ASV_00808,IT2
707,1,2632,6,1.1667e-4,ASV_00808,UK2
708,1,1124,2,3.43619e-4,ASV_00809,IT2
708,1,2707,6,9.90131e-5,ASV_00809,UK2
709,1,2244,6,1.74756e-4,ASV_00810,UK2
709,1,1089,7,3.50677e-4,ASV_00810,SE1
710,1,595,2,4.93011e-4,ASV_00811,IT2
711,1,511,5,5.3931e-4,ASV_00812,UK1
711,1,1988,6,2.08387e-4,ASV_00812,UK2
712,1,61,5,9.22794e-4,ASV_00813,UK1
713,1,638,5,4.74541e-4,ASV_00814,UK1
713,1,2766,6,7.56528e-5,ASV_00814,UK2
713,1,1837,7,2.28804e-4,ASV_00814,SE1
714,1,1316,2,3.07675e-4,ASV_00815,IT2
714,1,661,5,4.67456e-4,ASV_00815,UK1
715,1,1618,1,2.58624e-4,ASV_00817,IT1
715,1,1215,2,3.25788e-4,ASV_00817,IT2
715,1,171,5,7.84319e-4,ASV_00817,UK1
716,1,514,5,5.36756e-4,ASV_00819,UK1
717,1,1147,2,3.38557e-4,ASV_00821,IT2
717,1,200,5,7.58581e-4,ASV_00821,UK1
717,1,2455,6,1.47418e-4,ASV_00821,UK2
718,1,1126,1,3.43167e-4,ASV_00822,IT1
718,1,2448,2,1.48622e-4,ASV_00822,IT2
719,1,2263,6,1.7191e-4,ASV_00825,UK2
719,1,2548,7,1.34443e-4,ASV_00825,SE1
720,1,2089,4,1.94884e-4,ASV_00827,FI1
721,1,64,5,9.16833e-4,ASV_00828,UK1
722,1,2724,2,9.30652e-5,ASV_00829,IT2
722,1,2374,6,1.59149e-4,ASV_00829,UK2
723,1,208,5,7.53165e-4,ASV_00832,UK1
723,1,2469,6,1.45663e-4,ASV_00832,UK2
724,1,2266,6,1.71691e-4,ASV_00833,UK2
724,1,952,7,3.81944e-4,ASV_00833,SE1
725,1,2515,6,1.38381e-4,ASV_00834,UK2
725,1,1863,7,2.25502e-4,ASV_00834,SE1
726,1,2168,1,1.84952e-4,ASV_00835,IT1
727,1,2048,6,1.99787e-4,ASV_00837,UK2
728,1,1495,1,2.79463e-4,ASV_00842,IT1
728,1,669,2,4.66069e-4,ASV_00842,IT2
729,1,1040,2,3.6284e-4,ASV_00843,IT2
729,1,2823,3,5.39115e-5,ASV_00843,IT3
729,1,560,5,5.0985e-4,ASV_00843,UK1
729,1,962,7,3.78949e-4,ASV_00843,SE1
730,1,589,2,4.94534e-4,ASV_00845,IT2
731,1,871,2,4.05835e-4,ASV_00848,IT2
731,1,2533,6,1.36122e-4,ASV_00848,UK2
732,1,1785,1,2.33916e-4,ASV_00849,IT1
733,1,49,5,9.41098e-4,ASV_00851,UK1
734,1,6,5,0.00107821,ASV_00852,UK1
734,1,2087,6,1.95377e-4,ASV_00852,UK2
735,1,2480,6,1.44686e-4,ASV_00854,UK2
735,1,2499,7,1.40839e-4,ASV_00854,SE1
736,1,1935,6,2.14794e-4,ASV_00855,UK2
737,1,1818,6,2.30181e-4,ASV_00856,UK2
738,1,2094,7,1.93695e-4,ASV_00860,SE1
739,1,345,5,6.50674e-4,ASV_00864,UK1
740,1,866,2,4.06333e-4,ASV_00865,IT2
740,1,1163,4,3.36328e-4,ASV_00865,FI1
740,1,2373,6,1.59394e-4,ASV_00865,UK2
740,1,1760,7,2.37779e-4,ASV_00865,SE1
741,1,1660,4,2.53483e-4,ASV_00868,FI1
741,1,1249,7,3.19669e-4,ASV_00868,SE1
742,1,296,2,6.83736e-4,ASV_00869,IT2
743,1,465,2,5.71049e-4,ASV_00873,IT2
744,1,2684,6,1.03403e-4,ASV_00874,UK2
744,1,782,7,4.26533e-4,ASV_00874,SE1
745,1,1022,2,3.65515e-4,ASV_00875,IT2
746,1,2582,6,1.28095e-4,ASV_00879,UK2
747,1,2421,1,1.53103e-4,ASV_00880,IT1
747,1,796,2,4.22662e-4,ASV_00880,IT2
747,1,251,5,7.15024e-4,ASV_00880,UK1
747,1,2456,6,1.47313e-4,ASV_00880,UK2
748,1,512,5,5.37501e-4,ASV_00881,UK1
748,1,2354,6,1.61594e-4,ASV_00881,UK2
749,1,1662,4,2.53115e-4,ASV_00883,FI1
750,1,2294,6,1.682e-4,ASV_00885,UK2
751,1,2606,6,1.22819e-4,ASV_00887,UK2
752,1,2035,4,2.01901e-4,ASV_00888,FI1
752,1,2382,6,1.58396e-4,ASV_00888,UK2
752,1,2554,7,1.34127e-4,ASV_00888,SE1
753,1,2407,2,1.54823e-4,ASV_00890,IT2
753,1,624,4,4.80207e-4,ASV_00890,FI1
753,1,312,5,6.71525e-4,ASV_00890,UK1
753,1,1759,6,2.3779e-4,ASV_00890,UK2
754,1,2075,2,1.9663e-4,ASV_00891,IT2
754,1,2503,6,1.40169e-4,ASV_00891,UK2
754,1,1178,7,3.33212e-4,ASV_00891,SE1
755,1,1899,6,2.21035e-4,ASV_00897,UK2
755,1,462,7,5.72137e-4,ASV_00897,SE1
756,1,967,5,3.7716e-4,ASV_00902,UK1
757,1,1999,6,2.07045e-4,ASV_00904,UK2
758,1,1253,2,3.18745e-4,ASV_00906,IT2
759,1,2758,6,7.82989e-5,ASV_00907,UK2
760,1,2640,2,1.14334e-4,ASV_00909,IT2
761,1,1051,4,3.6077e-4,ASV_00910,FI1
761,1,1345,7,3.03521e-4,ASV_00910,SE1
762,1,447,2,5.80184e-4,ASV_00912,IT2
762,1,810,5,4.19038e-4,ASV_00912,UK1
762,1,2241,6,1.74909e-4,ASV_00912,UK2
762,1,1645,7,2.5526e-4,ASV_00912,SE1
763,1,1708,7,2.45342e-4,ASV_00913,SE1
764,1,488,7,5.4988e-4,ASV_00914,SE1
765,1,2664,6,1.09843e-4,ASV_00920,UK2
765,1,1688,7,2.48135e-4,ASV_00920,SE1
766,1,2125,2,1.88924e-4,ASV_00924,IT2
767,1,2713,6,9.71513e-5,ASV_00928,UK2
767,1,1549,7,2.69037e-4,ASV_00928,SE1
768,1,827,2,4.15004e-4,ASV_00929,IT2
768,1,165,5,7.92165e-4,ASV_00929,UK1
769,1,938,4,3.85174e-4,ASV_00930,FI1
769,1,416,7,5.9886e-4,ASV_00930,SE1
770,1,934,1,3.87998e-4,ASV_00931,IT1
770,1,1868,2,2.24969e-4,ASV_00931,IT2
770,1,2517,6,1.38014e-4,ASV_00931,UK2
771,1,1322,2,3.06315e-4,ASV_00935,IT2
772,1,2655,6,1.11508e-4,ASV_00936,UK2
773,1,1649,7,2.54445e-4,ASV_00939,SE1
774,1,1478,6,2.81967e-4,ASV_00949,UK2
775,1,960,2,3.79315e-4,ASV_00952,IT2
775,1,2537,6,1.35528e-4,ASV_00952,UK2
776,1,2511,6,1.39487e-4,ASV_00957,UK2
777,1,491,2,5.48412e-4,ASV_00958,IT2
777,1,360,5,6.39639e-4,ASV_00958,UK1
778,1,2466,1,1.45778e-4,ASV_00959,IT1
778,1,1127,2,3.42551e-4,ASV_00959,IT2
778,1,390,5,6.17089e-4,ASV_00959,UK1
778,1,2725,6,9.29826e-5,ASV_00959,UK2
779,1,2358,6,1.61476e-4,ASV_00960,UK2
780,1,1431,4,2.88504e-4,ASV_00962,FI1
781,1,1855,2,2.26338e-4,ASV_00966,IT2
781,1,2980,3,1.7026e-5,ASV_00966,IT3
782,1,2110,6,1.91437e-4,ASV_00968,UK2
783,1,1684,4,2.49102e-4,ASV_00973,FI1
783,1,1583,7,2.63865e-4,ASV_00973,SE1
784,1,2751,6,7.94226e-5,ASV_00976,UK2
784,1,850,7,4.10181e-4,ASV_00976,SE1
785,1,2449,6,1.48464e-4,ASV_00978,UK2
785,1,1115,7,3.44903e-4,ASV_00978,SE1
786,1,2001,6,2.0659e-4,ASV_00979,UK2
787,1,2637,6,1.15207e-4,ASV_00982,UK2
788,1,1840,7,2.28523e-4,ASV_00983,SE1
789,1,1378,2,2.95873e-4,ASV_00984,IT2
790,1,1311,1,3.08536e-4,ASV_00987,IT1
790,1,440,2,5.86435e-4,ASV_00987,IT2
790,1,8,5,0.0010613,ASV_00987,UK1
790,1,2128,6,1.88851e-4,ASV_00987,UK2
791,1,705,2,4.54304e-4,ASV_00989,IT2
792,1,185,5,7.75479e-4,ASV_00990,UK1
793,1,2318,6,1.65344e-4,ASV_00996,UK2
793,1,1168,7,3.34696e-4,ASV_00996,SE1
794,1,1777,1,2.35075e-4,ASV_01003,IT1
795,1,1041,7,3.62603e-4,ASV_01004,SE1
796,1,2592,6,1.25896e-4,ASV_01007,UK2
797,1,1518,4,2.75746e-4,ASV_01009,FI1
797,1,1226,7,3.24129e-4,ASV_01009,SE1
798,1,2141,7,1.87385e-4,ASV_01016,SE1
799,1,1598,2,2.61695e-4,ASV_01018,IT2
800,1,2323,6,1.64703e-4,ASV_01022,UK2
800,1,1176,7,3.33567e-4,ASV_01022,SE1
801,1,1122,2,3.43948e-4,ASV_01023,IT2
802,1,2248,6,1.74216e-4,ASV_01027,UK2
803,1,1542,7,2.71211e-4,ASV_01029,SE1
804,1,298,5,6.82135e-4,ASV_01031,UK1
804,1,776,7,4.27446e-4,ASV_01031,SE1
805,1,1872,4,2.24595e-4,ASV_01032,FI1
806,1,544,7,5.18996e-4,ASV_01037,SE1
807,1,2389,6,1.574e-4,ASV_01040,UK2
807,1,926,7,3.89976e-4,ASV_01040,SE1
808,1,2027,6,2.02841e-4,ASV_01044,UK2
809,1,958,7,3.79986e-4,ASV_01046,SE1
810,1,1886,1,2.23177e-4,ASV_01048,IT1
810,1,2626,2,1.18916e-4,ASV_01048,IT2
810,1,2743,7,8.45255e-5,ASV_01048,SE1
811,1,1093,4,3.49961e-4,ASV_01049,FI1
812,1,2325,7,1.64588e-4,ASV_01053,SE1
813,1,1269,7,3.15008e-4,ASV_01054,SE1
814,1,2564,6,1.32697e-4,ASV_01057,UK2
815,1,2308,6,1.66403e-4,ASV_01060,UK2
816,1,1027,5,3.64506e-4,ASV_01062,UK1
816,1,1969,6,2.10969e-4,ASV_01062,UK2
817,1,2055,1,1.9901e-4,ASV_01065,IT1
817,1,417,2,5.97953e-4,ASV_01065,IT2
817,1,457,5,5.76926e-4,ASV_01065,UK1
817,1,1995,6,2.0766e-4,ASV_01065,UK2
818,1,143,5,8.15266e-4,ASV_01066,UK1
819,1,1713,2,2.44787e-4,ASV_01071,IT2
819,1,821,5,4.16394e-4,ASV_01071,UK1
820,1,1257,4,3.17961e-4,ASV_01074,FI1
820,1,1306,7,3.08913e-4,ASV_01074,SE1
821,1,2544,7,1.34901e-4,ASV_01077,SE1
822,1,2195,6,1.82543e-4,ASV_01078,UK2
823,1,1652,6,2.54214e-4,ASV_01085,UK2
824,1,1479,1,2.81575e-4,ASV_01087,IT1
824,1,392,2,0.00061665000000000005,ASV_01087,IT2
824,1,71,5,9.06287e-4,ASV_01087,UK1
825,1,259,5,7.06461e-4,ASV_01089,UK1
826,1,1721,2,2.43615e-4,ASV_01090,IT2
826,1,319,5,6.63288e-4,ASV_01090,UK1
826,1,2388,6,1.57446e-4,ASV_01090,UK2
826,1,931,7,3.88836e-4,ASV_01090,SE1
827,1,616,2,4.8439e-4,ASV_01092,IT2
828,1,2557,6,1.33262e-4,ASV_01094,UK2
828,1,1545,7,2.70097e-4,ASV_01094,SE1
829,1,1797,4,2.32231e-4,ASV_01099,FI1
830,1,912,2,3.93465e-4,ASV_01101,IT2
830,1,720,5,4.48209e-4,ASV_01101,UK1
830,1,2196,6,1.82399e-4,ASV_01101,UK2
831,1,2602,7,1.2364e-4,ASV_01105,SE1
832,1,606,7,4.87568e-4,ASV_01107,SE1
833,1,1156,4,3.37272e-4,ASV_01111,FI1
833,1,913,7,3.93311e-4,ASV_01111,SE1
834,1,370,2,6.3137e-4,ASV_01119,IT2
835,1,2510,7,1.39546e-4,ASV_01123,SE1
836,1,1980,2,2.0951e-4,ASV_01124,IT2
837,1,2097,7,1.93245e-4,ASV_01128,SE1
838,1,1004,7,3.68251e-4,ASV_01131,SE1
839,1,2377,7,1.58837e-4,ASV_01140,SE1
840,1,1663,7,2.52919e-4,ASV_01141,SE1
841,1,653,5,4.69688e-4,ASV_01150,UK1
842,1,1902,2,2.20609e-4,ASV_01152,IT2
842,1,2999,3,6.14244e-6,ASV_01152,IT3
843,1,1339,2,3.04179e-4,ASV_01153,IT2
844,1,2361,6,1.61122e-4,ASV_01159,UK2
844,1,998,7,3.69974e-4,ASV_01159,SE1
845,1,1920,1,2.17982e-4,ASV_01164,IT1
846,1,1105,6,3.46744e-4,ASV_01169,UK2
846,1,2408,7,1.5473e-4,ASV_01169,SE1
847,1,798,7,4.22572e-4,ASV_01176,SE1
848,1,875,4,4.04544e-4,ASV_01178,FI1
848,1,2699,6,1.00628e-4,ASV_01178,UK2
848,1,1528,7,2.73439e-4,ASV_01178,SE1
849,1,2279,2,1.69666e-4,ASV_01179,IT2
850,1,2028,6,2.02815e-4,ASV_01181,UK2
851,1,754,7,4.34596e-4,ASV_01182,SE1
852,1,2453,4,1.47628e-4,ASV_01188,FI1
852,1,2736,6,8.86322e-5,ASV_01188,UK2
853,1,2391,6,1.5719e-4,ASV_01195,UK2
854,1,558,7,5.10809e-4,ASV_01196,SE1
855,1,2740,1,8.61645e-5,ASV_01204,IT1
855,1,1890,2,2.22501e-4,ASV_01204,IT2
855,1,160,5,7.96339e-4,ASV_01204,UK1
855,1,2430,6,1.52133e-4,ASV_01204,UK2
856,1,863,7,4.0695e-4,ASV_01205,SE1
857,1,2715,7,9.61532e-5,ASV_01207,SE1
858,1,2694,6,1.01228e-4,ASV_01208,UK2
858,1,1802,7,2.316e-4,ASV_01208,SE1
859,1,2424,7,1.52671e-4,ASV_01220,SE1
860,1,915,2,3.92297e-4,ASV_01223,IT2
861,1,2528,7,1.36766e-4,ASV_01230,SE1
862,1,1867,6,2.24988e-4,ASV_01236,UK2
863,1,1432,4,2.88316e-4,ASV_01245,FI1
864,1,2718,7,9.50247e-5,ASV_01246,SE1
865,1,1164,4,3.3623e-4,ASV_01247,FI1
866,1,670,2,4.65408e-4,ASV_01249,IT2
866,1,1488,4,2.8037e-4,ASV_01249,FI1
867,1,2333,2,1.63616e-4,ASV_01250,IT2
867,1,376,5,6.29183e-4,ASV_01250,UK1
868,1,916,2,3.92255e-4,ASV_01253,IT2
869,1,1301,4,3.10541e-4,ASV_01257,FI1
870,1,2175,2,1.84251e-4,ASV_01267,IT2
871,1,1964,6,2.11356e-4,ASV_01268,UK2
872,1,2617,2,1.20298e-4,ASV_01276,IT2
873,1,751,2,4.3566e-4,ASV_01288,IT2
873,1,543,5,5.19422e-4,ASV_01288,UK1
873,1,2111,6,1.91419e-4,ASV_01288,UK2
874,1,1323,7,3.05918e-4,ASV_01289,SE1
875,1,1784,7,2.33994e-4,ASV_01294,SE1
876,1,1416,7,2.90724e-4,ASV_01312,SE1
877,1,1029,2,3.64079e-4,ASV_01328,IT2
877,1,28,5,9.76976e-4,ASV_01328,UK1
877,1,2363,6,1.60887e-4,ASV_01328,UK2
878,1,490,2,5.4943e-4,ASV_01342,IT2
879,1,856,2,4.08464e-4,ASV_01349,IT2
880,1,1314,6,3.08307e-4,ASV_01353,UK2
881,1,2169,7,1.84913e-4,ASV_01363,SE1
882,1,510,2,5.39352e-4,ASV_01368,IT2
882,1,310,5,6.72204e-4,ASV_01368,UK1
883,1,1498,7,2.78947e-4,ASV_01375,SE1
884,1,2268,7,1.71133e-4,ASV_01378,SE1
885,1,1444,2,2.86275e-4,ASV_01385,IT2
886,1,675,7,4.63653e-4,ASV_01396,SE1
887,1,801,7,4.21741e-4,ASV_01408,SE1
888,1,1496,7,2.79349e-4,ASV_01416,SE1
889,1,1014,1,3.66914e-4,ASV_01417,IT1
889,1,671,2,4.64613e-4,ASV_01417,IT2
890,1,2446,7,1.48673e-4,ASV_01421,SE1
891,1,1620,2,2.58345e-4,ASV_01426,IT2
892,1,2220,4,1.78397e-4,ASV_01439,FI1
893,1,1716,6,2.44013e-4,ASV_01446,UK2
894,1,1315,2,3.07872e-4,ASV_01458,IT2
894,1,2127,6,1.8886e-4,ASV_01458,UK2
895,1,2460,2,1.46647e-4,ASV_01459,IT2
896,1,1120,7,3.44436e-4,ASV_01482,SE1
897,1,523,4,5.32613e-4,ASV_01483,FI1
897,1,2188,7,1.83147e-4,ASV_01483,SE1
898,1,1356,2,3.00653e-4,ASV_01491,IT2
899,1,1072,7,3.54588e-4,ASV_01495,SE1
900,1,908,6,3.94181e-4,ASV_01496,UK2
901,1,859,2,4.08171e-4,ASV_01503,IT2
901,1,1299,4,3.10742e-4,ASV_01503,FI1
901,1,2495,6,1.41439e-4,ASV_01503,UK2
902,1,577,2,5.00391e-4,ASV_01508,IT2
903,1,780,2,4.26854e-4,ASV_01512,IT2
904,1,2208,7,1.80528e-4,ASV_01514,SE1
905,1,1197,1,3.29998e-4,ASV_01522,IT1
906,1,537,5,5.22581e-4,ASV_01533,UK1
907,1,762,2,4.32631e-4,ASV_01541,IT2
908,1,179,5,7.81667e-4,ASV_01542,UK1
909,1,1405,7,2.91669e-4,ASV_01549,SE1
910,1,2178,6,1.83982e-4,ASV_01556,UK2
910,1,2278,7,1.70125e-4,ASV_01556,SE1
911,1,1526,4,2.73674e-4,ASV_01558,FI1
911,1,1248,7,3.2018e-4,ASV_01558,SE1
912,1,2183,6,1.83573e-4,ASV_01559,UK2
913,1,2521,6,1.37758e-4,ASV_01571,UK2
914,1,891,2,3.98041e-4,ASV_01578,IT2
915,1,2155,4,1.86256e-4,ASV_01579,FI1
916,1,1481,7,2.8142e-4,ASV_01581,SE1
917,1,2355,6,1.61581e-4,ASV_01594,UK2
918,1,2139,4,1.87644e-4,ASV_01603,FI1
919,1,2411,6,1.54387e-4,ASV_01611,UK2
920,1,2238,6,1.75605e-4,ASV_01621,UK2
921,1,1130,7,3.41859e-4,ASV_01635,SE1
922,1,1175,7,3.33676e-4,ASV_01684,SE1
923,1,480,7,5.59668e-4,ASV_01692,SE1
924,1,1045,7,3.61787e-4,ASV_01706,SE1
925,1,2004,7,2.06314e-4,ASV_01780,SE1
926,1,1600,6,2.61491e-4,ASV_01799,UK2
927,1,1788,2,2.333e-4,ASV_01840,IT2
928,1,1204,7,3.28035e-4,ASV_01861,SE1
929,1,2710,6,9.80737e-5,ASV_01881,UK2
930,1,852,2,4.09731e-4,ASV_01941,IT2
931,1,2415,6,1.53915e-4,ASV_01952,UK2
932,1,1749,7,2.39933e-4,ASV_01956,SE1
933,1,1864,7,2.25358e-4,ASV_01986,SE1
934,1,1476,2,2.82023e-4,ASV_02020,IT2
935,1,936,7,3.86e-4,ASV_02027,SE1
936,1,1252,7,3.19393e-4,ASV_02038,SE1
937,1,2490,6,1.42674e-4,ASV_02040,UK2
938,1,905,4,3.9507e-4,ASV_02092,FI1
939,1,701,7,4.55842e-4,ASV_02120,SE1
940,1,723,2,4.47134e-4,ASV_02149,IT2
941,1,1016,7,3.6626e-4,ASV_02163,SE1
942,1,2167,6,1.8508e-4,ASV_02182,UK2
943,1,2791,7,6.76333e-5,ASV_02272,SE1
944,1,623,2,4.80445e-4,ASV_02332,IT2
945,1,857,7,4.08308e-4,ASV_02358,SE1
946,1,2309,7,1.66372e-4,ASV_02424,SE1
