node_id,module,layer_id,flow,node_name,layer_name
1,1,1,1.66174e-4,ASV_00001,IT1
1,1,2,3.49149e-4,ASV_00001,IT2
1,1,3,3.00813e-5,ASV_00001,IT3
1,1,5,5.77997e-4,ASV_00001,UK1
1,1,6,2.46556e-4,ASV_00001,UK2
2,1,1,1.27908e-4,ASV_00002,IT1
2,1,2,3.36535e-4,ASV_00002,IT2
2,1,3,4.20351e-5,ASV_00002,IT3
2,1,4,1.54719e-4,ASV_00002,FI1
2,1,5,6.63951e-4,ASV_00002,UK1
2,1,6,2.03504e-4,ASV_00002,UK2
2,1,7,1.56758e-4,ASV_00002,SE1
3,1,1,3.72625e-4,ASV_00003,IT1
3,1,2,3.91481e-4,ASV_00003,IT2
3,1,3,7.48946e-5,ASV_00003,IT3
3,1,4,4.39131e-4,ASV_00003,FI1
3,1,5,6.61776e-4,ASV_00003,UK1
3,1,6,1.99939e-4,ASV_00003,UK2
3,1,7,2.07651e-4,ASV_00003,SE1
4,1,1,2.08231e-4,ASV_00004,IT1
4,1,2,2.42252e-4,ASV_00004,IT2
4,1,3,4.7923e-5,ASV_00004,IT3
4,1,4,4.95751e-4,ASV_00004,FI1
4,1,5,5.22403e-4,ASV_00004,UK1
4,1,6,1.74514e-4,ASV_00004,UK2
4,1,7,3.0277e-4,ASV_00004,SE1
5,1,1,1.63466e-4,ASV_00005,IT1
5,1,2,5.74472e-4,ASV_00005,IT2
5,1,3,4.60614e-5,ASV_00005,IT3
5,1,4,2.24415e-4,ASV_00005,FI1
5,1,5,8.27515e-4,ASV_00005,UK1
5,1,6,1.49867e-4,ASV_00005,UK2
5,1,7,1.79339e-4,ASV_00005,SE1
6,1,1,1.98807e-4,ASV_00006,IT1
6,1,2,4.44281e-4,ASV_00006,IT2
6,1,3,1.25069e-5,ASV_00006,IT3
6,1,4,3.05169e-4,ASV_00006,FI1
6,1,5,5.57213e-4,ASV_00006,UK1
6,1,6,1.26285e-4,ASV_00006,UK2
6,1,7,2.49602e-4,ASV_00006,SE1
7,1,1,2.74028e-4,ASV_00007,IT1
7,1,2,2.99821e-4,ASV_00007,IT2
7,1,3,3.30577e-5,ASV_00007,IT3
7,1,4,3.39597e-4,ASV_00007,FI1
7,1,5,8.46657e-4,ASV_00007,UK1
7,1,6,1.57397e-4,ASV_00007,UK2
7,1,7,1.63382e-4,ASV_00007,SE1
8,1,1,3.06142e-4,ASV_00008,IT1
8,1,2,1.81688e-4,ASV_00008,IT2
8,1,3,5.48543e-5,ASV_00008,IT3
8,1,4,2.27145e-4,ASV_00008,FI1
8,1,5,0.0010219,ASV_00008,UK1
8,1,6,3.01732e-4,ASV_00008,UK2
8,1,7,2.63167e-4,ASV_00008,SE1
9,1,1,1.3935e-4,ASV_00009,IT1
9,1,2,2.94721e-4,ASV_00009,IT2
9,1,3,5.74666e-5,ASV_00009,IT3
9,1,4,4.92731e-4,ASV_00009,FI1
9,1,5,8.95857e-4,ASV_00009,UK1
9,1,6,1.92543e-4,ASV_00009,UK2
9,1,7,3.26031e-4,ASV_00009,SE1
10,1,1,1.92123e-4,ASV_00010,IT1
10,1,2,5.01914e-4,ASV_00010,IT2
10,1,3,2.15578e-5,ASV_00010,IT3
10,1,4,4.84923e-4,ASV_00010,FI1
10,1,5,8.58631e-4,ASV_00010,UK1
10,1,6,1.06777e-4,ASV_00010,UK2
10,1,7,1.37314e-4,ASV_00010,SE1
11,1,1,3.19589e-4,ASV_00011,IT1
11,1,2,2.24471e-4,ASV_00011,IT2
11,1,3,5.12835e-5,ASV_00011,IT3
11,1,4,3.05899e-4,ASV_00011,FI1
11,1,5,6.89955e-4,ASV_00011,UK1
11,1,6,9.93226e-5,ASV_00011,UK2
11,1,7,2.32023e-4,ASV_00011,SE1
12,1,1,2.76123e-4,ASV_00012,IT1
12,1,2,6.71364e-4,ASV_00012,IT2
12,1,4,1.04554e-4,ASV_00012,FI1
12,1,5,8.84485e-4,ASV_00012,UK1
12,1,6,1.55396e-4,ASV_00012,UK2
12,1,7,1.82063e-4,ASV_00012,SE1
13,1,1,2.21645e-4,ASV_00013,IT1
13,1,2,2.48951e-4,ASV_00013,IT2
13,1,3,2.14076e-5,ASV_00013,IT3
13,1,4,1.18718e-4,ASV_00013,FI1
13,1,5,9.50391e-4,ASV_00013,UK1
13,1,6,1.27597e-4,ASV_00013,UK2
13,1,7,2.89495e-4,ASV_00013,SE1
14,1,1,2.04888e-4,ASV_00014,IT1
14,1,2,1.72197e-4,ASV_00014,IT2
14,1,3,3.04666e-5,ASV_00014,IT3
14,1,4,3.94101e-4,ASV_00014,FI1
14,1,5,7.27577e-4,ASV_00014,UK1
14,1,6,2.26786e-4,ASV_00014,UK2
14,1,7,6.00985e-4,ASV_00014,SE1
15,1,1,1.36936e-4,ASV_00015,IT1
15,1,2,3.33071e-4,ASV_00015,IT2
15,1,3,3.79923e-5,ASV_00015,IT3
15,1,4,2.82039e-4,ASV_00015,FI1
15,1,5,7.40672e-4,ASV_00015,UK1
15,1,6,1.36477e-4,ASV_00015,UK2
15,1,7,4.2547e-4,ASV_00015,SE1
16,1,2,4.92923e-4,ASV_00016,IT2
16,1,3,1.22084e-5,ASV_00016,IT3
16,1,4,4.07163e-4,ASV_00016,FI1
16,1,5,8.46498e-4,ASV_00016,UK1
16,1,6,1.45642e-4,ASV_00016,UK2
16,1,7,2.46254e-4,ASV_00016,SE1
17,1,1,1.66583e-4,ASV_00017,IT1
17,1,2,5.25016e-4,ASV_00017,IT2
17,1,3,2.0986e-5,ASV_00017,IT3
17,1,5,5.99306e-4,ASV_00017,UK1
17,1,6,1.48832e-4,ASV_00017,UK2
18,1,1,2.72538e-4,ASV_00018,IT1
18,1,2,4.74677e-4,ASV_00018,IT2
18,1,3,4.19318e-5,ASV_00018,IT3
18,1,4,2.3965e-4,ASV_00018,FI1
18,1,5,6.32134e-4,ASV_00018,UK1
18,1,6,1.46552e-4,ASV_00018,UK2
18,1,7,2.76651e-4,ASV_00018,SE1
19,1,1,1.78138e-4,ASV_00019,IT1
19,1,2,3.64651e-4,ASV_00019,IT2
19,1,3,2.0884e-5,ASV_00019,IT3
19,1,4,2.57257e-4,ASV_00019,FI1
19,1,5,7.01387e-4,ASV_00019,UK1
19,1,6,3.0924e-4,ASV_00019,UK2
19,1,7,3.85064e-4,ASV_00019,SE1
20,1,1,1.63612e-4,ASV_00020,IT1
20,1,2,5.85939e-4,ASV_00020,IT2
20,1,3,1.23799e-5,ASV_00020,IT3
20,1,4,1.01549e-4,ASV_00020,FI1
20,1,5,4.34179e-4,ASV_00020,UK1
20,1,6,1.60448e-4,ASV_00020,UK2
20,1,7,3.65061e-4,ASV_00020,SE1
21,1,2,3.79884e-4,ASV_00021,IT2
21,1,3,1.00089e-5,ASV_00021,IT3
21,1,4,4.9878e-4,ASV_00021,FI1
21,1,5,0.00086409500000000005,ASV_00021,UK1
21,1,6,2.00379e-4,ASV_00021,UK2
21,1,7,1.95781e-4,ASV_00021,SE1
22,1,1,2.15695e-4,ASV_00022,IT1
22,1,2,2.0056e-4,ASV_00022,IT2
22,1,3,1.74514e-5,ASV_00022,IT3
22,1,4,3.51039e-4,ASV_00022,FI1
22,1,5,4.06314e-4,ASV_00022,UK1
22,1,6,1.52335e-4,ASV_00022,UK2
22,1,7,3.19775e-4,ASV_00022,SE1
23,1,1,2.6208e-4,ASV_00023,IT1
23,1,2,3.06355e-4,ASV_00023,IT2
23,1,3,3.90682e-5,ASV_00023,IT3
23,1,4,1.99073e-4,ASV_00023,FI1
23,1,5,6.46402e-4,ASV_00023,UK1
23,1,6,2.40429e-4,ASV_00023,UK2
23,1,7,1.84176e-4,ASV_00023,SE1
24,1,1,2.45182e-4,ASV_00024,IT1
24,1,2,5.45741e-4,ASV_00024,IT2
24,1,3,3.19259e-5,ASV_00024,IT3
24,1,4,3.20364e-4,ASV_00024,FI1
24,1,5,7.61821e-4,ASV_00024,UK1
24,1,6,2.40104e-4,ASV_00024,UK2
24,1,7,1.38556e-4,ASV_00024,SE1
25,1,1,3.6051e-4,ASV_00025,IT1
25,1,2,3.48767e-4,ASV_00025,IT2
25,1,3,4.1454e-5,ASV_00025,IT3
25,1,5,8.63417e-4,ASV_00025,UK1
26,1,1,1.57802e-4,ASV_00026,IT1
26,1,2,1.49089e-4,ASV_00026,IT2
26,1,3,1.47154e-5,ASV_00026,IT3
26,1,4,3.94353e-4,ASV_00026,FI1
26,1,5,9.40424e-4,ASV_00026,UK1
26,1,6,2.65189e-4,ASV_00026,UK2
26,1,7,6.20662e-4,ASV_00026,SE1
27,1,7,4.41438e-4,ASV_00027,SE1
28,1,1,1.15377e-4,ASV_00028,IT1
28,1,2,4.22962e-4,ASV_00028,IT2
28,1,3,3.2355e-5,ASV_00028,IT3
28,1,4,3.2821e-4,ASV_00028,FI1
28,1,5,5.84758e-4,ASV_00028,UK1
28,1,6,1.02343e-4,ASV_00028,UK2
28,1,7,2.54367e-4,ASV_00028,SE1
29,1,1,1.95098e-4,ASV_00029,IT1
29,1,2,3.1795e-4,ASV_00029,IT2
29,1,3,4.13709e-5,ASV_00029,IT3
29,1,4,2.00516e-4,ASV_00029,FI1
29,1,5,8.81849e-4,ASV_00029,UK1
29,1,6,3.07029e-4,ASV_00029,UK2
29,1,7,3.13912e-4,ASV_00029,SE1
30,1,1,3.45278e-4,ASV_00030,IT1
30,1,2,3.36953e-4,ASV_00030,IT2
30,1,3,4.98487e-5,ASV_00030,IT3
30,1,4,1.87534e-4,ASV_00030,FI1
30,1,5,6.86174e-4,ASV_00030,UK1
30,1,6,1.85131e-4,ASV_00030,UK2
30,1,7,3.02393e-4,ASV_00030,SE1
31,1,1,1.79651e-4,ASV_00031,IT1
31,1,2,4.41998e-4,ASV_00031,IT2
31,1,3,3.43812e-5,ASV_00031,IT3
31,1,4,3.19165e-4,ASV_00031,FI1
31,1,5,6.28884e-4,ASV_00031,UK1
31,1,6,1.53815e-4,ASV_00031,UK2
31,1,7,2.49019e-4,ASV_00031,SE1
32,1,1,2.23335e-4,ASV_00032,IT1
32,1,2,1.54508e-4,ASV_00032,IT2
32,1,3,1.91748e-5,ASV_00032,IT3
32,1,4,3.13621e-4,ASV_00032,FI1
32,1,5,5.68569e-4,ASV_00032,UK1
32,1,6,2.16016e-4,ASV_00032,UK2
32,1,7,3.24082e-4,ASV_00032,SE1
33,1,1,3.19315e-4,ASV_00033,IT1
33,1,2,4.9524e-4,ASV_00033,IT2
33,1,3,2.03534e-5,ASV_00033,IT3
33,1,4,2.54166e-4,ASV_00033,FI1
33,1,5,8.27474e-4,ASV_00033,UK1
33,1,6,8.12132e-5,ASV_00033,UK2
33,1,7,1.20484e-4,ASV_00033,SE1
34,1,1,3.16551e-4,ASV_00034,IT1
34,1,2,3.66457e-4,ASV_00034,IT2
34,1,3,1.87819e-5,ASV_00034,IT3
34,1,4,3.31061e-4,ASV_00034,FI1
34,1,5,8.91408e-4,ASV_00034,UK1
34,1,6,2.2185e-4,ASV_00034,UK2
34,1,7,2.74828e-4,ASV_00034,SE1
35,1,1,1.9943e-4,ASV_00035,IT1
35,1,2,4.82518e-4,ASV_00035,IT2
35,1,3,3.86593e-5,ASV_00035,IT3
35,1,4,3.63348e-4,ASV_00035,FI1
35,1,5,6.71802e-4,ASV_00035,UK1
35,1,6,2.76358e-4,ASV_00035,UK2
35,1,7,3.68194e-4,ASV_00035,SE1
36,1,1,1.71277e-4,ASV_00036,IT1
36,1,2,2.41499e-4,ASV_00036,IT2
36,1,3,1.90368e-5,ASV_00036,IT3
36,1,4,3.92226e-4,ASV_00036,FI1
36,1,5,9.04407e-4,ASV_00036,UK1
36,1,6,1.82883e-4,ASV_00036,UK2
36,1,7,5.54346e-4,ASV_00036,SE1
37,1,1,1.21314e-4,ASV_00037,IT1
37,1,2,4.29901e-4,ASV_00037,IT2
37,1,3,3.18292e-5,ASV_00037,IT3
37,1,5,4.89024e-4,ASV_00037,UK1
37,1,6,1.80339e-4,ASV_00037,UK2
37,1,7,2.40098e-4,ASV_00037,SE1
38,1,1,2.17851e-4,ASV_00038,IT1
38,1,2,3.58864e-4,ASV_00038,IT2
38,1,3,2.69662e-5,ASV_00038,IT3
38,1,5,7.14781e-4,ASV_00038,UK1
38,1,6,2.47225e-4,ASV_00038,UK2
39,1,2,1.40608e-4,ASV_00039,IT2
39,1,4,2.84147e-4,ASV_00039,FI1
39,1,5,8.17052e-4,ASV_00039,UK1
39,1,6,1.19662e-4,ASV_00039,UK2
39,1,7,3.69937e-4,ASV_00039,SE1
40,1,1,2.46038e-4,ASV_00040,IT1
40,1,2,3.20043e-4,ASV_00040,IT2
40,1,3,6.42291e-5,ASV_00040,IT3
40,1,4,3.07683e-4,ASV_00040,FI1
40,1,5,7.12843e-4,ASV_00040,UK1
40,1,6,1.57766e-4,ASV_00040,UK2
40,1,7,2.27971e-4,ASV_00040,SE1
41,1,1,3.42596e-4,ASV_00041,IT1
41,1,2,3.4508e-4,ASV_00041,IT2
41,1,3,4.0713e-5,ASV_00041,IT3
41,1,5,4.53918e-4,ASV_00041,UK1
41,1,6,1.4119e-4,ASV_00041,UK2
41,1,7,4.14025e-4,ASV_00041,SE1
42,1,1,1.61184e-4,ASV_00042,IT1
42,1,2,5.15981e-4,ASV_00042,IT2
42,1,3,3.54317e-5,ASV_00042,IT3
42,1,4,3.93937e-4,ASV_00042,FI1
42,1,5,3.34355e-4,ASV_00042,UK1
42,1,6,1.33838e-4,ASV_00042,UK2
42,1,7,3.79509e-4,ASV_00042,SE1
43,1,1,2.59008e-4,ASV_00043,IT1
43,1,2,4.32827e-4,ASV_00043,IT2
43,1,3,4.20693e-5,ASV_00043,IT3
43,1,5,6.84316e-4,ASV_00043,UK1
43,1,6,1.11955e-4,ASV_00043,UK2
44,1,1,1.128e-4,ASV_00044,IT1
44,1,2,1.5922e-4,ASV_00044,IT2
44,1,3,5.20384e-5,ASV_00044,IT3
44,1,4,3.0897e-4,ASV_00044,FI1
44,1,5,7.49724e-4,ASV_00044,UK1
44,1,6,1.12628e-4,ASV_00044,UK2
44,1,7,2.38702e-4,ASV_00044,SE1
45,1,1,2.80052e-4,ASV_00045,IT1
45,1,2,4.07192e-4,ASV_00045,IT2
45,1,4,2.64529e-4,ASV_00045,FI1
45,1,5,8.37327e-4,ASV_00045,UK1
45,1,6,1.36845e-4,ASV_00045,UK2
45,1,7,2.88423e-4,ASV_00045,SE1
46,1,1,1.04175e-4,ASV_00046,IT1
46,1,2,5.88764e-4,ASV_00046,IT2
46,1,3,2.73249e-5,ASV_00046,IT3
46,1,4,1.56458e-4,ASV_00046,FI1
46,1,5,7.77579e-4,ASV_00046,UK1
46,1,6,1.24959e-4,ASV_00046,UK2
46,1,7,3.58997e-4,ASV_00046,SE1
47,1,1,2.4224e-4,ASV_00047,IT1
47,1,2,2.59653e-4,ASV_00047,IT2
47,1,3,4.42923e-5,ASV_00047,IT3
47,1,5,7.11078e-4,ASV_00047,UK1
48,1,1,2.59538e-4,ASV_00048,IT1
48,1,2,3.69154e-4,ASV_00048,IT2
48,1,3,3.14937e-5,ASV_00048,IT3
48,1,4,2.52977e-4,ASV_00048,FI1
48,1,5,6.61915e-4,ASV_00048,UK1
48,1,6,1.77665e-4,ASV_00048,UK2
48,1,7,6.22844e-4,ASV_00048,SE1
49,1,1,1.16729e-4,ASV_00049,IT1
49,1,2,3.90761e-4,ASV_00049,IT2
49,1,3,7.09333e-5,ASV_00049,IT3
49,1,5,6.8081e-4,ASV_00049,UK1
49,1,6,1.81055e-4,ASV_00049,UK2
49,1,7,1.1985e-4,ASV_00049,SE1
50,1,2,7.36262e-4,ASV_00050,IT2
50,1,3,3.55243e-5,ASV_00050,IT3
50,1,4,1.74284e-4,ASV_00050,FI1
50,1,5,7.40638e-4,ASV_00050,UK1
50,1,6,1.4168e-4,ASV_00050,UK2
50,1,7,3.64044e-4,ASV_00050,SE1
51,1,1,3.26804e-4,ASV_00051,IT1
51,1,2,3.31723e-4,ASV_00051,IT2
51,1,3,4.73598e-5,ASV_00051,IT3
51,1,4,1.91839e-4,ASV_00051,FI1
51,1,5,7.95226e-4,ASV_00051,UK1
51,1,6,1.0622e-4,ASV_00051,UK2
51,1,7,2.53703e-4,ASV_00051,SE1
52,1,2,2.5279e-4,ASV_00052,IT2
52,1,3,1.71974e-5,ASV_00052,IT3
52,1,4,5.32106e-4,ASV_00052,FI1
52,1,5,6.39589e-4,ASV_00052,UK1
52,1,6,8.21556e-5,ASV_00052,UK2
52,1,7,2.76261e-4,ASV_00052,SE1
53,1,1,2.77654e-4,ASV_00053,IT1
53,1,2,3.06225e-4,ASV_00053,IT2
53,1,3,2.95799e-5,ASV_00053,IT3
53,1,4,3.37736e-4,ASV_00053,FI1
53,1,5,7.82248e-4,ASV_00053,UK1
53,1,6,2.27833e-4,ASV_00053,UK2
53,1,7,3.30046e-4,ASV_00053,SE1
54,1,1,1.55308e-4,ASV_00054,IT1
54,1,2,5.50537e-4,ASV_00054,IT2
54,1,3,5.0934e-5,ASV_00054,IT3
54,1,4,3.22394e-4,ASV_00054,FI1
54,1,5,9.14442e-4,ASV_00054,UK1
54,1,6,2.62812e-4,ASV_00054,UK2
54,1,7,2.14046e-4,ASV_00054,SE1
55,1,1,3.54318e-4,ASV_00055,IT1
55,1,2,4.99242e-4,ASV_00055,IT2
55,1,3,1.05324e-5,ASV_00055,IT3
55,1,4,2.46536e-4,ASV_00055,FI1
55,1,5,8.05759e-4,ASV_00055,UK1
55,1,6,2.13364e-4,ASV_00055,UK2
55,1,7,2.69482e-4,ASV_00055,SE1
56,1,1,2.0757e-4,ASV_00056,IT1
56,1,2,3.25302e-4,ASV_00056,IT2
56,1,3,3.03205e-5,ASV_00056,IT3
56,1,4,5.3819e-4,ASV_00056,FI1
56,1,5,7.54164e-4,ASV_00056,UK1
56,1,6,2.29894e-4,ASV_00056,UK2
56,1,7,4.8097e-4,ASV_00056,SE1
57,1,1,2.59149e-4,ASV_00057,IT1
57,1,2,4.57492e-4,ASV_00057,IT2
57,1,3,2.54493e-5,ASV_00057,IT3
57,1,4,4.02166e-4,ASV_00057,FI1
57,1,5,9.28108e-4,ASV_00057,UK1
57,1,6,1.43442e-4,ASV_00057,UK2
57,1,7,3.51223e-4,ASV_00057,SE1
58,1,1,1.70861e-4,ASV_00058,IT1
58,1,2,5.09672e-4,ASV_00058,IT2
58,1,3,8.714e-5,ASV_00058,IT3
58,1,4,1.71127e-4,ASV_00058,FI1
58,1,5,8.83866e-4,ASV_00058,UK1
58,1,6,1.50656e-4,ASV_00058,UK2
58,1,7,1.78427e-4,ASV_00058,SE1
59,1,1,3.56869e-4,ASV_00059,IT1
59,1,2,3.1926e-4,ASV_00059,IT2
59,1,3,1.55908e-5,ASV_00059,IT3
59,1,4,3.72493e-4,ASV_00059,FI1
59,1,5,6.00111e-4,ASV_00059,UK1
59,1,6,1.26143e-4,ASV_00059,UK2
59,1,7,3.4581e-4,ASV_00059,SE1
60,1,2,3.27224e-4,ASV_00060,IT2
60,1,4,3.98105e-4,ASV_00060,FI1
60,1,5,5.45302e-4,ASV_00060,UK1
60,1,6,2.01534e-4,ASV_00060,UK2
60,1,7,2.08412e-4,ASV_00060,SE1
61,1,2,4.5278e-4,ASV_00061,IT2
61,1,4,3.66961e-4,ASV_00061,FI1
61,1,5,7.14468e-4,ASV_00061,UK1
61,1,6,2.23904e-4,ASV_00061,UK2
61,1,7,8.23769e-5,ASV_00061,SE1
62,1,1,1.96488e-4,ASV_00062,IT1
62,1,2,3.62583e-4,ASV_00062,IT2
62,1,3,1.52919e-5,ASV_00062,IT3
62,1,4,2.76416e-4,ASV_00062,FI1
62,1,5,7.21411e-4,ASV_00062,UK1
62,1,6,2.00574e-4,ASV_00062,UK2
62,1,7,2.93907e-4,ASV_00062,SE1
63,1,1,1.87558e-4,ASV_00063,IT1
63,1,2,3.98553e-4,ASV_00063,IT2
63,1,3,2.06046e-5,ASV_00063,IT3
63,1,4,4.73157e-4,ASV_00063,FI1
63,1,5,8.55454e-4,ASV_00063,UK1
63,1,6,1.28965e-4,ASV_00063,UK2
63,1,7,4.0834e-4,ASV_00063,SE1
64,1,1,2.94672e-4,ASV_00064,IT1
64,1,2,2.72953e-4,ASV_00064,IT2
64,1,3,4.73313e-5,ASV_00064,IT3
64,1,4,2.86153e-4,ASV_00064,FI1
64,1,5,6.82597e-4,ASV_00064,UK1
64,1,6,1.04271e-4,ASV_00064,UK2
64,1,7,2.41098e-4,ASV_00064,SE1
65,1,1,2.74823e-4,ASV_00065,IT1
65,1,2,2.95407e-4,ASV_00065,IT2
65,1,3,2.38231e-5,ASV_00065,IT3
65,1,5,8.29741e-4,ASV_00065,UK1
66,1,2,1.64237e-4,ASV_00066,IT2
66,1,4,4.2561e-4,ASV_00066,FI1
66,1,5,8.41264e-4,ASV_00066,UK1
66,1,6,1.42586e-4,ASV_00066,UK2
66,1,7,2.93159e-4,ASV_00066,SE1
67,1,1,4.09417e-4,ASV_00067,IT1
67,1,2,2.84143e-4,ASV_00067,IT2
67,1,3,1.27461e-5,ASV_00067,IT3
67,1,4,2.63292e-4,ASV_00067,FI1
67,1,5,8.70182e-4,ASV_00067,UK1
67,1,6,1.52557e-4,ASV_00067,UK2
67,1,7,3.62296e-4,ASV_00067,SE1
68,1,1,2.2148e-4,ASV_00068,IT1
68,1,2,4.63103e-4,ASV_00068,IT2
68,1,3,3.45033e-5,ASV_00068,IT3
68,1,5,8.20708e-4,ASV_00068,UK1
68,1,6,1.34594e-4,ASV_00068,UK2
69,1,2,2.32177e-4,ASV_00069,IT2
69,1,3,1.75547e-5,ASV_00069,IT3
69,1,4,3.6156e-4,ASV_00069,FI1
69,1,5,6.09876e-4,ASV_00069,UK1
69,1,6,2.4737e-4,ASV_00069,UK2
69,1,7,9.74122e-5,ASV_00069,SE1
70,1,1,2.02459e-4,ASV_00070,IT1
70,1,2,4.06306e-4,ASV_00070,IT2
70,1,3,5.30645e-5,ASV_00070,IT3
70,1,4,4.01147e-4,ASV_00070,FI1
70,1,5,9.02805e-4,ASV_00070,UK1
70,1,6,1.194e-4,ASV_00070,UK2
70,1,7,2.36791e-4,ASV_00070,SE1
71,1,1,2.17934e-4,ASV_00071,IT1
71,1,2,3.16156e-4,ASV_00071,IT2
71,1,3,1.6335e-5,ASV_00071,IT3
71,1,4,4.25608e-4,ASV_00071,FI1
71,1,5,6.43443e-4,ASV_00071,UK1
71,1,6,1.66118e-4,ASV_00071,UK2
71,1,7,2.26384e-4,ASV_00071,SE1
72,1,2,7.51976e-4,ASV_00072,IT2
72,1,5,6.44095e-4,ASV_00072,UK1
72,1,6,9.4571e-5,ASV_00072,UK2
73,1,1,2.3989e-4,ASV_00073,IT1
73,1,2,4.50866e-4,ASV_00073,IT2
73,1,3,6.31679e-5,ASV_00073,IT3
73,1,5,7.04026e-4,ASV_00073,UK1
73,1,6,1.35059e-4,ASV_00073,UK2
74,1,2,3.95313e-4,ASV_00074,IT2
74,1,5,7.57245e-4,ASV_00074,UK1
74,1,6,8.23636e-5,ASV_00074,UK2
74,1,7,2.03779e-4,ASV_00074,SE1
75,1,1,2.26972e-4,ASV_00075,IT1
75,1,2,6.40424e-4,ASV_00075,IT2
75,1,3,6.39714e-6,ASV_00075,IT3
75,1,5,7.57185e-4,ASV_00075,UK1
75,1,6,1.23348e-4,ASV_00075,UK2
76,1,1,2.51282e-4,ASV_00076,IT1
76,1,2,2.61354e-4,ASV_00076,IT2
76,1,3,4.47814e-5,ASV_00076,IT3
76,1,4,1.07988e-4,ASV_00076,FI1
76,1,5,4.87274e-4,ASV_00076,UK1
76,1,6,1.16075e-4,ASV_00076,UK2
76,1,7,2.85562e-4,ASV_00076,SE1
77,1,1,2.64363e-4,ASV_00077,IT1
77,1,2,2.42443e-4,ASV_00077,IT2
77,1,3,2.04919e-5,ASV_00077,IT3
78,1,1,2.38578e-4,ASV_00078,IT1
78,1,2,3.00293e-4,ASV_00078,IT2
78,1,3,2.5177e-5,ASV_00078,IT3
78,1,4,2.94416e-4,ASV_00078,FI1
78,1,5,6.97852e-4,ASV_00078,UK1
78,1,6,6.22165e-5,ASV_00078,UK2
78,1,7,3.93495e-4,ASV_00078,SE1
79,1,1,4.19368e-4,ASV_00079,IT1
79,1,2,2.75223e-4,ASV_00079,IT2
79,1,3,3.50604e-5,ASV_00079,IT3
79,1,5,5.39816e-4,ASV_00079,UK1
79,1,6,2.84643e-4,ASV_00079,UK2
80,1,2,4.62125e-4,ASV_00080,IT2
80,1,3,1.24911e-5,ASV_00080,IT3
80,1,4,2.8636e-4,ASV_00080,FI1
80,1,5,8.23161e-4,ASV_00080,UK1
80,1,6,2.8144e-4,ASV_00080,UK2
80,1,7,1.25477e-4,ASV_00080,SE1
81,1,1,2.7561e-4,ASV_00081,IT1
81,1,2,2.46951e-4,ASV_00081,IT2
81,1,3,5.71557e-5,ASV_00081,IT3
81,1,4,2.15766e-4,ASV_00081,FI1
81,1,5,5.44401e-4,ASV_00081,UK1
81,1,6,1.07525e-4,ASV_00081,UK2
81,1,7,3.31224e-4,ASV_00081,SE1
82,1,5,5.49021e-4,ASV_00082,UK1
82,1,6,1.93418e-4,ASV_00082,UK2
82,1,7,2.21305e-4,ASV_00082,SE1
83,1,1,2.80395e-4,ASV_00083,IT1
83,1,2,3.45995e-4,ASV_00083,IT2
83,1,3,1.91387e-5,ASV_00083,IT3
83,1,4,1.44592e-4,ASV_00083,FI1
83,1,5,8.37267e-4,ASV_00083,UK1
83,1,6,8.5953e-5,ASV_00083,UK2
83,1,7,2.89874e-4,ASV_00083,SE1
84,1,1,2.12268e-4,ASV_00084,IT1
84,1,2,6.79285e-4,ASV_00084,IT2
84,1,3,2.86433e-5,ASV_00084,IT3
84,1,4,2.70615e-4,ASV_00084,FI1
84,1,5,5.55852e-4,ASV_00084,UK1
84,1,6,1.13059e-4,ASV_00084,UK2
84,1,7,3.90468e-4,ASV_00084,SE1
85,1,2,3.74939e-4,ASV_00085,IT2
85,1,4,3.34591e-4,ASV_00085,FI1
85,1,5,3.31867e-4,ASV_00085,UK1
85,1,6,2.2516e-4,ASV_00085,UK2
85,1,7,4.49112e-4,ASV_00085,SE1
86,1,1,3.065e-4,ASV_00086,IT1
86,1,2,2.03387e-4,ASV_00086,IT2
86,1,3,4.70724e-5,ASV_00086,IT3
86,1,4,1.60541e-4,ASV_00086,FI1
86,1,5,7.13203e-4,ASV_00086,UK1
86,1,6,2.61442e-4,ASV_00086,UK2
86,1,7,3.42573e-4,ASV_00086,SE1
87,1,1,3.34448e-4,ASV_00087,IT1
87,1,2,3.98851e-4,ASV_00087,IT2
87,1,3,1.65684e-5,ASV_00087,IT3
87,1,4,1.52579e-4,ASV_00087,FI1
87,1,5,7.81751e-4,ASV_00087,UK1
87,1,6,1.6656e-4,ASV_00087,UK2
87,1,7,2.63595e-4,ASV_00087,SE1
88,1,1,2.2795e-4,ASV_00088,IT1
88,1,2,4.41896e-4,ASV_00088,IT2
88,1,5,5.3776e-4,ASV_00088,UK1
88,1,6,1.5534e-4,ASV_00088,UK2
88,1,7,3.72022e-4,ASV_00088,SE1
89,1,1,1.37376e-4,ASV_00089,IT1
89,1,2,3.18158e-4,ASV_00089,IT2
89,1,3,3.23713e-5,ASV_00089,IT3
89,1,5,6.14536e-4,ASV_00089,UK1
89,1,6,1.40091e-4,ASV_00089,UK2
90,1,1,3.10754e-4,ASV_00090,IT1
90,1,2,6.44541e-4,ASV_00090,IT2
90,1,3,3.58597e-5,ASV_00090,IT3
90,1,4,3.94792e-4,ASV_00090,FI1
90,1,5,6.06868e-4,ASV_00090,UK1
90,1,6,1.66451e-4,ASV_00090,UK2
90,1,7,3.39143e-4,ASV_00090,SE1
91,1,1,2.26488e-4,ASV_00091,IT1
91,1,2,2.61592e-4,ASV_00091,IT2
91,1,3,1.76588e-5,ASV_00091,IT3
91,1,5,8.94909e-4,ASV_00091,UK1
91,1,6,1.64422e-4,ASV_00091,UK2
92,1,1,1.91406e-4,ASV_00092,IT1
92,1,2,4.28522e-4,ASV_00092,IT2
92,1,3,4.45709e-5,ASV_00092,IT3
92,1,4,4.06026e-4,ASV_00092,FI1
92,1,5,6.60359e-4,ASV_00092,UK1
92,1,6,2.03486e-4,ASV_00092,UK2
92,1,7,2.25059e-4,ASV_00092,SE1
93,1,1,2.14109e-4,ASV_00093,IT1
93,1,2,2.19285e-4,ASV_00093,IT2
93,1,4,2.54654e-4,ASV_00093,FI1
93,1,5,3.10284e-4,ASV_00093,UK1
93,1,6,1.17078e-4,ASV_00093,UK2
93,1,7,4.15543e-4,ASV_00093,SE1
94,1,2,2.53179e-4,ASV_00094,IT2
94,1,4,4.47166e-4,ASV_00094,FI1
94,1,5,3.65042e-4,ASV_00094,UK1
94,1,6,2.79972e-4,ASV_00094,UK2
94,1,7,3.1386e-4,ASV_00094,SE1
95,1,1,2.36231e-4,ASV_00095,IT1
95,1,2,6.06668e-4,ASV_00095,IT2
95,1,3,5.1658e-5,ASV_00095,IT3
95,1,5,7.49137e-4,ASV_00095,UK1
95,1,6,2.19689e-4,ASV_00095,UK2
95,1,7,3.42024e-4,ASV_00095,SE1
96,1,1,2.54074e-4,ASV_00096,IT1
96,1,2,3.12079e-4,ASV_00096,IT2
96,1,3,2.39315e-5,ASV_00096,IT3
96,1,4,0.00045501199999999997,ASV_00096,FI1
96,1,5,8.02011e-4,ASV_00096,UK1
96,1,6,3.73646e-4,ASV_00096,UK2
96,1,7,1.97848e-4,ASV_00096,SE1
97,1,1,1.01277e-4,ASV_00097,IT1
97,1,2,3.48624e-4,ASV_00097,IT2
97,1,3,4.17968e-5,ASV_00097,IT3
97,1,5,8.5739e-4,ASV_00097,UK1
97,1,6,2.04637e-4,ASV_00097,UK2
97,1,7,3.6632e-4,ASV_00097,SE1
98,1,1,1.67103e-4,ASV_00098,IT1
98,1,2,1.65687e-4,ASV_00098,IT2
98,1,3,3.34644e-5,ASV_00098,IT3
98,1,5,3.54221e-4,ASV_00098,UK1
99,1,1,1.49763e-4,ASV_00099,IT1
99,1,2,3.55422e-4,ASV_00099,IT2
99,1,4,2.77851e-4,ASV_00099,FI1
99,1,5,9.58644e-4,ASV_00099,UK1
99,1,6,1.94391e-4,ASV_00099,UK2
100,1,2,3.84173e-4,ASV_00100,IT2
100,1,3,4.22854e-5,ASV_00100,IT3
100,1,4,3.75454e-4,ASV_00100,FI1
100,1,5,5.74413e-4,ASV_00100,UK1
100,1,6,2.43355e-4,ASV_00100,UK2
100,1,7,1.85336e-4,ASV_00100,SE1
101,1,1,2.32275e-4,ASV_00101,IT1
101,1,2,5.25384e-4,ASV_00101,IT2
101,1,4,4.12402e-4,ASV_00101,FI1
101,1,5,7.40204e-4,ASV_00101,UK1
101,1,6,1.43383e-4,ASV_00101,UK2
101,1,7,1.20903e-4,ASV_00101,SE1
102,1,1,2.52248e-4,ASV_00102,IT1
102,1,2,2.65356e-4,ASV_00102,IT2
102,1,3,4.54027e-5,ASV_00102,IT3
102,1,5,5.01379e-4,ASV_00102,UK1
102,1,6,7.06363e-5,ASV_00102,UK2
103,1,1,2.48222e-4,ASV_00103,IT1
103,1,2,3.9828e-4,ASV_00103,IT2
103,1,3,2.93689e-5,ASV_00103,IT3
103,1,5,8.71286e-4,ASV_00103,UK1
103,1,6,2.3084e-4,ASV_00103,UK2
104,1,2,2.78711e-4,ASV_00104,IT2
104,1,3,1.30655e-5,ASV_00104,IT3
104,1,4,3.24571e-4,ASV_00104,FI1
104,1,5,7.98884e-4,ASV_00104,UK1
104,1,6,1.25704e-4,ASV_00104,UK2
104,1,7,1.68976e-4,ASV_00104,SE1
105,1,1,3.29076e-4,ASV_00105,IT1
105,1,2,7.05264e-4,ASV_00105,IT2
105,1,3,3.23878e-5,ASV_00105,IT3
105,1,4,1.95735e-4,ASV_00105,FI1
105,1,5,6.76809e-4,ASV_00105,UK1
105,1,6,1.40443e-4,ASV_00105,UK2
105,1,7,3.32586e-4,ASV_00105,SE1
106,1,1,1.94369e-4,ASV_00106,IT1
106,1,2,5.74523e-4,ASV_00106,IT2
106,1,4,2.34814e-4,ASV_00106,FI1
106,1,5,8.92865e-4,ASV_00106,UK1
106,1,6,1.17884e-4,ASV_00106,UK2
106,1,7,1.35413e-4,ASV_00106,SE1
107,1,1,3.221e-4,ASV_00107,IT1
107,1,2,4.58967e-4,ASV_00107,IT2
107,1,3,3.86626e-5,ASV_00107,IT3
107,1,4,5.02453e-4,ASV_00107,FI1
107,1,5,8.16994e-4,ASV_00107,UK1
107,1,6,8.3796e-5,ASV_00107,UK2
107,1,7,2.44192e-4,ASV_00107,SE1
108,1,2,3.25894e-4,ASV_00108,IT2
108,1,5,7.32892e-4,ASV_00108,UK1
108,1,6,2.05545e-4,ASV_00108,UK2
109,1,2,4.54915e-4,ASV_00109,IT2
109,1,4,3.12348e-4,ASV_00109,FI1
109,1,5,6.46737e-4,ASV_00109,UK1
109,1,6,3.27353e-4,ASV_00109,UK2
109,1,7,2.23503e-4,ASV_00109,SE1
110,1,1,2.47056e-4,ASV_00110,IT1
110,1,2,3.52481e-4,ASV_00110,IT2
110,1,5,7.36124e-4,ASV_00110,UK1
110,1,6,1.70116e-4,ASV_00110,UK2
110,1,7,3.11697e-4,ASV_00110,SE1
111,1,1,2.33674e-4,ASV_00111,IT1
111,1,2,5.4687e-4,ASV_00111,IT2
111,1,3,2.64926e-5,ASV_00111,IT3
111,1,5,8.69948e-4,ASV_00111,UK1
112,1,1,9.94944e-5,ASV_00112,IT1
112,1,2,4.12517e-4,ASV_00112,IT2
112,1,3,2.62418e-5,ASV_00112,IT3
112,1,4,3.74369e-4,ASV_00112,FI1
112,1,5,8.18823e-4,ASV_00112,UK1
112,1,6,1.40357e-4,ASV_00112,UK2
112,1,7,2.89413e-4,ASV_00112,SE1
113,1,1,4.41398e-4,ASV_00113,IT1
113,1,2,1.41154e-4,ASV_00113,IT2
113,1,3,1.93821e-5,ASV_00113,IT3
113,1,4,3.23967e-4,ASV_00113,FI1
113,1,5,8.84907e-4,ASV_00113,UK1
113,1,6,1.5215e-4,ASV_00113,UK2
113,1,7,5.11694e-4,ASV_00113,SE1
114,1,1,2.6432e-4,ASV_00114,IT1
115,1,2,3.76886e-4,ASV_00115,IT2
115,1,5,5.81863e-4,ASV_00115,UK1
116,1,1,2.65119e-4,ASV_00116,IT1
116,1,2,2.02114e-4,ASV_00116,IT2
116,1,3,2.48536e-5,ASV_00116,IT3
116,1,4,1.45826e-4,ASV_00116,FI1
116,1,5,6.94752e-4,ASV_00116,UK1
116,1,6,1.19004e-4,ASV_00116,UK2
116,1,7,4.3036e-4,ASV_00116,SE1
117,1,1,2.68827e-4,ASV_00117,IT1
117,1,2,2.35931e-4,ASV_00117,IT2
117,1,3,2.72274e-5,ASV_00117,IT3
117,1,4,5.52739e-4,ASV_00117,FI1
117,1,5,7.83338e-4,ASV_00117,UK1
117,1,6,2.29612e-4,ASV_00117,UK2
118,1,1,2.90373e-4,ASV_00118,IT1
118,1,2,3.58943e-4,ASV_00118,IT2
118,1,4,2.5121e-4,ASV_00118,FI1
118,1,5,0.00103644,ASV_00118,UK1
118,1,6,1.83897e-4,ASV_00118,UK2
118,1,7,3.77387e-4,ASV_00118,SE1
119,1,2,3.83236e-4,ASV_00119,IT2
119,1,3,1.63434e-5,ASV_00119,IT3
119,1,4,2.76804e-4,ASV_00119,FI1
119,1,5,8.74478e-4,ASV_00119,UK1
119,1,6,1.49953e-4,ASV_00119,UK2
120,1,1,1.67949e-4,ASV_00120,IT1
120,1,2,2.46487e-4,ASV_00120,IT2
120,1,5,8.16679e-4,ASV_00120,UK1
120,1,6,1.49187e-4,ASV_00120,UK2
120,1,7,1.85984e-4,ASV_00120,SE1
121,1,4,3.20258e-4,ASV_00121,FI1
121,1,5,6.55871e-4,ASV_00121,UK1
121,1,6,1.68086e-4,ASV_00121,UK2
122,1,1,1.30094e-4,ASV_00122,IT1
122,1,2,3.63751e-4,ASV_00122,IT2
122,1,3,9.73403e-6,ASV_00122,IT3
122,1,5,3.13093e-4,ASV_00122,UK1
123,1,2,4.56417e-4,ASV_00123,IT2
123,1,4,3.42941e-4,ASV_00123,FI1
123,1,5,5.27426e-4,ASV_00123,UK1
123,1,6,1.27393e-4,ASV_00123,UK2
123,1,7,3.0936e-4,ASV_00123,SE1
124,1,1,2.33989e-4,ASV_00125,IT1
124,1,2,4.08363e-4,ASV_00125,IT2
124,1,4,2.7194e-4,ASV_00125,FI1
124,1,5,0.00110464,ASV_00125,UK1
124,1,6,2.20862e-4,ASV_00125,UK2
124,1,7,4.41085e-4,ASV_00125,SE1
125,1,4,3.6114e-4,ASV_00126,FI1
125,1,5,5.90412e-4,ASV_00126,UK1
125,1,6,9.72175e-5,ASV_00126,UK2
125,1,7,2.35975e-4,ASV_00126,SE1
126,1,1,1.46505e-4,ASV_00127,IT1
126,1,2,2.13628e-4,ASV_00127,IT2
126,1,3,2.465e-5,ASV_00127,IT3
126,1,5,8.2357e-4,ASV_00127,UK1
126,1,6,1.31215e-4,ASV_00127,UK2
127,1,1,3.42465e-4,ASV_00128,IT1
127,1,2,1.09832e-4,ASV_00128,IT2
127,1,3,3.02332e-5,ASV_00128,IT3
127,1,4,4.4495e-4,ASV_00128,FI1
127,1,5,7.11849e-4,ASV_00128,UK1
127,1,6,2.4217e-4,ASV_00128,UK2
127,1,7,1.7331e-4,ASV_00128,SE1
128,1,1,1.73292e-4,ASV_00129,IT1
128,1,2,6.34303e-4,ASV_00129,IT2
128,1,3,4.87629e-5,ASV_00129,IT3
128,1,5,7.9684e-4,ASV_00129,UK1
128,1,6,5.68166e-5,ASV_00129,UK2
129,1,1,2.45726e-4,ASV_00130,IT1
129,1,2,5.65309e-4,ASV_00130,IT2
129,1,3,1.79769e-5,ASV_00130,IT3
129,1,4,2.04314e-4,ASV_00130,FI1
129,1,5,9.59467e-4,ASV_00130,UK1
129,1,6,1.08604e-4,ASV_00130,UK2
130,1,1,2.17631e-4,ASV_00131,IT1
130,1,2,5.45658e-4,ASV_00131,IT2
130,1,3,4.92806e-5,ASV_00131,IT3
130,1,4,2.26272e-4,ASV_00131,FI1
130,1,5,8.47295e-4,ASV_00131,UK1
130,1,6,1.22123e-4,ASV_00131,UK2
130,1,7,2.0796e-4,ASV_00131,SE1
131,1,2,8.40814e-4,ASV_00132,IT2
131,1,5,8.85531e-4,ASV_00132,UK1
131,1,6,2.28325e-4,ASV_00132,UK2
132,1,1,1.46477e-4,ASV_00133,IT1
132,1,2,6.52558e-4,ASV_00133,IT2
132,1,3,2.59745e-5,ASV_00133,IT3
132,1,4,2.74711e-4,ASV_00133,FI1
132,1,5,6.05452e-4,ASV_00133,UK1
132,1,6,1.25722e-4,ASV_00133,UK2
133,1,4,4.7581e-4,ASV_00134,FI1
133,1,5,7.34399e-4,ASV_00134,UK1
133,1,6,1.1553e-4,ASV_00134,UK2
133,1,7,3.16564e-4,ASV_00134,SE1
134,1,3,2.05027e-5,ASV_00135,IT3
134,1,4,4.19223e-4,ASV_00135,FI1
134,1,5,8.74364e-4,ASV_00135,UK1
134,1,6,1.30144e-4,ASV_00135,UK2
134,1,7,3.07132e-4,ASV_00135,SE1
135,1,1,4.3574e-4,ASV_00136,IT1
135,1,2,3.70636e-4,ASV_00136,IT2
135,1,3,6.40611e-5,ASV_00136,IT3
135,1,4,3.48056e-4,ASV_00136,FI1
135,1,5,7.43552e-4,ASV_00136,UK1
135,1,6,1.31444e-4,ASV_00136,UK2
135,1,7,1.6859e-4,ASV_00136,SE1
136,1,1,4.04069e-4,ASV_00137,IT1
136,1,2,3.42647e-4,ASV_00137,IT2
136,1,3,5.18107e-5,ASV_00137,IT3
136,1,5,7.85135e-4,ASV_00137,UK1
136,1,6,7.46264e-5,ASV_00137,UK2
137,1,2,3.00732e-4,ASV_00138,IT2
137,1,4,3.85051e-4,ASV_00138,FI1
137,1,5,5.61798e-4,ASV_00138,UK1
137,1,6,1.17359e-4,ASV_00138,UK2
137,1,7,4.61671e-4,ASV_00138,SE1
138,1,1,2.21358e-4,ASV_00139,IT1
138,1,2,6.18128e-4,ASV_00139,IT2
138,1,5,5.03078e-4,ASV_00139,UK1
138,1,6,2.36517e-4,ASV_00139,UK2
138,1,7,2.25999e-4,ASV_00139,SE1
139,1,1,1.37696e-4,ASV_00140,IT1
139,1,2,3.38738e-4,ASV_00140,IT2
139,1,3,4.7558e-5,ASV_00140,IT3
139,1,4,5.42344e-4,ASV_00140,FI1
139,1,5,0.00104864,ASV_00140,UK1
139,1,6,2.11466e-4,ASV_00140,UK2
139,1,7,2.61793e-4,ASV_00140,SE1
140,1,1,2.17264e-4,ASV_00141,IT1
140,1,2,6.16231e-4,ASV_00141,IT2
140,1,3,2.84882e-5,ASV_00141,IT3
140,1,5,3.65726e-4,ASV_00141,UK1
140,1,6,1.14449e-4,ASV_00141,UK2
140,1,7,2.67353e-4,ASV_00141,SE1
141,1,1,2.57017e-4,ASV_00142,IT1
141,1,2,4.69521e-4,ASV_00142,IT2
141,1,3,1.87202e-5,ASV_00142,IT3
141,1,4,1.8719e-4,ASV_00142,FI1
141,1,5,4.33205e-4,ASV_00142,UK1
141,1,6,2.9685e-4,ASV_00142,UK2
141,1,7,6.02337e-4,ASV_00142,SE1
142,1,5,6.63626e-4,ASV_00143,UK1
142,1,6,1.23418e-4,ASV_00143,UK2
142,1,7,2.15658e-4,ASV_00143,SE1
143,1,1,1.51643e-4,ASV_00144,IT1
143,1,2,2.70364e-4,ASV_00144,IT2
143,1,3,5.18965e-5,ASV_00144,IT3
143,1,4,2.7208e-4,ASV_00144,FI1
143,1,5,2.65116e-4,ASV_00144,UK1
143,1,6,1.76196e-4,ASV_00144,UK2
143,1,7,2.33785e-4,ASV_00144,SE1
144,1,1,2.15938e-4,ASV_00145,IT1
144,1,2,3.63283e-4,ASV_00145,IT2
144,1,3,3.84851e-5,ASV_00145,IT3
144,1,5,8.11444e-4,ASV_00145,UK1
145,1,2,5.5605e-4,ASV_00146,IT2
145,1,3,5.89044e-5,ASV_00146,IT3
145,1,4,1.16605e-4,ASV_00146,FI1
145,1,5,8.6165e-4,ASV_00146,UK1
145,1,6,1.93721e-4,ASV_00146,UK2
145,1,7,5.21789e-4,ASV_00146,SE1
146,1,1,3.31143e-4,ASV_00147,IT1
146,1,2,3.68188e-4,ASV_00147,IT2
146,1,3,2.00775e-5,ASV_00147,IT3
146,1,5,7.97226e-4,ASV_00147,UK1
146,1,6,1.66274e-4,ASV_00147,UK2
147,1,1,1.65557e-4,ASV_00148,IT1
147,1,2,8.13947e-4,ASV_00148,IT2
147,1,3,4.06765e-5,ASV_00148,IT3
147,1,4,2.29284e-4,ASV_00148,FI1
147,1,5,6.31458e-4,ASV_00148,UK1
147,1,6,1.54788e-4,ASV_00148,UK2
147,1,7,2.54397e-4,ASV_00148,SE1
148,1,4,1.61233e-4,ASV_00149,FI1
148,1,5,8.3839e-4,ASV_00149,UK1
148,1,6,1.16436e-4,ASV_00149,UK2
148,1,7,2.80337e-4,ASV_00149,SE1
149,1,1,1.65848e-4,ASV_00150,IT1
149,1,2,3.81078e-4,ASV_00150,IT2
149,1,3,3.25872e-5,ASV_00150,IT3
150,1,2,4.88604e-4,ASV_00151,IT2
150,1,3,5.70904e-5,ASV_00151,IT3
150,1,4,4.33981e-4,ASV_00151,FI1
150,1,5,6.77909e-4,ASV_00151,UK1
150,1,6,2.72394e-4,ASV_00151,UK2
150,1,7,1.70017e-4,ASV_00151,SE1
151,1,1,2.51215e-4,ASV_00152,IT1
151,1,2,2.43549e-4,ASV_00152,IT2
151,1,4,1.31421e-4,ASV_00152,FI1
151,1,5,5.71402e-4,ASV_00152,UK1
151,1,6,1.25648e-4,ASV_00152,UK2
151,1,7,3.62851e-4,ASV_00152,SE1
152,1,2,3.8802e-4,ASV_00153,IT2
152,1,3,3.12532e-5,ASV_00153,IT3
152,1,5,5.1029e-4,ASV_00153,UK1
152,1,6,1.53782e-4,ASV_00153,UK2
153,1,1,0.00021109000000000001,ASV_00154,IT1
153,1,2,1.90181e-4,ASV_00154,IT2
153,1,5,7.59376e-4,ASV_00154,UK1
154,1,1,1.3994e-4,ASV_00155,IT1
154,1,2,3.97875e-4,ASV_00155,IT2
154,1,3,2.98171e-5,ASV_00155,IT3
154,1,4,1.44582e-4,ASV_00155,FI1
154,1,5,9.40853e-4,ASV_00155,UK1
154,1,6,1.6953e-4,ASV_00155,UK2
154,1,7,2.84948e-4,ASV_00155,SE1
155,1,1,2.20818e-4,ASV_00156,IT1
155,1,2,5.50255e-4,ASV_00156,IT2
155,1,4,1.23704e-4,ASV_00156,FI1
155,1,5,8.83525e-4,ASV_00156,UK1
155,1,6,1.8343e-4,ASV_00156,UK2
155,1,7,2.60062e-4,ASV_00156,SE1
156,1,1,2.45443e-4,ASV_00157,IT1
156,1,2,5.54486e-4,ASV_00157,IT2
156,1,3,2.24788e-5,ASV_00157,IT3
156,1,4,2.85902e-4,ASV_00157,FI1
156,1,5,4.08378e-4,ASV_00157,UK1
156,1,6,1.60493e-4,ASV_00157,UK2
156,1,7,1.06876e-4,ASV_00157,SE1
157,1,2,2.65718e-4,ASV_00158,IT2
157,1,4,3.56341e-4,ASV_00158,FI1
157,1,5,7.43207e-4,ASV_00158,UK1
157,1,6,1.34527e-4,ASV_00158,UK2
158,1,1,2.20615e-4,ASV_00159,IT1
158,1,2,1.8169e-4,ASV_00159,IT2
158,1,3,1.18366e-4,ASV_00159,IT3
158,1,5,9.41291e-4,ASV_00159,UK1
158,1,6,1.62616e-4,ASV_00159,UK2
158,1,7,2.22948e-4,ASV_00159,SE1
159,1,1,1.62753e-4,ASV_00160,IT1
159,1,2,0.00011323999999999999,ASV_00160,IT2
159,1,3,7.16933e-5,ASV_00160,IT3
159,1,4,1.9311e-4,ASV_00160,FI1
159,1,5,9.58058e-4,ASV_00160,UK1
159,1,6,4.26717e-5,ASV_00160,UK2
159,1,7,3.37419e-4,ASV_00160,SE1
160,1,2,3.1802e-4,ASV_00161,IT2
160,1,4,3.69314e-4,ASV_00161,FI1
160,1,5,7.88171e-4,ASV_00161,UK1
160,1,6,1.09113e-4,ASV_00161,UK2
160,1,7,1.56963e-4,ASV_00161,SE1
161,1,1,2.92211e-4,ASV_00162,IT1
161,1,2,3.73598e-4,ASV_00162,IT2
161,1,3,8.3433e-5,ASV_00162,IT3
161,1,5,5.25711e-4,ASV_00162,UK1
161,1,6,9.96293e-5,ASV_00162,UK2
162,1,1,2.15837e-4,ASV_00163,IT1
162,1,2,5.15788e-4,ASV_00163,IT2
162,1,3,5.79457e-5,ASV_00163,IT3
162,1,4,2.03632e-4,ASV_00163,FI1
162,1,5,5.47968e-4,ASV_00163,UK1
162,1,6,9.48005e-5,ASV_00163,UK2
162,1,7,1.4764e-4,ASV_00163,SE1
163,1,2,2.76889e-4,ASV_00164,IT2
163,1,4,2.04599e-4,ASV_00164,FI1
163,1,5,7.26717e-4,ASV_00164,UK1
163,1,6,2.4383e-4,ASV_00164,UK2
163,1,7,3.44003e-4,ASV_00164,SE1
164,1,1,2.15786e-4,ASV_00165,IT1
164,1,2,4.30763e-4,ASV_00165,IT2
164,1,5,3.47956e-4,ASV_00165,UK1
164,1,6,1.3606e-4,ASV_00165,UK2
164,1,7,4.58891e-4,ASV_00165,SE1
165,1,1,2.38941e-4,ASV_00166,IT1
165,1,2,4.5094e-4,ASV_00166,IT2
165,1,4,2.49773e-4,ASV_00166,FI1
165,1,5,8.60779e-4,ASV_00166,UK1
165,1,6,1.79105e-4,ASV_00166,UK2
165,1,7,3.75211e-4,ASV_00166,SE1
166,1,2,4.48988e-4,ASV_00167,IT2
166,1,5,7.23777e-4,ASV_00167,UK1
166,1,6,1.77114e-4,ASV_00167,UK2
166,1,7,4.78113e-4,ASV_00167,SE1
167,1,1,1.6466e-4,ASV_00168,IT1
167,1,2,2.82965e-4,ASV_00168,IT2
167,1,4,2.90729e-4,ASV_00168,FI1
167,1,5,7.12479e-4,ASV_00168,UK1
167,1,6,2.20725e-4,ASV_00168,UK2
168,1,1,2.55448e-4,ASV_00169,IT1
168,1,2,2.6496e-4,ASV_00169,IT2
168,1,3,2.79499e-5,ASV_00169,IT3
168,1,5,7.03168e-4,ASV_00169,UK1
168,1,6,1.55799e-4,ASV_00169,UK2
169,1,2,4.15659e-4,ASV_00170,IT2
169,1,3,6.82677e-5,ASV_00170,IT3
169,1,5,8.51094e-4,ASV_00170,UK1
169,1,6,2.41399e-4,ASV_00170,UK2
169,1,7,2.27302e-4,ASV_00170,SE1
170,1,1,3.92797e-4,ASV_00171,IT1
170,1,2,3.38003e-4,ASV_00171,IT2
170,1,3,1.33011e-5,ASV_00171,IT3
170,1,4,2.36784e-4,ASV_00171,FI1
170,1,5,6.39666e-4,ASV_00171,UK1
170,1,6,1.57419e-4,ASV_00171,UK2
170,1,7,3.88284e-4,ASV_00171,SE1
171,1,2,4.27735e-4,ASV_00172,IT2
171,1,4,5.28835e-4,ASV_00172,FI1
171,1,5,0.00100996,ASV_00172,UK1
171,1,6,1.34334e-4,ASV_00172,UK2
171,1,7,3.55665e-4,ASV_00172,SE1
172,1,2,5.11349e-4,ASV_00173,IT2
172,1,5,7.55336e-4,ASV_00173,UK1
172,1,6,1.22311e-4,ASV_00173,UK2
173,1,4,2.72729e-4,ASV_00174,FI1
173,1,5,7.34752e-4,ASV_00174,UK1
173,1,6,1.60084e-4,ASV_00174,UK2
173,1,7,4.41406e-4,ASV_00174,SE1
174,1,1,1.91327e-4,ASV_00176,IT1
174,1,2,2.63238e-4,ASV_00176,IT2
174,1,3,1.65184e-5,ASV_00176,IT3
174,1,5,6.41694e-4,ASV_00176,UK1
174,1,6,3.13523e-4,ASV_00176,UK2
175,1,1,2.54605e-4,ASV_00177,IT1
175,1,2,2.3434e-4,ASV_00177,IT2
175,1,3,1.95752e-5,ASV_00177,IT3
175,1,4,3.01368e-4,ASV_00177,FI1
175,1,5,8.87935e-4,ASV_00177,UK1
175,1,6,2.27843e-4,ASV_00177,UK2
175,1,7,2.56486e-4,ASV_00177,SE1
176,1,1,1.80088e-4,ASV_00178,IT1
176,1,2,3.78193e-4,ASV_00178,IT2
177,1,1,2.92426e-4,ASV_00179,IT1
177,1,2,3.00579e-4,ASV_00179,IT2
177,1,3,4.3692e-5,ASV_00179,IT3
177,1,6,2.00324e-4,ASV_00179,UK2
177,1,7,1.81022e-4,ASV_00179,SE1
178,1,4,4.89888e-4,ASV_00180,FI1
178,1,5,6.17589e-4,ASV_00180,UK1
178,1,6,2.21512e-4,ASV_00180,UK2
178,1,7,6.00271e-4,ASV_00180,SE1
179,1,2,5.36402e-4,ASV_00181,IT2
179,1,4,3.75633e-4,ASV_00181,FI1
179,1,5,7.70737e-4,ASV_00181,UK1
179,1,6,2.98649e-4,ASV_00181,UK2
179,1,7,2.48634e-4,ASV_00181,SE1
180,1,1,2.7302e-4,ASV_00182,IT1
180,1,2,3.42858e-4,ASV_00182,IT2
180,1,4,1.79751e-4,ASV_00182,FI1
180,1,5,8.82691e-4,ASV_00182,UK1
180,1,6,1.958e-4,ASV_00182,UK2
180,1,7,4.97339e-4,ASV_00182,SE1
181,1,1,2.34031e-4,ASV_00183,IT1
181,1,2,3.13786e-4,ASV_00183,IT2
181,1,3,3.66251e-5,ASV_00183,IT3
181,1,5,8.64493e-4,ASV_00183,UK1
181,1,6,2.79226e-4,ASV_00183,UK2
182,1,1,3.22603e-4,ASV_00184,IT1
182,1,2,2.59884e-4,ASV_00184,IT2
182,1,3,4.1566e-5,ASV_00184,IT3
182,1,5,6.66437e-4,ASV_00184,UK1
182,1,6,1.67626e-4,ASV_00184,UK2
183,1,1,2.77889e-4,ASV_00185,IT1
183,1,2,3.6992e-4,ASV_00185,IT2
183,1,3,4.38908e-5,ASV_00185,IT3
183,1,4,5.35485e-4,ASV_00185,FI1
183,1,5,5.42411e-4,ASV_00185,UK1
183,1,6,2.01555e-4,ASV_00185,UK2
183,1,7,4.30273e-4,ASV_00185,SE1
184,1,1,2.61164e-4,ASV_00186,IT1
184,1,2,2.69831e-4,ASV_00186,IT2
184,1,3,3.28228e-5,ASV_00186,IT3
184,1,5,0.00118076,ASV_00186,UK1
184,1,6,1.14823e-4,ASV_00186,UK2
184,1,7,3.77019e-4,ASV_00186,SE1
185,1,1,3.02423e-4,ASV_00187,IT1
185,1,2,2.60841e-4,ASV_00187,IT2
185,1,3,3.61178e-5,ASV_00187,IT3
185,1,4,1.71157e-4,ASV_00187,FI1
185,1,5,7.78368e-4,ASV_00187,UK1
185,1,6,3.16413e-4,ASV_00187,UK2
185,1,7,2.00547e-4,ASV_00187,SE1
186,1,1,4.72652e-4,ASV_00188,IT1
186,1,2,2.04532e-4,ASV_00188,IT2
186,1,3,4.62588e-5,ASV_00188,IT3
186,1,4,2.87493e-4,ASV_00188,FI1
186,1,5,5.71089e-4,ASV_00188,UK1
186,1,6,1.67577e-4,ASV_00188,UK2
187,1,2,8.03013e-4,ASV_00189,IT2
187,1,5,9.48105e-4,ASV_00189,UK1
187,1,6,2.01787e-4,ASV_00189,UK2
188,1,4,2.17738e-4,ASV_00190,FI1
188,1,5,5.85747e-4,ASV_00190,UK1
188,1,6,1.62247e-4,ASV_00190,UK2
189,1,1,0.00025654300000000003,ASV_00191,IT1
189,1,2,4.31631e-4,ASV_00191,IT2
189,1,5,6.86757e-4,ASV_00191,UK1
189,1,6,1.55571e-4,ASV_00191,UK2
189,1,7,3.2093e-4,ASV_00191,SE1
190,1,1,2.00974e-4,ASV_00192,IT1
190,1,2,3.13671e-4,ASV_00192,IT2
191,1,2,8.6091e-4,ASV_00193,IT2
191,1,5,4.58739e-4,ASV_00193,UK1
191,1,6,9.21147e-5,ASV_00193,UK2
191,1,7,3.4227e-4,ASV_00193,SE1
192,1,2,3.06128e-4,ASV_00194,IT2
192,1,6,1.6423e-4,ASV_00194,UK2
193,1,1,2.55967e-4,ASV_00195,IT1
193,1,2,4.16879e-4,ASV_00195,IT2
194,1,1,1.17912e-4,ASV_00196,IT1
194,1,2,2.19348e-4,ASV_00196,IT2
194,1,3,5.8808e-5,ASV_00196,IT3
194,1,4,5.28186e-4,ASV_00196,FI1
194,1,5,8.81834e-4,ASV_00196,UK1
194,1,6,1.21871e-4,ASV_00196,UK2
194,1,7,5.88483e-4,ASV_00196,SE1
195,1,1,1.8131e-4,ASV_00197,IT1
195,1,2,4.20548e-4,ASV_00197,IT2
195,1,3,2.52319e-5,ASV_00197,IT3
195,1,4,3.74677e-4,ASV_00197,FI1
195,1,5,6.93753e-4,ASV_00197,UK1
195,1,6,2.306e-4,ASV_00197,UK2
195,1,7,2.67031e-4,ASV_00197,SE1
196,1,1,2.57457e-4,ASV_00198,IT1
196,1,2,5.61794e-4,ASV_00198,IT2
196,1,3,2.82113e-5,ASV_00198,IT3
196,1,5,5.8901e-4,ASV_00198,UK1
196,1,6,1.57747e-4,ASV_00198,UK2
196,1,7,1.7173e-4,ASV_00198,SE1
197,1,1,2.10293e-4,ASV_00199,IT1
197,1,2,1.49951e-4,ASV_00199,IT2
197,1,5,6.84475e-4,ASV_00199,UK1
198,1,1,2.94938e-4,ASV_00200,IT1
198,1,2,3.5144e-4,ASV_00200,IT2
198,1,3,2.6265e-5,ASV_00200,IT3
198,1,4,2.38943e-4,ASV_00200,FI1
198,1,5,4.93697e-4,ASV_00200,UK1
198,1,6,1.12545e-4,ASV_00200,UK2
198,1,7,4.25183e-4,ASV_00200,SE1
199,1,4,6.34798e-4,ASV_00201,FI1
199,1,6,1.3313e-4,ASV_00201,UK2
199,1,7,3.88859e-4,ASV_00201,SE1
200,1,1,1.72103e-4,ASV_00202,IT1
200,1,2,4.31818e-4,ASV_00202,IT2
200,1,3,2.48569e-5,ASV_00202,IT3
200,1,5,0.00100116,ASV_00202,UK1
200,1,6,1.96323e-4,ASV_00202,UK2
201,1,1,3.73346e-4,ASV_00203,IT1
201,1,2,6.05763e-4,ASV_00203,IT2
201,1,3,4.12418e-5,ASV_00203,IT3
201,1,5,8.78219e-4,ASV_00203,UK1
201,1,6,1.6149e-4,ASV_00203,UK2
202,1,4,7.19027e-5,ASV_00204,FI1
202,1,6,1.24964e-4,ASV_00204,UK2
202,1,7,2.7395e-4,ASV_00204,SE1
203,1,1,2.99975e-4,ASV_00205,IT1
203,1,2,2.00076e-4,ASV_00205,IT2
203,1,5,7.29425e-4,ASV_00205,UK1
203,1,6,1.43204e-4,ASV_00205,UK2
203,1,7,3.60321e-4,ASV_00205,SE1
204,1,1,4.38129e-4,ASV_00206,IT1
204,1,2,4.64159e-4,ASV_00206,IT2
204,1,4,2.66694e-4,ASV_00206,FI1
204,1,5,6.20924e-4,ASV_00206,UK1
204,1,6,1.92897e-4,ASV_00206,UK2
205,1,5,7.79495e-4,ASV_00207,UK1
206,1,2,6.3218e-4,ASV_00208,IT2
206,1,5,9.9281e-4,ASV_00208,UK1
207,1,6,1.42151e-4,ASV_00209,UK2
208,1,2,2.99108e-4,ASV_00210,IT2
208,1,4,3.28923e-4,ASV_00210,FI1
208,1,5,5.75252e-4,ASV_00210,UK1
208,1,6,1.1534e-4,ASV_00210,UK2
208,1,7,3.39212e-4,ASV_00210,SE1
209,1,2,5.33938e-4,ASV_00211,IT2
209,1,3,3.10726e-5,ASV_00211,IT3
209,1,4,2.82804e-4,ASV_00211,FI1
209,1,6,1.89684e-4,ASV_00211,UK2
209,1,7,2.52454e-4,ASV_00211,SE1
210,1,2,4.08902e-4,ASV_00212,IT2
210,1,5,8.61266e-4,ASV_00212,UK1
210,1,6,1.62116e-4,ASV_00212,UK2
211,1,1,1.22714e-4,ASV_00213,IT1
211,1,2,5.72471e-4,ASV_00213,IT2
211,1,5,7.43586e-4,ASV_00213,UK1
211,1,6,1.21156e-4,ASV_00213,UK2
212,1,2,2.101e-4,ASV_00214,IT2
212,1,3,3.79482e-5,ASV_00214,IT3
212,1,5,5.88712e-4,ASV_00214,UK1
212,1,6,1.26413e-4,ASV_00214,UK2
213,1,3,3.60258e-5,ASV_00215,IT3
213,1,5,6.88475e-4,ASV_00215,UK1
213,1,6,5.78181e-5,ASV_00215,UK2
214,1,1,1.08235e-4,ASV_00216,IT1
214,1,2,5.60605e-4,ASV_00216,IT2
214,1,5,6.45195e-4,ASV_00216,UK1
215,1,5,9.22381e-4,ASV_00217,UK1
215,1,6,1.49998e-4,ASV_00217,UK2
215,1,7,3.68166e-4,ASV_00217,SE1
216,1,1,2.11374e-4,ASV_00218,IT1
216,1,2,3.47305e-4,ASV_00218,IT2
216,1,3,7.27066e-5,ASV_00218,IT3
216,1,4,5.5242e-4,ASV_00218,FI1
216,1,5,9.04882e-4,ASV_00218,UK1
216,1,6,1.18616e-4,ASV_00218,UK2
216,1,7,3.2697e-4,ASV_00218,SE1
217,1,2,4.51334e-4,ASV_00219,IT2
217,1,4,3.58488e-4,ASV_00219,FI1
217,1,5,5.54448e-4,ASV_00219,UK1
217,1,6,2.11729e-4,ASV_00219,UK2
217,1,7,1.57236e-4,ASV_00219,SE1
218,1,1,1.41871e-4,ASV_00221,IT1
218,1,2,6.40081e-4,ASV_00221,IT2
218,1,3,6.65371e-5,ASV_00221,IT3
218,1,5,9.95468e-4,ASV_00221,UK1
218,1,6,9.97701e-5,ASV_00221,UK2
219,1,1,1.71602e-4,ASV_00222,IT1
219,1,5,8.99678e-4,ASV_00222,UK1
220,1,4,4.09849e-4,ASV_00223,FI1
220,1,5,5.08933e-4,ASV_00223,UK1
220,1,6,1.43672e-4,ASV_00223,UK2
220,1,7,4.059e-4,ASV_00223,SE1
221,1,4,2.47908e-4,ASV_00224,FI1
221,1,5,9.29921e-4,ASV_00224,UK1
221,1,6,1.97705e-4,ASV_00224,UK2
221,1,7,3.09881e-4,ASV_00224,SE1
222,1,1,1.72495e-4,ASV_00225,IT1
222,1,5,7.55203e-4,ASV_00225,UK1
223,1,1,2.7894e-4,ASV_00226,IT1
223,1,2,1.80016e-4,ASV_00226,IT2
223,1,6,1.48642e-4,ASV_00226,UK2
224,1,1,9.08917e-5,ASV_00227,IT1
224,1,2,2.96382e-4,ASV_00227,IT2
224,1,3,3.60225e-5,ASV_00227,IT3
224,1,5,6.08549e-4,ASV_00227,UK1
224,1,6,1.68657e-4,ASV_00227,UK2
225,1,2,3.84752e-4,ASV_00228,IT2
225,1,6,1.66655e-4,ASV_00228,UK2
226,1,2,5.32843e-4,ASV_00229,IT2
226,1,5,6.1035e-4,ASV_00229,UK1
226,1,6,8.25693e-5,ASV_00229,UK2
227,1,1,3.28074e-4,ASV_00230,IT1
227,1,2,4.38571e-4,ASV_00230,IT2
227,1,5,8.52422e-4,ASV_00230,UK1
227,1,6,1.97733e-4,ASV_00230,UK2
228,1,2,3.81989e-4,ASV_00231,IT2
228,1,4,1.27765e-4,ASV_00231,FI1
228,1,5,3.99622e-4,ASV_00231,UK1
228,1,6,1.79544e-4,ASV_00231,UK2
228,1,7,2.30723e-4,ASV_00231,SE1
229,1,1,1.07806e-4,ASV_00232,IT1
229,1,2,4.40161e-4,ASV_00232,IT2
229,1,3,4.50801e-5,ASV_00232,IT3
229,1,4,4.04252e-4,ASV_00232,FI1
229,1,5,8.49549e-4,ASV_00232,UK1
229,1,6,9.57555e-5,ASV_00232,UK2
229,1,7,3.26149e-4,ASV_00232,SE1
230,1,1,3.10653e-4,ASV_00233,IT1
230,1,2,2.1785e-4,ASV_00233,IT2
230,1,3,3.79335e-5,ASV_00233,IT3
230,1,4,2.00697e-4,ASV_00233,FI1
230,1,5,5.05113e-4,ASV_00233,UK1
230,1,6,2.36079e-4,ASV_00233,UK2
230,1,7,5.38835e-4,ASV_00233,SE1
231,1,2,3.12351e-4,ASV_00235,IT2
231,1,4,3.5033e-4,ASV_00235,FI1
231,1,5,9.71488e-4,ASV_00235,UK1
231,1,6,9.20239e-5,ASV_00235,UK2
231,1,7,6.0594e-4,ASV_00235,SE1
232,1,5,7.0751e-4,ASV_00236,UK1
232,1,6,1.10498e-4,ASV_00236,UK2
232,1,7,2.51142e-4,ASV_00236,SE1
233,1,2,2.90932e-4,ASV_00237,IT2
233,1,7,1.3908e-4,ASV_00237,SE1
234,1,1,1.83203e-4,ASV_00238,IT1
234,1,2,5.58564e-4,ASV_00238,IT2
234,1,3,3.19038e-5,ASV_00238,IT3
234,1,5,7.56607e-4,ASV_00238,UK1
234,1,6,2.14985e-4,ASV_00238,UK2
235,1,2,3.91923e-4,ASV_00239,IT2
235,1,5,6.34664e-4,ASV_00239,UK1
235,1,6,2.18158e-4,ASV_00239,UK2
236,1,2,5.71196e-4,ASV_00240,IT2
236,1,4,4.56586e-4,ASV_00240,FI1
236,1,5,6.09624e-4,ASV_00240,UK1
236,1,6,1.86201e-4,ASV_00240,UK2
236,1,7,3.43302e-4,ASV_00240,SE1
237,1,4,3.05414e-4,ASV_00241,FI1
237,1,5,9.01075e-4,ASV_00241,UK1
237,1,6,2.44362e-4,ASV_00241,UK2
237,1,7,4.50634e-4,ASV_00241,SE1
238,1,2,1.97982e-4,ASV_00242,IT2
238,1,3,5.22362e-5,ASV_00242,IT3
238,1,4,3.54038e-4,ASV_00242,FI1
238,1,5,4.79156e-4,ASV_00242,UK1
238,1,6,1.72347e-4,ASV_00242,UK2
238,1,7,3.2596e-4,ASV_00242,SE1
239,1,1,2.37529e-4,ASV_00243,IT1
239,1,2,4.15713e-4,ASV_00243,IT2
239,1,4,3.68127e-4,ASV_00243,FI1
239,1,5,5.60203e-4,ASV_00243,UK1
239,1,6,1.33054e-4,ASV_00243,UK2
239,1,7,4.63833e-4,ASV_00243,SE1
240,1,1,2.35066e-4,ASV_00244,IT1
240,1,2,3.43789e-4,ASV_00244,IT2
240,1,3,3.53762e-5,ASV_00244,IT3
240,1,5,6.42321e-4,ASV_00244,UK1
240,1,6,1.6503e-4,ASV_00244,UK2
241,1,5,0.00102945,ASV_00245,UK1
241,1,6,1.17127e-4,ASV_00245,UK2
242,1,2,4.29617e-4,ASV_00246,IT2
242,1,5,6.49918e-4,ASV_00246,UK1
243,1,2,3.41784e-4,ASV_00247,IT2
243,1,5,3.66999e-4,ASV_00247,UK1
244,1,4,2.30119e-4,ASV_00248,FI1
244,1,6,2.12713e-4,ASV_00248,UK2
244,1,7,1.83387e-4,ASV_00248,SE1
245,1,1,3.53045e-4,ASV_00249,IT1
245,1,2,1.4667e-4,ASV_00249,IT2
245,1,3,4.88025e-5,ASV_00249,IT3
245,1,4,1.82573e-4,ASV_00249,FI1
245,1,5,7.17512e-4,ASV_00249,UK1
245,1,6,2.28409e-4,ASV_00249,UK2
245,1,7,2.73836e-4,ASV_00249,SE1
246,1,1,2.06989e-4,ASV_00250,IT1
246,1,2,1.64491e-4,ASV_00250,IT2
246,1,3,4.20141e-5,ASV_00250,IT3
246,1,4,3.44647e-4,ASV_00250,FI1
246,1,5,7.19565e-4,ASV_00250,UK1
246,1,6,1.45411e-4,ASV_00250,UK2
246,1,7,3.49779e-4,ASV_00250,SE1
247,1,2,1.13025e-4,ASV_00251,IT2
247,1,5,8.40818e-4,ASV_00251,UK1
247,1,6,3.12404e-4,ASV_00251,UK2
247,1,7,3.14983e-4,ASV_00251,SE1
248,1,2,3.67718e-4,ASV_00252,IT2
248,1,6,5.95055e-5,ASV_00252,UK2
248,1,7,3.22426e-4,ASV_00252,SE1
249,1,2,2.98462e-4,ASV_00253,IT2
249,1,5,6.93854e-4,ASV_00253,UK1
249,1,6,2.08362e-4,ASV_00253,UK2
250,1,1,1.78333e-4,ASV_00254,IT1
250,1,2,1.43772e-4,ASV_00254,IT2
250,1,3,2.1508e-5,ASV_00254,IT3
250,1,5,0.00102726,ASV_00254,UK1
250,1,6,1.51937e-4,ASV_00254,UK2
250,1,7,2.66715e-4,ASV_00254,SE1
251,1,4,1.50909e-4,ASV_00255,FI1
251,1,6,1.75324e-4,ASV_00255,UK2
251,1,7,2.74328e-4,ASV_00255,SE1
252,1,4,6.59624e-4,ASV_00256,FI1
252,1,5,8.60879e-4,ASV_00256,UK1
252,1,6,1.31672e-4,ASV_00256,UK2
252,1,7,7.79956e-4,ASV_00256,SE1
253,1,1,2.84849e-4,ASV_00257,IT1
253,1,2,4.10631e-4,ASV_00257,IT2
253,1,4,1.08937e-4,ASV_00257,FI1
253,1,5,6.97395e-4,ASV_00257,UK1
253,1,6,1.40463e-4,ASV_00257,UK2
253,1,7,1.95355e-4,ASV_00257,SE1
254,1,4,1.78502e-4,ASV_00258,FI1
254,1,6,2.01547e-4,ASV_00258,UK2
254,1,7,3.03887e-4,ASV_00258,SE1
255,1,1,2.92747e-4,ASV_00259,IT1
255,1,2,4.80251e-4,ASV_00259,IT2
255,1,3,2.07033e-5,ASV_00259,IT3
255,1,5,8.96357e-4,ASV_00259,UK1
255,1,6,8.97566e-5,ASV_00259,UK2
256,1,4,2.49837e-4,ASV_00260,FI1
256,1,5,6.09958e-4,ASV_00260,UK1
256,1,6,1.49322e-4,ASV_00260,UK2
256,1,7,2.6468e-4,ASV_00260,SE1
257,1,4,1.77651e-4,ASV_00261,FI1
257,1,5,8.045e-4,ASV_00261,UK1
257,1,6,3.28589e-4,ASV_00261,UK2
257,1,7,3.43568e-4,ASV_00261,SE1
258,1,2,3.37159e-4,ASV_00262,IT2
258,1,3,1.58059e-5,ASV_00262,IT3
258,1,4,2.44036e-4,ASV_00262,FI1
258,1,5,6.28893e-4,ASV_00262,UK1
258,1,6,1.94151e-4,ASV_00262,UK2
258,1,7,3.30922e-4,ASV_00262,SE1
259,1,1,3.39581e-4,ASV_00263,IT1
259,1,2,1.05386e-4,ASV_00263,IT2
259,1,5,0.0010016,ASV_00263,UK1
259,1,6,1.32382e-4,ASV_00263,UK2
260,1,1,1.51895e-4,ASV_00264,IT1
260,1,2,4.69055e-4,ASV_00264,IT2
260,1,3,3.45003e-5,ASV_00264,IT3
260,1,5,8.32721e-4,ASV_00264,UK1
260,1,6,2.23075e-4,ASV_00264,UK2
261,1,2,5.17382e-4,ASV_00265,IT2
261,1,4,4.47627e-4,ASV_00265,FI1
261,1,5,8.54585e-4,ASV_00265,UK1
261,1,6,2.15678e-4,ASV_00265,UK2
261,1,7,3.47506e-4,ASV_00265,SE1
262,1,1,1.89603e-4,ASV_00266,IT1
262,1,2,3.30727e-4,ASV_00266,IT2
262,1,3,5.36635e-5,ASV_00266,IT3
262,1,5,8.39161e-4,ASV_00266,UK1
262,1,6,1.72574e-4,ASV_00266,UK2
263,1,2,3.57177e-4,ASV_00267,IT2
263,1,4,2.64857e-4,ASV_00267,FI1
263,1,5,6.42926e-4,ASV_00267,UK1
263,1,6,2.36325e-4,ASV_00267,UK2
263,1,7,2.17681e-4,ASV_00267,SE1
264,1,6,1.24536e-4,ASV_00268,UK2
264,1,7,2.16311e-4,ASV_00268,SE1
265,1,1,2.8445e-4,ASV_00269,IT1
265,1,2,2.22387e-4,ASV_00269,IT2
265,1,4,3.11801e-4,ASV_00269,FI1
265,1,5,9.42299e-4,ASV_00269,UK1
265,1,6,3.78714e-4,ASV_00269,UK2
265,1,7,3.08013e-4,ASV_00269,SE1
266,1,2,5.69633e-4,ASV_00270,IT2
266,1,3,4.44621e-5,ASV_00270,IT3
266,1,4,2.43429e-4,ASV_00270,FI1
266,1,5,8.09335e-4,ASV_00270,UK1
266,1,6,5.72304e-5,ASV_00270,UK2
267,1,1,1.89339e-4,ASV_00271,IT1
267,1,2,3.91011e-4,ASV_00271,IT2
268,1,1,2.34128e-4,ASV_00272,IT1
268,1,2,3.69261e-4,ASV_00272,IT2
268,1,5,6.53965e-4,ASV_00272,UK1
268,1,6,1.65848e-4,ASV_00272,UK2
269,1,1,1.77262e-4,ASV_00273,IT1
269,1,2,5.19789e-4,ASV_00273,IT2
269,1,3,4.60877e-5,ASV_00273,IT3
269,1,5,7.78662e-4,ASV_00273,UK1
269,1,6,1.83308e-4,ASV_00273,UK2
270,1,2,4.70904e-4,ASV_00274,IT2
270,1,4,3.9925e-4,ASV_00274,FI1
270,1,6,6.7953e-5,ASV_00274,UK2
270,1,7,4.8494e-4,ASV_00274,SE1
271,1,2,2.98371e-4,ASV_00275,IT2
271,1,4,3.16073e-4,ASV_00275,FI1
271,1,5,6.05737e-4,ASV_00275,UK1
271,1,6,1.02978e-4,ASV_00275,UK2
271,1,7,1.01232e-4,ASV_00275,SE1
272,1,1,3.10254e-4,ASV_00276,IT1
272,1,2,2.99577e-4,ASV_00276,IT2
272,1,4,3.87665e-4,ASV_00276,FI1
272,1,5,2.48118e-4,ASV_00276,UK1
272,1,6,1.27538e-4,ASV_00276,UK2
272,1,7,2.54472e-5,ASV_00276,SE1
273,1,2,5.10769e-4,ASV_00277,IT2
273,1,4,1.43839e-4,ASV_00277,FI1
273,1,5,7.1774e-4,ASV_00277,UK1
273,1,6,1.71129e-4,ASV_00277,UK2
273,1,7,1.78327e-4,ASV_00277,SE1
274,1,1,2.72771e-4,ASV_00278,IT1
274,1,2,5.22348e-4,ASV_00278,IT2
274,1,3,7.30819e-5,ASV_00278,IT3
274,1,5,4.89359e-4,ASV_00278,UK1
274,1,6,2.17712e-4,ASV_00278,UK2
275,1,1,2.90755e-4,ASV_00279,IT1
275,1,2,4.38433e-4,ASV_00279,IT2
275,1,3,3.07237e-5,ASV_00279,IT3
275,1,5,0.00102055,ASV_00279,UK1
276,1,1,1.89545e-4,ASV_00280,IT1
276,1,2,1.84908e-4,ASV_00280,IT2
276,1,4,5.08252e-4,ASV_00280,FI1
276,1,5,6.07868e-4,ASV_00280,UK1
276,1,6,1.50561e-4,ASV_00280,UK2
276,1,7,4.25345e-4,ASV_00280,SE1
277,1,4,3.56629e-4,ASV_00281,FI1
277,1,6,7.53838e-5,ASV_00281,UK2
277,1,7,3.3106e-4,ASV_00281,SE1
278,1,2,4.43454e-4,ASV_00282,IT2
278,1,6,1.81268e-4,ASV_00282,UK2
279,1,2,4.18378e-4,ASV_00283,IT2
279,1,4,2.25095e-4,ASV_00283,FI1
279,1,6,2.21312e-4,ASV_00283,UK2
280,1,2,4.20904e-4,ASV_00284,IT2
281,1,1,1.92115e-4,ASV_00285,IT1
281,1,2,3.86148e-4,ASV_00285,IT2
281,1,5,8.51165e-4,ASV_00285,UK1
281,1,6,1.19958e-4,ASV_00285,UK2
282,1,2,3.24578e-4,ASV_00286,IT2
282,1,3,2.75226e-5,ASV_00286,IT3
282,1,5,5.7867e-4,ASV_00286,UK1
282,1,6,2.89772e-4,ASV_00286,UK2
283,1,1,2.90866e-4,ASV_00287,IT1
283,1,2,1.46377e-4,ASV_00287,IT2
283,1,5,8.0788e-4,ASV_00287,UK1
283,1,6,8.83637e-5,ASV_00287,UK2
284,1,1,1.031e-4,ASV_00288,IT1
284,1,2,6.55626e-4,ASV_00288,IT2
284,1,3,3.60164e-5,ASV_00288,IT3
284,1,4,4.64898e-4,ASV_00288,FI1
284,1,5,9.41107e-4,ASV_00288,UK1
284,1,6,1.69401e-4,ASV_00288,UK2
284,1,7,3.40827e-4,ASV_00288,SE1
285,1,4,2.73598e-4,ASV_00289,FI1
285,1,5,7.68969e-4,ASV_00289,UK1
285,1,6,7.09271e-5,ASV_00289,UK2
285,1,7,4.39142e-4,ASV_00289,SE1
286,1,1,1.85619e-4,ASV_00290,IT1
286,1,2,7.13647e-4,ASV_00290,IT2
286,1,3,2.89787e-5,ASV_00290,IT3
286,1,4,2.49518e-4,ASV_00290,FI1
286,1,5,5.95817e-4,ASV_00290,UK1
286,1,6,2.05661e-4,ASV_00290,UK2
286,1,7,3.53989e-4,ASV_00290,SE1
287,1,2,3.15938e-4,ASV_00291,IT2
288,1,2,5.33739e-4,ASV_00292,IT2
288,1,4,2.50933e-4,ASV_00292,FI1
288,1,5,3.53149e-4,ASV_00292,UK1
288,1,6,1.14949e-4,ASV_00292,UK2
288,1,7,2.48126e-4,ASV_00292,SE1
289,1,1,2.93559e-4,ASV_00293,IT1
289,1,2,6.16529e-4,ASV_00293,IT2
289,1,5,7.88081e-4,ASV_00293,UK1
289,1,6,1.50484e-4,ASV_00293,UK2
289,1,7,2.09237e-4,ASV_00293,SE1
290,1,1,3.54191e-4,ASV_00294,IT1
290,1,2,5.43307e-4,ASV_00294,IT2
290,1,3,4.06954e-5,ASV_00294,IT3
290,1,5,8.25209e-4,ASV_00294,UK1
290,1,6,1.58885e-4,ASV_00294,UK2
290,1,7,4.46747e-4,ASV_00294,SE1
291,1,1,2.12187e-4,ASV_00295,IT1
291,1,2,3.51372e-4,ASV_00295,IT2
291,1,3,2.23096e-5,ASV_00295,IT3
291,1,5,6.24609e-4,ASV_00295,UK1
291,1,6,2.13938e-4,ASV_00295,UK2
292,1,1,3.03045e-4,ASV_00296,IT1
292,1,2,2.94206e-4,ASV_00296,IT2
292,1,4,2.19173e-4,ASV_00296,FI1
292,1,5,6.23153e-4,ASV_00296,UK1
292,1,6,2.83468e-4,ASV_00296,UK2
292,1,7,1.39731e-4,ASV_00296,SE1
293,1,1,2.982e-4,ASV_00297,IT1
293,1,2,2.77392e-4,ASV_00297,IT2
293,1,4,2.06139e-4,ASV_00297,FI1
293,1,5,9.08839e-4,ASV_00297,UK1
293,1,6,2.01785e-4,ASV_00297,UK2
293,1,7,1.99294e-4,ASV_00297,SE1
294,1,2,2.90328e-4,ASV_00298,IT2
294,1,4,3.05434e-4,ASV_00298,FI1
294,1,5,7.73857e-4,ASV_00298,UK1
294,1,6,1.11539e-4,ASV_00298,UK2
294,1,7,2.67704e-4,ASV_00298,SE1
295,1,1,2.99768e-4,ASV_00299,IT1
295,1,2,2.99499e-4,ASV_00299,IT2
295,1,4,3.84433e-4,ASV_00299,FI1
295,1,5,5.34595e-4,ASV_00299,UK1
295,1,6,1.45464e-4,ASV_00299,UK2
296,1,2,1.67636e-4,ASV_00300,IT2
296,1,5,6.62375e-4,ASV_00300,UK1
296,1,6,2.55841e-4,ASV_00300,UK2
297,1,4,5.9572e-5,ASV_00301,FI1
297,1,6,1.91488e-4,ASV_00301,UK2
297,1,7,2.14496e-4,ASV_00301,SE1
298,1,6,1.20312e-4,ASV_00302,UK2
299,1,2,4.44449e-4,ASV_00303,IT2
299,1,4,1.85714e-4,ASV_00303,FI1
299,1,5,5.08719e-4,ASV_00303,UK1
299,1,6,1.07052e-4,ASV_00303,UK2
299,1,7,2.94627e-4,ASV_00303,SE1
300,1,2,3.60601e-4,ASV_00304,IT2
300,1,5,6.39298e-4,ASV_00304,UK1
300,1,6,1.56668e-4,ASV_00304,UK2
301,1,2,4.50132e-4,ASV_00305,IT2
301,1,6,1.82879e-4,ASV_00305,UK2
302,1,1,2.25717e-4,ASV_00307,IT1
302,1,2,4.62843e-4,ASV_00307,IT2
302,1,3,4.99829e-5,ASV_00307,IT3
302,1,6,7.93469e-5,ASV_00307,UK2
303,1,1,3.03401e-4,ASV_00308,IT1
303,1,2,2.54284e-4,ASV_00308,IT2
303,1,3,1.38488e-5,ASV_00308,IT3
303,1,5,0.00110141,ASV_00308,UK1
304,1,2,3.81509e-4,ASV_00309,IT2
304,1,4,3.26159e-4,ASV_00309,FI1
304,1,5,8.81437e-4,ASV_00309,UK1
304,1,6,7.25581e-5,ASV_00309,UK2
304,1,7,5.32883e-4,ASV_00309,SE1
305,1,4,1.63422e-4,ASV_00310,FI1
305,1,5,7.35304e-4,ASV_00310,UK1
305,1,6,3.55832e-4,ASV_00310,UK2
306,1,1,2.04778e-4,ASV_00311,IT1
306,1,2,5.23539e-4,ASV_00311,IT2
306,1,3,4.74113e-5,ASV_00311,IT3
306,1,4,3.46618e-4,ASV_00311,FI1
306,1,5,7.76661e-4,ASV_00311,UK1
306,1,6,1.70224e-4,ASV_00311,UK2
307,1,1,2.82165e-4,ASV_00312,IT1
307,1,2,4.4758e-4,ASV_00312,IT2
307,1,3,3.81935e-5,ASV_00312,IT3
307,1,5,0.00102292,ASV_00312,UK1
308,1,1,1.38239e-4,ASV_00313,IT1
308,1,2,4.70523e-4,ASV_00313,IT2
308,1,3,2.08333e-5,ASV_00313,IT3
308,1,5,5.74078e-4,ASV_00313,UK1
308,1,6,8.21216e-5,ASV_00313,UK2
308,1,7,4.4782e-4,ASV_00313,SE1
309,1,6,2.89839e-4,ASV_00314,UK2
309,1,7,1.92003e-4,ASV_00314,SE1
310,1,1,3.48748e-4,ASV_00315,IT1
310,1,2,2.81355e-4,ASV_00315,IT2
310,1,3,2.10821e-5,ASV_00315,IT3
310,1,4,4.0008e-4,ASV_00315,FI1
310,1,5,6.88972e-4,ASV_00315,UK1
310,1,6,1.56942e-4,ASV_00315,UK2
310,1,7,5.66398e-4,ASV_00315,SE1
311,1,5,4.57082e-4,ASV_00316,UK1
311,1,6,1.37475e-4,ASV_00316,UK2
312,1,1,2.10674e-4,ASV_00317,IT1
312,1,2,3.74131e-4,ASV_00317,IT2
313,1,1,1.01712e-4,ASV_00318,IT1
313,1,2,2.86988e-4,ASV_00318,IT2
313,1,3,2.75842e-5,ASV_00318,IT3
313,1,4,2.58869e-4,ASV_00318,FI1
313,1,5,8.02096e-4,ASV_00318,UK1
313,1,6,1.90268e-4,ASV_00318,UK2
313,1,7,2.50475e-4,ASV_00318,SE1
314,1,4,8.99936e-5,ASV_00319,FI1
314,1,6,1.76508e-4,ASV_00319,UK2
315,1,2,2.01805e-4,ASV_00320,IT2
315,1,5,8.70103e-4,ASV_00320,UK1
315,1,6,8.26242e-5,ASV_00320,UK2
316,1,2,4.92466e-4,ASV_00321,IT2
316,1,5,8.67942e-4,ASV_00321,UK1
316,1,6,1.64448e-4,ASV_00321,UK2
317,1,6,5.24198e-5,ASV_00322,UK2
318,1,1,3.00283e-4,ASV_00323,IT1
318,1,2,2.55104e-4,ASV_00323,IT2
318,1,4,3.43187e-4,ASV_00323,FI1
318,1,5,8.41652e-4,ASV_00323,UK1
318,1,6,1.5865e-4,ASV_00323,UK2
318,1,7,7.67962e-5,ASV_00323,SE1
319,1,1,2.6286e-4,ASV_00324,IT1
319,1,2,1.44185e-4,ASV_00324,IT2
319,1,3,4.23862e-5,ASV_00324,IT3
319,1,4,1.77575e-4,ASV_00324,FI1
319,1,5,8.76144e-4,ASV_00324,UK1
319,1,6,1.81721e-4,ASV_00324,UK2
319,1,7,5.36047e-4,ASV_00324,SE1
320,1,1,3.59188e-4,ASV_00325,IT1
320,1,2,4.7021e-4,ASV_00325,IT2
320,1,5,4.05905e-4,ASV_00325,UK1
320,1,6,6.49981e-5,ASV_00325,UK2
321,1,1,2.87841e-4,ASV_00326,IT1
321,1,2,6.60837e-4,ASV_00326,IT2
321,1,3,6.64973e-5,ASV_00326,IT3
321,1,5,9.1902e-4,ASV_00326,UK1
321,1,6,1.56928e-4,ASV_00326,UK2
322,1,1,2.98083e-4,ASV_00327,IT1
322,1,2,5.06457e-4,ASV_00327,IT2
322,1,3,5.28783e-5,ASV_00327,IT3
323,1,1,3.55322e-4,ASV_00328,IT1
323,1,2,7.03165e-4,ASV_00328,IT2
323,1,5,7.68645e-4,ASV_00328,UK1
323,1,6,1.87327e-4,ASV_00328,UK2
323,1,7,2.51963e-4,ASV_00328,SE1
324,1,4,3.31387e-4,ASV_00329,FI1
324,1,6,1.02626e-4,ASV_00329,UK2
324,1,7,2.61444e-4,ASV_00329,SE1
325,1,1,1.72052e-4,ASV_00330,IT1
325,1,2,5.37573e-4,ASV_00330,IT2
325,1,5,6.98885e-4,ASV_00330,UK1
326,1,1,2.63966e-4,ASV_00331,IT1
326,1,2,3.53972e-4,ASV_00331,IT2
326,1,3,3.71953e-5,ASV_00331,IT3
326,1,4,2.55489e-4,ASV_00331,FI1
326,1,5,0.00102929,ASV_00331,UK1
326,1,6,1.94407e-4,ASV_00331,UK2
326,1,7,2.99254e-4,ASV_00331,SE1
327,1,2,4.79497e-4,ASV_00332,IT2
327,1,6,1.68182e-4,ASV_00332,UK2
327,1,7,2.34532e-4,ASV_00332,SE1
328,1,1,1.2346e-4,ASV_00333,IT1
328,1,2,5.85861e-4,ASV_00333,IT2
328,1,3,5.30562e-5,ASV_00333,IT3
328,1,5,7.26204e-4,ASV_00333,UK1
328,1,6,1.89925e-4,ASV_00333,UK2
329,1,2,1.08373e-4,ASV_00334,IT2
329,1,6,1.73995e-4,ASV_00334,UK2
329,1,7,3.43475e-4,ASV_00334,SE1
330,1,1,1.92001e-4,ASV_00335,IT1
330,1,2,4.32324e-4,ASV_00335,IT2
330,1,3,3.90158e-5,ASV_00335,IT3
330,1,4,3.59407e-4,ASV_00335,FI1
330,1,5,9.40862e-4,ASV_00335,UK1
330,1,6,2.85136e-4,ASV_00335,UK2
330,1,7,3.73702e-4,ASV_00335,SE1
331,1,1,1.46893e-4,ASV_00336,IT1
331,1,2,4.55655e-4,ASV_00336,IT2
331,1,3,2.18262e-5,ASV_00336,IT3
331,1,5,4.08083e-4,ASV_00336,UK1
332,1,1,3.07352e-4,ASV_00337,IT1
332,1,2,3.46035e-4,ASV_00337,IT2
332,1,3,3.90143e-5,ASV_00337,IT3
332,1,5,8.53844e-4,ASV_00337,UK1
332,1,6,9.52515e-5,ASV_00337,UK2
333,1,4,4.87805e-4,ASV_00338,FI1
333,1,5,6.23238e-4,ASV_00338,UK1
333,1,6,2.20425e-4,ASV_00338,UK2
334,1,2,5.73513e-4,ASV_00339,IT2
334,1,4,4.20295e-4,ASV_00339,FI1
334,1,6,6.40548e-5,ASV_00339,UK2
335,1,2,4.94808e-4,ASV_00340,IT2
335,1,3,4.3285e-5,ASV_00340,IT3
335,1,5,5.30213e-4,ASV_00340,UK1
335,1,6,1.73289e-4,ASV_00340,UK2
336,1,4,5.65005e-4,ASV_00341,FI1
336,1,5,7.53094e-4,ASV_00341,UK1
336,1,6,2.96669e-4,ASV_00341,UK2
336,1,7,3.33972e-4,ASV_00341,SE1
337,1,1,2.25186e-4,ASV_00342,IT1
337,1,2,9.78168e-5,ASV_00342,IT2
337,1,4,3.16153e-4,ASV_00342,FI1
337,1,5,7.45795e-4,ASV_00342,UK1
337,1,6,1.9806e-4,ASV_00342,UK2
337,1,7,3.29246e-4,ASV_00342,SE1
338,1,1,3.01666e-4,ASV_00343,IT1
338,1,2,3.26985e-4,ASV_00343,IT2
339,1,1,2.96984e-4,ASV_00345,IT1
339,1,2,9.3819e-4,ASV_00345,IT2
339,1,3,1.79181e-5,ASV_00345,IT3
339,1,5,4.95436e-4,ASV_00345,UK1
340,1,2,5.56464e-4,ASV_00346,IT2
340,1,6,2.02092e-4,ASV_00346,UK2
341,1,2,5.78067e-4,ASV_00347,IT2
342,1,4,4.92613e-4,ASV_00348,FI1
342,1,7,2.61139e-4,ASV_00348,SE1
343,1,4,4.34527e-4,ASV_00349,FI1
343,1,6,1.95581e-4,ASV_00349,UK2
343,1,7,2.45649e-4,ASV_00349,SE1
344,1,2,2.00426e-4,ASV_00350,IT2
344,1,4,1.52443e-4,ASV_00350,FI1
344,1,5,8.51473e-4,ASV_00350,UK1
344,1,6,2.87234e-4,ASV_00350,UK2
344,1,7,1.97059e-4,ASV_00350,SE1
345,1,4,4.5477e-4,ASV_00351,FI1
345,1,6,2.37866e-4,ASV_00351,UK2
345,1,7,2.49213e-4,ASV_00351,SE1
346,1,1,1.57418e-4,ASV_00352,IT1
346,1,2,2.52113e-4,ASV_00352,IT2
346,1,3,3.37732e-5,ASV_00352,IT3
346,1,5,7.56969e-4,ASV_00352,UK1
346,1,6,2.26115e-4,ASV_00352,UK2
347,1,1,1.34879e-4,ASV_00353,IT1
347,1,2,5.58266e-4,ASV_00353,IT2
348,1,1,1.56693e-4,ASV_00354,IT1
348,1,2,4.45428e-4,ASV_00354,IT2
348,1,3,5.83978e-5,ASV_00354,IT3
348,1,5,0.00102342,ASV_00354,UK1
349,1,1,3.00217e-4,ASV_00355,IT1
349,1,2,3.83351e-4,ASV_00355,IT2
349,1,5,8.34587e-4,ASV_00355,UK1
349,1,6,3.44634e-4,ASV_00355,UK2
350,1,1,1.15741e-4,ASV_00356,IT1
350,1,2,2.21351e-4,ASV_00356,IT2
350,1,3,3.36938e-5,ASV_00356,IT3
350,1,4,4.63138e-4,ASV_00356,FI1
350,1,5,6.88253e-4,ASV_00356,UK1
350,1,6,7.63859e-5,ASV_00356,UK2
350,1,7,3.12991e-4,ASV_00356,SE1
351,1,2,4.85313e-4,ASV_00357,IT2
352,1,6,2.33112e-4,ASV_00358,UK2
353,1,1,3.29952e-4,ASV_00359,IT1
353,1,2,2.423e-4,ASV_00359,IT2
353,1,5,7.42603e-4,ASV_00359,UK1
354,1,4,3.1143e-4,ASV_00360,FI1
354,1,6,2.13022e-4,ASV_00360,UK2
354,1,7,5.29757e-4,ASV_00360,SE1
355,1,2,3.86116e-4,ASV_00361,IT2
355,1,4,5.78369e-4,ASV_00361,FI1
355,1,6,2.31626e-4,ASV_00361,UK2
355,1,7,1.88858e-4,ASV_00361,SE1
356,1,6,2.01301e-4,ASV_00362,UK2
357,1,6,2.91327e-4,ASV_00363,UK2
357,1,7,4.19228e-4,ASV_00363,SE1
358,1,6,1.48265e-4,ASV_00364,UK2
358,1,7,1.78337e-4,ASV_00364,SE1
359,1,1,1.6861e-4,ASV_00365,IT1
359,1,2,1.72845e-4,ASV_00365,IT2
359,1,4,1.2649e-4,ASV_00365,FI1
359,1,5,6.5138e-4,ASV_00365,UK1
359,1,6,1.24437e-4,ASV_00365,UK2
359,1,7,2.09874e-4,ASV_00365,SE1
360,1,7,3.29741e-4,ASV_00366,SE1
361,1,2,3.11771e-4,ASV_00367,IT2
361,1,6,7.92655e-5,ASV_00367,UK2
361,1,7,1.97861e-4,ASV_00367,SE1
362,1,1,2.52639e-4,ASV_00368,IT1
362,1,2,1.14366e-4,ASV_00368,IT2
362,1,5,6.46856e-4,ASV_00368,UK1
362,1,6,1.70643e-4,ASV_00368,UK2
363,1,2,2.31031e-4,ASV_00369,IT2
363,1,5,8.95627e-4,ASV_00369,UK1
363,1,6,3.28012e-4,ASV_00369,UK2
363,1,7,2.17103e-4,ASV_00369,SE1
364,1,5,4.40783e-4,ASV_00370,UK1
364,1,6,2.19393e-4,ASV_00370,UK2
365,1,5,8.15669e-4,ASV_00371,UK1
365,1,6,2.81068e-4,ASV_00371,UK2
365,1,7,1.91901e-4,ASV_00371,SE1
366,1,2,4.05868e-4,ASV_00372,IT2
366,1,6,1.86269e-4,ASV_00372,UK2
367,1,1,2.7595e-4,ASV_00373,IT1
367,1,2,4.25731e-4,ASV_00373,IT2
367,1,5,7.46643e-4,ASV_00373,UK1
367,1,6,1.00768e-4,ASV_00373,UK2
367,1,7,2.23714e-4,ASV_00373,SE1
368,1,5,6.92457e-4,ASV_00374,UK1
368,1,6,2.5509e-4,ASV_00374,UK2
368,1,7,3.16697e-4,ASV_00374,SE1
369,1,6,1.57324e-4,ASV_00375,UK2
370,1,2,2.78437e-4,ASV_00376,IT2
370,1,4,3.4071e-4,ASV_00376,FI1
370,1,5,9.25311e-4,ASV_00376,UK1
370,1,6,1.22954e-4,ASV_00376,UK2
370,1,7,7.29367e-5,ASV_00376,SE1
371,1,2,4.00099e-4,ASV_00377,IT2
371,1,3,3.03963e-5,ASV_00377,IT3
371,1,4,2.87813e-4,ASV_00377,FI1
371,1,5,3.11899e-4,ASV_00377,UK1
371,1,6,1.89857e-4,ASV_00377,UK2
372,1,1,2.01102e-4,ASV_00378,IT1
372,1,2,6.40221e-4,ASV_00378,IT2
372,1,5,6.55388e-4,ASV_00378,UK1
372,1,6,1.6923e-4,ASV_00378,UK2
373,1,4,1.36826e-4,ASV_00379,FI1
373,1,6,2.18455e-4,ASV_00379,UK2
373,1,7,2.16772e-4,ASV_00379,SE1
374,1,1,3.8056e-4,ASV_00380,IT1
374,1,2,4.31134e-4,ASV_00380,IT2
374,1,5,6.22125e-4,ASV_00380,UK1
374,1,6,2.17855e-4,ASV_00380,UK2
375,1,1,3.47129e-4,ASV_00381,IT1
375,1,2,4.70576e-4,ASV_00381,IT2
375,1,3,2.80777e-5,ASV_00381,IT3
375,1,5,2.99739e-4,ASV_00381,UK1
375,1,6,2.58162e-4,ASV_00381,UK2
376,1,1,1.59298e-4,ASV_00382,IT1
376,1,2,2.1548e-4,ASV_00382,IT2
376,1,5,7.45735e-4,ASV_00382,UK1
376,1,6,1.85138e-4,ASV_00382,UK2
376,1,7,1.06517e-4,ASV_00382,SE1
377,1,1,2.09841e-4,ASV_00383,IT1
378,1,1,3.25798e-4,ASV_00384,IT1
378,1,2,5.17355e-4,ASV_00384,IT2
378,1,3,2.96637e-5,ASV_00384,IT3
378,1,4,3.82167e-4,ASV_00384,FI1
378,1,5,8.65301e-4,ASV_00384,UK1
378,1,6,2.54671e-4,ASV_00384,UK2
378,1,7,1.61988e-4,ASV_00384,SE1
379,1,4,4.66049e-4,ASV_00385,FI1
379,1,5,7.37257e-4,ASV_00385,UK1
379,1,6,2.13316e-4,ASV_00385,UK2
379,1,7,2.18249e-4,ASV_00385,SE1
380,1,6,3.0083e-4,ASV_00386,UK2
380,1,7,4.6373e-4,ASV_00386,SE1
381,1,2,2.40764e-4,ASV_00387,IT2
381,1,4,3.98653e-4,ASV_00387,FI1
381,1,5,3.87618e-4,ASV_00387,UK1
381,1,6,2.49565e-4,ASV_00387,UK2
381,1,7,1.13179e-4,ASV_00387,SE1
382,1,4,1.34273e-4,ASV_00388,FI1
382,1,6,9.37767e-5,ASV_00388,UK2
383,1,2,4.24547e-4,ASV_00389,IT2
383,1,6,2.03276e-4,ASV_00389,UK2
384,1,1,2.12202e-4,ASV_00390,IT1
384,1,2,4.98857e-4,ASV_00390,IT2
384,1,5,8.63948e-4,ASV_00390,UK1
384,1,6,1.35183e-4,ASV_00390,UK2
385,1,1,3.23947e-4,ASV_00391,IT1
385,1,2,4.6923e-4,ASV_00391,IT2
385,1,5,9.21242e-4,ASV_00391,UK1
385,1,6,1.81187e-4,ASV_00391,UK2
386,1,4,1.22795e-4,ASV_00392,FI1
386,1,5,0.00102216,ASV_00392,UK1
386,1,6,2.16542e-4,ASV_00392,UK2
386,1,7,2.7632e-4,ASV_00392,SE1
387,1,1,1.94424e-4,ASV_00393,IT1
387,1,2,1.5683e-4,ASV_00393,IT2
387,1,5,8.0154e-4,ASV_00393,UK1
387,1,6,1.20373e-4,ASV_00393,UK2
388,1,5,0.00108603,ASV_00394,UK1
388,1,6,1.0473e-4,ASV_00394,UK2
389,1,2,2.97633e-4,ASV_00395,IT2
389,1,3,1.23919e-5,ASV_00395,IT3
389,1,6,2.94616e-4,ASV_00395,UK2
389,1,7,1.02084e-4,ASV_00395,SE1
390,1,1,2.01438e-4,ASV_00396,IT1
391,1,2,2.75582e-4,ASV_00397,IT2
391,1,4,2.03693e-4,ASV_00397,FI1
391,1,5,4.59601e-4,ASV_00397,UK1
392,1,2,3.61079e-4,ASV_00398,IT2
392,1,5,8.22999e-4,ASV_00398,UK1
392,1,6,1.58785e-4,ASV_00398,UK2
393,1,2,0.00054205500000000005,ASV_00399,IT2
393,1,3,2.04956e-5,ASV_00399,IT3
393,1,5,6.77125e-4,ASV_00399,UK1
393,1,6,1.36875e-4,ASV_00399,UK2
394,1,2,4.57168e-4,ASV_00400,IT2
394,1,6,1.32799e-4,ASV_00400,UK2
394,1,7,2.89588e-4,ASV_00400,SE1
395,1,1,1.11747e-4,ASV_00402,IT1
395,1,2,5.76542e-4,ASV_00402,IT2
395,1,3,1.90247e-5,ASV_00402,IT3
395,1,5,9.39626e-4,ASV_00402,UK1
395,1,6,1.80832e-4,ASV_00402,UK2
396,1,2,3.22841e-4,ASV_00403,IT2
397,1,1,2.62304e-4,ASV_00404,IT1
397,1,2,2.1902e-4,ASV_00404,IT2
397,1,3,2.59954e-5,ASV_00404,IT3
397,1,6,2.04538e-4,ASV_00404,UK2
398,1,2,2.86134e-4,ASV_00406,IT2
398,1,4,4.75301e-4,ASV_00406,FI1
398,1,5,6.76178e-4,ASV_00406,UK1
398,1,6,1.59941e-4,ASV_00406,UK2
398,1,7,2.41173e-4,ASV_00406,SE1
399,1,2,2.87081e-4,ASV_00407,IT2
399,1,6,1.01628e-4,ASV_00407,UK2
400,1,2,5.14842e-4,ASV_00409,IT2
400,1,6,7.01244e-5,ASV_00409,UK2
401,1,1,2.63296e-4,ASV_00410,IT1
401,1,2,3.38343e-4,ASV_00410,IT2
401,1,5,5.29465e-4,ASV_00410,UK1
401,1,6,1.91072e-4,ASV_00410,UK2
401,1,7,2.15102e-4,ASV_00410,SE1
402,1,1,2.97847e-4,ASV_00411,IT1
402,1,2,3.58938e-4,ASV_00411,IT2
402,1,5,7.72329e-4,ASV_00411,UK1
402,1,6,1.92881e-4,ASV_00411,UK2
403,1,2,3.14737e-4,ASV_00412,IT2
404,1,6,2.27585e-4,ASV_00413,UK2
405,1,2,1.7479e-4,ASV_00415,IT2
405,1,6,2.81537e-4,ASV_00415,UK2
405,1,7,1.3608e-4,ASV_00415,SE1
406,1,2,4.23722e-4,ASV_00416,IT2
406,1,5,9.32738e-4,ASV_00416,UK1
406,1,6,1.36889e-4,ASV_00416,UK2
406,1,7,3.45263e-4,ASV_00416,SE1
407,1,6,2.87755e-4,ASV_00417,UK2
407,1,7,3.93812e-4,ASV_00417,SE1
408,1,2,3.06164e-4,ASV_00418,IT2
409,1,6,2.01027e-4,ASV_00419,UK2
409,1,7,4.05828e-4,ASV_00419,SE1
410,1,6,2.44798e-4,ASV_00420,UK2
411,1,1,3.67497e-4,ASV_00421,IT1
411,1,2,4.59267e-4,ASV_00421,IT2
411,1,4,1.64139e-4,ASV_00421,FI1
411,1,5,8.55348e-4,ASV_00421,UK1
411,1,6,1.14414e-4,ASV_00421,UK2
412,1,2,2.05741e-4,ASV_00422,IT2
412,1,5,5.80069e-4,ASV_00422,UK1
413,1,2,3.9733e-4,ASV_00423,IT2
414,1,6,1.91453e-4,ASV_00424,UK2
414,1,7,2.14931e-4,ASV_00424,SE1
415,1,2,9.75117e-5,ASV_00425,IT2
415,1,3,5.13774e-5,ASV_00425,IT3
415,1,4,2.60334e-4,ASV_00425,FI1
415,1,5,8.10799e-4,ASV_00425,UK1
415,1,6,2.25223e-4,ASV_00425,UK2
416,1,2,6.2457e-4,ASV_00426,IT2
416,1,4,2.13587e-4,ASV_00426,FI1
416,1,5,6.35726e-4,ASV_00426,UK1
416,1,6,1.0869e-4,ASV_00426,UK2
416,1,7,2.04805e-4,ASV_00426,SE1
417,1,2,2.80344e-4,ASV_00428,IT2
417,1,5,8.2385e-4,ASV_00428,UK1
417,1,6,2.4883e-4,ASV_00428,UK2
418,1,2,3.56885e-4,ASV_00429,IT2
418,1,5,6.84562e-4,ASV_00429,UK1
418,1,6,1.18328e-4,ASV_00429,UK2
419,1,5,5.4796e-4,ASV_00430,UK1
420,1,6,1.13893e-4,ASV_00431,UK2
420,1,7,3.34202e-4,ASV_00431,SE1
421,1,6,2.10719e-4,ASV_00434,UK2
422,1,4,1.23702e-4,ASV_00435,FI1
422,1,6,1.97495e-4,ASV_00435,UK2
422,1,7,1.75195e-4,ASV_00435,SE1
423,1,5,6.77388e-4,ASV_00436,UK1
423,1,6,1.75475e-4,ASV_00436,UK2
424,1,1,2.57234e-4,ASV_00437,IT1
424,1,2,5.74674e-4,ASV_00437,IT2
424,1,5,9.17486e-4,ASV_00437,UK1
424,1,6,2.96438e-4,ASV_00437,UK2
425,1,2,3.30687e-4,ASV_00438,IT2
425,1,3,2.55081e-5,ASV_00438,IT3
425,1,6,1.3335e-4,ASV_00438,UK2
425,1,7,1.91444e-4,ASV_00438,SE1
426,1,6,2.4152e-4,ASV_00439,UK2
427,1,1,3.953e-4,ASV_00440,IT1
427,1,2,2.09981e-4,ASV_00440,IT2
428,1,2,3.91881e-4,ASV_00441,IT2
428,1,3,3.20828e-6,ASV_00441,IT3
428,1,6,8.70835e-5,ASV_00441,UK2
428,1,7,2.06675e-4,ASV_00441,SE1
429,1,2,5.47186e-4,ASV_00442,IT2
429,1,4,3.28088e-4,ASV_00442,FI1
429,1,5,7.96869e-4,ASV_00442,UK1
429,1,6,1.69279e-4,ASV_00442,UK2
429,1,7,1.89148e-4,ASV_00442,SE1
430,1,2,2.55953e-4,ASV_00443,IT2
430,1,5,8.37664e-4,ASV_00443,UK1
431,1,2,6.43103e-4,ASV_00444,IT2
431,1,5,9.0449e-4,ASV_00444,UK1
431,1,6,2.11673e-4,ASV_00444,UK2
431,1,7,9.9039e-5,ASV_00444,SE1
432,1,2,1.24083e-4,ASV_00445,IT2
432,1,5,5.96678e-4,ASV_00445,UK1
433,1,7,3.06057e-4,ASV_00446,SE1
434,1,1,2.69706e-4,ASV_00447,IT1
434,1,2,3.89399e-4,ASV_00447,IT2
434,1,3,1.62866e-5,ASV_00447,IT3
434,1,5,7.25707e-4,ASV_00447,UK1
434,1,6,9.73101e-5,ASV_00447,UK2
434,1,7,3.87974e-4,ASV_00447,SE1
435,1,6,1.85269e-4,ASV_00448,UK2
436,1,1,3.13771e-4,ASV_00449,IT1
436,1,4,2.47962e-4,ASV_00449,FI1
436,1,7,6.67682e-5,ASV_00449,SE1
437,1,2,4.08528e-4,ASV_00450,IT2
437,1,6,1.53189e-4,ASV_00450,UK2
438,1,1,1.3109e-4,ASV_00451,IT1
438,1,2,3.07309e-4,ASV_00451,IT2
439,1,1,2.38648e-4,ASV_00452,IT1
439,1,2,2.77237e-4,ASV_00452,IT2
439,1,3,3.67386e-5,ASV_00452,IT3
439,1,4,4.60387e-4,ASV_00452,FI1
439,1,5,9.38155e-4,ASV_00452,UK1
439,1,6,1.47773e-4,ASV_00452,UK2
439,1,7,3.65143e-4,ASV_00452,SE1
440,1,2,3.78901e-4,ASV_00453,IT2
440,1,6,1.71071e-4,ASV_00453,UK2
441,1,1,1.81265e-4,ASV_00454,IT1
441,1,2,3.85195e-4,ASV_00454,IT2
441,1,5,5.71328e-4,ASV_00454,UK1
441,1,6,2.16373e-4,ASV_00454,UK2
442,1,2,2.18079e-4,ASV_00455,IT2
442,1,5,6.00126e-4,ASV_00455,UK1
443,1,6,7.00575e-5,ASV_00456,UK2
443,1,7,4.30711e-4,ASV_00456,SE1
444,1,5,5.74303e-4,ASV_00457,UK1
444,1,6,1.6573e-4,ASV_00457,UK2
445,1,2,2.99759e-4,ASV_00458,IT2
445,1,3,2.7499e-5,ASV_00458,IT3
445,1,5,8.11082e-4,ASV_00458,UK1
445,1,6,1.16367e-4,ASV_00458,UK2
446,1,2,5.12393e-4,ASV_00459,IT2
446,1,6,9.66888e-5,ASV_00459,UK2
447,1,1,2.18692e-4,ASV_00460,IT1
447,1,2,2.88561e-4,ASV_00460,IT2
448,1,4,1.82766e-4,ASV_00461,FI1
448,1,5,9.10079e-4,ASV_00461,UK1
448,1,6,2.40963e-4,ASV_00461,UK2
449,1,5,0.00105451,ASV_00462,UK1
449,1,6,1.77562e-4,ASV_00462,UK2
450,1,2,2.64982e-4,ASV_00463,IT2
450,1,5,0.00107892,ASV_00463,UK1
451,1,1,2.53175e-4,ASV_00464,IT1
451,1,2,6.9934e-4,ASV_00464,IT2
451,1,3,2.73551e-5,ASV_00464,IT3
451,1,4,1.91023e-4,ASV_00464,FI1
451,1,5,5.88559e-4,ASV_00464,UK1
451,1,6,1.74999e-4,ASV_00464,UK2
451,1,7,4.81474e-4,ASV_00464,SE1
452,1,2,3.24024e-4,ASV_00465,IT2
453,1,6,1.92916e-4,ASV_00466,UK2
454,1,2,4.58134e-4,ASV_00467,IT2
454,1,6,1.01339e-4,ASV_00467,UK2
455,1,1,2.37736e-4,ASV_00468,IT1
455,1,2,4.98906e-4,ASV_00468,IT2
455,1,5,5.99426e-4,ASV_00468,UK1
455,1,6,7.21684e-5,ASV_00468,UK2
456,1,7,2.16489e-4,ASV_00470,SE1
457,1,2,2.669e-4,ASV_00471,IT2
457,1,5,8.79531e-4,ASV_00471,UK1
457,1,6,2.39385e-4,ASV_00471,UK2
457,1,7,3.27863e-4,ASV_00471,SE1
458,1,4,3.19733e-4,ASV_00472,FI1
458,1,7,1.80279e-4,ASV_00472,SE1
459,1,2,2.87415e-4,ASV_00474,IT2
459,1,4,2.08318e-4,ASV_00474,FI1
459,1,5,6.27503e-4,ASV_00474,UK1
459,1,6,1.44682e-4,ASV_00474,UK2
459,1,7,2.64943e-4,ASV_00474,SE1
460,1,4,3.52779e-4,ASV_00475,FI1
460,1,5,7.1102e-4,ASV_00475,UK1
460,1,6,1.08628e-4,ASV_00475,UK2
460,1,7,3.41182e-4,ASV_00475,SE1
461,1,1,3.13829e-4,ASV_00476,IT1
461,1,2,4.45344e-4,ASV_00476,IT2
461,1,5,8.79322e-4,ASV_00476,UK1
462,1,2,2.73888e-4,ASV_00477,IT2
462,1,4,4.53814e-4,ASV_00477,FI1
462,1,5,8.23642e-4,ASV_00477,UK1
462,1,6,1.86859e-4,ASV_00477,UK2
462,1,7,3.54258e-4,ASV_00477,SE1
463,1,4,3.11016e-4,ASV_00478,FI1
463,1,6,1.29616e-4,ASV_00478,UK2
463,1,7,4.17887e-4,ASV_00478,SE1
464,1,2,3.76283e-4,ASV_00479,IT2
464,1,6,5.8105e-5,ASV_00479,UK2
465,1,4,2.71798e-4,ASV_00481,FI1
465,1,6,1.64733e-4,ASV_00481,UK2
465,1,7,2.05927e-4,ASV_00481,SE1
466,1,1,2.31291e-4,ASV_00482,IT1
466,1,2,5.57264e-4,ASV_00482,IT2
466,1,3,5.68289e-5,ASV_00482,IT3
467,1,2,3.49973e-4,ASV_00483,IT2
467,1,4,3.34877e-4,ASV_00483,FI1
467,1,5,7.21581e-4,ASV_00483,UK1
467,1,6,1.39675e-4,ASV_00483,UK2
467,1,7,3.70921e-4,ASV_00483,SE1
468,1,6,2.20262e-4,ASV_00484,UK2
468,1,7,2.36644e-4,ASV_00484,SE1
469,1,2,3.36081e-4,ASV_00485,IT2
470,1,2,4.09499e-4,ASV_00486,IT2
470,1,4,3.24225e-4,ASV_00486,FI1
470,1,5,7.13013e-4,ASV_00486,UK1
470,1,6,7.4211e-5,ASV_00486,UK2
470,1,7,4.36176e-4,ASV_00486,SE1
471,1,4,3.47997e-4,ASV_00487,FI1
471,1,5,6.51979e-4,ASV_00487,UK1
471,1,6,9.42831e-5,ASV_00487,UK2
471,1,7,3.09619e-4,ASV_00487,SE1
472,1,2,3.89942e-4,ASV_00488,IT2
473,1,1,2.95828e-4,ASV_00490,IT1
473,1,2,3.90907e-4,ASV_00490,IT2
473,1,5,7.63505e-4,ASV_00490,UK1
473,1,6,9.48252e-5,ASV_00490,UK2
473,1,7,8.79358e-5,ASV_00490,SE1
474,1,6,1.43423e-4,ASV_00492,UK2
475,1,1,2.03342e-4,ASV_00493,IT1
475,1,2,4.62678e-4,ASV_00493,IT2
475,1,4,2.06984e-4,ASV_00493,FI1
475,1,5,5.57562e-4,ASV_00493,UK1
475,1,6,1.40121e-4,ASV_00493,UK2
475,1,7,2.82341e-4,ASV_00493,SE1
476,1,2,3.40518e-4,ASV_00494,IT2
476,1,4,2.72209e-4,ASV_00494,FI1
476,1,5,5.81952e-4,ASV_00494,UK1
476,1,6,1.03298e-4,ASV_00494,UK2
476,1,7,1.88645e-4,ASV_00494,SE1
477,1,2,3.63773e-4,ASV_00495,IT2
477,1,4,4.00007e-4,ASV_00495,FI1
477,1,5,8.7757e-4,ASV_00495,UK1
477,1,6,1.78175e-4,ASV_00495,UK2
477,1,7,1.79668e-4,ASV_00495,SE1
478,1,2,3.21987e-4,ASV_00496,IT2
478,1,6,8.2957e-5,ASV_00496,UK2
479,1,4,1.50578e-4,ASV_00497,FI1
479,1,6,1.90507e-4,ASV_00497,UK2
479,1,7,3.91064e-4,ASV_00497,SE1
480,1,2,3.04744e-4,ASV_00498,IT2
481,1,4,2.53397e-4,ASV_00499,FI1
481,1,5,7.58806e-4,ASV_00499,UK1
482,1,1,2.43358e-4,ASV_00501,IT1
482,1,2,2.93963e-4,ASV_00501,IT2
482,1,3,3.153e-5,ASV_00501,IT3
482,1,5,6.60741e-4,ASV_00501,UK1
482,1,6,1.52249e-4,ASV_00501,UK2
483,1,6,1.75667e-4,ASV_00502,UK2
483,1,7,3.37901e-4,ASV_00502,SE1
484,1,2,2.31454e-4,ASV_00503,IT2
485,1,1,3.60401e-4,ASV_00504,IT1
485,1,2,3.21677e-4,ASV_00504,IT2
485,1,3,4.44175e-5,ASV_00504,IT3
485,1,4,3.08938e-4,ASV_00504,FI1
485,1,6,8.24844e-5,ASV_00504,UK2
485,1,7,3.30606e-4,ASV_00504,SE1
486,1,4,1.74423e-4,ASV_00505,FI1
486,1,7,9.27444e-5,ASV_00505,SE1
487,1,2,3.08573e-4,ASV_00506,IT2
487,1,5,6.74499e-4,ASV_00506,UK1
488,1,2,5.7783e-4,ASV_00507,IT2
488,1,5,9.82281e-4,ASV_00507,UK1
488,1,6,8.62011e-5,ASV_00507,UK2
489,1,1,2.80774e-4,ASV_00508,IT1
489,1,2,3.74856e-4,ASV_00508,IT2
489,1,5,7.08227e-4,ASV_00508,UK1
489,1,7,2.35431e-4,ASV_00508,SE1
490,1,7,5.32859e-4,ASV_00509,SE1
491,1,5,8.25095e-4,ASV_00510,UK1
491,1,6,1.47032e-4,ASV_00510,UK2
492,1,2,5.25583e-4,ASV_00511,IT2
492,1,5,7.26551e-4,ASV_00511,UK1
492,1,6,1.57611e-4,ASV_00511,UK2
493,1,2,3.20692e-4,ASV_00512,IT2
493,1,5,9.86118e-4,ASV_00512,UK1
493,1,6,6.6128e-5,ASV_00512,UK2
494,1,2,4.18025e-4,ASV_00513,IT2
494,1,4,2.7021e-4,ASV_00513,FI1
494,1,5,7.82875e-4,ASV_00513,UK1
495,1,1,2.21533e-4,ASV_00514,IT1
495,1,2,3.31807e-4,ASV_00514,IT2
496,1,7,1.81472e-4,ASV_00515,SE1
497,1,2,3.9655e-4,ASV_00517,IT2
497,1,4,3.85717e-4,ASV_00517,FI1
497,1,5,5.04718e-4,ASV_00517,UK1
497,1,6,1.76684e-4,ASV_00517,UK2
497,1,7,2.6396e-4,ASV_00517,SE1
498,1,2,4.09787e-4,ASV_00518,IT2
499,1,5,6.59176e-4,ASV_00519,UK1
500,1,2,1.28751e-4,ASV_00520,IT2
500,1,6,1.99668e-4,ASV_00520,UK2
500,1,7,1.37799e-4,ASV_00520,SE1
501,1,2,2.27305e-4,ASV_00521,IT2
502,1,5,2.78415e-4,ASV_00522,UK1
502,1,6,2.18682e-4,ASV_00522,UK2
503,1,4,3.03791e-4,ASV_00523,FI1
504,1,2,1.75904e-4,ASV_00524,IT2
504,1,5,5.7526e-4,ASV_00524,UK1
504,1,6,1.09535e-4,ASV_00524,UK2
504,1,7,3.12872e-4,ASV_00524,SE1
505,1,5,6.11612e-4,ASV_00526,UK1
506,1,1,2.51942e-4,ASV_00527,IT1
506,1,3,4.93422e-5,ASV_00527,IT3
506,1,5,0.00101998,ASV_00527,UK1
506,1,6,9.043e-5,ASV_00527,UK2
507,1,2,3.71875e-4,ASV_00528,IT2
507,1,5,7.59446e-4,ASV_00528,UK1
508,1,1,2.89575e-4,ASV_00529,IT1
508,1,2,4.34363e-4,ASV_00529,IT2
508,1,5,6.3691e-4,ASV_00529,UK1
508,1,6,2.4138e-4,ASV_00529,UK2
509,1,1,2.5957e-4,ASV_00530,IT1
509,1,2,6.81238e-4,ASV_00530,IT2
509,1,5,6.93827e-4,ASV_00530,UK1
510,1,4,4.0302e-4,ASV_00531,FI1
510,1,6,3.49904e-4,ASV_00531,UK2
511,1,6,1.05142e-4,ASV_00532,UK2
512,1,2,4.0201e-4,ASV_00533,IT2
513,1,2,1.67951e-4,ASV_00534,IT2
513,1,7,3.21587e-4,ASV_00534,SE1
514,1,4,4.51203e-4,ASV_00535,FI1
514,1,6,2.38717e-4,ASV_00535,UK2
514,1,7,2.3241e-4,ASV_00535,SE1
515,1,2,1.97636e-4,ASV_00536,IT2
515,1,4,4.48144e-4,ASV_00536,FI1
515,1,6,2.39027e-4,ASV_00536,UK2
516,1,1,1.26789e-4,ASV_00537,IT1
516,1,5,7.63704e-4,ASV_00537,UK1
517,1,4,2.82371e-4,ASV_00538,FI1
517,1,5,4.80474e-4,ASV_00538,UK1
517,1,6,1.18641e-4,ASV_00538,UK2
518,1,6,1.11151e-4,ASV_00540,UK2
519,1,2,3.68238e-4,ASV_00541,IT2
519,1,4,4.11828e-4,ASV_00541,FI1
519,1,5,7.51277e-4,ASV_00541,UK1
519,1,6,1.13474e-4,ASV_00541,UK2
519,1,7,2.64596e-4,ASV_00541,SE1
520,1,1,1.51957e-4,ASV_00542,IT1
520,1,2,1.41854e-4,ASV_00542,IT2
520,1,3,1.67059e-5,ASV_00542,IT3
520,1,5,7.09945e-4,ASV_00542,UK1
521,1,2,5.52931e-4,ASV_00543,IT2
521,1,4,3.70649e-4,ASV_00543,FI1
521,1,6,1.10008e-4,ASV_00543,UK2
521,1,7,3.50474e-4,ASV_00543,SE1
522,1,2,5.56303e-4,ASV_00544,IT2
523,1,6,1.36998e-4,ASV_00545,UK2
524,1,4,3.7185e-4,ASV_00546,FI1
524,1,6,2.07838e-4,ASV_00546,UK2
524,1,7,2.63331e-4,ASV_00546,SE1
525,1,2,5.82649e-4,ASV_00548,IT2
525,1,4,2.11056e-4,ASV_00548,FI1
525,1,6,1.05223e-4,ASV_00548,UK2
525,1,7,1.90008e-4,ASV_00548,SE1
526,1,1,1.28286e-4,ASV_00550,IT1
526,1,2,2.65599e-4,ASV_00550,IT2
526,1,3,1.9933e-5,ASV_00550,IT3
526,1,5,0.00113652,ASV_00550,UK1
526,1,6,1.74011e-4,ASV_00550,UK2
527,1,2,3.97349e-4,ASV_00551,IT2
527,1,5,5.02099e-4,ASV_00551,UK1
528,1,6,1.56787e-4,ASV_00552,UK2
528,1,7,2.36994e-4,ASV_00552,SE1
529,1,2,5.78437e-4,ASV_00554,IT2
529,1,4,2.79674e-4,ASV_00554,FI1
529,1,5,7.8883e-4,ASV_00554,UK1
529,1,6,2.21918e-4,ASV_00554,UK2
529,1,7,2.36672e-4,ASV_00554,SE1
530,1,1,1.81553e-4,ASV_00555,IT1
530,1,2,1.98464e-4,ASV_00555,IT2
530,1,6,1.8502e-4,ASV_00555,UK2
531,1,1,2.03052e-4,ASV_00556,IT1
531,1,2,5.60753e-4,ASV_00556,IT2
531,1,5,9.29967e-4,ASV_00556,UK1
532,1,4,3.04302e-4,ASV_00557,FI1
532,1,6,1.62439e-4,ASV_00557,UK2
532,1,7,2.24843e-4,ASV_00557,SE1
533,1,6,2.45955e-4,ASV_00558,UK2
534,1,2,3.17711e-4,ASV_00559,IT2
534,1,6,6.41844e-5,ASV_00559,UK2
534,1,7,2.34551e-4,ASV_00559,SE1
535,1,2,4.73259e-4,ASV_00561,IT2
536,1,5,7.22366e-4,ASV_00562,UK1
537,1,2,2.89163e-4,ASV_00563,IT2
537,1,4,4.36116e-4,ASV_00563,FI1
537,1,6,1.98275e-4,ASV_00563,UK2
537,1,7,3.05461e-4,ASV_00563,SE1
538,1,1,1.967e-4,ASV_00564,IT1
538,1,5,6.58219e-4,ASV_00564,UK1
539,1,6,1.61982e-4,ASV_00565,UK2
540,1,2,3.81712e-4,ASV_00566,IT2
540,1,5,7.23131e-4,ASV_00566,UK1
540,1,6,1.40077e-4,ASV_00566,UK2
541,1,2,2.74751e-4,ASV_00568,IT2
541,1,5,8.44106e-4,ASV_00568,UK1
541,1,6,2.21905e-4,ASV_00568,UK2
542,1,2,5.04803e-4,ASV_00569,IT2
542,1,5,7.96996e-4,ASV_00569,UK1
543,1,1,2.51421e-4,ASV_00570,IT1
543,1,2,5.59975e-4,ASV_00570,IT2
543,1,4,4.87109e-4,ASV_00570,FI1
543,1,5,8.26368e-4,ASV_00570,UK1
543,1,6,2.50274e-4,ASV_00570,UK2
543,1,7,2.58149e-4,ASV_00570,SE1
544,1,1,2.97068e-4,ASV_00571,IT1
544,1,2,2.23439e-4,ASV_00571,IT2
545,1,2,5.71035e-4,ASV_00572,IT2
545,1,3,6.64212e-6,ASV_00572,IT3
545,1,6,1.46068e-4,ASV_00572,UK2
546,1,1,4.17784e-4,ASV_00574,IT1
546,1,2,3.8717e-4,ASV_00574,IT2
546,1,3,1.27238e-5,ASV_00574,IT3
546,1,5,7.46095e-4,ASV_00574,UK1
546,1,6,1.32662e-4,ASV_00574,UK2
546,1,7,7.79571e-5,ASV_00574,SE1
547,1,4,2.7786e-4,ASV_00575,FI1
547,1,6,1.08612e-4,ASV_00575,UK2
547,1,7,4.39254e-4,ASV_00575,SE1
548,1,1,2.15804e-4,ASV_00576,IT1
548,1,2,3.21942e-4,ASV_00576,IT2
548,1,5,0.00102043,ASV_00576,UK1
548,1,6,1.57614e-4,ASV_00576,UK2
549,1,5,9.90713e-4,ASV_00577,UK1
549,1,6,2.12818e-4,ASV_00577,UK2
550,1,2,3.41352e-4,ASV_00581,IT2
550,1,5,5.31878e-4,ASV_00581,UK1
550,1,6,1.57402e-4,ASV_00581,UK2
551,1,6,1.00493e-4,ASV_00582,UK2
552,1,4,3.05204e-4,ASV_00583,FI1
552,1,7,1.38743e-4,ASV_00583,SE1
553,1,5,4.54055e-4,ASV_00584,UK1
553,1,6,2.05774e-4,ASV_00584,UK2
554,1,6,1.5613e-4,ASV_00585,UK2
555,1,6,1.78468e-4,ASV_00586,UK2
556,1,2,5.02953e-4,ASV_00587,IT2
556,1,4,2.60568e-4,ASV_00587,FI1
556,1,5,7.03345e-4,ASV_00587,UK1
556,1,6,1.53797e-4,ASV_00587,UK2
556,1,7,3.80181e-4,ASV_00587,SE1
557,1,5,0.00101011,ASV_00589,UK1
557,1,6,2.46092e-4,ASV_00589,UK2
558,1,7,4.21661e-4,ASV_00590,SE1
559,1,5,7.16378e-4,ASV_00591,UK1
559,1,6,1.93308e-4,ASV_00591,UK2
560,1,2,5.88033e-4,ASV_00592,IT2
561,1,6,2.18936e-4,ASV_00593,UK2
561,1,7,2.54044e-4,ASV_00593,SE1
562,1,1,2.45258e-4,ASV_00594,IT1
562,1,2,4.38152e-4,ASV_00594,IT2
563,1,1,2.30586e-4,ASV_00595,IT1
563,1,2,3.36573e-4,ASV_00595,IT2
563,1,5,6.66022e-4,ASV_00595,UK1
563,1,6,1.42049e-4,ASV_00595,UK2
564,1,1,2.9383e-4,ASV_00596,IT1
564,1,2,3.2862e-4,ASV_00596,IT2
565,1,6,1.36649e-4,ASV_00597,UK2
566,1,4,6.24055e-4,ASV_00600,FI1
566,1,6,1.66166e-4,ASV_00600,UK2
566,1,7,3.07435e-4,ASV_00600,SE1
567,1,4,4.03972e-4,ASV_00601,FI1
567,1,7,2.61368e-4,ASV_00601,SE1
568,1,6,1.05842e-4,ASV_00602,UK2
569,1,4,3.52359e-4,ASV_00603,FI1
569,1,6,1.11959e-4,ASV_00603,UK2
569,1,7,1.56773e-4,ASV_00603,SE1
570,1,5,9.30558e-4,ASV_00604,UK1
570,1,6,2.66214e-4,ASV_00604,UK2
571,1,4,5.08103e-4,ASV_00607,FI1
571,1,5,7.97317e-4,ASV_00607,UK1
571,1,6,1.75682e-4,ASV_00607,UK2
571,1,7,6.58823e-5,ASV_00607,SE1
572,1,4,2.13673e-4,ASV_00610,FI1
572,1,7,2.16113e-4,ASV_00610,SE1
573,1,2,3.52051e-4,ASV_00611,IT2
573,1,5,7.32915e-4,ASV_00611,UK1
574,1,2,2.59345e-4,ASV_00612,IT2
574,1,5,5.99139e-4,ASV_00612,UK1
575,1,1,1.2807e-4,ASV_00613,IT1
575,1,2,4.19488e-4,ASV_00613,IT2
576,1,7,4.6046e-4,ASV_00614,SE1
577,1,2,3.56441e-4,ASV_00615,IT2
577,1,5,8.04743e-4,ASV_00615,UK1
578,1,2,3.75898e-4,ASV_00618,IT2
578,1,5,5.43701e-4,ASV_00618,UK1
578,1,6,2.37188e-4,ASV_00618,UK2
579,1,1,2.51772e-4,ASV_00619,IT1
580,1,2,1.11929e-4,ASV_00620,IT2
580,1,4,4.9737e-4,ASV_00620,FI1
580,1,5,3.7055e-4,ASV_00620,UK1
580,1,6,1.60205e-4,ASV_00620,UK2
581,1,4,1.81243e-4,ASV_00621,FI1
581,1,7,3.11467e-4,ASV_00621,SE1
582,1,1,1.21174e-4,ASV_00622,IT1
582,1,2,2.40257e-4,ASV_00622,IT2
582,1,5,4.96563e-4,ASV_00622,UK1
582,1,6,1.20512e-4,ASV_00622,UK2
583,1,4,5.13431e-4,ASV_00626,FI1
583,1,6,1.26358e-4,ASV_00626,UK2
584,1,4,5.93396e-4,ASV_00627,FI1
584,1,5,5.49589e-4,ASV_00627,UK1
584,1,6,1.40199e-4,ASV_00627,UK2
584,1,7,3.09699e-4,ASV_00627,SE1
585,1,2,5.76062e-4,ASV_00628,IT2
585,1,5,7.4962e-4,ASV_00628,UK1
585,1,6,7.8106e-5,ASV_00628,UK2
586,1,6,1.53798e-4,ASV_00629,UK2
587,1,2,5.62366e-4,ASV_00630,IT2
587,1,4,3.31348e-4,ASV_00630,FI1
587,1,6,6.94789e-5,ASV_00630,UK2
587,1,7,2.06356e-4,ASV_00630,SE1
588,1,7,3.91186e-4,ASV_00631,SE1
589,1,2,1.21461e-4,ASV_00633,IT2
589,1,6,3.16831e-4,ASV_00633,UK2
590,1,1,2.07838e-4,ASV_00635,IT1
590,1,2,2.75449e-4,ASV_00635,IT2
590,1,5,9.36754e-4,ASV_00635,UK1
590,1,6,1.54208e-4,ASV_00635,UK2
591,1,2,3.63381e-4,ASV_00636,IT2
591,1,3,4.39028e-5,ASV_00636,IT3
592,1,6,2.0451e-4,ASV_00637,UK2
593,1,2,2.52654e-4,ASV_00638,IT2
593,1,4,1.97048e-4,ASV_00638,FI1
593,1,6,9.2616e-5,ASV_00638,UK2
593,1,7,2.46432e-4,ASV_00638,SE1
594,1,6,1.97088e-4,ASV_00639,UK2
595,1,4,3.66367e-4,ASV_00640,FI1
595,1,6,1.50775e-4,ASV_00640,UK2
595,1,7,2.53828e-4,ASV_00640,SE1
596,1,2,3.11712e-4,ASV_00641,IT2
596,1,4,3.03471e-4,ASV_00641,FI1
596,1,5,4.43292e-4,ASV_00641,UK1
596,1,6,1.09674e-4,ASV_00641,UK2
596,1,7,4.38966e-4,ASV_00641,SE1
597,1,2,3.42084e-4,ASV_00643,IT2
597,1,4,3.11281e-4,ASV_00643,FI1
597,1,5,6.56193e-4,ASV_00643,UK1
597,1,6,2.81151e-4,ASV_00643,UK2
597,1,7,2.66397e-4,ASV_00643,SE1
598,1,4,3.47473e-4,ASV_00644,FI1
598,1,7,9.42952e-5,ASV_00644,SE1
599,1,2,4.96769e-4,ASV_00645,IT2
599,1,4,5.06645e-4,ASV_00645,FI1
599,1,6,2.14205e-4,ASV_00645,UK2
599,1,7,3.81577e-4,ASV_00645,SE1
600,1,6,2.14411e-4,ASV_00647,UK2
600,1,7,4.63036e-4,ASV_00647,SE1
601,1,4,2.20764e-4,ASV_00649,FI1
601,1,7,4.69406e-4,ASV_00649,SE1
602,1,2,6.09003e-4,ASV_00651,IT2
602,1,4,4.44432e-4,ASV_00651,FI1
602,1,5,6.12984e-4,ASV_00651,UK1
602,1,6,3.21593e-4,ASV_00651,UK2
603,1,7,1.90172e-4,ASV_00652,SE1
604,1,6,1.90789e-4,ASV_00653,UK2
605,1,1,3.5842e-4,ASV_00654,IT1
605,1,2,5.13835e-4,ASV_00654,IT2
605,1,3,3.01327e-5,ASV_00654,IT3
605,1,5,7.49923e-4,ASV_00654,UK1
605,1,6,1.9579e-4,ASV_00654,UK2
605,1,7,1.01855e-4,ASV_00654,SE1
606,1,1,1.94965e-4,ASV_00656,IT1
606,1,2,4.26504e-4,ASV_00656,IT2
606,1,4,3.13266e-4,ASV_00656,FI1
606,1,5,8.054e-4,ASV_00656,UK1
606,1,6,1.04318e-4,ASV_00656,UK2
606,1,7,3.47049e-4,ASV_00656,SE1
607,1,5,6.38359e-4,ASV_00657,UK1
607,1,6,2.52867e-4,ASV_00657,UK2
608,1,7,6.05477e-5,ASV_00659,SE1
609,1,6,1.24172e-4,ASV_00660,UK2
610,1,2,2.2227e-4,ASV_00662,IT2
610,1,4,2.30518e-4,ASV_00662,FI1
610,1,7,1.66659e-4,ASV_00662,SE1
611,1,6,9.81735e-5,ASV_00663,UK2
612,1,2,2.78187e-4,ASV_00665,IT2
612,1,6,9.80018e-5,ASV_00665,UK2
613,1,2,2.47582e-4,ASV_00666,IT2
613,1,4,4.41536e-4,ASV_00666,FI1
613,1,7,2.99899e-4,ASV_00666,SE1
614,1,2,3.91861e-4,ASV_00668,IT2
615,1,6,1.26998e-4,ASV_00669,UK2
616,1,6,1.9687e-4,ASV_00670,UK2
617,1,1,2.67499e-4,ASV_00671,IT1
617,1,2,7.1918e-4,ASV_00671,IT2
617,1,5,8.46346e-4,ASV_00671,UK1
617,1,6,3.29367e-4,ASV_00671,UK2
617,1,7,3.59607e-4,ASV_00671,SE1
618,1,2,3.91799e-4,ASV_00673,IT2
618,1,5,8.86855e-4,ASV_00673,UK1
618,1,6,1.25819e-4,ASV_00673,UK2
619,1,1,2.27618e-4,ASV_00674,IT1
620,1,7,2.24319e-4,ASV_00675,SE1
621,1,2,2.93927e-4,ASV_00676,IT2
621,1,6,2.80233e-4,ASV_00676,UK2
622,1,2,3.75233e-4,ASV_00679,IT2
622,1,5,5.91761e-4,ASV_00679,UK1
623,1,4,2.76785e-4,ASV_00682,FI1
623,1,6,1.0759e-4,ASV_00682,UK2
624,1,4,4.49114e-4,ASV_00683,FI1
624,1,7,2.95134e-4,ASV_00683,SE1
625,1,7,5.78665e-4,ASV_00685,SE1
626,1,2,4.59152e-4,ASV_00686,IT2
626,1,6,2.10067e-4,ASV_00686,UK2
626,1,7,2.31531e-4,ASV_00686,SE1
627,1,2,2.53198e-4,ASV_00687,IT2
628,1,6,3.10427e-4,ASV_00688,UK2
628,1,7,3.4024e-4,ASV_00688,SE1
629,1,4,3.63465e-4,ASV_00689,FI1
629,1,6,1.86624e-4,ASV_00689,UK2
629,1,7,3.0711e-4,ASV_00689,SE1
630,1,1,2.80031e-4,ASV_00690,IT1
630,1,5,9.9405e-4,ASV_00690,UK1
631,1,6,1.30543e-4,ASV_00693,UK2
631,1,7,2.44328e-4,ASV_00693,SE1
632,1,6,2.7334e-4,ASV_00694,UK2
633,1,6,2.32768e-4,ASV_00695,UK2
634,1,1,2.72849e-4,ASV_00697,IT1
634,1,2,3.44807e-4,ASV_00697,IT2
634,1,5,0.00102343,ASV_00697,UK1
635,1,6,6.27965e-5,ASV_00699,UK2
636,1,5,5.02584e-4,ASV_00700,UK1
636,1,7,8.82323e-4,ASV_00700,SE1
637,1,5,5.44638e-4,ASV_00701,UK1
638,1,4,3.85091e-4,ASV_00704,FI1
638,1,7,2.13809e-4,ASV_00704,SE1
639,1,4,4.95131e-4,ASV_00705,FI1
639,1,6,1.68029e-4,ASV_00705,UK2
640,1,5,6.0451e-4,ASV_00708,UK1
641,1,2,3.80625e-4,ASV_00709,IT2
641,1,6,1.64498e-4,ASV_00709,UK2
641,1,7,2.68103e-4,ASV_00709,SE1
642,1,7,3.94321e-4,ASV_00711,SE1
643,1,4,4.09495e-4,ASV_00712,FI1
643,1,7,4.54528e-4,ASV_00712,SE1
644,1,1,2.10636e-4,ASV_00714,IT1
644,1,2,2.28815e-4,ASV_00714,IT2
645,1,4,2.48786e-4,ASV_00715,FI1
646,1,2,6.21418e-4,ASV_00718,IT2
647,1,2,3.34266e-4,ASV_00721,IT2
647,1,5,7.68952e-4,ASV_00721,UK1
647,1,6,2.72946e-4,ASV_00721,UK2
647,1,7,2.88023e-4,ASV_00721,SE1
648,1,7,3.88384e-4,ASV_00722,SE1
649,1,4,4.88034e-4,ASV_00723,FI1
649,1,6,1.66117e-4,ASV_00723,UK2
649,1,7,4.80185e-4,ASV_00723,SE1
650,1,2,2.96946e-4,ASV_00724,IT2
651,1,2,1.47081e-4,ASV_00726,IT2
651,1,6,1.92981e-4,ASV_00726,UK2
651,1,7,3.34547e-4,ASV_00726,SE1
652,1,2,2.74273e-4,ASV_00727,IT2
652,1,4,1.53542e-4,ASV_00727,FI1
652,1,5,6.57765e-4,ASV_00727,UK1
652,1,6,1.22675e-4,ASV_00727,UK2
652,1,7,2.29864e-4,ASV_00727,SE1
653,1,1,1.95747e-4,ASV_00728,IT1
653,1,2,3.30521e-4,ASV_00728,IT2
653,1,6,1.08814e-4,ASV_00728,UK2
654,1,4,3.48844e-4,ASV_00729,FI1
655,1,6,1.7536e-4,ASV_00730,UK2
656,1,1,1.93629e-4,ASV_00732,IT1
656,1,2,4.70041e-4,ASV_00732,IT2
656,1,3,3.31952e-5,ASV_00732,IT3
657,1,5,9.52092e-4,ASV_00733,UK1
657,1,6,1.15824e-4,ASV_00733,UK2
658,1,2,6.32737e-4,ASV_00734,IT2
659,1,7,1.06195e-4,ASV_00735,SE1
660,1,5,5.64745e-4,ASV_00736,UK1
660,1,6,2.27385e-4,ASV_00736,UK2
660,1,7,2.25323e-4,ASV_00736,SE1
661,1,6,1.64865e-4,ASV_00737,UK2
661,1,7,3.19486e-4,ASV_00737,SE1
662,1,6,2.29678e-4,ASV_00742,UK2
663,1,4,4.47516e-4,ASV_00743,FI1
663,1,6,2.60747e-4,ASV_00743,UK2
663,1,7,3.27158e-4,ASV_00743,SE1
664,1,5,6.84264e-4,ASV_00744,UK1
664,1,6,1.18779e-4,ASV_00744,UK2
665,1,5,7.06317e-4,ASV_00745,UK1
666,1,4,4.47112e-4,ASV_00746,FI1
666,1,7,3.08706e-4,ASV_00746,SE1
667,1,6,2.53695e-4,ASV_00747,UK2
667,1,7,3.54363e-4,ASV_00747,SE1
668,1,5,5.60042e-4,ASV_00751,UK1
668,1,6,1.73004e-4,ASV_00751,UK2
668,1,7,6.53604e-4,ASV_00751,SE1
669,1,6,1.40092e-4,ASV_00752,UK2
670,1,4,1.56596e-4,ASV_00753,FI1
671,1,2,4.38865e-4,ASV_00755,IT2
671,1,5,7.04143e-4,ASV_00755,UK1
671,1,6,1.54727e-4,ASV_00755,UK2
672,1,1,2.33473e-4,ASV_00757,IT1
672,1,2,5.29976e-4,ASV_00757,IT2
672,1,6,1.28521e-4,ASV_00757,UK2
673,1,2,2.67175e-4,ASV_00758,IT2
673,1,4,1.21866e-4,ASV_00758,FI1
673,1,5,7.86658e-4,ASV_00758,UK1
674,1,2,3.22843e-4,ASV_00760,IT2
675,1,4,2.38951e-4,ASV_00761,FI1
675,1,6,1.21877e-4,ASV_00761,UK2
676,1,6,1.877e-4,ASV_00762,UK2
677,1,4,5.26406e-4,ASV_00763,FI1
677,1,6,1.12246e-4,ASV_00763,UK2
677,1,7,4.73628e-4,ASV_00763,SE1
678,1,4,2.694e-4,ASV_00764,FI1
678,1,7,1.89387e-4,ASV_00764,SE1
679,1,2,5.76378e-4,ASV_00769,IT2
679,1,5,7.67351e-4,ASV_00769,UK1
679,1,6,1.92075e-4,ASV_00769,UK2
680,1,5,7.68903e-4,ASV_00770,UK1
680,1,6,1.29905e-4,ASV_00770,UK2
681,1,2,5.79259e-4,ASV_00772,IT2
681,1,4,1.79536e-4,ASV_00772,FI1
681,1,5,8.58099e-4,ASV_00772,UK1
681,1,6,2.39277e-4,ASV_00772,UK2
682,1,4,1.20811e-4,ASV_00774,FI1
682,1,7,2.06714e-4,ASV_00774,SE1
683,1,4,2.46103e-4,ASV_00775,FI1
683,1,7,4.50336e-4,ASV_00775,SE1
684,1,2,3.64558e-4,ASV_00778,IT2
684,1,5,6.91483e-4,ASV_00778,UK1
685,1,5,7.28136e-4,ASV_00779,UK1
686,1,2,1.57042e-4,ASV_00781,IT2
686,1,6,1.06135e-4,ASV_00781,UK2
687,1,2,4.07619e-4,ASV_00782,IT2
687,1,3,4.20873e-5,ASV_00782,IT3
688,1,4,3.37542e-4,ASV_00786,FI1
688,1,7,9.48471e-5,ASV_00786,SE1
689,1,1,1.95824e-4,ASV_00787,IT1
690,1,7,2.71602e-4,ASV_00788,SE1
691,1,2,2.38237e-4,ASV_00789,IT2
691,1,5,7.77176e-4,ASV_00789,UK1
692,1,6,1.4417e-4,ASV_00790,UK2
693,1,7,4.01234e-4,ASV_00792,SE1
694,1,2,1.95211e-4,ASV_00793,IT2
694,1,6,1.82057e-4,ASV_00793,UK2
695,1,7,2.89868e-4,ASV_00794,SE1
696,1,4,2.40575e-4,ASV_00795,FI1
696,1,6,1.06449e-4,ASV_00795,UK2
696,1,7,1.89453e-4,ASV_00795,SE1
697,1,6,1.90386e-4,ASV_00797,UK2
698,1,2,4.6688e-4,ASV_00798,IT2
699,1,6,1.92727e-4,ASV_00799,UK2
700,1,2,3.66312e-4,ASV_00801,IT2
700,1,6,1.70586e-4,ASV_00801,UK2
700,1,7,1.17425e-4,ASV_00801,SE1
701,1,2,2.0853e-4,ASV_00802,IT2
702,1,7,4.34297e-4,ASV_00803,SE1
703,1,6,6.7343e-5,ASV_00804,UK2
703,1,7,1.36247e-4,ASV_00804,SE1
704,1,4,1.76678e-4,ASV_00805,FI1
705,1,2,1.28855e-4,ASV_00806,IT2
705,1,5,4.40772e-4,ASV_00806,UK1
705,1,6,2.63367e-4,ASV_00806,UK2
706,1,2,4.421e-4,ASV_00807,IT2
706,1,4,2.25292e-4,ASV_00807,FI1
706,1,6,2.98444e-4,ASV_00807,UK2
706,1,7,2.26448e-4,ASV_00807,SE1
707,1,2,2.43481e-4,ASV_00808,IT2
707,1,6,1.73725e-4,ASV_00808,UK2
708,1,2,1.08785e-4,ASV_00809,IT2
708,1,6,1.78781e-4,ASV_00809,UK2
709,1,6,1.69186e-4,ASV_00810,UK2
709,1,7,2.89349e-4,ASV_00810,SE1
710,1,2,3.93841e-4,ASV_00811,IT2
711,1,5,4.64503e-4,ASV_00812,UK1
711,1,6,1.73322e-4,ASV_00812,UK2
712,1,5,9.98891e-4,ASV_00813,UK1
713,1,5,8.01994e-4,ASV_00814,UK1
713,1,6,1.36164e-4,ASV_00814,UK2
713,1,7,2.78058e-4,ASV_00814,SE1
714,1,2,6.2118e-4,ASV_00815,IT2
714,1,5,5.5562e-4,ASV_00815,UK1
715,1,1,3.29538e-4,ASV_00817,IT1
715,1,2,3.6118e-4,ASV_00817,IT2
715,1,5,7.6105e-4,ASV_00817,UK1
716,1,5,6.45189e-4,ASV_00819,UK1
717,1,2,2.90388e-4,ASV_00821,IT2
717,1,5,9.09593e-4,ASV_00821,UK1
717,1,6,1.97026e-4,ASV_00821,UK2
718,1,1,2.61756e-4,ASV_00822,IT1
718,1,2,4.44165e-4,ASV_00822,IT2
719,1,6,1.6452e-4,ASV_00825,UK2
719,1,7,2.34918e-4,ASV_00825,SE1
720,1,4,2.95095e-4,ASV_00827,FI1
721,1,5,5.75434e-4,ASV_00828,UK1
722,1,2,2.94966e-4,ASV_00829,IT2
722,1,6,1.20487e-4,ASV_00829,UK2
723,1,5,7.96516e-4,ASV_00832,UK1
723,1,6,2.02088e-4,ASV_00832,UK2
724,1,6,1.47835e-4,ASV_00833,UK2
724,1,7,5.17305e-4,ASV_00833,SE1
725,1,6,2.16403e-4,ASV_00834,UK2
725,1,7,4.34436e-4,ASV_00834,SE1
726,1,1,1.7116e-4,ASV_00835,IT1
727,1,6,2.30448e-4,ASV_00837,UK2
728,1,1,1.278e-4,ASV_00842,IT1
728,1,2,4.3316e-4,ASV_00842,IT2
729,1,2,2.34757e-4,ASV_00843,IT2
729,1,3,3.83444e-5,ASV_00843,IT3
729,1,5,7.19143e-4,ASV_00843,UK1
729,1,7,3.40026e-4,ASV_00843,SE1
730,1,2,3.1151e-4,ASV_00845,IT2
731,1,2,4.46807e-4,ASV_00848,IT2
731,1,6,1.22727e-4,ASV_00848,UK2
732,1,1,2.88267e-4,ASV_00849,IT1
733,1,5,9.16323e-4,ASV_00851,UK1
734,1,5,7.91164e-4,ASV_00852,UK1
734,1,6,1.10791e-4,ASV_00852,UK2
735,1,6,1.09361e-4,ASV_00854,UK2
735,1,7,3.1708e-4,ASV_00854,SE1
736,1,6,2.23823e-4,ASV_00855,UK2
737,1,6,1.2834e-4,ASV_00856,UK2
738,1,7,2.8121e-4,ASV_00860,SE1
739,1,5,6.43532e-4,ASV_00864,UK1
740,1,2,2.67021e-4,ASV_00865,IT2
740,1,4,2.02763e-4,ASV_00865,FI1
740,1,6,1.28735e-4,ASV_00865,UK2
740,1,7,4.80583e-4,ASV_00865,SE1
741,1,4,3.76164e-4,ASV_00868,FI1
741,1,7,2.25096e-4,ASV_00868,SE1
742,1,2,2.23896e-4,ASV_00869,IT2
743,1,2,3.87104e-4,ASV_00873,IT2
744,1,6,1.0457e-4,ASV_00874,UK2
744,1,7,1.70928e-4,ASV_00874,SE1
745,1,2,3.51022e-4,ASV_00875,IT2
746,1,6,1.69459e-4,ASV_00879,UK2
747,1,1,2.86037e-4,ASV_00880,IT1
747,1,2,3.35521e-4,ASV_00880,IT2
747,1,5,7.68467e-4,ASV_00880,UK1
747,1,6,1.7046e-4,ASV_00880,UK2
748,1,5,7.04526e-4,ASV_00881,UK1
748,1,6,2.32742e-4,ASV_00881,UK2
749,1,4,2.7148e-4,ASV_00883,FI1
750,1,6,8.83641e-5,ASV_00885,UK2
751,1,6,1.40365e-4,ASV_00887,UK2
752,1,4,1.89786e-4,ASV_00888,FI1
752,1,6,1.69876e-4,ASV_00888,UK2
752,1,7,4.59043e-4,ASV_00888,SE1
753,1,2,4.11831e-4,ASV_00890,IT2
753,1,4,3.88934e-4,ASV_00890,FI1
753,1,5,5.06482e-4,ASV_00890,UK1
753,1,6,1.39083e-4,ASV_00890,UK2
754,1,2,5.7593e-4,ASV_00891,IT2
754,1,6,1.54198e-4,ASV_00891,UK2
754,1,7,2.18313e-4,ASV_00891,SE1
755,1,6,1.12326e-4,ASV_00897,UK2
755,1,7,2.36186e-4,ASV_00897,SE1
756,1,5,9.38631e-4,ASV_00902,UK1
757,1,6,2.60981e-4,ASV_00904,UK2
758,1,2,3.28344e-4,ASV_00906,IT2
759,1,6,1.86389e-4,ASV_00907,UK2
760,1,2,5.32687e-4,ASV_00909,IT2
761,1,4,3.01543e-4,ASV_00910,FI1
761,1,7,2.83413e-4,ASV_00910,SE1
762,1,2,3.34336e-4,ASV_00912,IT2
762,1,5,0.0010225,ASV_00912,UK1
762,1,6,1.81421e-4,ASV_00912,UK2
762,1,7,2.6621e-4,ASV_00912,SE1
763,1,7,2.15049e-4,ASV_00913,SE1
764,1,7,1.81594e-4,ASV_00914,SE1
765,1,6,1.62507e-4,ASV_00920,UK2
765,1,7,2.31048e-4,ASV_00920,SE1
766,1,2,4.96013e-4,ASV_00924,IT2
767,1,6,1.72136e-4,ASV_00928,UK2
767,1,7,3.26861e-4,ASV_00928,SE1
768,1,2,3.57993e-4,ASV_00929,IT2
768,1,5,6.68171e-4,ASV_00929,UK1
769,1,4,2.97666e-4,ASV_00930,FI1
769,1,7,3.25464e-4,ASV_00930,SE1
770,1,1,1.42091e-4,ASV_00931,IT1
770,1,2,6.43389e-4,ASV_00931,IT2
770,1,6,2.19531e-4,ASV_00931,UK2
771,1,2,3.28049e-4,ASV_00935,IT2
772,1,6,2.2422e-4,ASV_00936,UK2
773,1,7,2.69389e-4,ASV_00939,SE1
774,1,6,2.03508e-4,ASV_00949,UK2
775,1,2,1.85968e-4,ASV_00952,IT2
775,1,6,2.96145e-4,ASV_00952,UK2
776,1,6,1.12183e-4,ASV_00957,UK2
777,1,2,5.45488e-4,ASV_00958,IT2
777,1,5,7.01865e-4,ASV_00958,UK1
778,1,1,1.65939e-4,ASV_00959,IT1
778,1,2,2.57867e-4,ASV_00959,IT2
778,1,5,0.0010003,ASV_00959,UK1
778,1,6,1.48867e-4,ASV_00959,UK2
779,1,6,1.79591e-4,ASV_00960,UK2
780,1,4,2.63084e-4,ASV_00962,FI1
781,1,2,2.74602e-4,ASV_00966,IT2
781,1,3,7.45847e-5,ASV_00966,IT3
782,1,6,1.59812e-4,ASV_00968,UK2
783,1,4,3.57163e-4,ASV_00973,FI1
783,1,7,5.6079e-4,ASV_00973,SE1
784,1,6,1.42244e-4,ASV_00976,UK2
784,1,7,2.52101e-4,ASV_00976,SE1
785,1,6,1.68839e-4,ASV_00978,UK2
785,1,7,2.00918e-4,ASV_00978,SE1
786,1,6,9.66145e-5,ASV_00979,UK2
787,1,6,3.00376e-4,ASV_00982,UK2
788,1,7,1.62656e-4,ASV_00983,SE1
789,1,2,5.04821e-4,ASV_00984,IT2
790,1,1,3.03794e-4,ASV_00987,IT1
790,1,2,1.87461e-4,ASV_00987,IT2
790,1,5,6.34317e-4,ASV_00987,UK1
790,1,6,2.93903e-4,ASV_00987,UK2
791,1,2,2.77846e-4,ASV_00989,IT2
792,1,5,9.03742e-4,ASV_00990,UK1
793,1,6,2.77581e-4,ASV_00996,UK2
793,1,7,4.24816e-4,ASV_00996,SE1
794,1,1,2.02339e-4,ASV_01003,IT1
795,1,7,3.00578e-4,ASV_01004,SE1
796,1,6,1.56023e-4,ASV_01007,UK2
797,1,4,3.14732e-4,ASV_01009,FI1
797,1,7,3.67062e-4,ASV_01009,SE1
798,1,7,2.65781e-4,ASV_01016,SE1
799,1,2,5.21283e-4,ASV_01018,IT2
800,1,6,1.1192e-4,ASV_01022,UK2
800,1,7,2.95451e-4,ASV_01022,SE1
801,1,2,4.45267e-4,ASV_01023,IT2
802,1,6,7.26258e-5,ASV_01027,UK2
803,1,7,3.09938e-4,ASV_01029,SE1
804,1,5,2.49644e-4,ASV_01031,UK1
804,1,7,3.11213e-4,ASV_01031,SE1
805,1,4,2.56839e-4,ASV_01032,FI1
806,1,7,2.78242e-4,ASV_01037,SE1
807,1,6,1.93944e-4,ASV_01040,UK2
807,1,7,1.30875e-4,ASV_01040,SE1
808,1,6,2.39036e-4,ASV_01044,UK2
809,1,7,3.18358e-4,ASV_01046,SE1
810,1,1,1.27297e-4,ASV_01048,IT1
810,1,2,3.28934e-4,ASV_01048,IT2
810,1,7,3.78611e-4,ASV_01048,SE1
811,1,4,1.98548e-4,ASV_01049,FI1
812,1,7,3.00977e-4,ASV_01053,SE1
813,1,7,3.23571e-4,ASV_01054,SE1
814,1,6,2.86793e-4,ASV_01057,UK2
815,1,6,1.14883e-4,ASV_01060,UK2
816,1,5,0.00103342,ASV_01062,UK1
816,1,6,2.2797e-4,ASV_01062,UK2
817,1,1,2.46615e-4,ASV_01065,IT1
817,1,2,5.66825e-4,ASV_01065,IT2
817,1,5,5.29152e-4,ASV_01065,UK1
817,1,6,1.53043e-4,ASV_01065,UK2
818,1,5,8.30102e-4,ASV_01066,UK1
819,1,2,5.56983e-4,ASV_01071,IT2
819,1,5,5.71789e-4,ASV_01071,UK1
820,1,4,5.19583e-4,ASV_01074,FI1
820,1,7,2.49229e-4,ASV_01074,SE1
821,1,7,2.59097e-4,ASV_01077,SE1
822,1,6,1.926e-4,ASV_01078,UK2
823,1,6,6.46327e-5,ASV_01085,UK2
824,1,1,1.75919e-4,ASV_01087,IT1
824,1,2,5.04542e-4,ASV_01087,IT2
824,1,5,3.93134e-4,ASV_01087,UK1
825,1,5,9.02788e-4,ASV_01089,UK1
826,1,2,5.40994e-4,ASV_01090,IT2
826,1,5,9.59338e-4,ASV_01090,UK1
826,1,6,1.02165e-4,ASV_01090,UK2
826,1,7,1.93387e-4,ASV_01090,SE1
827,1,2,3.96261e-4,ASV_01092,IT2
828,1,6,1.61002e-4,ASV_01094,UK2
828,1,7,1.72581e-4,ASV_01094,SE1
829,1,4,4.50032e-4,ASV_01099,FI1
830,1,2,3.7009e-4,ASV_01101,IT2
830,1,5,5.88055e-4,ASV_01101,UK1
830,1,6,1.1457e-4,ASV_01101,UK2
831,1,7,3.10443e-4,ASV_01105,SE1
832,1,7,4.02651e-4,ASV_01107,SE1
833,1,4,3.12797e-4,ASV_01111,FI1
833,1,7,4.55606e-4,ASV_01111,SE1
834,1,2,3.89e-4,ASV_01119,IT2
835,1,7,2.73636e-4,ASV_01123,SE1
836,1,2,3.3547e-4,ASV_01124,IT2
837,1,7,1.77693e-4,ASV_01128,SE1
838,1,7,2.59796e-4,ASV_01131,SE1
839,1,7,4.92817e-4,ASV_01140,SE1
840,1,7,4.32769e-4,ASV_01141,SE1
841,1,5,6.22566e-4,ASV_01150,UK1
842,1,2,3.55663e-4,ASV_01152,IT2
842,1,3,2.64682e-5,ASV_01152,IT3
843,1,2,2.83956e-4,ASV_01153,IT2
844,1,6,2.62254e-4,ASV_01159,UK2
844,1,7,2.15267e-4,ASV_01159,SE1
845,1,1,1.56969e-4,ASV_01164,IT1
846,1,6,2.53873e-4,ASV_01169,UK2
846,1,7,3.19996e-4,ASV_01169,SE1
847,1,7,3.21936e-4,ASV_01176,SE1
848,1,4,1.19609e-4,ASV_01178,FI1
848,1,6,1.88847e-4,ASV_01178,UK2
848,1,7,2.91652e-4,ASV_01178,SE1
849,1,2,5.79059e-4,ASV_01179,IT2
850,1,6,5.9079e-5,ASV_01181,UK2
851,1,7,3.54972e-4,ASV_01182,SE1
852,1,4,6.36779e-4,ASV_01188,FI1
852,1,6,1.47767e-4,ASV_01188,UK2
853,1,6,1.17653e-4,ASV_01195,UK2
854,1,7,3.7909e-4,ASV_01196,SE1
855,1,1,1.50266e-4,ASV_01204,IT1
855,1,2,1.13418e-4,ASV_01204,IT2
855,1,5,9.71238e-4,ASV_01204,UK1
855,1,6,2.35195e-4,ASV_01204,UK2
856,1,7,2.91501e-4,ASV_01205,SE1
857,1,7,3.47405e-4,ASV_01207,SE1
858,1,6,1.05632e-4,ASV_01208,UK2
858,1,7,2.60293e-4,ASV_01208,SE1
859,1,7,2.25269e-4,ASV_01220,SE1
860,1,2,4.89597e-4,ASV_01223,IT2
861,1,7,2.72042e-4,ASV_01230,SE1
862,1,6,1.17793e-4,ASV_01236,UK2
863,1,4,4.52631e-4,ASV_01245,FI1
864,1,7,2.32984e-4,ASV_01246,SE1
865,1,4,3.35391e-4,ASV_01247,FI1
866,1,2,1.19871e-4,ASV_01249,IT2
866,1,4,4.81562e-4,ASV_01249,FI1
867,1,2,4.18948e-4,ASV_01250,IT2
867,1,5,4.31337e-4,ASV_01250,UK1
868,1,2,1.91816e-4,ASV_01253,IT2
869,1,4,1.69278e-4,ASV_01257,FI1
870,1,2,2.7592e-4,ASV_01267,IT2
871,1,6,1.11355e-4,ASV_01268,UK2
872,1,2,3.95582e-4,ASV_01276,IT2
873,1,2,4.0671e-4,ASV_01288,IT2
873,1,5,6.4726e-4,ASV_01288,UK1
873,1,6,2.38169e-4,ASV_01288,UK2
874,1,7,1.46059e-4,ASV_01289,SE1
875,1,7,4.88403e-4,ASV_01294,SE1
876,1,7,2.64261e-4,ASV_01312,SE1
877,1,2,3.47526e-4,ASV_01328,IT2
877,1,5,7.55997e-4,ASV_01328,UK1
877,1,6,2.15531e-4,ASV_01328,UK2
878,1,2,3.44214e-4,ASV_01342,IT2
879,1,2,2.13265e-4,ASV_01349,IT2
880,1,6,1.82183e-4,ASV_01353,UK2
881,1,7,5.29711e-4,ASV_01363,SE1
882,1,2,2.88773e-4,ASV_01368,IT2
882,1,5,3.73732e-4,ASV_01368,UK1
883,1,7,5.34143e-4,ASV_01375,SE1
884,1,7,2.90597e-4,ASV_01378,SE1
885,1,2,3.0922e-4,ASV_01385,IT2
886,1,7,3.13086e-4,ASV_01396,SE1
887,1,7,3.66295e-4,ASV_01408,SE1
888,1,7,4.13271e-4,ASV_01416,SE1
889,1,1,1.23772e-4,ASV_01417,IT1
889,1,2,3.52798e-4,ASV_01417,IT2
890,1,7,3.56723e-4,ASV_01421,SE1
891,1,2,6.26697e-4,ASV_01426,IT2
892,1,4,4.02532e-4,ASV_01439,FI1
893,1,6,9.01572e-5,ASV_01446,UK2
894,1,2,5.1072e-4,ASV_01458,IT2
894,1,6,1.66761e-4,ASV_01458,UK2
895,1,2,7.248e-4,ASV_01459,IT2
896,1,7,3.3357e-4,ASV_01482,SE1
897,1,4,3.41163e-4,ASV_01483,FI1
897,1,7,1.67582e-4,ASV_01483,SE1
898,1,2,3.1603e-4,ASV_01491,IT2
899,1,7,3.12325e-4,ASV_01495,SE1
900,1,6,1.16316e-4,ASV_01496,UK2
901,1,2,5.94579e-4,ASV_01503,IT2
901,1,4,2.68263e-4,ASV_01503,FI1
901,1,6,2.01129e-4,ASV_01503,UK2
902,1,2,4.63717e-4,ASV_01508,IT2
903,1,2,3.28461e-4,ASV_01512,IT2
904,1,7,3.37494e-4,ASV_01514,SE1
905,1,1,2.30358e-4,ASV_01522,IT1
906,1,5,4.92053e-4,ASV_01533,UK1
907,1,2,3.98717e-4,ASV_01541,IT2
908,1,5,6.84372e-4,ASV_01542,UK1
909,1,7,2.53604e-4,ASV_01549,SE1
910,1,6,9.85748e-5,ASV_01556,UK2
910,1,7,6.1695e-4,ASV_01556,SE1
911,1,4,1.13384e-4,ASV_01558,FI1
911,1,7,3.11595e-4,ASV_01558,SE1
912,1,6,1.57348e-4,ASV_01559,UK2
913,1,6,1.3693e-4,ASV_01571,UK2
914,1,2,4.71472e-4,ASV_01578,IT2
915,1,4,3.08622e-4,ASV_01579,FI1
916,1,7,2.88394e-4,ASV_01581,SE1
917,1,6,1.0506e-4,ASV_01594,UK2
918,1,4,2.31536e-4,ASV_01603,FI1
919,1,6,1.7651e-4,ASV_01611,UK2
920,1,6,9.5805e-5,ASV_01621,UK2
921,1,7,2.98693e-4,ASV_01635,SE1
922,1,7,3.6554e-4,ASV_01684,SE1
923,1,7,3.82975e-4,ASV_01692,SE1
924,1,7,3.18326e-4,ASV_01706,SE1
925,1,7,4.2506e-4,ASV_01780,SE1
926,1,6,9.04569e-5,ASV_01799,UK2
927,1,2,0.00060844200000000005,ASV_01840,IT2
928,1,7,1.57897e-4,ASV_01861,SE1
929,1,6,9.87233e-5,ASV_01881,UK2
930,1,2,2.22267e-4,ASV_01941,IT2
931,1,6,1.33194e-4,ASV_01952,UK2
932,1,7,3.49717e-4,ASV_01956,SE1
933,1,7,3.31833e-4,ASV_01986,SE1
934,1,2,6.52777e-4,ASV_02020,IT2
935,1,7,3.15061e-4,ASV_02027,SE1
936,1,7,3.15592e-4,ASV_02038,SE1
937,1,6,1.91829e-4,ASV_02040,UK2
938,1,4,1.17079e-4,ASV_02092,FI1
939,1,7,4.22904e-4,ASV_02120,SE1
940,1,2,2.86023e-4,ASV_02149,IT2
941,1,7,3.53229e-4,ASV_02163,SE1
942,1,6,1.39707e-4,ASV_02182,UK2
943,1,7,4.49958e-4,ASV_02272,SE1
944,1,2,2.77709e-4,ASV_02332,IT2
945,1,7,4.48809e-4,ASV_02358,SE1
946,1,7,7.14321e-5,ASV_02424,SE1
